1  11  0.0221852
2  10  0.0641635
3  9  0.0746802
8  15  0.136261
8  63  0.0144991
9  14  0.133162
9  62  0.0145566
11  66  0.555077
12  65  0.781101
13  64  0.820675
14  59  0.0141497
14  63  0.828554
15  58  0.0141262
15  61  0.0119043
15  62  0.816584
16  57  0.0140052
17  56  0.0139183
17  60  0.45202
17  61  0.0768354
18  55  0.0138458
18  58  0.749338
18  60  0.0674374
19  57  0.77966
20  56  0.782366
21  55  0.781561
23  53  0.751109
24  52  0.790942
25  51  0.793353
26  50  0.793719
27  49  0.765027
27  65  0.035587
28  64  0.0351864
29  62  0.0133669
30  61  0.0132339
30  62  0.0145059
30  65  0.0688251
31  64  0.0691233
32  61  0.0483569
32  62  0.0925464
33  60  0.0485243
33  61  0.0928379
34  41  0.0150109
34  42  0.0150437
35  40  0.0131118
36  58  0.190684
37  57  0.19549
38  56  0.195989
39  55  0.195789
41  53  0.187301
42  52  0.19762
43  51  0.19834
44  50  0.198333
45  49  0.12284
