2  245  0.0109221
3  13  0.0173863
3  21  0.0466406
3  225  0.542437
3  244  0.0102113
4  12  0.0164312
4  20  0.0456283
4  224  0.544047
5  188  0.0200093
6  187  0.0344869
6  245  0.0105186
7  16  0.0103019
7  17  0.0233144
7  18  0.0121769
7  186  0.0676688
7  221  0.563259
7  244  0.0100215
8  15  0.0110314
8  16  0.0230213
8  17  0.0142149
8  185  0.0896082
8  220  0.589852
9  14  0.010609
9  15  0.0201234
9  16  0.0143112
9  184  0.0988223
9  219  0.597106
10  14  0.011766
10  15  0.01375
10  117  0.0207756
10  183  0.0449198
10  218  0.599233
11  116  0.0207753
11  182  0.069279
11  217  0.592731
11  241  0.0123035
12  115  0.020779
12  181  0.136323
12  216  0.531752
12  240  0.0133879
13  114  0.0207924
13  180  0.137142
13  182  0.014273
13  214  0.293859
13  239  0.0134466
14  113  0.0149312
14  181  0.0138171
14  213  0.288258
14  214  0.0464239
14  238  0.0106997
15  180  0.0118098
15  212  0.274238
15  213  0.0531728
15  214  0.223208
16  211  0.250947
16  212  0.0509645
16  213  0.245589
17  211  0.0439477
17  212  0.261753
18  211  0.1689
19  182  0.0554801
20  86  0.0112301
20  181  0.0856408
20  209  0.57639
21  85  0.0113848
21  129  0.0277866
21  180  0.0878774
21  208  0.597834
22  128  0.377574
22  207  0.598503
23  127  0.379578
23  206  0.598318
24  126  0.379629
24  205  0.595293
25  125  0.379609
25  202  0.439319
26  124  0.36353
26  201  0.443795
27  123  0.336818
27  200  0.441676
27  201  0.150614
28  94  0.023055
28  121  0.127176
28  123  0.0256155
28  200  0.154147
29  93  0.0230987
29  113  0.0529979
29  119  0.0134453
29  122  0.044605
29  199  0.148354
30  37  0.0152663
30  91  0.0142523
30  92  0.0116179
30  112  0.0671876
30  117  0.0113015
30  121  0.0360699
30  196  0.384821
30  197  0.0215242
31  36  0.015996
31  90  0.0261401
31  111  0.0672021
31  116  0.0113006
31  118  0.260504
31  195  0.385374
31  198  0.051911
32  89  0.0306302
32  110  0.0669825
32  117  0.262557
32  194  0.380595
32  196  0.207996
33  88  0.0306185
33  109  0.0669585
33  116  0.262369
33  195  0.210511
34  108  0.0225129
34  193  0.345755
34  194  0.204766
35  81  0.206622
35  108  0.0310974
35  192  0.314273
36  80  0.267003
36  84  0.0151052
36  107  0.0409751
36  190  0.0205408
36  192  0.0123791
36  193  0.0851223
37  79  0.256614
37  106  0.0331859
37  191  0.0211398
38  78  0.211196
38  82  0.0529653
38  105  0.0257252
38  191  0.158677
39  77  0.196689
39  80  0.0455093
39  81  0.319005
39  104  0.0159693
39  190  0.184609
40  76  0.184544
40  80  0.379083
40  189  0.115434
41  48  0.0129351
41  78  0.476831
41  79  0.189828
41  188  0.0601245
42  47  0.0164899
42  75  0.15286
42  77  0.753837
43  74  0.0685725
43  75  0.0149367
43  76  0.758678
43  186  0.0314995
44  73  0.0665958
44  74  0.0156739
44  75  0.763223
44  185  0.0357805
45  72  0.143486
45  73  0.0167251
45  74  0.756373
45  184  0.0357394
46  72  0.0149134
46  73  0.685511
46  83  0.0113661
46  183  0.0357064
47  70  0.0562338
47  82  0.0118273
47  182  0.0356613
48  72  0.289674
48  81  0.0120321
49  80  0.0120168
49  92  0.0136944
50  91  0.0144486
51  69  0.889663
51  90  0.0145795
52  68  0.96875
52  89  0.0146581
53  67  0.968946
53  88  0.014601
54  66  0.960196
56  64  0.964793
57  63  0.934668
58  62  0.355825
61  123  0.0119178
62  122  0.0119112
63  121  0.0119189
66  78  0.0111946
66  118  0.0107255
67  77  0.0119056
67  117  0.0118605
68  116  0.0118548
69  76  0.0220999
69  77  0.0151808
70  75  0.0218775
70  76  0.014706
81  101  0.0226558
82  100  0.0426778
82  189  0.468132
83  99  0.0426583
83  188  0.528699
84  98  0.0425936
84  187  0.157261
85  97  0.0421783
85  186  0.173081
86  185  0.556425
87  184  0.5541
88  96  0.0439921
88  112  0.312103
88  183  0.556493
89  95  0.0441283
89  111  0.312489
89  182  0.55661
90  94  0.02754
90  110  0.312963
91  109  0.294643
91  181  0.0281272
92  109  0.0150869
92  180  0.0226357
93  108  0.0302901
93  179  0.0208529
94  178  0.0203582
94  180  0.530603
95  107  0.368228
95  112  0.025345
95  179  0.54168
96  106  0.369012
96  111  0.0253614
96  126  0.0102097
96  178  0.54303
97  105  0.368746
97  109  0.0269011
97  125  0.0106504
97  177  0.543179
98  104  0.346728
98  108  0.0287423
98  124  0.0110607
98  176  0.542003
99  107  0.0291741
99  123  0.0110829
99  175  0.542198
100  106  0.028701
100  122  0.011022
100  174  0.541948
104  135  0.0185928
105  134  0.0671633
106  134  0.471282
107  132  0.0673457
107  133  0.471881
108  132  0.470624
109  130  0.556704
110  129  0.563779
111  128  0.564583
112  127  0.564388
114  121  0.0656525
115  120  0.057513
115  124  0.565833
116  123  0.579381
117  122  0.573931
118  244  0.0182062
119  243  0.0192877
120  242  0.019633
121  241  0.0198485
123  239  0.0212154
124  238  0.0212155
125  237  0.0213015
126  236  0.0213015
128  180  0.031873
129  179  0.340116
129  233  0.0550721
130  178  0.371437
130  232  0.0621851
131  177  0.149147
131  231  0.0622039
132  176  0.1623
132  230  0.0624914
133  175  0.39394
133  229  0.0624933
134  174  0.39393
134  228  0.0624851
135  173  0.715899
135  227  0.0610269
136  171  0.934502
137  170  0.93615
138  169  0.937352
138  226  0.0621431
139  168  0.936989
139  225  0.0624855
140  224  0.0624409
141  223  0.0624041
142  165  0.93688
142  222  0.0624574
143  164  0.937081
143  221  0.0619126
144  163  0.935772
145  162  0.93738
145  219  0.0410693
146  161  0.937439
146  218  0.0622779
147  160  0.936596
147  217  0.0615758
148  159  0.83131
150  155  0.0119476
151  156  0.347139
152  216  0.0575691
153  215  0.0603882
154  214  0.0605936
155  213  0.0546015
157  210  0.0402701
159  208  0.0406922
160  207  0.0623987
161  206  0.0624143
162  205  0.0624119
163  204  0.062409
164  203  0.0623958
165  202  0.0624045
166  201  0.0610098
169  198  0.0619963
170  197  0.0620941
171  196  0.0618928
173  195  0.0487955
174  194  0.0470313
176  191  0.0528131
177  190  0.0558785
178  189  0.0558568
179  188  0.0539476
181  186  0.0163753
185  246  0.119076
186  245  0.243485
187  244  0.298028
188  243  0.313779
189  242  0.330309
190  241  0.330511
192  240  0.334207
193  239  0.334792
194  238  0.334784
195  237  0.329684
197  235  0.0454123
199  233  0.306316
200  232  0.308638
201  231  0.277934
202  230  0.267675
204  228  0.269112
204  231  0.0566129
205  227  0.269476
205  230  0.0661691
206  226  0.269439
206  229  0.0670351
207  228  0.0670369
208  224  0.0143208
208  225  0.238618
208  227  0.0657298
209  223  0.0229457
209  224  0.236764
211  221  0.0127795
211  222  0.243014
211  225  0.0731302
212  220  0.0212523
212  221  0.239401
212  224  0.0735578
213  219  0.0239955
213  220  0.219998
213  223  0.0738124
214  218  0.0210955
214  219  0.177751
214  222  0.0732604
223  245  0.0136239
226  242  0.582716
227  241  0.591459
229  239  0.600208
230  238  0.600322
231  237  0.599849
232  236  0.371557
