1  37  0.563886
2  36  0.780211
3  35  0.97305
4  34  0.973303
5  33  0.971806
7  29  0.0469748
7  31  0.665117
10  27  0.920589
10  451  0.0144029
11  26  0.97878
11  450  0.015512
12  25  0.978853
12  449  0.0155126
13  24  0.959893
13  448  0.010754
14  23  0.887353
15  21  0.0133616
16  21  0.188798
16  23  0.0117506
16  318  0.0100174
17  22  0.0146352
17  317  0.0108958
18  316  0.0112952
19  315  0.0114139
20  314  0.011401
21  313  0.0113789
22  312  0.0113535
38  450  0.637729
39  449  0.970814
40  448  0.973317
41  447  0.974245
42  446  0.974221
43  445  0.965679
44  444  0.896568
46  58  0.0444644
46  59  0.389389
46  330  0.0116013
46  387  0.0172817
46  403  0.0198103
47  57  0.0429408
47  58  0.382361
47  329  0.0115739
47  354  0.118107
47  386  0.0148843
47  402  0.0198155
47  440  0.0212728
48  353  0.118981
49  57  0.137279
49  352  0.11918
50  55  0.0417617
50  351  0.113757
52  349  0.022261
53  348  0.0276711
54  115  0.0148215
54  232  0.0164859
54  320  0.0405099
55  114  0.0148276
55  231  0.012456
55  319  0.0405377
56  113  0.014832
56  318  0.0404186
57  112  0.0144014
57  229  0.0224615
57  230  0.0334464
57  317  0.0398981
57  333  0.0592331
58  111  0.013883
58  228  0.0225335
58  229  0.0366392
58  332  0.0601645
59  228  0.0367824
59  331  0.0601418
59  400  0.0219672
60  226  0.109968
60  330  0.0102652
60  389  0.663885
60  405  0.0131047
60  440  0.0191566
61  225  0.110074
61  388  0.671826
61  404  0.0131077
61  439  0.0166605
61  441  0.0144258
62  224  0.173746
62  387  0.675495
62  403  0.0160721
62  440  0.0176764
63  108  0.011663
63  223  0.173886
63  386  0.675471
63  402  0.0158894
63  437  0.0149023
63  440  0.0104939
64  107  0.0119989
64  222  0.173888
64  385  0.675363
64  436  0.0144278
65  221  0.0663381
65  384  0.659658
65  388  0.0727379
65  435  0.0120321
66  220  0.0663495
66  387  0.107707
66  406  0.0121032
67  104  0.0120238
67  219  0.173905
67  381  0.0418095
67  386  0.107796
67  405  0.0152567
68  218  0.173899
68  380  0.0418489
68  382  0.0698845
68  385  0.107782
68  404  0.0152635
69  217  0.173642
69  379  0.0329822
69  381  0.027262
69  403  0.0151491
70  101  0.0416281
70  216  0.172802
70  402  0.0150754
71  100  0.0453633
72  99  0.0467905
72  211  0.0654819
72  213  0.0866181
72  379  0.0204957
72  381  0.725871
73  210  0.0655016
73  212  0.0931307
73  378  0.0207169
73  380  0.734777
74  98  0.0531418
74  209  0.0648534
74  211  0.0921295
74  379  0.735184
75  97  0.0531906
75  208  0.0634309
75  210  0.0917234
75  378  0.730818
76  96  0.0538337
76  209  0.086214
77  95  0.0538134
78  94  0.0537403
78  145  0.0246857
78  205  0.0366319
78  208  0.0348848
78  374  0.0505898
78  375  0.597593
79  144  0.0301668
79  204  0.0239805
79  373  0.0234898
80  373  0.58685
81  373  0.106099
82  141  0.0407453
82  371  0.215124
82  372  0.111933
83  92  0.0326897
83  140  0.0407639
83  370  0.702577
83  371  0.0559925
84  90  0.0122879
84  91  0.0322029
84  139  0.0407591
84  189  0.0934938
84  369  0.760974
85  127  0.0337965
85  138  0.0239506
85  188  0.0985183
85  368  0.760625
86  126  0.0345341
86  187  0.0999357
86  367  0.76
87  125  0.0327532
87  136  0.020791
87  186  0.0999133
87  366  0.758299
88  135  0.0205802
88  185  0.0999822
88  365  0.754699
89  133  0.0176488
89  184  0.0999235
89  364  0.753324
90  121  0.246066
90  132  0.0148739
90  360  0.0467601
90  361  0.0121542
90  363  0.44534
91  117  0.0894522
91  120  0.249632
91  152  0.0104808
91  165  0.0107562
91  359  0.058092
91  360  0.012627
91  361  0.0449786
92  116  0.0887487
92  119  0.249341
92  164  0.0124028
92  178  0.0821244
92  358  0.0544752
92  362  0.0128428
93  163  0.0123959
93  177  0.0882714
94  115  0.197476
94  117  0.510964
94  135  0.0310712
94  162  0.0117755
94  176  0.0892334
95  116  0.511479
95  134  0.0312331
95  175  0.089116
96  114  0.76978
96  133  0.0311027
96  174  0.0887379
97  108  0.0466264
97  113  0.791841
97  173  0.0422118
98  107  0.0573561
98  112  0.800891
98  131  0.0318916
98  171  0.0147503
99  106  0.0570358
99  111  0.800376
99  130  0.0319275
99  170  0.0146064
100  110  0.738212
100  129  0.0307124
101  109  0.657399
101  110  0.0598471
102  107  0.0122552
102  109  0.113565
103  108  0.162349
104  169  0.0104707
104  375  0.04079
105  168  0.0118104
105  374  0.0157147
106  127  0.036355
106  167  0.0127569
106  373  0.015904
107  126  0.0364162
107  166  0.0127223
107  372  0.0410582
108  125  0.0295817
109  123  0.0122746
111  121  0.0435625
111  149  0.0282996
111  368  0.0427189
112  120  0.0436097
112  148  0.0345287
112  162  0.0106575
112  367  0.0427447
113  119  0.0419193
113  136  0.0100404
113  147  0.0384916
113  161  0.010614
113  366  0.0427291
114  135  0.0168965
114  146  0.0419827
114  160  0.0102991
114  365  0.0427667
115  133  0.0410928
115  145  0.0419809
115  364  0.0427683
116  132  0.0481094
116  144  0.0341887
116  363  0.0490378
117  131  0.0468458
117  362  0.0490709
118  349  0.0255556
119  348  0.0278612
120  130  0.125612
120  346  0.529983
121  129  0.130276
121  345  0.536425
122  128  0.105828
122  344  0.535999
123  343  0.53337
124  342  0.520576
125  337  0.0171579
125  341  0.450168
126  157  0.0112154
126  333  0.30207
126  336  0.0192017
127  332  0.305152
127  333  0.0350815
127  336  0.0201385
128  136  0.0101171
128  214  0.0444421
128  331  0.304533
128  332  0.0352982
128  335  0.0203091
128  340  0.0821204
128  362  0.0381811
129  135  0.010325
129  154  0.043175
129  213  0.0536272
129  217  0.0118877
129  330  0.260943
129  334  0.0196894
129  339  0.0643426
129  361  0.0937284
130  141  0.0165018
130  153  0.0434068
130  216  0.011827
130  329  0.212052
130  330  0.108277
130  338  0.0548388
130  360  0.093332
131  138  0.105409
131  140  0.0218523
131  152  0.0433873
131  209  0.0136724
131  211  0.123895
131  312  0.0257679
131  329  0.152638
131  337  0.0798746
131  359  0.0849834
131  363  0.0255474
132  137  0.104772
132  139  0.0236293
132  208  0.0136965
132  210  0.127798
132  311  0.0257952
132  328  0.196473
132  336  0.0905173
132  362  0.0256218
133  138  0.0223604
133  141  0.0214805
133  176  0.0158613
133  209  0.129827
133  310  0.0258942
133  361  0.0230921
134  140  0.0214732
134  149  0.0124792
134  309  0.0238096
135  139  0.0156108
135  174  0.0552033
135  178  0.0473876
135  208  0.0506435
135  221  0.0395872
135  325  0.061873
136  173  0.0460093
136  177  0.0389005
136  220  0.0396751
136  324  0.041209
137  146  0.530365
137  219  0.039634
137  329  0.0232747
138  145  0.531998
138  205  0.183285
138  218  0.0396266
138  328  0.0234683
139  144  0.515973
139  204  0.18732
139  217  0.0382324
140  203  0.18864
140  326  0.0809237
141  202  0.188924
141  325  0.0854136
142  201  0.18873
142  323  0.0341521
142  324  0.0592732
143  200  0.188448
143  213  0.0373374
143  322  0.0620192
143  323  0.032725
144  199  0.188354
144  212  0.0394846
144  321  0.0881621
145  198  0.0950984
145  211  0.039451
145  320  0.0796479
146  174  0.030195
146  178  0.0386201
146  205  0.0461104
146  210  0.0390434
146  319  0.0796032
147  173  0.0307366
147  177  0.039742
147  197  0.0227181
147  204  0.0490101
147  318  0.0566263
148  172  0.0284019
148  175  0.17369
148  196  0.0218287
148  203  0.0493188
148  317  0.0469975
149  174  0.19817
149  195  0.0201143
149  202  0.0493377
149  316  0.0320539
150  173  0.195803
150  201  0.0490463
151  200  0.0481126
152  170  0.0122693
152  171  0.599128
152  199  0.0456561
152  333  0.0130369
153  169  0.0124152
153  170  0.60508
153  171  0.145294
153  332  0.013431
154  168  0.0123103
154  169  0.604875
154  170  0.148532
154  331  0.0133764
155  168  0.434871
155  169  0.148855
155  326  0.117674
156  168  0.201427
156  325  0.127768
157  166  0.571909
157  167  0.182507
157  324  0.127924
158  165  0.462556
158  323  0.128012
159  165  0.0107498
159  322  0.127998
160  321  0.127871
161  337  0.0253028
162  336  0.0285308
163  174  0.0657079
163  335  0.0285052
164  173  0.0846721
164  348  0.0111509
165  172  0.087004
165  347  0.0124301
166  171  0.0870861
166  332  0.0288632
166  346  0.0125162
167  178  0.0424677
167  331  0.0288635
167  345  0.0125107
167  362  0.0183027
168  177  0.0446076
168  330  0.0287449
168  344  0.0113891
168  361  0.0224886
169  176  0.0446525
169  329  0.0282397
169  360  0.0224678
170  359  0.0223057
171  342  0.0127704
171  352  0.0106664
172  341  0.0139429
172  351  0.0111237
173  186  0.01812
173  340  0.014368
173  343  0.0113625
173  350  0.011229
173  355  0.0101772
174  185  0.0238657
174  315  0.0111885
174  338  0.0135182
174  342  0.0116347
174  349  0.0110775
174  354  0.0116057
175  337  0.0195503
175  341  0.0113888
175  348  0.010699
175  353  0.0100038
176  184  0.0237191
176  193  0.148129
176  314  0.0136249
176  328  0.0292138
176  336  0.0243826
176  346  0.0101022
177  182  0.0177189
177  183  0.0235178
177  192  0.148578
177  313  0.0136148
177  327  0.0306633
177  335  0.0226926
177  340  0.014725
177  355  0.0107463
178  191  0.147671
178  312  0.0134634
178  324  0.0164438
178  334  0.0140893
178  339  0.0169824
178  354  0.0138797
179  323  0.0181153
179  338  0.0170235
179  339  0.0216668
179  353  0.0126942
180  322  0.0181261
180  324  0.0357838
180  337  0.0165317
180  338  0.023364
181  188  0.0946896
181  323  0.0369617
181  337  0.0237851
182  188  0.0115099
182  322  0.0356968
183  188  0.0115492
184  191  0.119009
184  305  0.0117702
184  320  0.316357
184  334  0.183028
185  190  0.115939
185  205  0.0180705
185  304  0.0117756
185  319  0.316606
185  333  0.183909
186  204  0.0188401
186  303  0.0113328
186  318  0.316877
187  302  0.0112835
187  317  0.317034
187  332  0.207964
188  301  0.0108681
188  316  0.280875
188  331  0.207671
189  201  0.0242674
189  224  0.290723
189  315  0.0286213
189  330  0.208475
190  200  0.0835008
190  223  0.291054
190  329  0.208006
191  199  0.0922494
191  202  0.0250921
191  222  0.286273
191  325  0.0250666
191  328  0.188901
192  197  0.041154
192  198  0.0662725
192  201  0.02622
192  324  0.0934135
193  197  0.0386191
193  200  0.0235988
193  323  0.108643
193  324  0.051007
194  322  0.109068
194  323  0.0500118
195  322  0.0341264
196  318  0.195561
197  317  0.211281
198  205  0.0104885
198  316  0.224941
199  209  0.263023
199  315  0.238876
200  208  0.261431
200  314  0.239132
201  207  0.246747
201  313  0.24103
202  310  0.0194687
202  312  0.241897
203  309  0.0195184
204  308  0.0185295
204  311  0.235071
205  307  0.0108323
205  310  0.236734
206  309  0.229966
206  324  0.0225605
207  220  0.153694
207  323  0.0258224
208  219  0.175543
208  307  0.115475
208  322  0.028431
209  218  0.175543
209  306  0.115583
209  321  0.0286911
210  217  0.157702
210  219  0.353717
210  305  0.0415742
210  320  0.0285426
210  322  0.0174058
211  218  0.355112
211  304  0.0411157
211  319  0.0283322
211  321  0.0195811
212  216  0.0129912
212  217  0.314743
212  219  0.0166093
212  320  0.0301932
213  218  0.0109429
213  319  0.0301647
213  343  0.010319
214  318  0.0207777
214  342  0.0102829
215  318  0.0234696
216  222  0.0123388
216  317  0.0371653
218  315  0.0559851
218  337  0.0955274
219  314  0.0560359
219  336  0.103124
220  313  0.0558661
220  335  0.103335
221  312  0.0539383
221  334  0.102286
222  305  0.0727164
222  307  0.234021
223  304  0.036469
223  306  0.235528
223  317  0.0104773
223  332  0.101151
224  304  0.291637
224  331  0.101098
225  303  0.377012
225  315  0.471834
226  302  0.380427
226  314  0.47233
227  301  0.381241
227  313  0.472302
228  300  0.382107
228  312  0.472572
229  299  0.382107
230  297  0.382182
230  310  0.468997
230  330  0.0602662
231  296  0.381948
231  309  0.196917
231  329  0.0616816
232  295  0.382771
232  328  0.0624216
233  294  0.380496
233  307  0.572984
234  293  0.37869
234  306  0.573355
235  273  0.326698
235  305  0.57401
236  271  0.0103092
236  272  0.332534
236  304  0.021668
237  270  0.0145271
237  271  0.335513
237  304  0.55287
238  303  0.574746
239  267  0.392993
239  302  0.575168
240  266  0.216512
240  301  0.574573
241  265  0.235507
241  299  0.264829
241  300  0.309086
242  264  0.4312
242  298  0.529072
243  263  0.434685
243  297  0.528956
243  299  0.0206801
244  262  0.435355
244  296  0.463232
245  261  0.435311
245  295  0.0677502
246  260  0.436296
247  259  0.435522
247  295  0.485996
248  294  0.545624
249  257  0.351955
249  258  0.0863976
249  293  0.555358
250  256  0.351023
250  257  0.0834825
250  292  0.554944
251  255  0.217816
251  273  0.520405
251  291  0.0310079
252  272  0.520486
252  289  0.0294601
253  288  0.0235243
254  271  0.527397
255  270  0.539577
256  269  0.541622
257  268  0.522593
260  265  0.0552224
266  297  0.0133672
267  296  0.0132405
268  295  0.0131299
271  285  0.0152243
272  284  0.0308708
273  283  0.0331837
273  292  0.0657468
274  282  0.0339716
274  291  0.926411
275  281  0.0309509
275  290  0.926977
276  280  0.0179755
276  289  0.428874
277  288  0.426075
278  287  0.923825
279  286  0.909589
280  285  0.839136
304  322  0.0100875
305  321  0.0130572
306  320  0.0135933
307  319  0.0135882
308  318  0.0134237
310  321  0.0647028
311  320  0.0813984
312  319  0.0811728
313  318  0.0502739
317  330  0.0731725
319  329  0.107397
319  447  0.0116595
320  328  0.107567
320  446  0.0116866
321  334  0.0520525
321  445  0.0121199
322  333  0.0466143
322  444  0.0117844
323  332  0.0318964
323  443  0.0114224
324  331  0.0380426
324  442  0.0108554
325  330  0.0510121
328  440  0.016508
329  439  0.0165148
330  362  0.0170156
330  438  0.0163511
331  361  0.0421042
332  352  0.0138142
332  360  0.0421404
332  387  0.0322054
333  359  0.0411652
333  386  0.0333335
334  345  0.0343456
334  385  0.0334043
335  344  0.0339852
335  349  0.0833636
336  348  0.0958218
336  359  0.022429
337  347  0.0990375
337  358  0.023794
338  346  0.0934182
338  357  0.0234166
339  345  0.0800325
339  356  0.0209908
340  344  0.0422198
344  355  0.0539164
345  353  0.0171071
345  354  0.0615523
345  361  0.022059
346  352  0.0458961
346  353  0.0340671
346  354  0.03003
346  360  0.0216143
347  351  0.0176819
347  353  0.0250865
348  357  0.0199065
348  358  0.0125346
349  356  0.0206414
349  357  0.0130879
361  382  0.162899
362  381  0.175663
363  380  0.17567
364  379  0.17571
365  378  0.174988
367  375  0.167216
368  374  0.162657
369  373  0.0619333
385  440  0.119919
386  439  0.119559
387  438  0.117428
389  400  0.295305
390  399  0.989393
391  398  0.99111
392  397  0.991104
400  440  0.47322
402  439  0.776614
403  438  0.795224
404  433  0.0103083
404  437  0.93167
404  440  0.0193179
405  432  0.0103112
405  436  0.931549
405  439  0.0193258
406  431  0.0103006
406  435  0.900547
406  438  0.0192715
407  437  0.0189309
409  433  0.974115
410  432  0.978373
411  431  0.979551
412  430  0.982096
413  429  0.931763
415  426  0.999008
416  425  0.999644
417  424  0.999304
418  423  0.999172
