1  89  0.118402
2  15  0.0168968
2  27  0.41491
2  88  0.163374
3  13  0.0128806
3  14  0.0237314
3  26  0.508342
3  87  0.204895
3  669  0.0277967
3  670  0.0248977
3  688  0.0232382
4  12  0.013296
4  13  0.0231341
4  25  0.506189
4  86  0.203545
4  668  0.0285328
4  669  0.0248501
4  687  0.0312814
4  690  0.0130378
4  703  0.0274545
5  11  0.0107171
5  24  0.50806
5  667  0.0408999
5  668  0.0125958
5  686  0.0287066
5  689  0.0129324
5  702  0.0291694
6  22  0.801728
6  666  0.0531414
6  701  0.0290387
7  21  0.805147
7  665  0.0530004
7  688  0.0368099
8  20  0.805878
8  664  0.0521369
8  687  0.0469647
9  18  0.0154365
9  19  0.741012
9  686  0.0467774
10  17  0.0260357
10  150  0.0116525
10  662  0.0158678
10  685  0.0399599
11  17  0.0292333
11  149  0.0127606
11  661  0.0141924
11  684  0.027916
12  17  0.0675576
12  148  0.0129045
12  683  0.0270364
12  684  0.0103489
13  147  0.012825
13  683  0.0102591
14  144  0.0135053
14  681  0.017354
15  143  0.0151227
15  679  0.0122477
15  680  0.0101176
16  142  0.0156728
16  678  0.0165084
17  141  0.0142536
17  654  0.0689758
18  653  0.0693148
19  652  0.0691499
20  138  0.0113897
20  651  0.0689622
21  31  0.0126832
22  30  0.0312884
22  649  0.0682129
22  687  0.0195705
23  29  0.0285755
23  83  0.0239479
23  648  0.0679903
23  686  0.0195788
24  28  0.0166128
24  82  0.027099
24  647  0.0647037
24  685  0.0158024
25  81  0.0274708
25  85  0.010123
25  590  0.102768
26  80  0.0276724
26  84  0.0111884
26  589  0.113607
26  645  0.0650994
27  79  0.0270772
27  588  0.114257
27  644  0.062065
28  587  0.114437
28  643  0.0475179
29  85  0.0804469
29  127  0.016497
29  586  0.114741
29  684  0.209117
29  685  0.0100182
30  76  0.0266305
30  84  0.0875382
30  88  0.0218695
30  126  0.0454394
30  585  0.114669
30  683  0.284114
31  37  0.0139742
31  48  0.0110507
31  75  0.0257147
31  83  0.0845248
31  86  0.0222222
31  87  0.0245319
31  125  0.0490098
31  296  0.0398313
31  583  0.02148
31  682  0.298228
32  47  0.0110048
32  74  0.0253683
32  82  0.082986
32  85  0.0232904
32  124  0.0479949
32  295  0.0398277
32  582  0.0187066
32  681  0.297789
33  73  0.0204709
33  123  0.0393006
33  294  0.0391846
33  679  0.152506
33  680  0.149214
34  46  0.0169588
34  80  0.0512576
34  84  0.0613649
34  580  0.0104815
34  678  0.301713
35  45  0.0171741
35  79  0.0510585
35  83  0.0577702
35  677  0.301021
35  703  0.0223288
36  123  0.0143957
36  291  0.0376479
36  579  0.0195208
36  676  0.299498
36  702  0.0241777
37  42  0.0167555
37  43  0.0198719
37  77  0.0538169
37  290  0.0375247
37  578  0.024048
37  675  0.295186
37  701  0.0242519
38  42  0.0123732
38  76  0.0537867
38  289  0.0366093
38  577  0.0237571
39  81  0.300262
39  120  0.158642
39  288  0.0355413
39  576  0.0228641
39  652  0.0156344
40  80  0.304931
40  119  0.164091
40  136  0.0106437
40  285  0.0188352
40  651  0.015822
40  672  0.242429
41  67  0.0117648
41  73  0.0597881
41  79  0.302946
41  118  0.167933
41  135  0.020806
41  284  0.0191024
41  650  0.0156303
41  671  0.240188
42  66  0.0118535
42  72  0.0647777
42  78  0.30001
42  79  0.0162422
42  117  0.168578
42  134  0.0207939
42  283  0.0191336
42  649  0.0155431
42  670  0.239764
42  700  0.0112817
43  65  0.0120017
43  71  0.0649295
43  78  0.0224254
43  116  0.168534
43  133  0.0150555
43  203  0.0166724
43  281  0.0201289
43  669  0.229386
43  699  0.0115436
44  64  0.0119977
44  70  0.0650875
44  76  0.294915
44  77  0.026004
44  115  0.166159
44  202  0.0167263
44  280  0.0201291
44  666  0.0140857
44  698  0.0114027
45  63  0.0112626
45  68  0.0134048
45  69  0.0508081
45  74  0.0289849
45  76  0.0217172
45  130  0.0339015
45  142  0.0329518
45  201  0.0166772
45  279  0.0200169
46  66  0.0314836
46  67  0.0261634
46  72  0.404182
46  73  0.0201592
46  114  0.07799
46  117  0.113732
46  129  0.0413098
46  141  0.088463
46  200  0.0161853
46  278  0.0196791
46  664  0.0142416
47  65  0.0684471
47  71  0.409698
47  72  0.0202119
47  113  0.078572
47  116  0.114173
47  128  0.042355
47  140  0.0885775
47  199  0.0159632
47  277  0.0125079
47  663  0.0139077
48  64  0.0687131
48  70  0.43064
48  112  0.0823013
48  115  0.113853
48  127  0.0419916
48  139  0.0878888
49  63  0.060505
49  69  0.42991
49  126  0.020973
49  138  0.0453808
49  198  0.0163417
50  68  0.426373
50  108  0.0977667
50  126  0.0222638
50  138  0.0385703
50  197  0.0167192
50  584  0.0218172
51  65  0.0132131
51  67  0.418896
51  107  0.0998771
51  113  0.120941
51  125  0.0450425
51  137  0.076546
51  196  0.0168781
51  271  0.0188505
51  583  0.027126
52  63  0.0194306
52  64  0.013877
52  106  0.0998087
52  112  0.12483
52  124  0.045051
52  136  0.0765205
52  195  0.016871
52  270  0.0188717
52  582  0.027095
53  62  0.0200252
53  66  0.193937
53  111  0.123859
53  123  0.0419528
53  269  0.0155484
54  110  0.119588
55  109  0.101154
55  121  0.0304722
55  579  0.0290222
56  63  0.352827
56  64  0.0613632
56  120  0.0309981
56  578  0.0293462
57  63  0.0562444
57  119  0.0259555
57  577  0.0268188
58  576  0.0270121
59  75  0.015315
59  575  0.0302013
60  74  0.0204363
60  144  0.0155796
60  574  0.0302901
61  73  0.0210747
61  143  0.0211523
61  573  0.0302305
62  102  0.0742459
62  142  0.0227025
62  572  0.0295192
63  72  0.0644052
63  87  0.0514078
63  101  0.180502
63  117  0.0157119
63  141  0.0394186
64  71  0.0649707
64  86  0.0514491
64  100  0.21688
64  116  0.0156934
64  140  0.039433
65  70  0.0694464
65  84  0.0232609
65  99  0.216624
65  115  0.0156641
65  139  0.0393
66  82  0.0233215
66  85  0.0241758
66  138  0.0210829
66  568  0.0260991
67  81  0.0234654
67  84  0.0240523
67  96  0.235596
67  567  0.0271544
68  83  0.0162959
68  95  0.24164
68  566  0.0218059
68  656  0.0116933
69  79  0.0474151
69  94  0.242299
69  655  0.0152687
70  78  0.0513741
70  93  0.242848
70  654  0.0163929
71  77  0.0502937
71  82  0.0150072
71  92  0.241856
71  562  0.0168558
71  653  0.0164022
72  76  0.0191701
72  81  0.0153445
72  91  0.237293
72  120  0.0267668
72  561  0.0177734
72  652  0.0164031
73  80  0.0145527
73  119  0.0270102
73  651  0.0159248
74  79  0.0105797
74  89  0.234595
74  118  0.0273248
74  650  0.0124056
75  88  0.240278
75  130  0.0567048
76  87  0.24355
76  114  0.0243973
76  117  0.0556366
76  129  0.0697791
77  86  0.242093
77  113  0.0300773
77  116  0.0558047
77  128  0.075278
77  423  0.0322138
78  84  0.161379
78  112  0.0305086
78  115  0.0557219
78  127  0.075299
78  422  0.0324255
79  112  0.0258483
79  126  0.075159
79  397  0.0267894
80  111  0.0864747
80  125  0.0751343
80  396  0.0422898
81  110  0.10177
81  395  0.0421482
82  109  0.121144
82  123  0.0746533
83  108  0.123381
83  122  0.0747404
83  392  0.0691885
83  704  0.0114068
84  107  0.124135
84  121  0.0375586
84  391  0.0850902
84  703  0.0130535
85  121  0.0487107
85  390  0.0875752
85  702  0.0131359
86  106  0.0816525
86  120  0.0870048
86  389  0.0879788
86  701  0.0123267
87  119  0.0869453
87  388  0.0879885
88  104  0.281271
88  387  0.0879748
89  103  0.285602
89  386  0.0864389
90  102  0.098515
90  701  0.15736
91  101  0.0993381
91  382  0.0923615
91  700  0.364898
92  100  0.286495
92  381  0.0924614
92  699  0.365526
93  99  0.285132
93  380  0.0924686
93  698  0.363265
94  379  0.0924303
95  378  0.0425725
96  377  0.0426051
96  696  0.369529
97  376  0.0923464
97  695  0.37439
98  108  0.0110035
98  375  0.0923488
98  694  0.375459
99  107  0.0141048
99  374  0.0924569
99  693  0.376177
100  106  0.0139282
100  373  0.0922995
100  692  0.376171
101  352  0.0243993
101  691  0.374685
102  184  0.0313886
102  351  0.0539674
102  690  0.370837
103  121  0.0201511
103  183  0.0314927
103  350  0.0539548
103  689  0.346792
104  120  0.0217925
104  127  0.199714
104  182  0.031534
104  349  0.0529137
104  684  0.198055
105  119  0.0217889
105  126  0.202744
105  181  0.0315269
105  683  0.198418
106  116  0.183007
106  125  0.202952
106  180  0.0231396
106  682  0.198088
107  115  0.184664
107  124  0.202935
107  681  0.198
108  114  0.1736
108  123  0.199525
108  179  0.0170256
108  680  0.113928
109  122  0.184957
109  178  0.0167586
110  120  0.022204
110  177  0.0157288
111  119  0.0200456
111  120  0.0196006
112  117  0.022861
112  199  0.0688219
112  649  0.0139238
113  198  0.0850154
114  197  0.0899183
114  647  0.029732
115  170  0.0166562
115  196  0.0913147
115  646  0.035345
116  169  0.0197935
116  195  0.0907871
116  645  0.0356707
116  652  0.0419106
117  341  0.0572481
117  651  0.0432719
117  652  0.0203302
118  142  0.0131234
118  167  0.0217961
118  340  0.0587983
119  141  0.135199
119  166  0.0271144
119  339  0.0588925
119  642  0.0418931
119  649  0.0467148
119  650  0.0100818
119  664  0.0802004
120  140  0.135326
120  165  0.0270959
120  338  0.0584945
120  641  0.0419207
120  648  0.046896
120  649  0.0226494
120  663  0.080491
121  139  0.133904
121  164  0.0246519
121  337  0.0568101
121  640  0.0382803
121  647  0.0475013
121  662  0.0748359
122  646  0.046933
122  648  0.0234455
123  138  0.18393
123  144  0.0213046
123  645  0.0448507
123  647  0.0247834
124  137  0.304582
124  143  0.169727
124  644  0.0193011
124  646  0.0260689
124  702  0.0324083
125  136  0.30551
125  142  0.183686
125  645  0.0261414
125  701  0.0373064
126  135  0.309249
126  141  0.191055
126  642  0.0368103
126  644  0.0147713
126  700  0.0390213
127  134  0.264814
127  140  0.191076
127  203  0.0508368
127  641  0.0368367
127  699  0.0390264
128  139  0.190932
128  202  0.0509688
128  698  0.0389497
129  138  0.175485
129  201  0.0509449
129  639  0.031406
130  200  0.0508797
130  638  0.0320481
131  199  0.0508026
131  637  0.0284344
132  198  0.0506225
132  639  0.0159121
133  197  0.0478183
133  685  0.214942
134  684  0.234589
135  195  0.0480469
135  636  0.0694074
135  683  0.234772
136  194  0.048342
136  635  0.0839247
136  667  0.0108538
136  682  0.234395
137  193  0.0483373
137  634  0.0839496
137  666  0.0117819
137  681  0.23435
138  192  0.0462579
138  633  0.0432204
138  635  0.0235271
138  665  0.0115498
138  680  0.200503
139  191  0.0163697
139  633  0.133776
139  664  0.0115445
139  679  0.195463
140  280  0.0104061
140  632  0.174872
140  678  0.213417
141  195  0.0261503
141  279  0.0104121
141  631  0.174842
141  675  0.151021
142  191  0.0296001
142  194  0.156944
142  278  0.010291
142  630  0.159516
142  663  0.0187977
142  674  0.156838
143  190  0.0460702
143  193  0.157106
143  661  0.129699
143  673  0.155904
143  675  0.0101243
144  189  0.0468863
144  192  0.158361
144  336  0.061003
144  627  0.120641
144  628  0.0472164
144  660  0.232552
145  188  0.0465406
145  191  0.158304
145  335  0.0610709
145  626  0.155943
145  627  0.0237176
145  659  0.232968
145  671  0.130899
146  187  0.0418568
146  190  0.15809
146  334  0.0610201
146  625  0.180811
146  658  0.233041
147  189  0.156962
147  265  0.020467
147  333  0.05285
147  624  0.18116
147  657  0.233071
147  670  0.211422
148  159  0.252116
148  264  0.0277298
148  332  0.0525857
148  623  0.180637
148  656  0.213269
148  669  0.211597
149  158  0.253428
149  239  0.0349168
149  263  0.0277945
149  330  0.0307325
149  331  0.0265531
149  622  0.144451
149  655  0.212991
149  668  0.211347
150  157  0.25486
150  238  0.100871
150  262  0.0278405
150  329  0.0524818
150  621  0.0686999
150  654  0.210505
150  667  0.21134
151  156  0.253507
151  237  0.101065
151  261  0.0277594
151  328  0.0528515
151  652  0.0736218
151  666  0.21134
152  236  0.0973899
152  246  0.0140799
152  258  0.0159527
152  620  0.0533971
152  651  0.0673462
153  165  0.0448319
153  245  0.0180117
153  257  0.0353491
153  326  0.011455
153  619  0.053645
153  650  0.0137445
153  663  0.206454
154  164  0.0451516
154  234  0.0734851
154  256  0.0354144
154  325  0.0106228
154  618  0.0524304
154  662  0.209145
155  163  0.0448556
155  233  0.0834454
155  244  0.0154472
155  255  0.0353694
155  617  0.0479464
155  661  0.208726
156  161  0.0104236
156  162  0.0354358
156  232  0.0817856
156  243  0.0582282
156  254  0.035454
156  660  0.203637
157  242  0.0582467
157  253  0.0352054
158  241  0.0735755
158  252  0.0347196
158  658  0.0109095
159  169  0.0538286
159  186  0.0114275
159  240  0.0746479
159  250  0.0265903
159  645  0.0170574
160  168  0.055017
160  185  0.0109983
160  239  0.0682502
160  249  0.0263583
160  644  0.0160398
161  167  0.0540419
161  186  0.19525
161  237  0.0534677
161  248  0.0260963
162  236  0.0466764
162  247  0.0227294
162  639  0.249932
163  638  0.278995
164  183  0.355331
164  637  0.282376
165  182  0.388118
165  248  0.0104869
165  636  0.143035
166  181  0.388323
166  247  0.0105524
166  636  0.299153
167  180  0.374843
167  245  0.0209331
167  635  0.460106
168  177  0.0295715
168  178  0.0281923
168  244  0.0209428
168  634  0.459724
169  175  0.0116338
169  176  0.0431748
169  179  0.0280361
169  243  0.0209712
169  633  0.460045
170  177  0.0118972
170  178  0.0266484
170  242  0.0190381
170  632  0.455037
171  631  0.448785
179  241  0.524029
180  240  0.552386
181  239  0.552492
182  238  0.553412
183  237  0.414876
184  237  0.0669389
185  233  0.363542
185  235  0.0852913
185  236  0.0612348
186  231  0.256379
186  232  0.407891
187  230  0.538178
187  231  0.204172
188  229  0.766759
189  228  0.769094
190  227  0.768603
191  226  0.768868
192  225  0.769176
193  224  0.768493
194  223  0.767275
195  203  0.0308865
195  215  0.0336623
195  217  0.0103977
195  221  0.0120578
195  682  0.0116784
196  202  0.0305817
196  214  0.0374347
196  216  0.0112978
196  681  0.0116851
197  213  0.0371017
197  215  0.0111855
197  680  0.0117742
198  212  0.0369544
198  220  0.0273821
198  679  0.0117614
199  211  0.018858
199  219  0.0160161
200  211  0.030729
200  219  0.63536
200  678  0.0436011
201  210  0.0490845
201  218  0.664825
201  677  0.0676688
202  209  0.0494308
202  215  0.0209563
202  217  0.670839
202  646  0.0408538
202  676  0.0711488
202  679  0.0123888
203  208  0.0483213
203  214  0.0211998
203  216  0.671954
203  645  0.0449716
203  675  0.0715417
203  678  0.0129765
204  213  0.0205951
204  215  0.669825
204  644  0.0429207
204  674  0.0591817
205  214  0.649533
205  673  0.0523556
206  222  0.0193937
206  672  0.047796
207  212  0.0538607
207  221  0.0240532
207  642  0.211171
208  220  0.0238629
208  641  0.211855
209  219  0.0209888
209  640  0.211686
210  639  0.210575
211  638  0.197188
213  636  0.190063
214  635  0.212414
215  634  0.212287
216  221  0.0279136
216  633  0.212186
217  632  0.192808
218  631  0.182738
219  630  0.164051
220  241  0.206842
221  240  0.21822
222  239  0.218239
223  238  0.218378
224  237  0.217816
225  232  0.0184698
226  231  0.0164883
227  233  0.0282579
227  234  0.0501522
228  232  0.0235988
237  372  0.0307306
238  371  0.0307451
239  370  0.0306912
240  369  0.0307409
241  368  0.0307011
242  367  0.0306806
242  615  0.858978
243  366  0.030685
243  614  0.859444
244  326  0.0264427
244  365  0.0277477
244  613  0.861464
245  325  0.0266744
245  363  0.0217918
245  612  0.861483
246  611  0.860982
247  324  0.0630193
247  360  0.0290022
247  610  0.861392
248  323  0.0634992
248  359  0.0290247
248  609  0.860458
249  322  0.0634794
249  358  0.028981
249  608  0.850322
250  321  0.0634052
250  356  0.0287613
250  593  0.0166836
251  320  0.0630798
251  355  0.0292532
251  592  0.0168752
252  319  0.0558313
252  354  0.0292305
252  591  0.0164256
253  353  0.0292548
254  352  0.0292852
254  589  0.0176238
254  606  0.81997
255  318  0.064391
255  351  0.0292686
255  588  0.0177578
255  605  0.829378
256  317  0.0647116
256  350  0.0292613
256  587  0.0167685
256  604  0.829207
257  316  0.0647401
257  349  0.0292657
257  603  0.82927
258  315  0.0646029
258  348  0.0289184
258  602  0.803095
259  314  0.0646424
259  347  0.0269801
260  313  0.06452
260  584  0.355782
260  598  0.052252
260  601  0.227618
261  271  0.0453294
261  281  0.0152234
261  312  0.0631297
261  555  0.0110191
261  583  0.425349
261  597  0.0635041
261  600  0.225567
262  270  0.0452737
262  280  0.015216
262  290  0.0126149
262  582  0.425426
262  596  0.0634351
262  598  0.0353795
263  279  0.0130176
263  289  0.0126327
263  554  0.0173001
263  581  0.425117
263  599  0.168986
264  288  0.0125098
264  553  0.0179301
264  580  0.424792
264  598  0.168247
265  286  0.0101032
265  578  0.384422
266  285  0.0117283
266  286  0.0236381
266  577  0.252139
267  275  0.0114733
267  285  0.0265345
267  309  0.0509799
267  551  0.0250715
267  576  0.273011
268  274  0.0115474
268  284  0.0275704
268  308  0.0527751
268  550  0.0273048
268  575  0.416128
269  282  0.0965283
269  307  0.0527515
269  549  0.0274506
269  574  0.415386
270  281  0.1854
270  306  0.0518262
270  548  0.0276758
270  573  0.356099
270  597  0.0203771
271  280  0.185319
271  305  0.0518416
271  547  0.027628
271  596  0.0203626
272  279  0.134356
272  304  0.048244
272  546  0.024912
272  571  0.114218
272  572  0.207885
273  570  0.116286
273  571  0.208865
273  572  0.0906505
274  569  0.0562093
274  570  0.208374
274  571  0.0942652
275  541  0.0238249
276  540  0.0288061
276  569  0.511217
277  539  0.0289567
277  568  0.6192
278  328  0.0102696
278  538  0.0291696
278  567  0.626959
279  299  0.0474987
279  327  0.0115141
279  537  0.0292307
279  566  0.623191
280  298  0.0511919
280  326  0.011697
280  536  0.0292147
280  565  0.620882
281  297  0.0512244
281  325  0.0116973
281  535  0.0292334
282  296  0.0506371
282  306  0.0138063
282  324  0.0113152
282  534  0.02768
282  600  0.0213369
283  305  0.0147397
283  561  0.632771
284  304  0.0148403
284  560  0.633188
284  598  0.032225
285  292  0.0437174
285  303  0.0143882
285  318  0.017544
285  531  0.0291651
285  559  0.633607
285  597  0.105562
286  291  0.0407767
286  317  0.017629
286  530  0.0291663
287  316  0.0176286
287  529  0.0291584
287  558  0.61211
287  596  0.167661
288  300  0.0126738
288  315  0.0157711
288  528  0.0260677
288  557  0.610021
288  595  0.184805
289  299  0.0142178
289  314  0.0146206
289  527  0.020946
289  594  0.184831
290  298  0.0148401
290  555  0.626367
290  593  0.184382
291  297  0.0106416
291  554  0.6286
291  592  0.172227
292  553  0.626035
292  589  0.0129999
293  526  0.0215071
293  590  0.142162
294  309  0.0116146
294  525  0.0272161
294  551  0.607209
294  589  0.150892
295  308  0.0117444
295  524  0.032669
295  550  0.624364
295  588  0.133743
296  523  0.033833
296  549  0.626119
296  585  0.0471302
296  598  0.0106202
297  522  0.0335121
297  548  0.619448
297  583  0.22374
297  597  0.0111169
298  305  0.0137455
298  521  0.0334513
298  547  0.618585
298  582  0.224072
298  596  0.0110971
299  520  0.0200133
299  546  0.168017
299  581  0.222313
300  580  0.155289
301  544  0.098662
301  578  0.0478622
302  543  0.0708617
302  577  0.049295
302  578  0.174081
303  432  0.477294
303  459  0.0421201
303  543  0.0514013
303  576  0.0498813
303  577  0.173535
304  431  0.487192
304  458  0.0425244
304  542  0.0791303
304  566  0.0120869
304  575  0.0463989
305  323  0.0125226
305  430  0.489356
305  457  0.0426064
305  541  0.0766823
305  565  0.0121753
305  575  0.124485
306  322  0.0128671
306  429  0.489005
306  456  0.0425777
306  540  0.0726377
306  564  0.011588
306  574  0.168929
307  321  0.0130594
307  428  0.48729
307  455  0.0423691
307  573  0.167859
308  320  0.012981
308  427  0.48239
308  454  0.0416679
308  571  0.0123256
308  572  0.136479
309  319  0.0118136
309  426  0.385957
309  453  0.0338706
310  425  0.249485
310  563  0.0102968
310  569  0.147665
310  570  0.0151791
311  424  0.0660864
311  562  0.0117454
311  568  0.192187
312  535  0.0207571
312  561  0.011844
312  567  0.201636
313  426  0.213029
313  509  0.0611845
313  534  0.0207104
313  566  0.134554
314  425  0.380828
314  508  0.0743035
315  424  0.576065
315  507  0.0809741
315  564  0.0153061
316  423  0.642173
316  506  0.082767
316  531  0.0202682
317  422  0.567943
317  505  0.0827082
317  562  0.108536
318  421  0.560794
318  422  0.0753773
318  504  0.0827635
318  529  0.0171716
318  561  0.109515
319  421  0.0762968
319  503  0.0826881
319  560  0.0903567
320  419  0.0650958
320  420  0.109628
320  502  0.0826447
320  527  0.0180133
321  501  0.0825142
321  526  0.0193546
322  418  0.0323203
322  419  0.0220719
322  420  0.0124019
322  500  0.0789097
323  416  0.0226221
323  525  0.0164351
324  415  0.0226754
324  498  0.0785937
324  523  0.0656796
325  414  0.0221418
325  417  0.644771
325  497  0.0721177
325  522  0.111221
326  413  0.0220779
326  416  0.646626
326  521  0.111015
327  412  0.0214353
327  415  0.296707
327  495  0.146485
327  520  0.058789
328  414  0.298521
328  494  0.231654
329  413  0.647271
329  493  0.231702
330  412  0.644934
330  492  0.224731
331  411  0.621404
331  491  0.207168
332  490  0.202349
334  408  0.660862
335  407  0.667939
336  361  0.0115537
336  406  0.668546
337  360  0.0116864
337  405  0.668356
337  461  0.225755
338  404  0.664825
338  460  0.225851
339  358  0.0123516
339  402  0.384509
339  459  0.225856
340  357  0.0129007
340  458  0.225724
341  356  0.0129934
341  387  0.633019
341  403  0.0150093
341  457  0.22583
342  355  0.0128887
342  386  0.633867
342  402  0.0131776
342  456  0.225703
343  385  0.634015
343  455  0.225491
344  384  0.632911
344  454  0.22525
346  380  0.0655153
346  401  0.0277258
347  379  0.0815909
347  400  0.0316983
347  451  0.112347
348  378  0.0823737
348  380  0.213255
348  399  0.0336474
349  377  0.0805023
349  381  0.0699018
349  398  0.033135
349  450  0.18971
350  376  0.0781819
350  379  0.547675
350  380  0.0197196
350  397  0.0275883
350  449  0.189786
351  378  0.585538
351  448  0.189828
352  374  0.0740524
352  377  0.585379
352  395  0.0172666
352  447  0.178439
353  373  0.0619725
353  376  0.581712
353  394  0.0143586
353  445  0.0885059
354  375  0.506264
354  444  0.0878573
355  442  0.0734273
355  443  0.0681939
356  373  0.191005
356  441  0.0883599
357  373  0.38393
357  441  0.0296311
358  372  0.907184
358  440  0.0337069
359  371  0.907719
359  439  0.0337111
360  370  0.907667
360  438  0.0336541
361  369  0.900055
361  437  0.0228692
362  368  0.743493
363  367  0.343901
363  464  0.0103202
364  463  0.0103335
365  462  0.0103379
366  461  0.0103483
369  432  0.0195272
369  459  0.0102854
370  382  0.0172358
370  431  0.0196
370  458  0.0103434
371  381  0.0173175
371  430  0.0196378
371  457  0.0103696
372  380  0.0173014
372  429  0.0196241
372  456  0.0103708
373  381  0.0120639
373  440  0.0254451
373  455  0.0104051
374  380  0.0120064
374  439  0.0253959
374  454  0.010424
375  453  0.0104266
376  437  0.0240329
376  452  0.010346
377  436  0.0250028
377  451  0.0101209
378  393  0.0148346
378  435  0.0253466
379  391  0.0325825
379  434  0.0252371
380  390  0.0363693
380  433  0.0251393
380  440  0.137657
380  450  0.0189676
381  389  0.0368923
381  432  0.0248627
381  439  0.137758
381  449  0.0191842
382  388  0.0357167
382  438  0.137642
382  448  0.0186304
383  436  0.0497614
384  430  0.0190316
384  435  0.046227
385  429  0.0189172
386  428  0.0153731
386  433  0.139274
387  432  0.143968
388  396  0.672396
388  431  0.141645
389  395  0.666858
389  430  0.141762
390  394  0.253857
390  429  0.139453
393  580  0.0223061
394  579  0.0227447
395  578  0.022649
396  577  0.0224456
398  421  0.272195
399  420  0.283996
400  419  0.286913
401  418  0.287626
401  443  0.012471
402  417  0.288157
402  442  0.0149808
403  415  0.124543
403  416  0.164159
403  441  0.0151499
404  414  0.24861
404  440  0.0151888
405  413  0.248297
405  415  0.0287806
405  439  0.0151608
406  414  0.0212384
407  437  0.0113273
411  435  0.0133983
412  434  0.0149739
413  433  0.0140039
416  430  0.0155618
417  429  0.0154934
422  430  0.0237035
423  429  0.023657
427  442  0.0123428
427  452  0.028762
428  441  0.0161116
428  451  0.0417423
428  560  0.162845
429  440  0.0209304
429  450  0.0458118
429  559  0.203828
430  439  0.0209281
430  449  0.0458179
430  558  0.203847
431  438  0.0187269
431  448  0.0457024
431  556  0.205688
432  447  0.0448561
432  555  0.207977
433  554  0.203834
434  445  0.0419047
434  553  0.20191
435  444  0.043716
435  551  0.205039
436  443  0.0425793
436  550  0.207344
437  549  0.210709
438  548  0.216573
440  546  0.608592
441  545  0.692118
442  544  0.691894
443  543  0.691093
444  542  0.689329
445  541  0.689028
446  539  0.0765836
446  540  0.613782
447  538  0.278461
447  539  0.410746
448  458  0.0282149
448  531  0.167548
448  537  0.478406
449  457  0.0318385
449  530  0.173523
449  536  0.476157
449  537  0.018636
450  456  0.0317294
450  529  0.178423
450  535  0.490921
451  455  0.0120816
451  527  0.217015
451  528  0.089943
451  534  0.34639
452  526  0.583
453  525  0.0377329
454  496  0.0206414
454  531  0.030891
455  495  0.0268977
455  523  0.57291
456  494  0.0289468
456  522  0.60796
456  530  0.0149798
457  493  0.0289421
457  521  0.607492
457  529  0.0154052
458  492  0.0281903
458  520  0.492148
459  519  0.0338735
460  494  0.693382
461  493  0.695947
463  491  0.780567
464  490  0.795836
465  489  0.999822
466  488  0.999904
467  487  0.994158
470  484  0.996302
471  483  0.999908
472  482  0.998621
473  481  0.99873
474  480  0.991445
475  479  0.377426
493  522  0.0133319
494  521  0.0132714
496  521  0.0178183
497  520  0.150104
497  538  0.017994
498  519  0.849531
498  537  0.0281628
499  518  0.87406
499  536  0.0281594
500  517  0.882222
500  535  0.0275604
501  516  0.885415
501  534  0.0188482
502  515  0.884649
503  514  0.883243
503  532  0.0227226
504  513  0.884143
504  531  0.0297324
505  512  0.831449
505  530  0.0297911
506  529  0.0299553
507  528  0.0299012
508  527  0.0298913
509  526  0.0299429
510  525  0.029921
511  524  0.0298691
512  523  0.029427
512  539  0.076647
513  521  0.02739
513  538  0.0769798
514  520  0.0222267
515  536  0.0776361
516  535  0.0782576
517  534  0.0777425
520  531  0.11627
521  530  0.117714
521  559  0.0211317
522  529  0.117755
522  558  0.0212925
523  528  0.103357
523  557  0.021516
523  559  0.0437889
524  556  0.0195261
524  558  0.0440426
525  555  0.0172761
525  557  0.0434059
525  559  0.0140837
527  554  0.0143419
528  556  0.0830324
529  555  0.102628
530  551  0.0136743
530  554  0.104564
531  553  0.104525
534  549  0.112452
535  548  0.120233
536  547  0.120181
537  546  0.120509
538  545  0.119697
557  598  0.0208146
558  597  0.0223428
559  596  0.0219352
566  571  0.0181009
575  596  0.0630201
576  595  0.250645
577  594  0.250948
578  593  0.250875
579  592  0.244564
580  591  0.170135
583  589  0.189557
584  588  0.0724785
585  594  0.0100421
585  595  0.011146
585  597  0.0178253
585  600  0.1174
587  599  0.220693
588  596  0.0301419
588  598  0.238469
588  601  0.0130643
589  594  0.0141062
589  595  0.0615152
589  597  0.243787
589  600  0.0177913
594  684  0.124036
595  683  0.127442
596  682  0.130494
597  606  0.0170783
597  681  0.130492
598  605  0.0185424
598  680  0.130221
599  604  0.0172601
599  679  0.130411
600  678  0.130473
601  676  0.0646894
601  677  0.0654092
602  675  0.12939
603  674  0.128995
604  673  0.129136
605  672  0.128518
606  669  0.0817881
606  671  0.0244222
607  668  0.0871291
608  667  0.0872838
609  666  0.0861503
611  636  0.0500124
612  635  0.129976
613  634  0.130058
614  633  0.130051
615  632  0.118311
616  630  0.0173755
617  627  0.0165002
617  629  0.0153676
617  630  0.0269134
618  626  0.0190012
618  629  0.0244232
619  625  0.0177202
620  626  0.0125669
620  627  0.0294154
623  632  0.0132843
624  631  0.020605
625  630  0.0186058
641  652  0.433986
642  651  0.435244
646  675  0.0318135
647  674  0.0752512
647  686  0.0150004
648  673  0.0905951
648  685  0.0186492
649  672  0.0930083
649  684  0.0191827
650  683  0.0191442
651  669  0.0379938
651  670  0.137138
651  682  0.0192269
652  668  0.0390782
652  669  0.137046
652  680  0.0638476
653  667  0.0636251
653  668  0.106706
653  679  0.111456
654  666  0.0866301
654  678  0.120688
657  666  0.0708052
657  675  0.1727
658  665  0.0559298
658  674  0.180959
659  673  0.182302
660  672  0.182319
661  671  0.151306
671  704  0.041646
672  703  0.050134
673  702  0.0506246
674  701  0.0506614
675  699  0.0220961
675  700  0.0337062
676  698  0.0295537
678  696  0.0611079
679  695  0.0650847
680  694  0.0652981
681  693  0.0655208
682  692  0.0651087
684  690  0.0651227
685  689  0.0248128
687  692  0.0104033
690  701  0.366293
691  696  0.0195689
691  700  0.481153
692  699  0.481209
693  698  0.469962
