1  16  0.0177657
2  7  0.027829
2  15  0.0223551
3  14  0.0234158
3  513  0.0783636
4  512  0.0772641
5  12  0.0107328
5  511  0.0604893
12  304  0.0299031
13  303  0.0388875
13  510  0.722397
14  302  0.0388742
14  509  0.720969
16  169  0.0710639
16  506  0.0271961
16  509  0.0144167
17  168  0.0871849
17  505  0.0287858
17  507  0.523451
17  508  0.043586
17  510  0.0331636
18  167  0.0872226
18  506  0.505411
18  509  0.0315537
19  166  0.0871547
20  165  0.076763
21  162  0.0159583
21  164  0.05338
21  503  0.0149972
22  124  0.010993
22  161  0.0306913
22  163  0.0280552
22  164  0.0102709
22  503  0.789986
23  123  0.0131143
23  160  0.0363915
23  163  0.0153541
23  502  0.893658
24  122  0.0129433
24  159  0.0294332
24  501  0.897746
25  117  0.0403997
25  500  0.900149
26  116  0.040766
26  160  0.0142416
26  499  0.901232
27  159  0.0103441
27  498  0.900851
28  114  0.043903
28  497  0.901236
29  113  0.0442098
29  119  0.0380019
29  496  0.899626
30  112  0.0441846
30  118  0.0461915
30  495  0.901122
31  111  0.0179264
31  117  0.0462036
31  494  0.900101
32  116  0.0460988
32  493  0.891896
33  109  0.391255
33  115  0.0457906
34  108  0.460614
34  110  0.240545
34  224  0.215099
35  106  0.01445
35  109  0.240247
35  223  0.215219
36  222  0.215102
37  105  0.76127
37  221  0.215168
38  104  0.760738
38  220  0.206369
39  103  0.76362
40  102  0.764742
40  218  0.0378471
41  101  0.764088
41  218  0.124062
42  100  0.764349
42  217  0.215072
43  98  0.739624
43  216  0.215214
44  97  0.738421
44  215  0.215203
45  213  0.0317416
45  214  0.179454
46  212  0.063272
46  213  0.13946
47  211  0.0951414
47  212  0.0796666
48  210  0.126682
50  208  0.010889
51  72  0.921438
52  71  0.994793
53  70  0.994849
54  69  0.994386
55  68  0.994673
57  66  0.993871
58  65  0.993592
59  64  0.950602
74  163  0.0106568
74  166  0.160707
75  162  0.0107285
75  165  0.161475
75  212  0.012929
76  161  0.0107539
76  164  0.161816
76  211  0.0279675
77  160  0.0107251
77  163  0.161911
77  210  0.0289692
78  162  0.147532
78  209  0.0280791
79  93  0.0456537
80  92  0.0570051
80  160  0.0481022
81  91  0.0570304
81  97  0.0124544
81  205  0.0301718
82  90  0.05773
82  96  0.710025
82  204  0.033089
83  89  0.0504487
83  95  0.711329
83  203  0.0330415
84  94  0.710803
84  202  0.0324802
85  93  0.711286
85  201  0.0257158
86  92  0.706919
86  102  0.155883
86  114  0.0113821
87  91  0.269112
87  101  0.157978
87  113  0.0114136
87  199  0.0173386
88  100  0.158918
88  112  0.0109508
88  157  0.0118356
88  198  0.0173968
89  98  0.184308
89  110  0.0117636
89  156  0.0126885
90  97  0.184419
90  109  0.0118999
90  155  0.0126921
91  96  0.182022
91  108  0.0116596
91  154  0.0126905
92  153  0.0126644
93  152  0.010216
93  187  0.0100237
94  186  0.0100015
96  106  0.0231803
97  105  0.0239431
98  104  0.0236927
100  160  0.0117023
101  159  0.0115672
102  112  0.0278708
103  111  0.0289183
103  157  0.147689
104  110  0.0292929
104  156  0.169138
105  109  0.0237744
105  155  0.169159
106  112  0.0149334
106  154  0.158691
108  136  0.170548
109  135  0.178459
109  491  0.0108538
110  134  0.178465
110  489  0.0467038
111  133  0.178146
111  489  0.423202
112  132  0.17825
112  488  0.675
113  131  0.175124
113  487  0.680388
114  176  0.0306464
114  486  0.68086
115  126  0.145667
115  175  0.0324631
115  485  0.680607
116  174  0.0328786
116  483  0.666731
117  173  0.0328219
117  482  0.666572
118  123  0.129222
118  481  0.654887
119  479  0.0270933
120  479  0.0172097
121  479  0.0815446
122  169  0.0106813
122  476  0.0377351
122  478  0.0980483
123  168  0.0123603
123  477  0.0978601
124  474  0.048639
125  473  0.0508114
126  132  0.0250111
126  160  0.0540341
126  163  0.041873
126  472  0.0509788
127  159  0.0500763
130  159  0.0881054
131  158  0.0999762
132  154  0.0230081
132  157  0.0682317
132  176  0.0306186
133  153  0.0230611
133  156  0.034319
133  157  0.625703
133  175  0.0311187
134  156  0.721251
134  174  0.0307324
135  155  0.755631
135  173  0.0306703
136  154  0.779952
137  151  0.200327
137  153  0.774932
138  150  0.32523
138  152  0.63324
139  149  0.764575
140  148  0.956908
141  147  0.966379
142  146  0.367898
155  471  0.0284966
156  470  0.0285168
157  469  0.0285022
158  468  0.0285357
158  479  0.0201877
159  467  0.0284731
159  478  0.0213683
160  392  0.0129404
160  466  0.0283817
160  477  0.0220236
161  465  0.0267787
162  195  0.0112781
162  391  0.0387258
162  464  0.0163124
163  194  0.014376
163  390  0.0591173
164  193  0.0140055
164  389  0.0494796
165  388  0.0367807
165  389  0.0163388
166  189  0.027962
166  387  0.0181501
166  388  0.0272542
166  390  0.0117452
166  477  0.0882149
167  188  0.0276682
167  387  0.0357281
167  389  0.0111504
167  473  0.0101747
167  479  0.0477762
168  186  0.0149083
168  208  0.0282944
168  386  0.0439366
168  472  0.0102212
168  475  0.363245
168  478  0.0508866
169  185  0.013048
169  474  0.364797
170  185  0.0250512
170  473  0.364615
171  180  0.142205
171  184  0.0271558
171  472  0.364075
171  475  0.072657
172  179  0.143421
172  183  0.0216067
172  382  0.0581817
172  388  0.11546
172  474  0.0724932
172  505  0.0304802
173  178  0.1428
173  183  0.0273557
173  299  0.0979313
173  381  0.0643638
173  387  0.158941
173  471  0.0210417
173  473  0.0720923
173  483  0.0150024
173  504  0.0351648
174  181  0.0109754
174  182  0.0385168
174  298  0.0979864
174  386  0.162838
174  470  0.0195872
174  472  0.0714642
174  482  0.0149857
174  503  0.0355673
175  181  0.0384899
175  297  0.0979923
175  385  0.162638
175  502  0.0353864
176  180  0.0238489
176  296  0.0979083
176  379  0.535263
177  295  0.0398602
177  378  0.637506
178  210  0.109775
178  377  0.63759
179  209  0.112758
179  376  0.637094
180  375  0.594218
181  207  0.268856
181  374  0.5478
181  375  0.0429759
182  200  0.0248378
182  206  0.269242
182  372  0.272351
182  374  0.0855133
183  199  0.0249896
183  205  0.269175
183  370  0.173058
183  371  0.216261
183  373  0.127747
184  198  0.025119
184  200  0.185456
184  204  0.269134
184  369  0.266005
184  372  0.125943
185  199  0.187449
185  203  0.268465
185  368  0.265824
185  371  0.0935319
185  373  0.011983
186  194  0.0333666
186  198  0.192913
186  202  0.264362
186  367  0.264064
186  372  0.0152531
187  193  0.0315199
187  197  0.179572
187  201  0.232543
188  209  0.0290822
188  371  0.0424103
189  208  0.0307989
189  370  0.0611752
190  194  0.0167279
190  198  0.165045
190  201  0.0284004
190  207  0.0310337
190  360  0.0177837
190  369  0.056532
191  197  0.156652
191  198  0.0514015
191  200  0.0441245
191  206  0.0308742
191  359  0.0178464
191  367  0.0467571
192  199  0.0321023
192  205  0.0224296
192  358  0.0155173
192  366  0.0450528
193  357  0.0112235
193  365  0.0365826
196  320  0.166109
197  319  0.268285
198  318  0.314625
199  317  0.327469
200  316  0.324979
201  315  0.162871
201  316  0.0113016
202  315  0.459978
203  314  0.653309
204  313  0.656619
205  312  0.656552
206  311  0.656891
207  310  0.656851
208  309  0.65575
208  392  0.0199971
209  307  0.629875
209  391  0.0201414
210  306  0.62994
210  390  0.0201894
211  305  0.596331
211  389  0.0186792
212  388  0.0117035
213  280  0.0902854
214  279  0.0984145
215  261  0.653336
215  278  0.101751
215  387  0.0195222
216  260  0.653681
216  277  0.101757
216  386  0.0215161
217  259  0.653649
217  276  0.101764
217  385  0.0215533
218  258  0.646496
218  275  0.0977232
218  384  0.0214865
219  257  0.640853
219  383  0.0213041
220  256  0.420745
220  273  0.0872464
220  382  0.0187681
221  227  0.0158229
221  252  0.0103984
221  272  0.0873789
222  251  0.0101688
222  254  0.194439
222  271  0.01219
223  228  0.0524527
223  253  0.205077
223  378  0.0128779
224  252  0.145721
224  377  0.0128774
226  256  0.291191
226  491  0.0101129
226  492  0.0367067
227  255  0.42154
227  303  0.0100935
227  491  0.0382801
228  302  0.0100948
228  489  0.023306
229  488  0.0179643
229  489  0.0295327
229  490  0.0865105
230  252  0.630442
230  488  0.0674514
230  489  0.0939574
231  251  0.74705
231  488  0.0922326
232  250  0.756595
232  486  0.193709
233  243  0.0163207
233  249  0.755987
233  485  0.194637
234  242  0.0150795
234  248  0.718304
234  484  0.196619
235  483  0.196031
237  481  0.18957
238  244  0.0186692
238  245  0.0220985
238  480  0.190274
239  479  0.19025
240  478  0.185691
241  474  0.0104898
242  473  0.0112179
243  472  0.0112637
243  475  0.111608
244  474  0.105103
245  473  0.0840435
246  389  0.0986093
247  388  0.125054
248  387  0.131854
249  297  0.0569604
249  386  0.133491
250  296  0.0573655
250  385  0.133546
251  295  0.0573571
252  294  0.0573336
252  309  0.0116146
252  384  0.0766667
253  293  0.0548628
253  308  0.0114706
253  383  0.0757295
254  382  0.0648155
255  292  0.0153729
256  380  0.0111217
258  271  0.24806
258  379  0.0137437
259  270  0.263958
259  275  0.0103783
260  269  0.268137
260  274  0.010377
260  378  0.0188273
261  268  0.26746
261  377  0.0233225
262  267  0.175719
262  273  0.010356
263  272  0.0103721
264  271  0.0103055
267  304  0.502359
268  303  0.702207
269  302  0.702207
270  301  0.695763
272  287  0.0124491
272  299  0.725847
272  381  0.0787067
273  286  0.0142195
273  298  0.729206
273  380  0.0790767
274  297  0.73032
274  379  0.0736915
275  284  0.0422506
275  296  0.730135
275  377  0.0416858
276  283  0.0563735
276  295  0.716992
276  378  0.0130368
277  282  0.0504
277  285  0.0178077
277  294  0.71269
277  303  0.095224
278  284  0.0182813
278  292  0.44641
278  302  0.0956545
279  290  0.379567
279  293  0.0418052
279  301  0.0953423
280  289  0.384607
280  292  0.0277211
280  300  0.0899237
281  288  0.338853
282  297  0.0142877
282  298  0.0823328
283  292  0.11933
283  296  0.0141855
283  297  0.0822142
284  291  0.121901
285  292  0.0147767
285  296  0.0757977
286  295  0.0704938
298  477  0.0116555
299  475  0.0117366
301  474  0.0105277
302  471  0.0347549
302  473  0.0128669
303  470  0.0340482
303  472  0.0143735
306  481  0.0193563
307  480  0.0281243
308  479  0.029481
309  478  0.029608
310  375  0.3151
310  477  0.0194546
311  374  0.33553
312  373  0.33567
313  372  0.336282
314  371  0.333988
316  369  0.642967
317  368  0.647152
318  356  0.0244602
318  367  0.64925
319  355  0.0259824
320  354  0.0260482
321  353  0.0259617
321  364  0.901199
322  352  0.0247797
322  363  0.964114
323  351  0.0240917
323  362  0.963511
324  361  0.963496
325  345  0.0242243
325  360  0.96456
326  344  0.0243306
326  359  0.964547
327  343  0.0236718
327  358  0.957319
328  342  0.0234836
328  357  0.845183
330  341  0.0297268
330  357  0.0115962
331  340  0.030649
331  355  0.922359
331  356  0.0328129
332  339  0.0297333
332  354  0.928176
332  355  0.0310552
333  353  0.912772
334  352  0.59785
336  352  0.298707
337  351  0.690257
338  350  0.745656
338  351  0.0408988
339  349  0.388455
340  349  0.563429
341  348  0.921626
342  347  0.875468
375  475  0.0290857
376  391  0.0520181
376  474  0.0422623
376  511  0.0195852
377  390  0.071659
377  471  0.0102344
377  473  0.0449676
377  510  0.0320529
378  470  0.0100366
378  472  0.0454005
378  509  0.0320671
379  388  0.110984
379  471  0.0424844
379  508  0.0298009
380  387  0.279202
381  386  0.308101
381  470  0.0390921
381  481  0.106831
382  469  0.0397555
382  480  0.156623
383  468  0.0397247
383  479  0.163975
384  467  0.0396537
384  478  0.164787
385  393  0.0258935
385  466  0.0235997
385  477  0.127652
386  392  0.0259278
386  396  0.010358
386  477  0.0572218
387  476  0.0935666
388  475  0.0913072
389  476  0.0182571
390  472  0.0277452
390  475  0.0231569
391  472  0.0252441
392  472  0.135983
393  470  0.829318
394  469  0.911144
395  468  0.922219
396  467  0.923863
397  465  0.0336087
397  466  0.910619
398  464  0.5083
398  465  0.454458
399  463  0.975594
400  462  0.98538
401  461  0.988177
402  460  0.997144
403  459  0.997126
405  457  0.997321
406  456  0.99757
407  455  0.997034
408  454  0.997405
409  453  0.990858
410  442  0.729165
411  441  0.995458
412  440  0.995901
413  439  0.994633
414  438  0.995159
415  437  0.934828
419  433  0.973571
420  432  0.993324
421  431  0.996335
422  430  0.995387
423  429  0.988079
443  452  0.54904
444  451  0.577972
445  452  0.347011
446  451  0.365014
482  500  0.0679144
483  499  0.0727388
484  498  0.0733036
485  497  0.0715406
486  496  0.0696158
488  495  0.0727671
489  494  0.0669058
