1  645  0.183269
1  662  0.0156996
2  644  0.227432
2  661  0.025538
2  717  0.0212039
2  722  0.138926
3  643  0.239524
3  660  0.0282688
3  716  0.042366
3  718  0.0136489
3  720  0.136002
3  721  0.0904531
4  642  0.184164
4  659  0.0260367
5  714  0.118485
5  719  0.437939
6  30  0.311466
6  713  0.121288
6  718  0.455234
6  720  0.0467075
7  29  0.314797
7  711  0.0521193
7  712  0.0813956
7  717  0.450525
7  719  0.0464075
8  16  0.0179664
8  28  0.314422
8  710  0.0949927
8  711  0.0414271
8  717  0.0186484
9  15  0.0164366
9  27  0.263673
9  709  0.134736
10  27  0.0310897
10  708  0.134772
11  26  0.0576113
11  29  0.0283733
11  707  0.135469
12  26  0.053433
12  28  0.0290173
12  667  0.0219893
12  706  0.134929
13  23  0.0787364
13  24  0.0258873
13  25  0.0545113
13  27  0.0291194
13  659  0.0194743
13  663  0.0209481
14  22  0.0841922
14  26  0.0257213
14  658  0.0263492
14  665  0.0461584
14  701  0.011935
14  705  0.0832397
15  22  0.0713234
15  657  0.0282085
15  661  0.132859
15  664  0.0523446
15  700  0.0134874
15  704  0.0832218
16  21  0.061592
16  24  0.0224446
16  25  0.0127957
16  656  0.0285044
16  660  0.167757
16  663  0.0525894
16  699  0.0136121
16  703  0.0855002
17  23  0.0260614
17  24  0.0138631
17  659  0.159479
17  662  0.0482116
18  23  0.0100808
18  27  0.0286465
19  26  0.0345464
19  667  0.0440294
19  671  0.022363
20  658  0.0466981
20  666  0.0414481
20  670  0.0224946
21  657  0.0481937
21  665  0.0358779
21  669  0.0204238
23  654  0.108276
23  655  0.0955028
23  702  0.0398109
24  653  0.0824957
24  654  0.111753
24  658  0.0418526
24  701  0.0428532
25  653  0.112834
25  657  0.048286
25  700  0.0437142
26  645  0.0106989
26  651  0.328186
26  652  0.0574381
26  656  0.0493429
26  675  0.0690633
26  699  0.0439829
27  644  0.0109029
27  650  0.386488
27  653  0.0356784
27  655  0.0362279
27  674  0.0695788
27  698  0.0437657
28  643  0.0109759
28  649  0.390789
28  652  0.11623
28  673  0.0765868
28  697  0.0413246
29  335  0.0372492
29  648  0.389369
29  651  0.117354
29  672  0.0768746
30  334  0.0393976
30  650  0.116008
30  671  0.0760596
31  333  0.039398
32  332  0.0393462
32  642  0.622328
33  331  0.0393372
33  641  0.923521
34  330  0.0393211
34  640  0.945925
35  329  0.0270112
35  639  0.952512
36  638  0.952535
37  327  0.0180969
37  637  0.952223
38  325  0.0343845
38  636  0.952531
39  324  0.0344174
39  635  0.951891
40  634  0.369415
41  224  0.0145876
42  88  0.0345913
42  223  0.0162915
42  377  0.354404
43  87  0.03778
43  222  0.0190069
43  376  0.900258
44  86  0.038024
44  221  0.0212936
44  375  0.930166
45  85  0.038019
45  220  0.0212941
45  374  0.928087
46  84  0.0376739
46  219  0.0212633
46  373  0.922564
49  60  0.0250645
49  72  0.0312387
50  59  0.0473102
50  71  0.0372883
50  83  0.0142383
50  231  0.0112432
51  58  0.0488013
51  70  0.0376528
51  82  0.0148833
51  230  0.0154919
51  234  0.0635637
52  57  0.0283806
52  81  0.0148189
52  229  0.0143358
52  233  0.0789609
53  80  0.0145909
53  230  0.0209343
53  231  0.185662
53  232  0.0806509
54  230  0.177268
54  231  0.0835349
54  345  0.0140844
54  348  0.103754
55  66  0.0493507
55  229  0.0326793
55  344  0.0184982
55  347  0.25098
56  65  0.0529499
56  229  0.08267
56  346  0.307417
57  64  0.0541431
57  345  0.32392
58  63  0.052992
58  228  0.484404
58  344  0.313446
59  227  0.485058
60  226  0.485268
60  233  0.35568
61  225  0.485506
61  232  0.397646
62  223  0.445326
62  231  0.431372
63  222  0.444026
63  223  0.0290299
63  230  0.431389
64  229  0.399396
65  223  0.0112757
66  225  0.382925
67  224  0.413016
68  220  0.507759
68  223  0.414742
69  219  0.510273
69  222  0.414439
70  218  0.511046
70  221  0.409941
73  79  0.0157263
73  214  0.930168
73  218  0.0158108
74  78  0.0127736
74  213  0.934255
74  217  0.0139592
75  212  0.944058
76  211  0.943395
78  209  0.873732
79  208  0.950296
80  207  0.950342
81  206  0.94949
82  205  0.943796
84  102  0.0667337
85  99  0.862743
85  101  0.0675778
86  98  0.862971
86  100  0.0681429
87  96  0.0706419
87  99  0.0683038
88  93  0.0324193
89  94  0.0231078
89  95  0.0874031
89  98  0.0235122
90  94  0.0464922
90  95  0.0122323
90  97  0.0169857
90  322  0.0300195
91  321  0.0359611
92  320  0.0369385
93  319  0.0370522
94  318  0.0370275
95  317  0.0370967
96  316  0.0369563
98  314  0.0279292
99  313  0.0370033
100  199  0.88786
100  312  0.0369735
101  198  0.888223
101  311  0.0264599
102  197  0.888258
102  310  0.0158992
102  311  0.0125538
103  196  0.888172
103  310  0.0241337
104  195  0.88067
104  199  0.0394522
104  309  0.0347106
105  194  0.845693
105  198  0.0388148
106  191  0.0307921
106  192  0.0116122
106  307  0.0402031
107  189  0.143537
107  193  0.494939
107  196  0.0395286
107  306  0.0402075
108  188  0.0874243
108  192  0.483244
108  195  0.0394818
108  305  0.040095
109  304  0.0401355
110  186  0.158667
110  193  0.232928
110  303  0.0400481
111  185  0.163902
111  191  0.5152
111  192  0.228303
111  199  0.0256899
111  302  0.0152461
112  184  0.163849
112  190  0.528424
112  198  0.0256873
113  183  0.157111
113  189  0.391447
113  197  0.0257833
114  189  0.402548
114  196  0.0257498
115  182  0.0101405
115  188  0.538299
116  185  0.29178
116  187  0.536454
117  184  0.289741
117  186  0.519124
118  183  0.294808
119  181  0.994625
120  180  0.997039
121  179  0.997053
122  178  0.997605
123  177  0.996524
124  176  0.995415
125  175  0.99388
126  174  0.991165
127  173  0.995601
128  172  0.343111
129  171  0.344943
130  170  0.994915
131  144  0.759634
131  153  0.0623884
132  143  0.878262
132  152  0.0720083
133  142  0.905246
133  151  0.0742194
134  141  0.915853
134  150  0.0750952
135  140  0.894466
135  149  0.0749861
136  147  0.0658474
137  146  0.0658509
138  145  0.0652458
139  144  0.042862
144  168  0.0150963
145  167  0.0294058
146  168  0.0130192
147  158  0.0674138
148  157  0.0744625
148  165  0.677537
149  156  0.066892
149  164  0.784759
150  163  0.779814
152  161  0.342029
152  162  0.073447
153  160  0.308763
153  161  0.0682338
156  163  0.0103897
156  165  0.0351945
157  164  0.0373842
157  167  0.0765123
158  166  0.0813375
159  165  0.0810577
186  195  0.0304266
187  194  0.0304802
188  193  0.0273394
191  295  0.0368363
192  294  0.03762
193  293  0.0376752
195  291  0.0376837
196  290  0.0376251
197  289  0.0376921
198  288  0.0376925
199  287  0.0375494
207  222  0.0310634
208  221  0.0328047
209  220  0.0227215
211  218  0.0495831
212  217  0.0496435
223  280  0.0287325
223  285  0.0116807
224  279  0.028775
224  284  0.0116925
225  278  0.0287792
225  283  0.0116086
226  277  0.0286974
227  275  0.0292686
228  274  0.0294374
229  273  0.0294144
229  281  0.0111645
230  272  0.0294683
230  280  0.0119068
231  271  0.0294439
231  279  0.0119057
232  278  0.0119243
232  344  0.467415
233  343  0.266317
234  268  0.0205637
234  342  0.624206
235  341  0.922109
236  265  0.028939
236  340  0.953115
237  264  0.0297525
237  339  0.956188
238  263  0.029733
238  338  0.955778
239  262  0.0294229
239  337  0.956324
240  261  0.0266701
240  336  0.955466
241  260  0.0161292
241  335  0.956265
242  334  0.956283
243  254  0.0189555
243  333  0.954768
244  253  0.0206522
244  305  0.0269693
244  332  0.547395
245  304  0.0307394
246  303  0.0314342
246  330  0.10714
251  312  0.0928642
252  295  0.81164
252  311  0.117731
253  294  0.815763
253  310  0.11797
254  293  0.819989
254  309  0.110029
254  312  0.0143343
255  292  0.82001
255  311  0.0149811
256  291  0.819222
256  306  0.0280406
256  310  0.0149478
257  290  0.623518
257  305  0.025532
258  265  0.0102881
260  287  0.0444892
261  270  0.229736
261  304  0.126134
262  269  0.28173
262  286  0.0333964
262  287  0.0148434
262  303  0.131511
263  268  0.253151
263  302  0.131367
264  278  0.0109191
264  285  0.156531
264  301  0.129645
265  276  0.299122
265  284  0.155393
266  275  0.336751
266  296  0.123829
267  274  0.339612
267  282  0.157577
267  295  0.129539
268  273  0.302913
268  281  0.158677
268  294  0.129339
269  280  0.157465
269  289  0.0152528
269  293  0.129599
270  292  0.044594
271  287  0.259543
271  291  0.0426596
271  292  0.0850614
272  277  0.0860686
272  286  0.267398
272  291  0.0861668
273  285  0.258218
273  289  0.0616197
273  290  0.0861835
274  283  0.0202011
274  284  0.112778
274  285  0.0174118
274  288  0.0608847
274  289  0.0855732
275  284  0.0253853
276  281  0.0152429
276  282  0.0797325
277  283  0.194411
277  288  0.410023
278  282  0.158082
278  287  0.412558
279  286  0.278635
280  286  0.0334437
282  288  0.0151764
283  287  0.0126814
296  305  0.0812195
297  304  0.0876555
298  303  0.0872378
298  330  0.0440192
299  329  0.0357753
300  312  0.0778289
300  332  0.0201916
301  311  0.102282
301  330  0.0281654
302  310  0.102258
302  330  0.120247
303  309  0.0990526
303  329  0.416355
304  328  0.442496
305  327  0.451606
306  326  0.455425
307  325  0.452485
308  324  0.260079
308  331  0.211369
309  324  0.171787
309  330  0.232872
310  323  0.0912651
310  329  0.200444
311  323  0.361437
312  322  0.448308
312  327  0.287009
313  321  0.448373
313  326  0.433635
313  332  0.045542
314  320  0.448958
314  325  0.433701
314  331  0.0638122
315  319  0.38461
315  324  0.434291
315  330  0.0659448
316  323  0.433256
316  329  0.0673021
317  322  0.351594
317  328  0.0674272
318  327  0.0674704
319  326  0.0662273
337  687  0.0345445
338  686  0.0348202
339  685  0.0348807
340  684  0.0348355
341  683  0.0345025
342  682  0.0335427
343  681  0.0273165
347  372  0.56139
348  371  0.821673
349  370  0.925564
350  369  0.967457
351  368  0.97104
353  366  0.993432
354  365  0.993569
355  364  0.994274
356  363  0.993742
357  362  0.900636
371  678  0.0137194
372  607  0.0121556
372  677  0.0414893
373  606  0.0122274
373  676  0.0416763
374  605  0.0122304
374  675  0.0416812
375  674  0.0416813
376  603  0.0136531
376  673  0.0414238
377  602  0.0137113
377  634  0.440895
377  672  0.0402962
378  601  0.0137674
378  633  0.959143
379  600  0.0137674
379  632  0.963129
380  599  0.013612
380  631  0.962491
381  598  0.0118313
381  630  0.959793
382  629  0.943572
386  627  0.934931
386  654  0.0189888
387  626  0.963065
387  653  0.020008
388  625  0.963867
388  652  0.0203204
389  624  0.963901
389  651  0.0203211
390  623  0.963853
390  650  0.020319
391  622  0.924478
391  649  0.0199571
392  442  0.57532
392  612  0.0107241
392  621  0.248389
392  648  0.0160203
393  441  0.288338
393  611  0.0107756
394  441  0.590628
394  610  0.0103264
394  614  0.0102085
395  440  0.92273
395  443  0.0165157
395  613  0.0115521
395  616  0.0132147
396  439  0.935965
396  442  0.0242268
396  612  0.0115821
396  615  0.0145312
397  438  0.935928
397  441  0.0242302
397  611  0.0111329
397  614  0.0145257
398  437  0.893677
398  439  0.0405828
399  409  0.217238
399  438  0.0405217
400  408  0.216918
401  407  0.204849
402  406  0.119265
402  435  0.542907
403  434  0.57772
404  433  0.562042
405  432  0.515908
406  433  0.125282
407  430  0.0155169
407  431  0.168316
407  432  0.139158
408  430  0.17157
408  431  0.136643
409  429  0.122712
410  428  0.0615346
410  429  0.806787
411  428  0.915386
412  427  0.98627
413  426  0.986237
414  425  0.984471
415  424  0.986079
416  423  0.941531
416  604  0.0100828
417  603  0.0100834
426  439  0.0100492
441  612  0.0140648
441  615  0.0436449
442  611  0.0140416
442  614  0.0444226
443  597  0.107421
444  596  0.152119
444  616  0.0151871
444  619  0.663811
445  595  0.161302
445  615  0.0182524
445  618  0.760158
446  594  0.162564
446  617  0.766346
447  593  0.163869
447  616  0.769753
448  592  0.164159
448  614  0.826935
449  591  0.163878
449  613  0.832271
450  590  0.164172
450  612  0.834238
451  589  0.164178
451  611  0.834246
452  588  0.164099
452  610  0.834108
453  583  0.0475732
453  586  0.0581316
453  587  0.0828411
453  609  0.772012
454  582  0.0476724
454  608  0.769727
455  580  0.015797
455  581  0.0363102
455  584  0.754655
456  579  0.0557186
456  583  0.938148
457  578  0.0553758
457  582  0.937389
458  577  0.0540577
458  581  0.935609
459  580  0.936168
460  579  0.935357
462  574  0.990753
463  573  0.996171
464  572  0.995693
465  571  0.996255
466  570  0.995354
467  569  0.995892
468  568  0.995868
469  567  0.992834
471  520  0.156393
471  564  0.0199913
472  503  0.191322
472  516  0.531951
472  519  0.207391
472  563  0.0157486
473  502  0.192771
473  515  0.533711
473  518  0.2065
473  561  0.015146
473  563  0.0412153
474  501  0.192761
474  514  0.533843
474  560  0.0150732
474  562  0.0412196
475  499  0.014183
475  500  0.173438
475  513  0.532914
475  559  0.0146476
476  497  0.0145989
476  498  0.0275712
476  503  0.0237711
476  512  0.533687
476  516  0.212827
477  496  0.0192836
477  497  0.0256194
477  502  0.0238005
477  511  0.531373
477  515  0.213042
477  561  0.0164466
478  501  0.0231229
478  514  0.212787
478  553  0.0143057
478  560  0.0168334
479  513  0.201892
479  552  0.0143072
479  559  0.0168208
480  494  0.181271
480  506  0.380326
480  558  0.0132704
481  505  0.487459
481  507  0.0695247
481  511  0.0286551
481  550  0.0155068
482  492  0.299208
482  504  0.487642
482  506  0.0703267
482  513  0.0127048
482  549  0.0155162
483  491  0.581341
483  503  0.290146
483  505  0.0140731
483  512  0.0587793
483  548  0.015145
484  490  0.583901
484  502  0.285902
484  508  0.0207926
484  511  0.0588266
484  547  0.0150478
485  489  0.222297
485  507  0.0202459
486  499  0.121617
486  506  0.0183387
486  510  0.0334489
487  498  0.155578
487  508  0.0299375
487  509  0.0322732
488  495  0.0200288
488  497  0.149581
488  498  0.013426
488  507  0.0343806
488  508  0.0299964
489  494  0.0223553
489  506  0.0279932
490  506  0.0270661
491  504  0.102282
492  503  0.369553
492  519  0.012867
493  502  0.364871
493  518  0.0128766
494  517  0.0120698
495  500  0.0102724
498  510  0.0728026
499  509  0.0843105
500  508  0.0851152
501  507  0.0857605
501  515  0.0266995
502  506  0.0697176
502  514  0.0270278
503  513  0.0271263
504  512  0.0283039
504  561  0.079041
504  563  0.137487
505  560  0.0790954
505  562  0.137584
506  511  0.0379996
506  512  0.0143419
506  561  0.136616
507  558  0.0817364
507  560  0.1193
508  557  0.0970958
508  559  0.0941032
509  556  0.106861
509  558  0.0849725
510  555  0.110259
511  553  0.139153
512  532  0.0145576
512  552  0.138679
513  531  0.0148489
513  551  0.13637
514  527  0.0138751
514  529  0.0605313
514  550  0.136235
515  526  0.0145119
515  528  0.0592017
515  549  0.135045
516  525  0.0154566
516  528  0.0110442
518  526  0.107813
519  525  0.115071
520  524  0.0439183
523  546  0.0777461
524  545  0.0933098
525  544  0.0957746
525  565  0.0766218
525  566  0.227719
526  543  0.0949063
526  563  0.478913
526  565  0.256386
527  542  0.0954301
527  562  0.482624
527  564  0.256464
528  540  0.117155
528  541  0.0124937
528  561  0.486753
528  563  0.256217
529  539  0.12017
529  560  0.486472
529  562  0.255549
531  536  0.0566306
531  538  0.107584
531  545  0.0178274
531  558  0.0872707
531  559  0.0689606
532  537  0.103864
532  544  0.0213348
533  543  0.0176919
533  555  0.0106168
534  555  0.0853456
537  552  0.810536
538  551  0.813828
539  550  0.81506
540  549  0.811194
549  561  0.0126795
550  560  0.0125275
551  559  0.0115172
553  561  0.0185504
587  604  0.0169334
587  608  0.0108087
588  603  0.0245637
588  606  0.0277201
588  607  0.718116
589  602  0.0220551
589  605  0.027928
589  606  0.718202
589  609  0.0270439
590  608  0.0278248
591  601  0.0493357
591  603  0.0159011
591  605  0.0571434
591  607  0.0338251
592  600  0.0477066
592  601  0.0111255
592  603  0.703875
592  606  0.0326034
593  602  0.661783
600  611  0.0662036
601  610  0.0684929
603  608  0.029042
603  610  0.024294
604  609  0.0228614
620  642  0.0146625
621  641  0.0183898
622  640  0.0186328
623  639  0.0179236
624  638  0.0127762
625  635  0.0143175
626  634  0.0149208
627  633  0.0149715
638  651  0.0146313
639  650  0.0149696
640  649  0.0147664
647  654  0.0125971
648  653  0.0127029
649  719  0.121243
650  718  0.14377
650  720  0.130066
651  717  0.135939
651  719  0.129346
652  696  0.0110851
652  717  0.106549
653  660  0.223993
653  695  0.0136724
653  716  0.0977728
654  659  0.147273
654  694  0.0137187
655  693  0.0122191
657  691  0.0133211
658  690  0.014977
659  668  0.225159
659  689  0.0150434
660  667  0.235619
660  688  0.0149972
666  686  0.012361
666  721  0.0333914
667  685  0.012886
667  720  0.0383169
668  684  0.0123008
669  683  0.0102471
670  721  0.0143017
671  716  0.333015
671  718  0.0843208
671  720  0.0164031
672  717  0.0839739
672  719  0.0163682
673  714  0.825796
674  713  0.860294
675  712  0.860391
676  688  0.0569844
676  711  0.860392
677  687  0.0572927
677  710  0.860135
678  686  0.0490328
678  709  0.761028
682  708  0.776109
683  707  0.542235
684  706  0.556482
685  705  0.866451
686  704  0.866047
687  703  0.862705
690  700  0.0377386
690  701  0.0543098
691  700  0.0613021
693  702  0.0136805
694  701  0.0178184
695  700  0.0174524
712  720  0.0105219
713  719  0.0105225
