2  9  0.0101312
2  41  0.0180913
2  473  0.0416274
3  8  0.0205199
3  40  0.0218997
3  54  0.0263357
3  472  0.054187
3  474  0.0295356
4  39  0.0209414
5  38  0.0131426
5  52  0.433497
5  63  0.0479435
5  476  0.0811732
6  51  0.435724
6  62  0.0481953
6  475  0.0593055
7  50  0.436216
7  61  0.0482307
7  477  0.125523
8  38  0.0199728
8  49  0.436159
8  60  0.048173
8  476  0.150205
9  37  0.312699
9  48  0.140807
9  475  0.0762481
10  36  0.309111
10  58  0.0481028
11  36  0.0119862
11  57  0.0472325
11  473  0.035394
12  35  0.33528
12  47  0.0782296
12  55  0.478006
12  472  0.0331247
13  34  0.341537
13  46  0.0850957
13  54  0.480487
13  471  0.0315253
14  33  0.040427
14  45  0.0851169
14  53  0.481505
14  64  0.0196791
15  33  0.331166
15  44  0.0846989
15  52  0.481137
15  63  0.0308821
16  32  0.400099
16  43  0.0754303
16  51  0.420341
16  62  0.0312298
17  31  0.399207
17  42  0.0682749
17  50  0.385111
17  61  0.0313166
18  29  0.565859
18  41  0.0274648
18  49  0.256423
18  50  0.0185704
18  60  0.031237
19  28  0.617717
19  49  0.0349654
19  59  0.0312537
20  27  0.609932
20  49  0.0242613
20  58  0.0312023
21  57  0.0306034
22  35  0.0135876
22  47  0.268534
22  48  0.0111159
22  55  0.0365992
23  34  0.0142947
23  46  0.302722
23  54  0.0368942
24  33  0.0117004
24  45  0.30153
24  53  0.0375919
25  44  0.300223
25  52  0.0375448
26  50  0.0222515
27  32  0.0104763
28  40  0.27697
28  48  0.02743
29  39  0.270266
29  47  0.02644
30  38  0.213459
31  39  0.0634463
32  36  0.063421
32  38  0.079356
32  49  0.0225895
33  37  0.0507032
33  46  0.165575
33  48  0.0231302
34  45  0.165924
35  44  0.159532
36  43  0.0391408
36  46  0.0491899
36  48  0.0238543
37  45  0.0486581
38  46  0.335437
39  45  0.33004
40  44  0.125969
44  55  0.0206234
45  54  0.0206091
46  52  0.0126233
54  476  0.0185208
55  476  0.0121349
56  473  0.448905
57  469  0.0463573
57  471  0.20863
57  472  0.645335
58  468  0.0465304
58  470  0.220156
58  471  0.640883
59  467  0.0197029
59  469  0.845798
59  470  0.0204348
60  466  0.0198749
60  468  0.850638
60  469  0.0155573
61  465  0.047202
61  467  0.845225
62  464  0.0483223
63  463  0.0186571
63  465  0.0202778
64  463  0.944417
65  462  0.996953
66  461  0.992282
67  460  0.984437
68  459  0.977631
69  458  0.963715
70  457  0.892943
70  458  0.0127909
71  457  0.0124992
73  455  0.0408215
74  453  0.958449
75  452  0.982363
76  451  0.985758
77  450  0.984533
78  448  0.0280439
78  449  0.881236
79  129  0.847978
79  447  0.0519532
80  128  0.847782
81  127  0.846878
82  126  0.424497
83  126  0.534411
84  125  0.98405
85  124  0.982729
86  123  0.986306
87  122  0.986025
88  121  0.985626
89  119  0.777091
90  118  0.77073
90  119  0.0246011
90  120  0.0301892
91  117  0.400934
91  118  0.100955
91  119  0.0252801
93  115  0.966046
94  114  0.987204
95  113  0.986814
96  112  0.987398
97  111  0.987348
98  110  0.979933
99  109  0.880161
100  114  0.0101242
101  107  0.845796
101  113  0.0107525
102  106  0.67733
102  112  0.0109395
103  111  0.0106323
126  443  0.0172963
127  442  0.0753434
128  441  0.0753082
129  440  0.0753184
130  439  0.0748884
130  446  0.0160325
131  438  0.074117
131  445  0.0228751
131  446  0.0263043
131  449  0.0135418
132  437  0.07349
132  444  0.0221566
132  445  0.0351573
132  446  0.0223588
132  448  0.0775278
133  447  0.0924542
134  435  0.0670833
135  434  0.0600072
135  443  0.761475
136  442  0.902104
137  441  0.900119
138  440  0.896325
141  435  0.0104872
142  156  0.795638
142  435  0.0412616
143  155  0.918908
143  434  0.0403434
144  154  0.929145
144  433  0.0398286
145  153  0.93033
145  369  0.0133084
145  432  0.0162242
146  152  0.847551
147  151  0.492222
147  367  0.033445
147  431  0.0144903
148  366  0.0359635
148  430  0.0144435
149  365  0.0360744
150  364  0.0361195
151  363  0.0360788
152  427  0.0137033
153  362  0.0300379
153  426  0.0138778
154  361  0.031398
154  425  0.0131143
156  423  0.0115301
157  422  0.0117952
158  421  0.0117507
159  360  0.941589
159  420  0.0116318
160  359  0.9775
161  358  0.981759
162  357  0.981631
163  355  0.0155501
163  356  0.962274
164  278  0.0116372
164  354  0.0289195
165  277  0.0126501
165  353  0.0284278
165  354  0.949179
166  276  0.012687
166  353  0.950047
167  275  0.0126849
167  351  0.961182
168  274  0.0126839
168  350  0.962361
169  273  0.0123015
169  349  0.949853
171  278  0.0138848
172  269  0.0105494
172  277  0.020843
173  268  0.010636
173  276  0.0237313
173  345  0.956341
174  275  0.0239055
174  344  0.957838
175  274  0.0239723
175  343  0.95848
176  273  0.0221893
176  342  0.9567
177  340  0.798076
178  233  0.181628
178  339  0.639397
179  232  0.390353
179  291  0.0517684
179  338  0.419591
180  201  0.0230542
180  231  0.679939
180  290  0.270063
180  337  0.0140434
181  200  0.0231647
181  230  0.68167
181  289  0.27139
181  336  0.0114349
182  199  0.0231693
182  229  0.681843
182  288  0.271525
183  228  0.678484
183  287  0.270349
184  197  0.0243998
184  227  0.674781
184  286  0.27018
185  196  0.0244592
185  224  0.14268
185  226  0.564459
185  285  0.214349
186  195  0.02455
186  223  0.700861
187  194  0.0235917
187  222  0.91453
188  221  0.949794
189  220  0.952659
190  219  0.952651
191  218  0.952529
193  217  0.951409
194  216  0.950722
196  214  0.592421
197  213  0.959282
198  212  0.959218
199  211  0.959778
200  210  0.935159
201  210  0.0233047
202  208  0.876973
202  209  0.04281
202  306  0.0120384
203  207  0.334536
203  305  0.0121655
204  304  0.0109486
207  302  0.0154057
207  330  0.0113933
208  301  0.0160788
208  329  0.0113463
209  300  0.0160878
209  328  0.0112778
210  299  0.0160808
211  298  0.0160959
214  295  0.016102
215  294  0.0160494
216  290  0.0393202
217  289  0.0397853
218  288  0.0398044
219  287  0.0397374
220  286  0.0398057
221  285  0.0395881
222  284  0.0336968
223  281  0.0950738
223  283  0.0168628
224  280  0.143815
224  283  0.0119469
225  279  0.156889
225  282  0.0136427
226  277  0.122654
226  278  0.137164
226  281  0.0129996
227  276  0.214081
227  277  0.0791223
227  280  0.012125
228  275  0.273836
228  276  0.0207936
229  274  0.292956
230  273  0.2905
232  270  0.259707
233  269  0.308254
233  341  0.0130636
234  268  0.311251
234  340  0.0152184
235  263  0.0964094
235  267  0.260271
235  339  0.0124738
236  262  0.255675
236  266  0.110995
236  332  0.509972
237  261  0.370238
237  331  0.554224
238  260  0.375473
238  330  0.593962
239  259  0.373859
239  329  0.592369
240  249  0.0159193
240  328  0.588936
241  248  0.0169021
242  247  0.0169156
243  257  0.831711
244  256  0.95118
245  255  0.961102
246  254  0.960328
247  253  0.949349
253  260  0.010047
259  274  0.0320165
259  325  0.565564
260  273  0.0320333
260  324  0.565827
261  272  0.0318591
261  323  0.56242
262  271  0.030992
262  322  0.545168
264  278  0.0171836
265  277  0.0187829
265  319  0.359414
266  276  0.0189225
266  319  0.0213694
267  275  0.0282216
267  319  0.0128619
268  274  0.0300265
268  317  0.454535
268  318  0.0119543
269  316  0.457644
270  315  0.430653
271  314  0.269523
272  291  0.0242309
273  289  0.516931
273  290  0.0207458
273  325  0.0108875
274  288  0.532888
274  324  0.0108868
275  287  0.488391
276  286  0.349967
276  287  0.05742
276  318  0.0672508
277  285  0.167096
277  286  0.196662
277  317  0.0673863
278  285  0.330901
278  316  0.0673268
279  283  0.0103815
279  284  0.368354
279  308  0.0106185
279  315  0.0668559
279  351  0.0132758
280  307  0.0121017
280  314  0.0646513
280  350  0.0155634
281  313  0.062064
282  305  0.0110441
282  349  0.013834
283  304  0.0162243
283  348  0.016426
284  303  0.015629
284  310  0.0130851
284  347  0.0162382
286  301  0.0202183
286  309  0.0605933
286  345  0.0284927
287  308  0.0606039
287  344  0.0289368
288  299  0.0136786
288  307  0.0582379
288  343  0.0290808
289  298  0.0250248
289  342  0.0289509
290  297  0.0248967
290  305  0.0569862
290  340  0.0179854
291  296  0.0180667
291  304  0.0565693
291  313  0.0810006
291  314  0.436466
292  303  0.0555317
292  312  0.102514
292  313  0.580314
293  302  0.0546713
293  312  0.619949
294  310  0.190564
294  311  0.622968
295  300  0.0533015
295  309  0.89286
296  308  0.8928
297  307  0.893483
298  306  0.892897
299  305  0.802087
300  304  0.0559227
313  341  0.0205978
314  340  0.0251959
315  339  0.0290535
316  338  0.0293731
319  335  0.355254
320  334  0.358651
321  333  0.359347
322  332  0.359808
323  331  0.359493
324  330  0.359542
325  329  0.291816
327  336  0.0104966
328  335  0.0104215
361  433  0.831762
361  436  0.0720999
362  432  0.859181
362  435  0.0738525
363  431  0.863093
363  434  0.0740413
364  430  0.863642
364  433  0.0740411
365  429  0.862076
365  432  0.073119
366  428  0.850126
367  429  0.0618554
368  425  0.184373
368  428  0.0693465
369  426  0.484588
370  424  0.146292
370  425  0.447215
371  422  0.743802
372  421  0.805157
374  419  0.841422
374  422  0.131519
375  418  0.845481
375  421  0.136173
376  417  0.845494
376  420  0.137123
377  416  0.84227
377  419  0.137068
378  383  0.0111797
378  415  0.829379
378  418  0.136918
380  413  0.0515912
380  414  0.230609
381  413  0.188604
381  414  0.175009
382  413  0.213346
382  414  0.0645338
384  412  0.987395
385  411  0.990548
386  410  0.990661
387  409  0.99037
388  408  0.981831
389  398  0.459122
390  397  0.488752
390  406  0.492989
391  396  0.427961
391  405  0.491126
392  404  0.475641
393  403  0.380528
394  400  0.138368
395  399  0.0585705
397  401  0.010962
400  407  0.491949
401  406  0.487816
