2  320  0.34376
3  11  0.0130127
3  318  0.0263674
3  319  0.742299
4  11  0.0210852
4  19  0.0113105
4  317  0.0261117
4  318  0.795191
5  11  0.0143593
5  15  0.0207017
5  18  0.0123201
5  317  0.793481
6  14  0.0185629
6  17  0.0106742
6  316  0.767424
11  16  0.710154
11  20  0.0134698
12  19  0.0112212
18  310  0.746005
18  320  0.0619932
19  75  0.0200847
19  309  0.749497
20  74  0.0252748
20  308  0.750351
20  318  0.14353
21  73  0.0252699
21  307  0.751356
21  317  0.14381
22  72  0.0250982
22  306  0.747193
22  310  0.0315086
22  316  0.143729
23  35  0.0111602
23  309  0.031855
23  315  0.130254
24  34  0.0144696
24  55  0.0221328
24  169  0.165717
24  308  0.032298
24  318  0.0139205
25  34  0.0515977
25  54  0.0223559
25  150  0.0106362
25  169  0.0732499
25  307  0.0321299
25  317  0.0139583
26  33  0.0381855
26  53  0.0229097
26  149  0.0100545
27  52  0.0230604
27  166  0.0735382
27  310  0.0105643
27  316  0.0150985
28  51  0.0229289
28  165  0.0714626
28  167  0.0263393
28  311  0.0199167
28  315  0.0154621
29  50  0.022645
29  86  0.0101995
29  166  0.0297435
29  310  0.0215134
29  314  0.0157024
30  49  0.021707
30  85  0.0100925
30  165  0.0307323
30  309  0.0213708
30  313  0.0151375
31  164  0.0311237
31  169  0.0736368
31  308  0.0169892
32  162  0.121881
33  47  0.0109006
33  161  0.132864
33  311  0.0180643
34  46  0.0114235
34  81  0.0103847
34  160  0.133689
34  310  0.019114
35  159  0.109444
38  75  0.703255
39  74  0.972191
40  73  0.97261
41  72  0.972587
42  71  0.972326
43  70  0.966349
46  55  0.95101
47  54  0.891346
48  53  0.675099
56  62  0.036717
56  64  0.948123
57  61  0.0298123
57  63  0.947387
58  62  0.586905
76  167  0.662646
76  311  0.0639739
77  166  0.700678
77  310  0.0677415
78  165  0.701508
78  309  0.0665306
79  164  0.699469
79  308  0.0604627
80  163  0.477361
81  162  0.413161
81  307  0.0251438
82  160  0.0237975
82  161  0.575692
82  306  0.0198443
83  159  0.387129
84  158  0.387381
84  160  0.0134674
85  157  0.382654
85  159  0.0118378
86  156  0.29986
86  157  0.0142409
87  156  0.0142313
88  142  0.98234
89  141  0.986546
90  140  0.989681
91  139  0.990383
92  138  0.987413
93  137  0.948715
94  136  0.621782
97  135  0.994063
98  134  0.998889
99  133  0.999352
100  132  0.9979
101  131  0.996047
102  130  0.996014
103  129  0.996404
104  128  0.996542
105  127  0.478906
106  126  0.453063
107  125  0.95172
112  124  0.928133
113  123  0.997056
114  122  0.997979
115  121  0.997959
116  120  0.618089
143  152  0.0124011
143  153  0.0382315
143  154  0.186236
144  151  0.0136534
144  152  0.0465318
144  153  0.228563
144  154  0.0536448
144  156  0.0100847
145  151  0.0441899
145  152  0.231373
145  153  0.0653546
145  154  0.104672
146  151  0.190465
146  152  0.0636376
146  153  0.126562
146  154  0.0277142
147  151  0.0323379
147  152  0.122031
147  153  0.0322843
148  168  0.0661082
149  161  0.0172555
149  167  0.0916046
150  160  0.0288825
150  166  0.0934144
151  165  0.0916468
153  168  0.0181096
154  161  0.144988
154  167  0.0256988
155  160  0.182798
155  166  0.0262889
156  165  0.0248007
165  308  0.0102879
166  307  0.0104466
169  306  0.194831
170  305  0.98856
171  304  0.989561
172  303  0.990814
173  302  0.991323
174  301  0.862973
175  301  0.111957
176  300  0.22267
177  298  0.985677
178  297  0.999599
179  296  0.998106
180  295  0.994267
181  294  0.958051
183  292  0.993761
184  291  0.999317
185  290  0.999043
186  289  0.999964
187  288  0.999948
188  287  0.999135
189  286  0.998247
190  271  0.705579
190  285  0.143022
191  270  0.746719
191  282  0.0216799
192  268  0.553719
192  269  0.373876
192  281  0.0139163
193  267  0.998742
194  266  0.997928
195  265  0.99888
196  264  0.999622
197  263  0.998105
198  262  0.997285
199  261  0.979593
200  260  0.842964
201  206  0.172316
201  207  0.327031
201  258  0.0334997
202  206  0.203716
202  258  0.293527
204  231  0.438481
205  230  0.440632
205  231  0.0122223
206  230  0.0123382
207  228  0.121451
208  227  0.453145
209  226  0.454854
210  225  0.455359
211  224  0.421583
211  257  0.533194
212  221  0.0652459
212  223  0.393715
212  256  0.535396
213  220  0.0775115
213  221  0.227637
213  255  0.535401
214  254  0.532959
215  220  0.0349426
215  222  0.0106712
215  253  0.524043
216  221  0.0102412
216  252  0.505242
217  251  0.47258
218  233  0.411511
219  232  0.418345
220  231  0.418539
220  249  0.109704
221  230  0.411306
221  248  0.109781
222  228  0.0102326
223  228  0.0576565
224  245  0.11095
225  244  0.111335
226  243  0.106552
227  241  0.0114771
228  241  0.0143735
229  239  0.101731
230  238  0.110866
231  237  0.10988
231  258  0.0107472
232  257  0.46296
233  256  0.463141
234  255  0.463034
235  254  0.449785
237  249  0.882589
238  248  0.884028
239  247  0.87845
240  246  0.858269
273  278  0.949443
273  282  0.0172376
275  282  0.0107063
