2  424  0.0612105
3  10  0.0121697
3  15  0.0700559
3  423  0.0984916
4  14  0.0820868
4  426  0.050328
4  432  0.0190777
4  478  0.0224892
5  13  0.0910209
5  425  0.0940967
5  431  0.0248962
5  477  0.0238272
6  12  0.0925952
6  398  0.405269
6  424  0.0966061
6  430  0.0253457
6  476  0.0243888
7  11  0.0352906
7  397  0.430474
7  429  0.0230261
8  348  0.0435297
8  396  0.437962
8  428  0.0146907
8  475  0.0267254
8  478  0.0130745
9  347  0.0435951
9  353  0.0542526
9  395  0.437659
9  427  0.0107914
9  474  0.0237508
9  479  0.0110721
10  346  0.042734
10  352  0.0585215
10  394  0.436546
10  424  0.0100033
10  473  0.0228565
10  477  0.173756
11  351  0.0530591
11  476  0.176872
12  34  0.270422
12  292  0.0188571
12  345  0.0322834
12  475  0.180583
13  33  0.270257
13  291  0.0188955
13  344  0.0321676
13  478  0.055891
14  31  0.150813
14  32  0.149869
14  290  0.0177343
14  343  0.0305464
14  352  0.0183515
14  474  0.174027
14  477  0.057367
15  30  0.285905
15  31  0.0305371
15  289  0.0176621
15  351  0.136564
15  392  0.0407697
15  473  0.177385
15  476  0.0613921
15  479  0.0111962
16  29  0.322086
16  288  0.0189218
16  350  0.168125
16  472  0.20938
16  475  0.088721
16  478  0.0187363
17  28  0.323119
17  287  0.0188811
17  349  0.168185
17  390  0.0482294
17  471  0.209334
17  474  0.0849826
17  477  0.0187767
18  74  0.0167981
18  348  0.164686
18  389  0.0483386
18  475  0.0103523
19  26  0.416235
19  73  0.0168572
19  340  0.0465909
19  350  0.0333655
19  388  0.0482659
19  434  0.285279
19  472  0.0265871
19  475  0.0173732
20  25  0.414171
20  72  0.0168513
20  339  0.0467619
20  346  0.0593527
20  349  0.0335066
20  387  0.0479188
20  433  0.289514
20  471  0.0264971
20  474  0.0169559
21  338  0.0469428
21  345  0.0582538
21  348  0.034112
21  432  0.31407
22  337  0.0469253
22  347  0.0280059
22  431  0.317629
23  336  0.0468439
23  343  0.040967
23  430  0.31797
24  335  0.0463019
24  342  0.0417844
24  429  0.315932
25  36  0.0338128
25  334  0.0435518
25  340  0.0568962
25  428  0.304353
25  434  0.0139673
26  35  0.0338729
26  339  0.0569478
26  346  0.0583861
26  385  0.0126528
26  427  0.303815
26  433  0.013959
27  34  0.0373927
27  42  0.0225816
27  338  0.0563113
27  345  0.167453
27  384  0.0113992
27  426  0.149328
27  432  0.0113284
28  33  0.0245875
28  41  0.0227795
28  300  0.0557971
28  344  0.167397
29  40  0.022925
29  299  0.0614511
29  336  0.0258256
29  343  0.166419
29  430  0.011162
30  39  0.0224018
30  298  0.0617138
30  335  0.0415008
30  342  0.153177
30  429  0.0127967
31  38  0.0197629
31  292  0.188442
31  297  0.060982
31  334  0.041719
31  382  0.0118586
31  428  0.0128615
32  291  0.188436
32  296  0.0611504
32  333  0.0406262
32  381  0.0142759
32  426  0.0319791
33  290  0.186857
33  332  0.0280267
33  353  0.0640375
33  380  0.0160422
33  425  0.0454042
34  289  0.18674
34  295  0.0956971
34  352  0.0676543
34  379  0.0159896
34  424  0.0465204
34  476  0.0100542
35  70  0.0236675
35  288  0.135148
35  294  0.104912
35  350  0.564731
35  475  0.0105568
36  287  0.130014
36  293  0.10489
36  349  0.565193
36  474  0.0104035
37  69  0.248386
37  292  0.0365908
37  348  0.557531
38  66  0.0137863
38  68  0.252143
38  347  0.548594
39  65  0.02672
39  67  0.248824
39  346  0.509409
40  64  0.0487676
40  426  0.0269335
41  65  0.01054
41  425  0.0326131
42  63  0.786776
42  424  0.0331476
43  62  0.995435
44  61  0.996462
45  60  0.996459
46  59  0.995622
47  58  0.995666
48  57  0.99663
49  56  0.952959
63  423  0.0896608
64  343  0.0112347
64  347  0.0101139
64  422  0.0902403
65  292  0.0117819
65  342  0.0110462
65  345  0.0898682
65  421  0.0906096
66  292  0.200726
66  344  0.0474992
66  345  0.207219
66  420  0.0905922
67  291  0.128286
67  344  0.197117
67  419  0.0893408
68  291  0.206277
68  418  0.070598
69  290  0.301471
69  415  0.0105966
70  289  0.293715
70  290  0.429513
70  413  0.0176512
71  289  0.446638
71  412  0.0178118
71  415  0.0117953
72  288  0.798273
72  411  0.0178126
72  414  0.0126851
73  287  0.777313
73  413  0.0125607
74  235  0.0455193
74  286  0.75803
74  287  0.0271393
75  234  0.0275584
75  286  0.0994379
75  408  0.0222994
76  233  0.0446
76  285  0.896561
76  407  0.023446
77  232  0.0697035
77  284  0.896639
77  406  0.0236329
78  231  0.0697992
78  283  0.896571
78  405  0.0236327
79  230  0.0717436
79  282  0.890359
79  404  0.0235942
80  229  0.0718375
80  281  0.872515
80  403  0.0231316
81  228  0.0330198
81  280  0.619823
81  402  0.0164107
82  279  0.550876
83  226  0.0719751
83  280  0.266718
83  365  0.0186698
84  225  0.0727234
84  277  0.0602534
84  279  0.343658
84  364  0.020905
85  99  0.0176018
85  224  0.0726973
85  278  0.682145
85  363  0.0210878
86  98  0.0172773
86  223  0.0727473
86  276  0.0124105
86  277  0.730419
86  362  0.0210881
87  222  0.0727222
87  276  0.726349
87  361  0.0210787
88  221  0.0703037
88  267  0.0103776
88  274  0.703502
88  360  0.0178109
89  105  0.0300724
89  116  0.0929269
89  220  0.0669141
89  266  0.0116055
89  273  0.704202
90  97  0.0186051
90  104  0.0300397
90  111  0.0136796
90  115  0.0975289
90  218  0.0653286
90  265  0.0115954
90  272  0.70305
91  96  0.0122746
91  103  0.024604
91  110  0.0148605
91  114  0.0976273
91  217  0.0647481
91  264  0.0110701
91  271  0.699436
92  109  0.0152867
92  113  0.0968973
92  216  0.0588429
92  270  0.688761
93  108  0.0155442
93  112  0.095379
93  269  0.654577
94  107  0.0153618
94  111  0.0845002
95  106  0.0136658
96  215  0.0645222
96  253  0.178851
96  255  0.0247091
96  263  0.102817
97  214  0.0728166
97  249  0.0842078
97  252  0.194512
97  254  0.0329058
97  262  0.109519
98  213  0.0730206
98  248  0.0882999
98  251  0.202215
98  253  0.0330787
98  261  0.107431
98  263  0.238063
99  212  0.0728629
99  247  0.0882048
99  250  0.20141
99  252  0.0330136
99  259  0.0314441
99  262  0.247459
100  258  0.0295964
101  255  0.0300561
102  225  0.222784
102  234  0.0700939
102  254  0.0342785
102  256  0.0263168
102  259  0.329117
102  357  0.0104638
103  224  0.224176
103  233  0.0706134
103  253  0.0339102
103  255  0.0266864
103  258  0.330068
103  356  0.0105127
104  223  0.224214
104  232  0.0706573
104  252  0.0327449
104  254  0.0263533
104  257  0.330475
105  222  0.223505
105  231  0.0703278
105  256  0.329702
106  221  0.16757
107  254  0.0523592
108  253  0.0493411
111  216  0.0209675
112  215  0.0201941
114  224  0.0709666
115  128  0.339753
115  142  0.284823
115  223  0.0731922
115  279  0.0126243
116  127  0.434937
116  141  0.286443
116  222  0.0732115
116  277  0.0878518
117  126  0.435323
117  140  0.286317
117  221  0.073155
117  276  0.154043
118  125  0.418512
118  139  0.2509
118  220  0.0433846
118  275  0.185779
119  124  0.359011
119  147  0.0152486
119  219  0.0340579
119  274  0.188283
120  137  0.110081
120  138  0.0616036
120  146  0.0198601
120  218  0.0531865
120  273  0.18921
121  145  0.0198618
121  272  0.188972
122  144  0.0192732
122  217  0.0475708
122  271  0.184568
123  136  0.258751
123  143  0.0169005
123  216  0.0476491
123  270  0.1543
124  135  0.292135
124  215  0.0477554
125  134  0.295724
125  214  0.0470676
125  267  0.17719
126  133  0.296415
126  139  0.0144777
126  213  0.0445895
126  266  0.179974
127  132  0.275812
127  138  0.0157752
127  265  0.168018
128  137  0.0154657
128  251  0.159047
128  255  0.0768015
128  263  0.0151693
129  250  0.161737
129  254  0.130222
129  262  0.0151105
130  142  0.0124184
130  249  0.162357
130  252  0.352967
130  259  0.0344053
131  248  0.160542
131  251  0.413725
131  258  0.0364197
132  141  0.0412892
132  247  0.157568
132  250  0.413758
132  257  0.0381179
133  140  0.0421778
133  249  0.413463
133  256  0.0381351
134  139  0.0277809
134  255  0.0380732
135  225  0.493145
135  254  0.0379217
136  224  0.567169
136  253  0.0370282
137  223  0.574363
137  252  0.0367607
138  222  0.574442
138  250  0.0356148
139  221  0.560553
139  249  0.0353654
140  220  0.488695
140  248  0.0343171
141  218  0.0311104
142  150  0.0130471
142  218  0.457493
142  246  0.0171709
143  149  0.0110535
143  245  0.0157109
144  215  0.029745
145  214  0.0282131
145  226  0.020022
146  214  0.170411
146  225  0.0211015
147  215  0.0291218
147  224  0.0181995
148  215  0.0547444
149  214  0.0597696
150  212  0.781473
150  221  0.0148407
151  211  0.984344
152  210  0.986266
153  209  0.988651
154  208  0.989067
155  207  0.989563
156  206  0.989362
157  205  0.989641
158  204  0.989599
159  203  0.988866
160  202  0.503533
161  202  0.481475
162  201  0.963109
163  199  0.0213306
163  200  0.963117
164  198  0.0224598
164  199  0.961558
165  185  0.0180612
166  184  0.0231057
166  196  0.0103879
166  197  0.105848
167  183  0.0230466
167  193  0.886939
167  196  0.0775628
168  182  0.0175595
168  192  0.941133
169  191  0.943812
170  189  0.886742
171  188  0.875096
171  191  0.0103915
174  185  0.0293384
176  182  0.0103635
212  220  0.0593299
213  219  0.0676589
214  218  0.0428501
222  243  0.0146175
223  242  0.0147897
224  241  0.01483
225  230  0.0102752
228  237  0.0175715
228  248  0.494697
229  236  0.0177758
229  247  0.02177
230  235  0.0175306
230  247  0.577272
231  246  0.824224
232  245  0.826018
233  244  0.828851
234  243  0.829908
235  242  0.793703
235  246  0.0831456
236  245  0.0840603
237  244  0.0844688
238  243  0.0823159
241  285  0.0430588
242  284  0.0430834
243  283  0.043036
244  281  0.0176217
244  282  0.0241045
245  280  0.0351992
246  279  0.0352295
247  278  0.0333093
248  277  0.0329336
250  266  0.0443038
252  265  0.119726
253  264  0.146111
253  269  0.0132728
254  263  0.100406
255  262  0.136393
255  267  0.175999
256  261  0.293547
256  266  0.242349
257  265  0.242256
258  264  0.217256
259  263  0.12622
263  279  0.0149885
264  278  0.0366179
265  277  0.0387782
266  276  0.0468241
267  275  0.0455092
268  273  0.0293894
284  350  0.0255253
285  349  0.0258784
286  348  0.0258596
288  346  0.0270739
289  345  0.0287487
290  344  0.0282679
291  343  0.0257532
291  416  0.0410176
292  415  0.0439775
293  340  0.847267
293  414  0.0355254
294  339  0.847999
294  413  0.0354876
295  338  0.879046
296  337  0.861963
297  336  0.827159
297  337  0.016631
298  336  0.031914
299  335  0.0460018
301  333  0.0258428
301  334  0.729753
302  333  0.729022
303  331  0.975565
304  330  0.999319
305  329  0.999314
306  328  0.999862
307  327  0.997524
308  326  0.885189
310  324  0.884406
311  323  0.996296
312  322  0.998897
313  321  0.987741
314  319  0.648753
339  411  0.0244294
341  409  0.037573
342  408  0.0437694
343  407  0.0444563
344  406  0.0444892
345  405  0.0445837
346  404  0.0444262
347  403  0.0423312
348  400  0.0185419
349  414  0.0113017
349  428  0.0364085
350  398  0.0196407
350  400  0.0136936
350  413  0.0112978
350  427  0.0366387
351  397  0.0174146
351  426  0.0381711
352  375  0.499757
353  374  0.510048
354  373  0.510232
355  372  0.513271
355  423  0.445395
356  371  0.514769
356  422  0.446347
357  370  0.515041
357  421  0.447065
358  369  0.513674
358  420  0.447053
359  419  0.445491
360  418  0.427139
361  366  0.511037
361  407  0.0108162
362  414  0.12334
363  405  0.0445241
363  413  0.123555
363  415  0.252132
364  404  0.0824107
364  411  0.0624484
364  414  0.216762
365  403  0.0811263
365  409  0.0180271
365  410  0.0579408
366  413  0.0488054
367  407  0.187717
368  400  0.185631
368  406  0.197626
369  399  0.196501
369  405  0.195632
369  406  0.0805225
370  398  0.196569
370  405  0.0824483
371  397  0.192942
371  403  0.0432683
372  395  0.13114
372  402  0.0308532
373  394  0.130711
373  395  0.0296625
373  401  0.0170054
373  402  0.24298
374  394  0.0277468
374  401  0.265234
375  394  0.0102279
375  400  0.27998
376  391  0.632262
376  399  0.281092
377  385  0.0115762
377  390  0.642021
377  398  0.281134
378  384  0.0126264
378  389  0.648238
378  397  0.276597
379  388  0.63969
379  396  0.275741
380  393  0.0182811
381  386  0.0266839
381  387  0.0311863
381  392  0.020494
381  394  0.0318135
381  395  0.134608
382  391  0.0203552
382  394  0.132553
383  393  0.110796
384  390  0.142049
384  391  0.0861285
384  405  0.0101857
385  389  0.0887506
385  404  0.0107393
386  403  0.0106546
388  399  0.0124064
389  398  0.0126296
390  397  0.0140302
391  396  0.0137781
397  422  0.0100195
398  421  0.0264688
399  420  0.0270527
399  421  0.419349
400  411  0.0122513
400  419  0.0269699
400  420  0.421699
401  410  0.0148703
401  418  0.0257055
401  419  0.420385
402  409  0.0147171
402  418  0.41906
403  408  0.0108531
403  416  0.239956
403  417  0.228503
404  415  0.432869
405  411  0.0289895
405  414  0.427085
406  410  0.0110992
406  411  0.0239795
406  414  0.0926829
407  412  0.192685
407  413  0.085888
409  417  0.0171801
410  416  0.0194053
411  415  0.0167601
426  476  0.0140371
426  479  0.436386
427  475  0.0332884
427  478  0.549287
428  474  0.0333069
428  477  0.553484
429  473  0.0328005
429  476  0.552459
430  472  0.0315419
430  475  0.544288
432  473  0.471884
433  472  0.631595
434  469  0.0334692
434  471  0.631784
436  468  0.974477
437  467  0.99486
438  466  0.998486
439  465  0.992264
440  464  0.987743
442  463  0.995454
443  462  0.999199
444  461  0.999077
445  460  0.999361
446  459  0.97895
448  457  0.979406
449  456  0.999847
450  455  0.989367
