1  606  0.0295632
2  7  0.0168084
2  506  0.0190544
2  602  0.0824275
2  605  0.0336646
3  402  0.0548368
3  505  0.0229541
3  601  0.0979905
3  604  0.0366241
4  401  0.0574121
4  402  0.127722
4  504  0.0216829
4  600  0.0926933
5  400  0.0496505
5  401  0.134487
5  402  0.0657965
6  400  0.120374
6  401  0.0702662
6  402  0.0350453
7  400  0.0642905
7  401  0.0374637
8  400  0.0336955
10  177  0.0540321
10  396  0.74663
11  176  0.0815834
11  395  0.820846
12  175  0.0915496
12  394  0.831185
13  174  0.11014
13  211  0.0103211
13  393  0.847004
14  173  0.110105
14  210  0.0103235
14  392  0.847065
15  172  0.109977
15  209  0.0103202
15  391  0.847651
16  390  0.827193
17  170  0.011777
17  388  0.295593
17  389  0.467325
18  387  0.590973
19  168  0.103177
20  163  0.852644
20  167  0.111259
21  162  0.859253
21  166  0.111321
22  161  0.858136
22  165  0.105915
23  160  0.8579
24  159  0.36337
24  161  0.104554
25  158  0.359463
25  160  0.115084
26  157  0.851818
26  159  0.115307
27  158  0.112265
28  82  0.0122817
28  157  0.107907
29  81  0.0130268
29  83  0.010624
29  156  0.087074
31  81  0.0163172
32  82  0.0995124
32  84  0.0292611
33  81  0.106466
34  77  0.0139019
34  82  0.487855
35  76  0.0147325
35  81  0.522699
36  80  0.395516
38  47  0.373177
38  51  0.376894
38  75  0.216215
39  46  0.372842
39  50  0.377231
39  74  0.216349
40  45  0.311359
40  49  0.372719
40  73  0.215148
41  48  0.320491
41  72  0.214981
43  71  0.215547
44  70  0.0667276
46  54  0.0115034
46  68  0.215609
47  53  0.0114165
47  67  0.215603
48  66  0.172511
49  80  0.0584673
50  79  0.080876
51  64  0.215427
51  81  0.139487
52  63  0.216127
52  78  0.0165663
52  80  0.15474
53  62  0.216311
53  79  0.149642
54  61  0.213717
54  76  0.7083
55  75  0.769102
56  74  0.768325
57  73  0.765188
58  72  0.768763
59  71  0.769866
60  69  0.77058
61  68  0.770533
62  67  0.762696
86  150  0.0186049
86  155  0.959782
86  158  0.0115563
87  149  0.0186746
87  154  0.960366
87  157  0.011981
88  148  0.0186805
88  153  0.96035
88  156  0.0130596
89  147  0.018315
89  152  0.960101
89  155  0.0131079
90  146  0.0176234
90  151  0.959666
90  154  0.0131048
91  149  0.907306
91  153  0.0130734
92  113  0.0222395
92  148  0.90438
92  149  0.0153242
93  112  0.0326262
93  147  0.883226
94  102  0.0104983
94  111  0.0326309
94  147  0.0206033
95  101  0.0100727
95  110  0.028235
95  144  0.100226
96  143  0.100343
96  145  0.786216
97  144  0.791135
99  109  0.0220584
100  108  0.0247137
100  141  0.940524
101  107  0.0183299
101  140  0.940802
102  139  0.94104
103  138  0.924188
104  120  0.020149
104  123  0.0114253
104  137  0.892713
104  150  0.0166147
105  119  0.0208394
105  149  0.016685
106  121  0.629754
107  116  0.0678459
107  120  0.864751
107  147  0.0192663
108  115  0.0676526
108  119  0.864263
108  146  0.0192784
109  118  0.782555
109  145  0.018845
114  142  0.0200534
114  151  0.0123004
115  141  0.022256
115  150  0.0293669
116  149  0.0293725
117  139  0.0252745
117  148  0.0293218
118  138  0.0255827
119  137  0.0254131
119  147  0.0273498
120  146  0.0273381
121  145  0.0239441
122  136  0.673025
122  140  0.0110043
123  135  0.743515
123  139  0.0115238
124  134  0.744828
124  138  0.010607
125  133  0.736122
125  135  0.237141
126  134  0.240763
127  133  0.237444
166  375  0.0720767
166  381  0.256774
166  385  0.0420989
167  375  0.19691
167  380  0.235666
167  385  0.060302
168  374  0.187441
168  379  0.188243
168  384  0.0505783
168  388  0.0598351
169  372  0.181637
169  387  0.0641233
170  378  0.012624
171  346  0.859515
172  345  0.860433
173  344  0.860453
174  343  0.860409
175  342  0.858187
175  601  0.0104769
176  341  0.858664
176  597  0.0101679
176  600  0.0104794
177  340  0.858004
177  596  0.0168995
177  599  0.0106135
178  339  0.854483
178  592  0.0787912
178  595  0.018388
178  598  0.0104142
179  287  0.0151845
179  591  0.080638
179  594  0.0176685
180  198  0.0172478
180  202  0.0500905
180  207  0.0804661
180  286  0.0193336
180  337  0.0256852
180  590  0.0855602
180  593  0.0137424
181  195  0.29401
181  197  0.0119808
181  201  0.064577
181  205  0.205093
181  206  0.041152
181  285  0.01429
181  336  0.0245439
181  589  0.0818515
182  194  0.381915
182  200  0.0624938
182  204  0.284367
182  208  0.0163936
182  574  0.0889649
182  588  0.0315508
183  193  0.381496
183  194  0.0194324
183  199  0.0638202
183  203  0.175952
183  207  0.0181507
183  208  0.0258922
183  318  0.014325
183  573  0.120243
184  192  0.166625
184  193  0.0194634
184  198  0.0701754
184  202  0.176855
184  207  0.0279024
184  317  0.0144906
184  572  0.120937
185  191  0.111817
185  197  0.0658973
185  201  0.284373
185  205  0.036995
185  206  0.0147616
185  316  0.0144264
185  571  0.121018
186  190  0.260477
186  193  0.014865
186  200  0.280186
186  204  0.0519002
186  315  0.0141617
186  570  0.120932
187  192  0.0101018
187  199  0.261408
187  203  0.0509347
187  569  0.119004
188  202  0.0447606
188  568  0.0933958
190  313  0.0138059
191  198  0.130124
191  211  0.0103547
191  249  0.100563
191  312  0.0141177
192  197  0.0809991
192  248  0.100404
192  311  0.0141605
193  210  0.013489
193  247  0.0960784
193  310  0.0139754
194  209  0.0153263
195  208  0.0128164
195  244  0.0201762
196  243  0.0246345
197  242  0.0250302
198  241  0.0250195
198  289  0.0194456
199  240  0.0212861
199  288  0.0214738
200  214  0.0108892
200  287  0.0225442
201  213  0.0117521
202  212  0.0116254
202  285  0.0396034
203  210  0.0125651
203  284  0.0902846
204  209  0.0143171
204  216  0.0105389
204  283  0.0984436
205  282  0.0984188
206  281  0.0984244
207  233  0.0130404
207  280  0.0982214
208  219  0.0165167
208  232  0.0130804
209  218  0.0239416
209  278  0.0354862
209  338  0.660918
210  277  0.0928746
210  337  0.745809
211  216  0.011338
211  229  0.0137906
211  276  0.0931178
211  336  0.746149
212  228  0.0136646
212  335  0.740896
213  227  0.0124386
213  334  0.723865
214  333  0.636185
216  245  0.178305
216  332  0.0323677
217  244  0.173722
217  331  0.0313127
218  247  0.179939
218  330  0.0308217
219  246  0.174601
220  247  0.0163014
221  243  0.72309
221  244  0.0115304
221  246  0.0123162
222  242  0.877398
223  241  0.907247
224  240  0.907073
226  237  0.550212
226  238  0.277508
227  236  0.705633
227  237  0.165675
228  235  0.817275
229  234  0.787887
229  238  0.0306908
229  245  0.0522081
230  237  0.0287879
230  244  0.0519977
231  236  0.0218675
231  243  0.0515705
232  242  0.05132
234  240  0.0519867
235  239  0.0198088
247  332  0.479824
248  262  0.0963236
248  331  0.674902
249  261  0.103599
249  330  0.71251
250  260  0.104726
250  329  0.738997
250  567  0.124712
251  259  0.105196
251  328  0.738504
251  566  0.13014
252  258  0.0853844
252  327  0.709626
252  565  0.1301
253  564  0.129189
254  563  0.124074
255  324  0.0377063
255  562  0.103709
256  321  0.0509532
257  320  0.0540942
258  321  0.572547
259  295  0.0183132
259  319  0.0744681
259  320  0.607325
260  276  0.0421484
260  294  0.0185733
260  319  0.6062
261  275  0.10422
261  293  0.0191651
261  317  0.413261
261  318  0.308262
262  292  0.0191402
262  316  0.712035
263  274  0.21102
263  291  0.018955
263  315  0.712544
264  273  0.213147
264  290  0.0189574
264  314  0.712104
265  272  0.195523
265  289  0.018329
265  313  0.707134
266  271  0.128579
266  288  0.0136887
266  311  0.671676
267  285  0.0124421
267  310  0.673578
268  284  0.0125831
268  309  0.596813
270  283  0.069412
270  307  0.0537836
271  282  0.0788415
272  281  0.0805601
272  305  0.0167855
273  280  0.076617
274  303  0.0448622
275  302  0.0449944
276  286  0.647412
277  285  0.646618
277  560  0.0976803
278  284  0.639112
278  559  0.123044
279  283  0.548007
279  558  0.125097
280  557  0.124948
281  556  0.124241
282  555  0.114917
283  554  0.0860741
284  338  0.0124825
285  337  0.0249933
285  554  0.0391705
286  306  0.025355
286  336  0.0250313
286  553  0.047104
287  305  0.0138409
287  335  0.0226403
287  552  0.0381295
288  305  0.572411
288  338  0.0404012
289  296  0.0856798
289  304  0.668234
289  337  0.0474156
290  295  0.0857505
290  303  0.668354
290  336  0.0474729
290  550  0.11917
291  302  0.666564
291  549  0.119398
292  301  0.638973
292  331  0.0766919
292  548  0.119664
293  330  0.0814667
293  547  0.119814
294  299  0.642927
294  300  0.0238849
294  329  0.0828611
294  546  0.119596
295  299  0.0147954
295  328  0.0828687
295  545  0.119794
296  327  0.0826678
296  544  0.119557
298  321  0.0895706
299  320  0.0953963
300  319  0.0952647
300  512  0.104044
301  316  0.122636
301  511  0.106456
302  315  0.148871
302  510  0.107132
303  314  0.148958
303  508  0.112103
304  313  0.148689
304  507  0.112124
305  506  0.112032
306  505  0.111969
307  504  0.10205
308  401  0.0185322
309  400  0.0331521
310  399  0.0385954
312  322  0.0699382
313  321  0.0810395
313  393  0.0160773
314  320  0.0813957
314  392  0.016082
315  319  0.0504186
315  391  0.0160769
316  390  0.012055
318  330  0.0173535
319  326  0.0231968
319  329  0.0464773
320  326  0.0132601
320  328  0.0464566
320  399  0.0123933
321  327  0.0377051
321  398  0.0122174
323  396  0.0139449
324  395  0.0156519
326  394  0.0966191
327  393  0.109903
328  392  0.109913
329  391  0.109902
330  375  0.0104294
330  390  0.106097
331  374  0.0103625
331  389  0.10537
332  388  0.101748
333  387  0.0952964
335  371  0.0683971
335  386  0.0128884
336  370  0.0797503
336  385  0.0127972
337  369  0.0797594
338  368  0.0796056
338  382  0.0284818
339  367  0.0789145
339  381  0.0314942
340  378  0.0119741
340  380  0.0297529
341  350  0.0567393
341  377  0.0180119
341  379  0.0229084
342  349  0.0748666
342  374  0.0108788
342  376  0.026206
343  348  0.0788416
343  373  0.0127834
343  375  0.0277027
344  372  0.0127662
346  372  0.0233092
347  370  0.905694
348  369  0.905264
351  366  0.994796
352  365  0.99785
353  364  0.9977
354  363  0.998241
355  362  0.995234
356  361  0.95153
372  381  0.0220967
372  385  0.0374712
373  384  0.0313011
380  388  0.0227576
381  387  0.0242185
394  520  0.0176597
395  519  0.0178742
396  506  0.011665
396  518  0.0180305
397  505  0.0163523
397  517  0.0182138
398  504  0.0147245
398  516  0.0182444
398  606  0.0193951
398  610  0.177799
399  515  0.0182458
399  605  0.0206872
399  609  0.190239
400  514  0.0150616
400  608  0.17559
401  503  0.125484
401  607  0.138672
402  502  0.154658
403  501  0.982483
404  500  0.984994
405  499  0.985861
406  498  0.985857
407  497  0.985146
408  496  0.984347
410  492  0.966915
411  491  0.969941
412  490  0.970991
413  489  0.970775
414  433  0.0954534
414  444  0.0130496
414  488  0.776307
415  432  0.0950991
415  443  0.0129816
416  442  0.0105241
418  429  0.997165
419  428  0.997812
420  427  0.997654
421  426  0.985347
433  441  0.0284026
433  485  0.194201
434  440  0.0287425
434  445  0.0697576
434  484  0.199537
435  439  0.0227204
435  444  0.0998334
435  483  0.171066
436  443  0.0928038
436  482  0.134989
436  483  0.102915
437  442  0.0674032
437  481  0.0879323
437  482  0.144998
438  481  0.182101
438  486  0.3871
438  488  0.091261
439  480  0.215934
439  485  0.387125
439  487  0.0916039
441  453  0.0209468
441  460  0.384219
441  486  0.0242423
442  452  0.0201761
442  458  0.012786
442  459  0.287879
442  485  0.0235789
443  451  0.0174095
443  457  0.0331625
443  458  0.140499
443  459  0.174272
443  484  0.0155475
443  493  0.0108465
444  456  0.0624113
444  457  0.0525687
444  458  0.275812
444  492  0.0118594
445  455  0.073883
445  491  0.0128799
446  454  0.0707093
446  457  0.646005
446  490  0.0129443
447  454  0.0276984
447  456  0.659558
447  489  0.0128962
448  455  0.635082
449  454  0.48076
453  487  0.181642
454  486  0.2242
455  485  0.19729
457  483  0.107545
458  482  0.40905
459  481  0.437961
460  480  0.450566
462  479  0.878728
463  478  0.98971
464  477  0.989613
465  476  0.989597
466  475  0.990474
467  474  0.849632
469  473  0.0105022
502  601  0.804697
503  600  0.805639
504  599  0.810064
505  598  0.810273
506  597  0.355154
507  513  0.0117795
507  554  0.0151987
507  557  0.413211
508  549  0.034898
508  553  0.0150352
508  556  0.413345
508  558  0.336671
509  548  0.0413728
509  554  0.41602
509  557  0.359848
510  547  0.0420265
510  553  0.415892
510  556  0.359619
511  546  0.0422741
511  552  0.169037
512  545  0.0423443
512  554  0.129456
513  525  0.782187
513  544  0.037239
513  553  0.124746
514  524  0.879243
514  552  0.0256474
515  523  0.899635
516  522  0.804206
517  521  0.402565
519  526  0.0500155
520  525  0.0521766
528  552  0.525632
529  544  0.0104044
529  551  0.773933
530  543  0.199568
530  550  0.792834
531  542  0.201228
531  549  0.793007
532  541  0.201216
532  547  0.793613
533  540  0.187254
533  546  0.793201
534  545  0.793684
535  544  0.788853
544  557  0.0203281
545  556  0.0203829
546  555  0.0212555
547  554  0.0217284
548  553  0.0170696
558  601  0.0316533
559  600  0.0300945
561  597  0.426503
562  596  0.752092
563  595  0.796599
564  594  0.815669
565  593  0.819915
566  592  0.820312
567  591  0.817203
568  589  0.0105449
569  589  0.103104
569  596  0.015717
570  595  0.0171075
571  587  0.076693
571  593  0.0347358
572  586  0.0489412
572  592  0.0359422
573  591  0.035833
575  586  0.897618
576  585  0.99628
577  584  0.996562
578  583  0.996449
603  610  0.605764
604  609  0.652419
