1  476  0.266407
2  475  0.583627
3  474  0.834972
5  473  0.964389
6  472  0.985497
7  471  0.985596
8  470  0.985185
9  117  0.714049
10  116  0.882586
11  115  0.95044
12  114  0.96968
13  113  0.975369
14  112  0.975345
15  110  0.97402
16  109  0.973948
17  108  0.973782
18  27  0.0285463
18  37  0.0471242
18  106  0.0186747
18  107  0.884394
19  26  0.0288857
19  36  0.136003
19  105  0.676821
19  106  0.0882586
20  25  0.0236934
20  35  0.124962
20  104  0.67205
21  34  0.126435
21  103  0.613753
21  104  0.0136927
22  33  0.140128
22  101  0.0101864
23  32  0.140369
24  31  0.136808
24  95  0.0472738
24  99  0.0364475
25  30  0.0948572
25  98  0.0375476
26  35  0.0242443
26  93  0.554532
26  103  0.0181195
27  34  0.0245394
27  92  0.691442
27  102  0.0185825
28  33  0.0161258
28  91  0.69913
29  90  0.699721
30  89  0.700524
31  88  0.695179
32  74  0.675363
33  73  0.769114
34  72  0.790398
35  71  0.794056
36  70  0.792961
37  69  0.788741
37  103  0.128559
38  63  0.0319706
38  65  0.30412
38  102  0.14014
38  103  0.0100879
39  62  0.031456
39  64  0.302844
39  66  0.0111114
39  101  0.0700798
40  61  0.0272472
40  62  0.0120242
40  101  0.0964234
41  61  0.0128412
41  62  0.0513114
41  64  0.322756
41  66  0.03365
41  100  0.168131
42  63  0.326547
42  65  0.0347146
42  99  0.168106
43  60  0.772109
43  97  0.0330731
43  98  0.0933543
43  447  0.0117651
44  59  0.788859
44  66  0.0526209
44  96  0.034171
44  97  0.0895333
44  446  0.0121073
45  58  0.789966
45  95  0.0967396
45  445  0.0120946
46  57  0.790419
46  64  0.0368204
46  94  0.095272
46  444  0.0121397
47  56  0.78553
47  63  0.091021
47  93  0.0938979
47  442  0.0203313
48  61  0.0425449
48  62  0.11045
48  441  0.0205782
49  60  0.0600368
49  61  0.112407
49  440  0.0206221
50  59  0.0599554
50  60  0.113534
50  439  0.0206805
51  59  0.109279
51  438  0.0206805
52  437  0.020611
53  436  0.0201219
54  435  0.0184071
55  434  0.0137499
56  113  0.020207
57  112  0.0202407
58  111  0.0202326
59  110  0.0201629
60  109  0.0200883
61  108  0.0127056
63  96  0.0191268
63  107  0.0139772
64  89  0.073123
64  95  0.0253354
65  88  0.0939946
65  94  0.0301297
65  105  0.0203402
66  87  0.0939728
66  93  0.0293923
66  104  0.0202141
67  86  0.0937513
68  85  0.0936982
69  101  0.020318
70  83  0.0937188
70  88  0.0395694
70  94  0.0350986
70  100  0.0205226
71  82  0.0936589
71  87  0.0395282
71  93  0.0352311
71  99  0.02049
72  81  0.0888131
72  92  0.0351611
73  85  0.0230719
73  91  0.0347603
74  84  0.0240701
74  90  0.0308473
75  83  0.0135556
75  86  0.0562942
75  101  0.0731629
76  83  0.70587
76  85  0.0742319
76  88  0.0120437
76  100  0.0850222
77  82  0.719961
77  84  0.0785491
77  87  0.0120251
77  99  0.0851002
78  83  0.0784665
78  86  0.0112437
78  98  0.0849344
79  97  0.0850743
80  96  0.0841872
82  94  0.0746451
83  93  0.068216
84  91  0.0119489
84  97  0.010978
85  90  0.0104793
86  95  0.034814
87  94  0.0386997
88  93  0.0376531
92  101  0.011905
93  100  0.144864
94  99  0.155896
94  102  0.178369
95  101  0.14574
96  103  0.0278199
96  104  0.0468893
97  102  0.095013
97  103  0.0537299
98  102  0.0206546
119  468  0.0102036
120  430  0.0118851
120  467  0.0147322
121  429  0.0123491
122  428  0.0122013
122  466  0.975746
123  427  0.0121651
123  465  0.976127
124  464  0.97619
125  463  0.975625
126  462  0.974215
127  461  0.971378
128  459  0.0118965
129  447  0.927608
129  450  0.026875
130  422  0.0190041
130  446  0.930363
130  449  0.0268179
131  421  0.0225924
131  445  0.930046
132  420  0.0226529
133  419  0.0226085
135  167  0.0153891
135  447  0.0368112
136  164  0.908421
136  166  0.0152197
136  416  0.0202456
136  446  0.0368193
137  163  0.910941
137  165  0.0152489
137  180  0.0209816
137  445  0.0368055
138  162  0.821462
138  179  0.0222304
138  444  0.0173996
139  161  0.827518
139  164  0.044851
139  178  0.0227768
140  160  0.913074
140  163  0.052018
140  177  0.0227704
141  159  0.911867
141  162  0.0445513
142  158  0.903552
143  157  0.901496
144  155  0.449731
144  156  0.458349
144  161  0.072139
145  154  0.892925
145  160  0.0859996
146  153  0.836931
146  159  0.0861218
147  152  0.634134
147  158  0.0862713
148  157  0.0863077
149  156  0.0636961
163  176  0.0288797
164  175  0.0289053
165  174  0.0296101
165  444  0.910124
166  173  0.0297151
166  443  0.911786
167  172  0.0297375
167  442  0.905508
168  439  0.945075
168  441  0.0190244
169  438  0.968554
170  437  0.969214
171  436  0.964222
172  435  0.966221
173  434  0.966928
174  433  0.951193
176  429  0.966633
177  428  0.969081
178  427  0.970048
179  426  0.969416
180  425  0.969514
181  412  0.032658
181  424  0.958072
182  408  0.0129626
182  411  0.212093
182  423  0.72311
183  407  0.0457237
183  410  0.637173
184  406  0.0486097
184  409  0.700223
185  405  0.0484448
185  408  0.94145
186  404  0.0332843
186  407  0.945402
187  406  0.946022
188  405  0.843431
189  208  0.0142125
189  404  0.804231
190  206  0.970711
191  205  0.995534
192  204  0.995126
193  203  0.995548
194  202  0.986129
195  201  0.897848
196  201  0.0191617
208  405  0.0985236
209  404  0.141133
210  402  0.778241
210  403  0.102367
211  401  0.883241
211  402  0.0620332
212  400  0.556135
212  401  0.0177135
213  399  0.137829
214  398  0.547123
215  397  0.996185
216  396  0.99706
217  395  0.996762
218  394  0.996299
219  393  0.991976
221  389  0.993348
222  388  0.99635
223  387  0.97457
225  385  0.914171
226  384  0.997022
227  383  0.997179
228  382  0.997166
229  381  0.99571
230  380  0.988862
231  379  0.987806
232  373  0.0110841
232  378  0.977061
233  372  0.015738
234  371  0.0161174
234  376  0.227905
234  377  0.725022
235  370  0.0150275
235  375  0.22108
235  376  0.72699
236  375  0.724539
238  370  0.92926
239  369  0.940884
239  372  0.0314165
240  368  0.940663
240  371  0.0311867
241  367  0.93891
242  254  0.0440422
242  365  0.017456
242  366  0.877013
243  253  0.0482022
243  364  0.0318355
244  252  0.0481313
244  253  0.0110099
244  364  0.828295
245  251  0.0328951
245  252  0.0112504
246  250  0.012548
246  251  0.0260554
246  362  0.922983
247  361  0.925014
248  360  0.918634
249  359  0.842392
250  320  0.0784185
250  322  0.0179324
250  356  0.0112926
250  358  0.55117
251  319  0.0781421
251  320  0.853105
252  318  0.0772651
252  319  0.856555
253  317  0.0452381
253  318  0.856866
254  316  0.0259953
254  317  0.710222
255  316  0.336111
256  317  0.159217
257  316  0.530079
258  315  0.840096
259  314  0.935447
260  313  0.929393
261  312  0.929841
263  311  0.935839
264  310  0.935876
265  309  0.921899
266  276  0.248121
266  308  0.680455
266  363  0.0497399
267  275  0.257715
267  307  0.676428
267  362  0.0526856
268  274  0.556231
268  280  0.219725
268  361  0.0527121
269  273  0.211835
269  279  0.182921
269  360  0.0525661
270  359  0.0513542
271  294  0.01793
271  358  0.0443527
272  293  0.0221636
272  357  0.0264465
273  292  0.0232241
274  282  0.035246
274  291  0.0233103
274  355  0.0261846
274  357  0.0184889
275  280  0.0768569
275  290  0.0233854
275  356  0.0207781
276  288  0.0110014
276  289  0.0124699
276  355  0.0201605
277  287  0.0243907
277  308  0.154515
278  286  0.0255172
278  307  0.19184
279  285  0.0205723
279  306  0.182144
282  304  0.256534
283  302  0.905151
284  301  0.906639
285  300  0.907271
286  299  0.90917
286  322  0.050183
287  298  0.659855
287  321  0.0504013
288  320  0.0505474
289  296  0.904723
289  319  0.0505482
290  295  0.866142
291  318  0.0505532
292  317  0.0505128
293  316  0.0504299
294  315  0.0505089
295  314  0.0505526
296  313  0.0505123
298  311  0.0467149
299  310  0.0464941
302  307  0.0337213
321  358  0.0147713
322  355  0.798769
322  357  0.0220397
323  354  0.966312
323  356  0.0221615
324  353  0.96659
324  355  0.0220183
325  352  0.967691
325  354  0.0212837
326  351  0.965775
326  353  0.0201486
327  350  0.920053
329  348  0.984169
330  347  0.987914
331  346  0.987958
332  345  0.982636
334  343  0.988395
335  342  0.988362
336  341  0.86516
409  422  0.293128
410  421  0.327181
411  420  0.438832
412  418  0.0122146
412  419  0.451247
413  418  0.328228
413  419  0.102377
414  418  0.0985005
414  421  0.0150123
415  421  0.0145022
416  421  0.0988326
417  423  0.0176527
418  422  0.0308963
448  455  0.0207742
449  454  0.022362
451  458  0.892107
452  457  0.960451
475  682  0.253467
476  632  0.253418
476  681  0.371047
477  631  0.45991
477  680  0.502586
478  630  0.459985
478  679  0.502151
479  629  0.411165
479  642  0.0104193
481  636  0.0411756
481  640  0.460669
482  635  0.0414632
482  639  0.468623
483  590  0.456916
483  638  0.469636
484  589  0.458753
484  633  0.0419374
484  637  0.470735
485  588  0.462153
485  632  0.0422252
485  636  0.162602
486  587  0.465049
486  631  0.0420732
486  635  0.162401
487  586  0.46471
487  630  0.0420486
487  634  0.468826
489  584  0.477746
489  591  0.0223014
490  583  0.477885
490  590  0.0228432
491  524  0.427188
491  582  0.473915
492  523  0.482823
492  581  0.425316
493  522  0.493878
494  521  0.498404
494  578  0.422765
495  520  0.501739
495  577  0.435603
496  519  0.501743
496  575  0.471567
497  517  0.503855
497  574  0.471929
498  516  0.503864
498  573  0.471337
499  515  0.49932
500  514  0.463525
500  571  0.013759
501  570  0.0147253
502  511  0.462029
503  510  0.496437
503  543  0.43696
504  509  0.456721
504  542  0.437044
505  541  0.453426
506  540  0.449029
507  539  0.378703
510  538  0.464396
511  537  0.484253
512  536  0.486207
513  535  0.487734
514  534  0.488401
515  533  0.484141
517  529  0.401558
517  531  0.0130074
518  527  0.286455
518  528  0.201808
519  526  0.487563
520  525  0.474215
526  587  0.501253
527  586  0.503323
528  585  0.503526
529  584  0.502889
531  582  0.104828
531  583  0.0158545
532  581  0.489829
532  582  0.0121136
533  580  0.492075
534  579  0.487681
535  578  0.418236
537  578  0.0422947
538  556  0.0414739
538  575  0.106145
538  577  0.0775515
539  555  0.0415509
541  553  0.0685556
541  573  0.166531
542  552  0.0701644
542  572  0.200052
542  574  0.285459
543  551  0.0701589
543  571  0.200001
543  573  0.286543
544  550  0.0682553
544  572  0.580865
546  571  0.164351
548  569  0.901092
549  568  0.922604
550  567  0.922921
551  566  0.922722
552  565  0.909134
555  564  0.654593
556  563  0.860096
556  573  0.0132079
557  562  0.754857
557  572  0.0490329
558  571  0.0386589
560  569  0.0495422
561  568  0.0503412
562  567  0.0489781
589  631  0.485852
590  630  0.486262
591  628  0.953949
592  627  0.990684
593  626  0.996082
594  625  0.998062
595  624  0.999455
596  623  0.999349
597  622  0.989568
598  621  0.913429
600  619  0.337522
600  620  0.0127039
601  617  0.741333
601  618  0.241242
602  616  0.848245
603  615  0.840691
603  617  0.133907
604  616  0.0733309
605  613  0.850327
605  616  0.0736219
606  612  0.858835
606  615  0.134288
607  611  0.531949
607  614  0.126333
634  680  0.43416
634  682  0.020057
635  679  0.434211
635  681  0.0215903
636  678  0.434813
636  680  0.0220994
637  677  0.388833
638  645  0.0276573
639  644  0.0327336
640  676  0.137659
640  678  0.0326314
641  675  0.129289
641  677  0.0314246
646  661  0.986153
647  660  0.986626
648  659  0.987055
649  658  0.982535
650  656  0.0336541
651  655  0.0195514
662  674  0.985795
663  673  0.987172
664  672  0.985284
665  670  0.130548
665  671  0.700012
666  670  0.407157
