2  284  0.85026
3  283  0.970537
4  282  0.978771
5  281  0.979934
6  31  0.0153882
6  280  0.974637
7  30  0.500905
8  29  0.620221
9  20  0.245454
9  28  0.669116
10  19  0.269843
10  27  0.668581
11  18  0.271441
11  26  0.66264
12  17  0.124734
16  21  0.059733
16  23  0.0296342
16  25  0.0304882
17  22  0.0289196
17  24  0.0321244
21  277  0.0195336
22  276  0.0205273
22  277  0.022177
22  279  0.0513979
23  275  0.0187638
23  276  0.0229703
23  277  0.0254966
24  275  0.0192369
24  276  0.0254414
24  277  0.0205392
25  275  0.021363
25  276  0.0205741
26  44  0.0377461
26  275  0.0156149
26  279  0.0255646
27  43  0.0376413
29  42  0.0441015
30  41  0.0483387
30  95  0.287297
31  40  0.0541052
31  94  0.776515
32  39  0.0524544
32  93  0.770492
33  280  0.0111484
35  93  0.0256695
36  91  0.92153
37  90  0.930436
38  89  0.934898
39  88  0.935403
40  87  0.935303
41  86  0.642971
42  77  0.112839
42  86  0.231148
43  76  0.0715179
43  83  0.256916
43  85  0.461923
44  82  0.258823
44  84  0.461487
45  74  0.967346
46  73  0.970999
47  72  0.951564
48  70  0.0394215
48  73  0.0111586
49  72  0.0114257
50  69  0.953313
50  71  0.0113056
51  68  0.959662
51  70  0.0103
52  67  0.926033
53  64  0.450463
53  67  0.0346051
54  63  0.453001
55  62  0.42741
55  65  0.504955
56  60  0.0218816
56  64  0.542893
57  63  0.528107
76  86  0.0141531
76  279  0.0573644
77  81  0.0308622
77  82  0.109851
77  83  0.129071
77  84  0.0168124
77  85  0.0200129
77  278  0.0574397
78  277  0.057011
79  276  0.0547612
80  275  0.0458054
85  96  0.0498356
86  95  0.0566695
87  94  0.0588156
88  93  0.0578168
95  273  0.0165703
95  275  0.140523
96  272  0.0201364
96  274  0.223158
97  273  0.233514
98  271  0.740642
98  272  0.117883
99  270  0.987666
100  269  0.98787
101  268  0.917739
102  268  0.0673049
104  266  0.960269
105  265  0.980796
106  264  0.955479
108  263  0.0655096
109  262  0.0626613
110  263  0.865513
111  262  0.913116
112  261  0.990334
113  260  0.99069
114  259  0.990722
115  258  0.990723
116  257  0.960719
117  235  0.126184
117  256  0.862762
118  234  0.238023
118  235  0.473288
119  233  0.292713
119  234  0.261261
120  253  0.18997
121  232  0.981857
122  231  0.985617
123  230  0.987078
124  229  0.989289
125  228  0.989282
126  227  0.988725
127  226  0.987291
128  225  0.978605
129  224  0.953503
130  144  0.011668
131  143  0.0116714
132  142  0.011635
133  141  0.0116556
134  140  0.0112218
134  218  0.285285
134  222  0.609864
135  217  0.307929
135  221  0.630486
136  169  0.041349
136  216  0.305713
136  220  0.62705
137  168  0.956323
138  167  0.957025
138  216  0.0176825
139  166  0.957377
139  215  0.018254
140  165  0.957364
140  214  0.0183977
141  164  0.93255
141  213  0.017939
142  212  0.0162109
143  203  0.0128337
144  202  0.0168267
145  162  0.0661391
145  201  0.0169042
146  160  0.959183
147  159  0.960505
147  199  0.0170209
147  216  0.0139108
148  158  0.939579
148  198  0.0170147
148  215  0.0152613
149  155  0.0111119
149  157  0.916346
149  197  0.01702
149  214  0.0154645
150  196  0.0157525
150  213  0.0140641
151  195  0.0142701
151  212  0.0126438
152  194  0.0109441
152  211  0.0110993
155  208  0.0152932
156  207  0.0150407
157  206  0.0143656
158  205  0.0118945
159  168  0.0131702
159  170  0.0161834
160  167  0.013058
160  169  0.016207
162  167  0.0101047
169  201  0.0301041
169  204  0.0125317
170  200  0.0229739
170  202  0.395343
172  200  0.519028
172  217  0.388936
172  221  0.0142308
173  199  0.530127
173  216  0.390709
173  220  0.0142988
174  186  0.0236577
174  198  0.528436
174  215  0.344913
175  185  0.02577
176  184  0.0259395
176  197  0.530151
176  214  0.269226
177  183  0.0226349
177  195  0.0113832
177  196  0.524802
177  213  0.252536
179  195  0.017594
179  211  0.0468332
180  192  0.928467
181  191  0.961757
182  190  0.96004
183  189  0.726654
189  218  0.0181954
190  217  0.0192158
191  216  0.0191906
192  215  0.0138633
196  209  0.18454
197  208  0.196037
197  211  0.128083
198  207  0.193478
198  210  0.128741
199  209  0.0664166
200  209  0.141761
201  208  0.207696
207  215  0.0814078
208  214  0.0937433
209  213  0.0357091
236  249  0.243945
237  248  0.261344
237  253  0.658535
238  247  0.251254
238  252  0.665577
239  251  0.664908
240  250  0.659894
241  249  0.60634
243  249  0.0101936
244  248  0.0103449
245  253  0.0283234
246  252  0.0279094
