3  15  0.0118191
3  20  0.802176
4  14  0.0116304
4  19  0.804678
4  869  0.0108299
5  13  0.0106656
5  18  0.803998
5  868  0.0111303
6  17  0.799954
6  867  0.0112835
7  15  0.242179
7  16  0.51903
7  866  0.0112059
8  14  0.2024
9  14  0.0420364
13  864  0.0105641
14  863  0.0108605
15  862  0.010871
15  987  0.0579888
16  986  0.0619028
17  786  0.0172218
17  882  0.0535092
17  985  0.0612497
18  785  0.0172569
18  881  0.0536897
18  984  0.0610944
19  784  0.0121477
19  880  0.0536607
19  983  0.0475162
20  783  0.0119671
20  879  0.0537193
21  878  0.053623
22  30  0.175356
22  31  0.113294
22  32  0.237748
22  60  0.0279929
22  779  0.0116525
22  877  0.0536249
22  911  0.131827
23  29  0.171777
23  30  0.106453
23  31  0.234024
23  59  0.0294573
23  778  0.0116694
23  876  0.0535901
23  910  0.132399
24  777  0.011566
24  875  0.0524303
24  909  0.0459093
25  29  0.0158847
25  30  0.142466
25  57  0.0297378
25  776  0.0103669
25  874  0.0227617
25  908  0.045914
26  56  0.0275326
26  907  0.132784
27  906  0.131292
28  767  0.0198809
28  871  0.0108391
28  905  0.1312
29  766  0.0208827
29  870  0.0111054
29  903  0.128139
30  765  0.0206787
30  902  0.128134
31  900  0.125707
32  899  0.12546
33  105  0.0234657
34  104  0.035324
34  762  0.0143672
35  103  0.0381398
35  761  0.0163407
35  896  0.0205927
36  55  0.897994
36  102  0.038793
36  760  0.0166443
37  54  0.902635
37  101  0.0388438
37  759  0.0141346
38  53  0.905174
38  94  0.0380101
38  100  0.0386152
39  52  0.905217
39  93  0.0390398
39  99  0.0386138
40  51  0.905165
40  92  0.0396396
40  98  0.0383737
41  50  0.904332
41  91  0.0407838
41  94  0.0266376
42  49  0.906169
42  90  0.0406418
42  93  0.0316737
43  48  0.896645
43  92  0.0328075
45  89  0.0668884
46  88  0.087424
47  87  0.0903074
48  86  0.0927899
49  85  0.0887267
51  84  0.0947533
52  83  0.0947623
53  82  0.0947798
54  81  0.0947642
55  80  0.0948107
56  79  0.0948142
56  893  0.0290844
57  78  0.0948063
57  892  0.0313219
58  767  0.0116904
58  891  0.0297069
59  76  0.0946579
59  766  0.0122991
60  75  0.0946348
60  765  0.0119732
60  766  0.0175139
60  889  0.0195174
60  892  0.0532383
60  987  0.692055
61  765  0.0179901
61  888  0.0188475
61  891  0.0531633
61  986  0.742703
62  73  0.0949971
62  764  0.0341668
62  887  0.0139597
62  985  0.752879
63  72  0.0950137
63  763  0.0341736
63  984  0.755005
64  71  0.0896819
64  762  0.0341376
64  889  0.074257
64  983  0.754047
65  70  0.0589784
65  761  0.0341308
65  888  0.0851747
65  982  0.753602
66  760  0.0341714
66  887  0.087731
66  981  0.753426
67  759  0.0340417
67  886  0.0886005
67  980  0.734997
68  758  0.0331541
68  884  0.0145262
68  885  0.0860369
69  757  0.0289275
70  882  0.865331
71  881  0.867519
72  880  0.867625
73  879  0.86757
74  108  0.0111125
74  878  0.856271
75  107  0.0131901
75  786  0.012981
75  877  0.85513
76  106  0.0134451
76  785  0.0130161
76  876  0.854797
77  105  0.0133607
77  784  0.0129352
77  875  0.837483
78  874  0.385953
79  782  0.658793
80  102  0.012731
80  781  0.849423
81  101  0.0132394
81  780  0.849002
82  100  0.0133201
82  123  0.0124304
82  779  0.845977
83  99  0.0133242
83  122  0.0125185
83  776  0.0342905
83  778  0.820583
84  98  0.0132994
84  121  0.0125221
84  775  0.234909
85  120  0.0125556
85  774  0.242459
85  776  0.188896
86  119  0.0125544
86  773  0.242807
86  775  0.61325
87  118  0.0117146
87  772  0.206116
87  774  0.582494
88  772  0.0255284
89  767  0.808282
90  766  0.857376
91  765  0.857481
92  764  0.837971
93  762  0.0134269
93  767  0.012309
94  766  0.0124605
95  761  0.49142
95  762  0.0125434
95  765  0.0112355
96  109  0.0101167
96  761  0.0135233
96  762  0.08613
97  108  0.0103003
97  759  0.624884
97  761  0.0995761
98  758  0.706765
98  760  0.100648
99  757  0.706708
100  759  0.0689027
101  758  0.0680903
102  757  0.0608328
108  735  0.0471968
109  734  0.0511465
109  735  0.0850645
110  733  0.0436528
110  734  0.0891654
110  735  0.0749408
111  732  0.0156766
111  733  0.064395
111  734  0.0705171
111  735  0.101455
112  889  0.0164961
113  888  0.0165566
114  732  0.790565
114  887  0.0164113
115  731  0.900258
116  730  0.924039
117  729  0.934368
118  728  0.934371
119  727  0.934256
119  729  0.0130898
119  882  0.0152385
120  726  0.93196
120  728  0.013126
121  724  0.0346131
121  725  0.774403
121  727  0.0132223
121  881  0.0355585
122  723  0.0664814
122  726  0.0127148
122  880  0.0356986
123  723  0.313781
123  879  0.0357148
124  723  0.270823
124  878  0.0356558
125  722  0.78512
125  725  0.129611
125  877  0.0357635
126  721  0.785845
126  724  0.155896
126  876  0.035767
127  723  0.155971
127  875  0.0357545
128  720  0.832059
128  722  0.126962
128  874  0.0177537
129  719  0.966227
129  873  0.0132825
130  718  0.994711
131  717  0.994198
132  716  0.993582
133  715  0.988284
134  179  0.873862
135  178  0.879585
136  177  0.878879
137  176  0.835886
139  173  0.0726811
139  179  0.102172
140  172  0.0729463
140  178  0.102619
141  171  0.0718545
141  177  0.0693488
142  174  0.850236
142  177  0.0384434
143  169  0.069829
143  173  0.772852
143  176  0.0660232
144  168  0.0695418
144  172  0.768471
144  175  0.0663559
145  167  0.0665561
145  171  0.853911
145  174  0.0668815
146  166  0.0557175
146  170  0.852853
146  173  0.0668268
147  169  0.853239
147  172  0.0668176
148  164  0.0533568
148  167  0.85983
148  171  0.0650091
149  163  0.0538346
149  166  0.861459
149  170  0.0619622
150  162  0.0529757
150  165  0.879629
151  160  0.0203718
151  161  0.0225604
151  164  0.879746
151  167  0.0487944
152  163  0.819091
152  166  0.0245497
153  163  0.0463125
153  166  0.0351662
154  161  0.590925
154  162  0.0917768
154  165  0.0618719
155  160  0.776594
155  161  0.0609915
155  164  0.0618172
156  163  0.0485932
182  714  0.0909978
183  713  0.0938634
183  714  0.0573512
184  713  0.0613989
185  711  0.85318
186  710  0.856319
186  711  0.134242
187  709  0.855973
187  710  0.135393
188  708  0.855929
188  709  0.135783
189  707  0.437742
190  704  0.0191946
190  707  0.553819
191  703  0.0207602
191  706  0.970747
192  702  0.0210167
192  705  0.971219
193  701  0.0207587
193  704  0.969984
194  700  0.0191242
194  703  0.970539
195  702  0.967243
196  701  0.960622
197  689  0.0732971
197  700  0.897053
198  688  0.133912
198  699  0.815062
200  686  0.794504
201  685  0.992486
202  684  0.993226
203  683  0.992672
204  682  0.983444
205  680  0.222642
205  681  0.758203
206  679  0.0443772
207  678  0.0287088
207  680  0.751386
208  677  0.20432
209  678  0.77184
210  677  0.774426
211  676  0.777602
213  675  0.995319
214  674  0.995386
215  673  0.341788
216  672  0.344103
217  671  0.995125
218  670  0.993552
219  669  0.990364
220  668  0.991196
222  667  0.980357
223  666  0.980315
224  665  0.955906
225  661  0.963344
226  660  0.989374
227  659  0.989436
228  658  0.986509
229  651  0.0104395
229  657  0.952925
230  650  0.0228107
230  656  0.780571
231  649  0.0496383
232  648  0.0499159
232  656  0.014796
233  625  0.997313
234  624  0.997735
235  623  0.996328
236  622  0.997622
237  621  0.998575
238  620  0.99858
239  619  0.99857
240  618  0.998482
241  617  0.994271
242  616  0.980372
245  613  0.991053
246  612  0.994969
247  611  0.995014
248  610  0.995166
249  606  0.0408979
249  609  0.956742
250  605  0.0485977
250  608  0.947955
251  293  0.0358018
251  374  0.048124
251  375  0.083888
251  603  0.543832
251  604  0.0847942
251  606  0.0112535
252  292  0.0336535
252  373  0.0486637
252  374  0.0834013
252  375  0.0538786
252  602  0.755738
253  372  0.0489108
253  373  0.0827608
253  374  0.0541331
253  601  0.757008
254  290  0.0371932
254  371  0.0982998
254  372  0.0226817
254  373  0.0542529
254  600  0.757415
255  289  0.0389237
255  370  0.0924603
255  372  0.0496047
255  599  0.754488
256  288  0.0393356
256  598  0.717685
257  286  0.118456
257  287  0.0145584
257  368  0.0238359
257  597  0.618701
258  285  0.097868
258  367  0.0231468
258  596  0.551009
259  284  0.240519
260  281  0.0192779
260  283  0.317827
260  305  0.293239
260  594  0.0603044
261  282  0.317776
261  304  0.295429
261  593  0.0587349
262  280  0.266121
262  281  0.323679
262  303  0.296555
263  279  0.300028
263  280  0.31924
263  302  0.296495
263  591  0.045761
264  278  0.619815
264  301  0.292456
264  590  0.0409486
265  277  0.627937
265  300  0.263613
266  276  0.634069
267  275  0.633675
267  281  0.0403841
267  284  0.0140592
267  562  0.0108465
267  588  0.0171876
268  274  0.479742
268  280  0.0397315
268  283  0.0151134
268  296  0.233174
268  561  0.0113515
268  587  0.017728
269  282  0.0152322
269  295  0.233299
269  560  0.0114435
269  586  0.0178035
270  278  0.0337175
270  294  0.23286
271  277  0.03402
271  280  0.0165652
271  293  0.233088
271  585  0.0136724
272  276  0.0224202
272  279  0.0130832
272  292  0.215655
272  584  0.0130551
273  292  0.0114106
273  368  0.0100381
274  291  0.0222293
274  367  0.010876
275  366  0.0108382
277  288  0.1445
277  301  0.0152056
277  582  0.0105273
278  286  0.03708
278  287  0.14609
278  300  0.0265932
278  581  0.0106508
279  285  0.0322258
279  299  0.0341663
280  285  0.0277301
280  298  0.0347246
280  580  0.0144053
280  596  0.0264329
281  579  0.0146728
281  595  0.257538
282  296  0.0831999
282  578  0.0148205
282  594  0.293611
283  295  0.0832389
283  298  0.0102174
283  577  0.0146286
283  593  0.29368
284  294  0.0829716
284  297  0.0109035
284  592  0.292151
285  293  0.0810754
285  296  0.0122826
285  576  0.0122816
285  591  0.283299
285  594  0.0367248
286  295  0.0120438
286  575  0.0123062
286  590  0.277021
286  593  0.0365962
287  574  0.0124197
287  589  0.251562
287  598  0.0300142
288  573  0.0116348
288  584  0.0680151
288  597  0.105393
289  583  0.0718998
289  590  0.0302035
289  596  0.114637
290  306  0.0117043
290  582  0.0731336
290  586  0.0846272
290  589  0.0359962
290  595  0.166439
291  296  0.0109649
291  305  0.0126749
291  581  0.0367377
291  585  0.0857771
291  588  0.0376875
291  594  0.212553
292  299  0.0101401
292  304  0.0126547
292  571  0.0286103
292  575  0.0106863
292  593  0.212063
293  298  0.0102529
293  570  0.06263
293  574  0.0112022
293  579  0.0456427
293  580  0.121706
293  586  0.0359142
293  592  0.207417
294  303  0.0129989
294  562  0.0683369
294  569  0.133698
294  573  0.0100879
294  578  0.022953
294  585  0.0331425
294  588  0.0267835
294  591  0.0820482
294  602  0.0114685
294  604  0.012483
295  302  0.0122276
295  559  0.0388315
295  561  0.0989505
295  568  0.133384
295  572  0.0101516
295  578  0.154093
295  584  0.0239739
295  587  0.0320724
295  601  0.0114241
295  603  0.0117835
296  558  0.0392528
296  560  0.099017
296  567  0.133403
296  571  0.011171
296  577  0.176363
296  586  0.0332521
297  372  0.157474
297  576  0.174324
298  371  0.278822
298  585  0.0833023
298  600  0.039298
299  370  0.276512
299  584  0.0833783
299  599  0.0399036
300  582  0.0791625
300  583  0.0417674
300  598  0.0399829
301  368  0.277851
301  572  0.173109
301  581  0.125936
301  597  0.0402246
302  367  0.282486
302  571  0.176946
302  580  0.126873
302  596  0.0403772
303  366  0.282223
303  570  0.17689
303  579  0.126734
303  595  0.040347
304  568  0.106122
305  364  0.244788
305  567  0.106104
305  577  0.111416
306  363  0.244021
306  369  0.235147
306  576  0.108928
307  362  0.218738
307  368  0.291685
308  361  0.211988
308  366  0.0107201
308  367  0.303499
308  574  0.105971
308  595  0.018921
309  360  0.174562
309  573  0.105166
310  356  0.136426
310  358  0.0308773
310  359  0.0612257
310  365  0.569181
310  572  0.0998383
311  355  0.157037
311  357  0.0615473
311  364  0.569493
311  571  0.0995186
312  354  0.157627
312  362  0.41446
312  363  0.285241
313  352  0.167242
313  355  0.0279385
313  361  0.730056
314  351  0.167355
314  354  0.024508
314  360  0.739189
315  350  0.167244
315  359  0.748386
316  332  0.0951057
316  348  0.0315435
316  358  0.750957
317  331  0.0990864
317  347  0.0313589
317  357  0.750871
318  329  0.0117904
318  330  0.265113
318  346  0.0149291
318  356  0.629441
319  328  0.0118306
319  329  0.930443
320  328  0.9332
320  354  0.0168784
321  327  0.897897
321  344  0.0144647
321  353  0.0166526
322  343  0.0149806
323  342  0.0149736
323  351  0.0117065
324  341  0.0149465
325  340  0.0149437
326  339  0.0148751
327  338  0.0140055
329  336  0.0136927
330  349  0.494195
331  348  0.861397
332  347  0.862674
333  346  0.980874
334  345  0.980515
335  344  0.980846
336  343  0.980302
337  342  0.643882
347  356  0.0302108
348  355  0.0301357
349  354  0.0175393
357  594  0.0356097
358  593  0.0346809
359  592  0.0337358
361  591  0.0370686
362  590  0.0371272
363  589  0.0378406
364  561  0.0743367
364  588  0.03663
365  560  0.0744571
365  570  0.0174482
365  586  0.0391822
366  399  0.0120476
366  559  0.072525
366  562  0.0545679
366  569  0.0222583
366  585  0.0399352
367  398  0.0120951
367  561  0.0712165
367  584  0.0395508
368  397  0.0120441
368  560  0.0670183
368  583  0.0386332
369  396  0.0117342
369  566  0.0179916
369  582  0.0344616
370  395  0.010321
370  560  0.014615
370  565  0.015493
371  558  0.0350801
371  560  0.0229994
371  580  0.0216256
372  558  0.368321
373  557  0.77748
374  391  0.011704
374  556  0.784476
375  390  0.0117838
375  555  0.787786
376  389  0.0118047
376  554  0.973554
377  388  0.0113038
377  553  0.972772
378  552  0.975414
379  551  0.976775
380  550  0.966937
381  549  0.963978
382  548  0.961948
383  547  0.959584
384  545  0.0220076
385  403  0.0178494
385  505  0.672872
386  402  0.0174907
386  504  0.678112
386  546  0.105457
387  503  0.675984
387  545  0.133063
388  416  0.0131816
388  502  0.66327
388  507  0.01012
388  544  0.1376
388  546  0.0127887
389  501  0.662802
389  506  0.010134
389  531  0.0101383
389  543  0.137478
389  545  0.0135911
390  399  0.65018
390  415  0.0769959
390  500  0.033735
390  530  0.0426368
390  539  0.0228854
390  542  0.0141993
391  398  0.64953
391  414  0.077514
391  529  0.0426743
391  538  0.0233461
392  397  0.471402
392  413  0.0730822
392  528  0.0426198
392  537  0.0225236
393  527  0.0421835
394  526  0.0411435
396  520  0.030337
397  407  0.220216
397  513  0.0205966
397  519  0.0309235
397  523  0.0123837
398  406  0.220698
398  512  0.0206077
398  518  0.0309268
398  522  0.0124214
399  405  0.218504
399  511  0.020607
399  517  0.0309297
399  521  0.012418
400  404  0.0832059
400  510  0.0202093
400  516  0.0303869
400  520  0.0103216
401  515  0.0284671
402  427  0.366394
402  514  0.0235258
403  426  0.445107
404  425  0.445574
404  506  0.0350955
405  424  0.223556
405  505  0.178256
406  424  0.314056
406  504  0.180713
406  546  0.0153891
407  423  0.536699
407  503  0.181172
407  545  0.0157877
408  422  0.538903
408  424  0.0335532
408  502  0.184999
408  544  0.0174624
409  421  0.539495
409  423  0.0335625
409  501  0.185007
409  543  0.017464
410  420  0.523426
410  422  0.0182898
410  500  0.0933105
410  542  0.0153731
411  422  0.018577
411  500  0.151537
412  418  0.485991
412  421  0.033952
412  499  0.253251
413  417  0.186426
413  420  0.024924
413  498  0.25213
414  497  0.251217
414  536  0.0136214
414  537  0.0112061
415  496  0.240101
415  535  0.0136777
415  536  0.0116153
416  426  0.0635347
416  534  0.0136364
416  535  0.0116072
417  425  0.0639255
417  433  0.0731814
417  494  0.0109305
418  424  0.0630145
418  429  0.0148806
418  432  0.187132
418  505  0.0793914
419  428  0.0148073
419  431  0.187165
419  504  0.0794978
420  427  0.0138907
420  430  0.187098
420  503  0.0755134
421  429  0.185399
421  502  0.0682951
422  501  0.0286253
422  503  0.0222461
423  500  0.0292082
423  502  0.0678945
424  499  0.0681893
424  501  0.0687037
425  498  0.0405729
425  500  0.120853
427  495  0.0127279
427  498  0.242021
428  494  0.0143278
428  497  0.32211
429  493  0.0144574
429  496  0.358419
429  499  0.369567
430  492  0.0118934
430  495  0.377354
430  498  0.379496
431  494  0.381672
431  497  0.380099
432  493  0.381757
432  496  0.381157
433  438  0.0208273
433  491  0.0146055
433  492  0.32759
433  495  0.392515
434  490  0.026914
434  493  0.0207005
434  494  0.388754
435  489  0.0174086
435  492  0.0393105
436  491  0.0412836
436  492  0.030862
437  571  0.0103215
438  570  0.0103196
439  489  0.888103
440  488  0.969511
441  487  0.983771
442  486  0.995645
443  485  0.995453
444  484  0.99556
445  483  0.929951
446  482  0.934085
447  481  0.991787
448  480  0.983494
449  479  0.96685
451  477  0.085446
451  478  0.190446
452  476  0.0565722
453  476  0.884724
454  475  0.996904
455  474  0.99606
456  473  0.995585
457  472  0.995338
458  471  0.995973
459  470  0.989169
460  468  0.980659
461  467  0.975253
461  469  0.0152852
462  466  0.371262
462  468  0.0109516
499  561  0.0114097
500  560  0.0114457
501  559  0.0115594
502  558  0.0115616
504  556  0.0111606
505  545  0.0252706
505  555  0.0118303
506  513  0.0411812
506  533  0.0229076
506  544  0.794718
506  554  0.0157341
507  512  0.0406084
507  532  0.0228582
507  543  0.794536
507  553  0.0157339
508  531  0.0161386
508  552  0.0132951
509  541  0.815993
510  540  0.88263
511  530  0.0285951
511  539  0.896541
512  529  0.0286717
512  538  0.896569
513  528  0.0286719
513  537  0.891981
514  527  0.0286203
515  526  0.0285406
516  525  0.0280317
516  534  0.230832
516  535  0.367988
517  533  0.118636
518  523  0.0264002
518  533  0.801184
519  532  0.918349
520  531  0.916797
521  530  0.921152
522  529  0.919118
523  528  0.72198
531  539  0.0326214
532  538  0.0326074
533  537  0.0264639
543  550  0.0297051
544  549  0.0297192
555  602  0.189866
556  601  0.192717
557  600  0.192889
558  599  0.193181
559  579  0.0340474
559  595  0.0156794
559  598  0.196374
560  578  0.0437761
560  594  0.0171907
560  597  0.196344
561  567  0.0175957
561  577  0.043743
561  593  0.0171499
561  596  0.196392
562  575  0.0407954
562  592  0.0160572
562  595  0.15906
563  574  0.0407888
564  573  0.0407
565  572  0.0349457
567  588  0.064767
567  594  0.320375
568  593  0.309363
569  586  0.0709218
569  592  0.31061
569  593  0.0144029
570  585  0.0725189
570  591  0.159065
571  584  0.0724447
571  591  0.33246
572  583  0.0723822
572  590  0.488248
573  582  0.0717935
573  586  0.0114621
573  589  0.494381
574  581  0.0636681
574  585  0.0190301
574  588  0.507887
575  584  0.0190204
575  587  0.497286
576  583  0.0186968
576  586  0.486555
577  585  0.428132
577  587  0.0191407
578  586  0.0315222
579  584  0.0298407
579  585  0.033891
580  584  0.0134453
626  651  0.184555
627  649  0.306923
627  650  0.249662
628  648  0.321606
629  648  0.172047
630  647  0.981555
631  646  0.992029
632  645  0.990735
633  644  0.992836
634  643  0.992891
635  642  0.982467
687  696  0.0200523
688  695  0.0200219
690  695  0.0141743
690  698  0.470097
691  697  0.498128
691  699  0.10873
692  698  0.109893
693  697  0.0642001
722  870  0.0339232
723  869  0.0355106
724  868  0.035576
725  867  0.0355753
726  866  0.0355668
727  865  0.0355505
728  864  0.0326294
729  862  0.0261643
730  861  0.0259687
731  860  0.025595
732  859  0.0245938
733  858  0.0206824
735  757  0.0674695
736  756  0.994803
737  755  0.996303
738  754  0.996435
739  753  0.997201
740  752  0.997655
741  751  0.996819
742  750  0.994357
743  748  0.0122806
757  778  0.0169884
758  777  0.0178827
759  776  0.0179391
760  775  0.0179282
761  774  0.0139069
764  787  0.0205474
765  786  0.0217403
766  785  0.0217139
773  781  0.021447
774  780  0.0209609
775  779  0.0113585
776  870  0.0350771
777  869  0.0435541
778  868  0.0443283
779  867  0.0443417
780  866  0.0443378
781  865  0.0442623
782  791  0.0147313
782  871  0.114491
783  790  0.0203866
783  882  0.0134853
784  789  0.011853
784  869  0.831133
784  881  0.0135619
785  868  0.853235
785  880  0.0135592
786  867  0.85353
786  879  0.0135386
787  866  0.854042
788  864  0.8372
789  863  0.838414
790  862  0.840001
792  857  0.946455
793  856  0.99719
794  855  0.99803
795  854  0.998868
796  853  0.99846
797  852  0.995922
798  850  0.0423031
799  849  0.0383921
799  850  0.26889
800  849  0.255926
800  850  0.0832366
801  848  0.0612118
802  848  0.0218392
803  848  0.860367
804  847  0.996977
805  846  0.998385
806  845  0.997588
808  844  0.999055
809  843  0.99909
810  842  0.998811
813  839  0.990015
814  838  0.999096
815  837  0.995989
816  836  0.990679
818  833  0.0468126
818  834  0.589758
819  832  0.0479098
820  831  0.0480264
820  833  0.949724
821  830  0.0479676
821  832  0.951104
822  831  0.951035
823  830  0.930315
824  829  0.815041
866  878  0.0244064
867  877  0.0297638
868  876  0.0297513
869  875  0.0267256
874  982  0.0179197
875  981  0.021858
876  980  0.0218639
877  979  0.0218555
878  978  0.0189213
879  977  0.015775
880  974  0.0228667
881  973  0.0232707
882  972  0.0233731
884  983  0.0344587
885  982  0.0483294
886  952  0.0138527
886  970  0.019408
886  981  0.0533015
887  951  0.0138742
887  969  0.0194221
887  979  0.772454
887  980  0.0309482
888  950  0.0138415
888  968  0.0167625
888  978  0.799813
889  949  0.0137279
889  967  0.0100871
889  977  0.801052
890  976  0.79819
891  975  0.767369
892  974  0.663923
895  971  0.105743
896  971  0.0126362
897  946  0.577861
897  964  0.0288039
898  942  0.0163231
898  945  0.637429
898  963  0.0375736
899  941  0.0237513
899  944  0.686195
899  962  0.0390013
899  966  0.0535124
900  940  0.0240834
900  961  0.0391099
900  965  0.053448
901  939  0.0238682
901  942  0.717654
901  960  0.0290464
901  964  0.0389062
902  941  0.800035
903  940  0.800208
904  937  0.012473
904  939  0.760682
905  936  0.0178791
906  937  0.0365501
907  935  0.824087
908  934  0.293908
909  933  0.315178
910  932  0.855193
911  931  0.855211
912  930  0.854589
912  982  0.0782217
913  929  0.851797
913  981  0.100512
914  979  0.064749
914  980  0.0504822
915  926  0.275179
915  927  0.0618468
915  928  0.40483
915  978  0.124186
916  925  0.294305
916  926  0.0328929
916  927  0.401749
916  928  0.0155309
916  977  0.126089
917  926  0.406249
917  927  0.0202494
917  976  0.125446
918  924  0.331586
919  925  0.391031
919  974  0.129419
920  924  0.317546
920  973  0.129543
922  972  0.130086
923  971  0.129996
924  970  0.130068
925  969  0.129863
930  967  0.082122
931  941  0.0441097
931  966  0.0866448
932  940  0.0441738
932  965  0.08663
933  939  0.0425004
933  964  0.0821784
934  961  0.0115361
936  959  0.0677033
937  958  0.0719314
940  973  0.0337876
941  972  0.0349648
942  953  0.0974406
942  971  0.0375236
943  952  0.122401
943  958  0.102725
943  970  0.0402774
944  951  0.121659
944  957  0.102772
944  969  0.0402775
945  950  0.0880164
945  956  0.100413
945  968  0.0389047
946  954  0.0282179
946  967  0.0359452
947  953  0.0256236
947  954  0.0356056
948  953  0.0272827
950  959  0.173294
951  958  0.214893
951  974  0.141105
952  957  0.209051
952  973  0.160185
953  972  0.149882
953  973  0.0152231
954  972  0.0355846
955  971  0.0456778
956  972  0.0364566
957  970  0.542461
958  969  0.544698
959  968  0.536281
960  967  0.448498
965  973  0.104966
966  972  0.105269
968  982  0.0135506
969  981  0.0148226
970  980  0.0148228
973  977  0.0129814
