1  181  0.0960299
2  177  0.0136099
2  180  0.118124
3  179  0.122943
4  178  0.0871229
4  179  0.021503
5  174  0.0695761
5  178  0.0218832
6  170  0.0414239
6  172  0.0933665
6  173  0.0695923
6  177  0.0156308
6  183  0.580019
7  169  0.0432299
7  171  0.0970215
7  173  0.0113213
7  182  0.694498
8  168  0.0432064
8  181  0.690667
9  167  0.0431874
9  170  0.238494
9  180  0.625072
10  166  0.0430557
10  169  0.242413
11  161  0.0282887
11  168  0.2423
11  178  0.531293
11  179  0.0226556
12  160  0.0294935
12  167  0.242694
12  177  0.596304
13  159  0.0295282
13  166  0.242397
14  175  0.618826
15  149  0.0108573
15  157  0.027966
15  164  0.235409
15  174  0.69459
16  148  0.0108943
16  156  0.027935
16  163  0.235029
16  173  0.695739
17  147  0.0104748
17  172  0.693946
18  25  0.0353308
18  154  0.0108985
18  171  0.67951
19  24  0.0461605
19  153  0.0115889
19  161  0.0397825
22  120  0.0520028
22  168  0.626519
23  119  0.0627887
23  160  0.0658689
23  167  0.640141
23  170  0.0453631
24  118  0.0636044
24  121  0.0237388
24  156  0.0227714
24  159  0.0686469
24  166  0.640483
24  169  0.0492343
25  117  0.0625694
25  120  0.0283076
25  155  0.0239014
25  158  0.0554812
25  165  0.47026
25  168  0.0488464
26  116  0.0317025
26  119  0.0297929
26  154  0.0135385
26  167  0.0472635
27  116  0.0291845
27  118  0.0106765
27  124  0.150647
27  154  0.0811503
27  166  0.0438194
28  100  0.0361503
28  115  0.0597318
28  117  0.0104847
28  123  0.204792
28  153  0.168578
28  155  0.0108614
28  157  0.138863
28  164  0.0475042
29  114  0.059307
29  116  0.0292707
29  122  0.204819
29  152  0.167641
29  154  0.0108965
29  156  0.139042
29  163  0.0474059
30  121  0.204176
31  97  0.497122
31  154  0.131681
32  96  0.625393
32  153  0.166653
32  157  0.0112997
33  152  0.166369
33  156  0.011254
34  94  0.991018
35  93  0.99672
36  92  0.997059
37  91  0.998826
38  90  0.997739
39  89  0.995372
40  88  0.997527
41  87  0.998687
42  86  0.998512
43  85  0.921529
44  84  0.6934
46  52  0.255977
46  53  0.0320746
46  73  0.0145924
46  80  0.0616877
46  83  0.0108931
47  52  0.0508757
47  79  0.0656276
47  81  0.0973593
48  80  0.0897854
48  81  0.0416267
49  80  0.0336336
49  81  0.0328028
50  80  0.0365807
52  67  0.0577647
52  76  0.103341
52  78  0.134795
53  66  0.0391341
53  67  0.26016
53  75  0.0962898
53  77  0.132539
54  65  0.0202852
54  66  0.47472
54  74  0.0700918
54  76  0.120853
55  65  0.813946
55  75  0.0664112
56  64  0.972022
57  63  0.963585
58  62  0.366807
66  73  0.312273
67  73  0.0446915
67  79  0.0109784
70  81  0.0281857
71  80  0.0295445
71  81  0.0124563
72  80  0.0128799
73  78  0.0689468
74  81  0.0604162
75  80  0.0617023
75  85  0.0132358
76  84  0.0229696
77  83  0.0271705
99  118  0.017573
99  154  0.0106973
100  118  0.140606
101  119  0.010825
102  116  0.191231
102  118  0.0117988
102  154  0.0164143
103  112  0.0950158
103  115  0.209898
103  117  0.0116305
103  149  0.366364
103  153  0.0180898
103  164  0.23474
104  111  0.0937904
104  114  0.208713
104  116  0.0114999
104  148  0.367011
104  152  0.0180291
104  163  0.234935
105  147  0.32031
105  148  0.0162829
106  146  0.268229
106  147  0.0685144
107  145  0.192094
107  146  0.115696
107  160  0.206551
108  144  0.188013
108  145  0.156761
108  159  0.200429
109  144  0.151654
109  145  0.0445158
109  159  0.0247366
110  144  0.0509245
111  123  0.226394
111  143  0.0418186
111  157  0.241592
112  122  0.226262
112  156  0.23913
113  121  0.211921
113  124  0.111898
113  154  0.0200826
114  120  0.0586165
114  123  0.155958
114  153  0.0274233
114  155  0.235748
115  122  0.154186
115  152  0.0274296
115  154  0.236369
116  151  0.0257506
116  153  0.236868
117  152  0.236075
118  151  0.226257
120  159  0.013143
121  150  0.234755
121  158  0.0658935
122  149  0.235879
122  157  0.0886294
123  148  0.22728
123  156  0.0887267
124  155  0.0745448
125  141  0.617095
125  147  0.185651
125  154  0.0352005
126  140  0.77573
126  146  0.185387
127  139  0.788815
127  145  0.186009
128  138  0.789078
128  144  0.185723
129  137  0.944576
129  158  0.0104486
130  136  0.964908
130  157  0.0104607
131  135  0.367334
137  144  0.010092
138  143  0.19621
143  148  0.0398198
143  152  0.134975
143  163  0.0458553
144  151  0.17187
144  161  0.0524117
144  162  0.0480751
145  150  0.161733
145  161  0.0481808
147  158  0.109476
148  157  0.111744
149  156  0.107691
152  164  0.0185779
153  163  0.0186101
154  161  0.017195
155  160  0.0139213
156  164  0.212721
157  163  0.212057
171  179  0.0372619
172  178  0.0351068
