1  17  0.0197895
1  69  0.0251527
1  86  0.0159694
1  728  0.0258657
2  16  0.0331679
2  67  0.0123015
2  68  0.0306086
2  73  0.0131893
2  85  0.0212875
2  727  0.0360209
3  15  0.0375191
3  22  0.175449
3  66  0.0267418
3  72  0.0148151
3  84  0.0229243
3  726  0.0447696
3  730  0.0403583
4  14  0.0369045
4  21  0.176477
4  65  0.0274315
4  66  0.0317651
4  71  0.0145468
4  729  0.0393519
5  20  0.176595
5  65  0.0177888
5  69  0.0209756
5  75  0.0159481
5  82  0.0226282
5  256  0.175159
5  724  0.0559287
5  728  0.0226701
6  12  0.0338899
6  19  0.176228
6  63  0.0253283
6  64  0.0131168
6  68  0.0222365
6  74  0.0164421
6  81  0.0172215
6  254  0.022204
6  255  0.187724
6  723  0.0556161
7  63  0.0236256
7  64  0.0333004
7  67  0.0214604
7  73  0.0152631
7  80  0.0116578
7  81  0.0254921
7  252  0.0103262
7  253  0.0272914
7  254  0.18978
7  722  0.0552641
8  63  0.0229574
8  80  0.035538
8  251  0.0101186
8  252  0.0282048
8  253  0.18585
8  721  0.0532542
9  16  0.174747
9  73  0.0115274
9  79  0.0422645
9  251  0.0268121
9  252  0.170265
9  727  0.030106
10  15  0.171232
10  26  0.0435691
10  61  0.241004
10  71  0.0108689
10  72  0.0109116
10  75  0.0173911
10  78  0.0482512
10  726  0.040734
11  25  0.0438445
11  60  0.279525
11  70  0.0128834
11  74  0.0179675
11  77  0.0473628
11  725  0.0407139
12  23  0.0138313
12  24  0.0459105
12  59  0.291462
12  126  0.0122857
12  718  0.0895727
12  724  0.0406963
13  22  0.0144487
13  23  0.0424212
13  58  0.291422
13  69  0.154055
13  75  0.0486391
13  125  0.0122933
13  717  0.0907301
14  57  0.278796
14  68  0.168249
14  74  0.0459916
14  716  0.0912939
14  722  0.0407279
15  67  0.169015
15  247  0.0108001
15  715  0.0912544
15  721  0.0407446
16  66  0.0527732
16  72  0.0180032
16  246  0.0104184
16  720  0.0333699
17  56  0.110851
18  55  0.126612
18  70  0.0454295
19  54  0.119265
19  69  0.0472852
19  118  0.0219675
20  56  0.132938
20  68  0.0432092
20  117  0.105194
21  55  0.145591
21  67  0.0348725
21  116  0.129365
22  53  0.0118023
22  67  0.0115823
22  115  0.131232
23  52  0.0100018
23  53  0.61992
24  52  0.633638
24  113  0.139296
25  51  0.637833
25  112  0.140384
25  728  0.081012
25  734  0.014278
26  111  0.140385
26  727  0.0892969
26  733  0.0143178
27  49  0.445751
27  50  0.197963
27  51  0.0145246
27  110  0.140786
27  726  0.10953
27  732  0.0147022
28  48  0.44657
28  109  0.140786
28  725  0.109545
28  731  0.014702
29  47  0.336071
29  49  0.236136
29  108  0.140646
29  724  0.109123
29  730  0.0144865
30  48  0.236068
30  107  0.14041
30  723  0.109106
31  722  0.0975054
32  45  0.789648
32  728  0.0168264
33  44  0.882626
33  655  0.0365185
33  727  0.017321
34  43  0.910464
34  654  0.0387435
34  726  0.0173263
35  42  0.910319
35  652  0.0202837
35  653  0.0200217
35  725  0.0173253
36  41  0.881227
36  651  0.0404531
36  705  0.0127952
36  724  0.0162015
37  650  0.0404591
37  704  0.018438
38  648  0.0428238
38  703  0.0189138
39  647  0.0428558
39  702  0.0189234
39  721  0.0147756
40  646  0.0425226
40  701  0.0189154
40  720  0.0110549
41  645  0.0420385
41  655  0.0129199
41  700  0.0189172
42  654  0.0134756
42  699  0.0187075
43  653  0.0133639
43  698  0.0186677
44  82  0.0148617
44  570  0.0103079
44  598  0.0183465
44  599  0.0357081
45  81  0.0155447
45  569  0.0107939
46  568  0.0122893
46  597  0.120753
47  79  0.115194
47  567  0.0123163
47  596  0.130056
48  78  0.144142
48  566  0.0123556
48  595  0.1354
49  77  0.14101
49  565  0.0123264
49  594  0.134051
50  76  0.137454
50  593  0.131694
51  63  0.0100348
51  563  0.0123135
52  59  0.274567
52  562  0.0123636
53  58  0.266092
53  71  0.0123675
53  561  0.0123622
54  68  0.0123301
54  70  0.0142801
54  560  0.0122794
55  69  0.0104658
55  559  0.0102406
56  66  0.274234
57  65  0.346407
58  64  0.361834
58  557  0.0116179
59  63  0.224216
59  556  0.011675
60  555  0.0114959
61  74  0.0259653
61  554  0.0105425
62  73  0.0393411
63  72  0.0392243
63  592  0.120407
64  71  0.0394457
64  75  0.111648
64  591  0.137447
65  70  0.0394901
65  74  0.112419
65  590  0.137439
66  73  0.1087
66  589  0.137568
67  72  0.0885171
67  588  0.138043
68  587  0.137534
69  586  0.119979
71  584  0.0114665
72  584  0.09615
72  746  0.0130381
73  583  0.118206
73  745  0.0121361
74  248  0.010401
74  582  0.119613
75  247  0.011172
75  250  0.540926
75  340  0.0238422
75  581  0.119909
76  246  0.0101488
76  249  0.610446
76  339  0.0276723
76  580  0.112951
77  245  0.0102763
77  248  0.610524
77  338  0.0298302
77  579  0.10956
78  244  0.0112792
78  247  0.61106
78  337  0.0298404
78  578  0.109474
79  246  0.594625
79  336  0.0239854
80  245  0.544784
80  335  0.0160884
80  336  0.0231826
81  335  0.0301849
81  451  0.0403418
82  240  0.373037
82  241  0.0305691
82  334  0.0356444
82  450  0.043432
83  238  0.575136
83  240  0.0266784
83  241  0.0159846
83  333  0.0326876
83  449  0.0436002
84  97  0.0519487
84  237  0.604101
84  238  0.0135295
84  240  0.015987
84  448  0.0435425
85  96  0.0538149
85  236  0.604212
85  326  0.0163674
86  95  0.0542098
86  325  0.0226297
87  94  0.0544115
87  235  0.686842
87  249  0.0106409
87  324  0.0244132
88  93  0.0476137
88  234  0.686316
88  248  0.0103855
88  323  0.0243536
89  233  0.343134
89  322  0.0236507
90  233  0.397335
90  321  0.0219835
91  106  0.116068
91  232  0.82178
92  105  0.116557
92  231  0.821522
93  104  0.11693
93  230  0.821595
94  103  0.117056
94  229  0.8223
95  102  0.108888
96  228  0.824247
97  227  0.825401
98  226  0.824684
99  225  0.824971
100  224  0.825583
101  223  0.823672
102  222  0.822542
103  221  0.820861
103  730  0.0196142
104  220  0.594986
104  729  0.0196277
105  220  0.204258
105  728  0.0196282
106  211  0.0271985
106  219  0.407614
106  727  0.0196497
107  209  0.79809
107  210  0.026893
107  726  0.0196536
108  208  0.816558
108  725  0.0196535
109  207  0.817233
109  209  0.0128112
109  724  0.0194916
110  206  0.817234
110  208  0.0131516
110  723  0.0194867
111  205  0.817234
111  207  0.0133904
112  204  0.81723
112  206  0.0133906
112  721  0.0138615
113  203  0.815565
113  205  0.0133893
113  720  0.0125842
114  202  0.790319
114  204  0.0133671
115  203  0.0130493
115  718  0.0153277
116  200  0.499229
116  717  0.0147457
117  198  0.0119368
117  200  0.0520547
118  176  0.196437
118  199  0.0576459
118  202  0.0136323
118  713  0.126341
119  175  0.207772
119  197  0.310678
119  201  0.0181609
119  712  0.143314
120  174  0.135387
120  196  0.25401
120  200  0.0150982
120  711  0.143428
121  171  0.83101
121  710  0.143007
122  170  0.834231
122  709  0.13946
123  169  0.833528
123  655  0.0784632
124  168  0.835778
124  654  0.138003
125  167  0.697278
125  653  0.138076
126  167  0.141855
126  652  0.138058
127  165  0.506009
127  166  0.283157
127  651  0.126777
129  164  0.944732
129  744  0.0108871
130  163  0.945545
130  743  0.0108888
131  161  0.483399
131  162  0.47252
131  742  0.0108878
132  160  0.957548
132  741  0.0108863
133  159  0.956799
134  158  0.956432
135  157  0.95174
136  150  0.0209716
137  149  0.0265567
137  155  0.937145
138  148  0.0271048
138  154  0.941657
139  147  0.0305441
139  153  0.940806
140  152  0.941657
141  146  0.0341141
141  151  0.936762
141  165  0.0148125
142  150  0.866203
142  164  0.0173276
143  148  0.57024
143  163  0.0196907
144  162  0.0196514
145  161  0.0195543
146  160  0.0179953
149  159  0.0137456
150  158  0.0160224
151  157  0.0159274
163  654  0.0101089
165  648  0.101081
166  647  0.103494
167  598  0.0231782
167  646  0.0985061
168  597  0.0234212
168  645  0.0979445
169  595  0.140842
170  594  0.140901
171  593  0.140899
172  194  0.0136528
172  196  0.0383835
172  591  0.136597
173  191  0.0104487
173  192  0.0143971
173  193  0.0676709
173  195  0.0417996
173  590  0.143692
174  190  0.0105232
174  191  0.0156718
174  192  0.097411
174  193  0.0395739
174  195  0.0358916
174  589  0.143736
175  194  0.043908
175  588  0.14393
176  587  0.142307
178  186  0.023957
178  189  0.790289
178  585  0.038463
179  185  0.0239592
179  188  0.809023
180  184  0.0148399
180  187  0.809144
181  186  0.797488
181  582  0.0909641
182  581  0.0938533
183  581  0.0406001
184  580  0.146867
185  579  0.147132
186  578  0.147335
187  577  0.146237
188  576  0.144124
189  574  0.148824
190  573  0.148766
191  572  0.149821
192  571  0.150067
193  570  0.150265
194  569  0.0939533
196  567  0.147826
197  566  0.149681
198  565  0.148448
199  543  0.0212183
199  564  0.117921
200  542  0.06704
200  563  0.071013
201  541  0.150396
202  540  0.150515
203  539  0.150569
204  538  0.150553
205  537  0.15048
206  239  0.0537124
206  536  0.0399319
207  238  0.0537109
208  239  0.0842533
209  224  0.0452988
209  238  0.0842003
210  219  0.0401031
210  223  0.0457588
210  237  0.0812419
211  217  0.691878
211  221  0.102481
211  235  0.0227506
212  216  0.263629
212  220  0.101792
212  234  0.0233755
213  219  0.0868856
213  233  0.0206702
214  219  0.0226453
216  230  0.0190105
217  229  0.0201414
219  227  0.0196958
219  239  0.0159483
220  226  0.01544
220  238  0.015951
221  237  0.0160757
222  236  0.0176098
223  235  0.0171107
223  236  0.0302983
224  234  0.0102878
224  235  0.0342277
225  234  0.0247989
226  234  0.0135058
226  646  0.0106959
227  233  0.0234314
227  237  0.0575128
227  645  0.0117027
228  236  0.0685793
228  644  0.0123753
229  235  0.0703794
229  643  0.0125919
230  234  0.0267964
230  642  0.0125866
231  641  0.0123942
232  640  0.0123184
233  320  0.0192263
233  570  0.0178077
234  319  0.0192296
234  334  0.0209618
234  569  0.0178658
234  611  0.010165
235  318  0.0190762
235  333  0.0375396
235  568  0.0179199
235  610  0.01387
236  332  0.0712294
236  567  0.0178742
236  609  0.0138653
237  246  0.0233258
237  331  0.08397
237  566  0.0174128
237  608  0.0125278
238  245  0.042743
238  317  0.0215109
238  330  0.0841228
238  538  0.0264008
238  607  0.0125902
239  244  0.20316
239  316  0.0219872
239  329  0.0842622
239  537  0.0265505
239  606  0.0138952
240  315  0.0217953
240  328  0.084096
240  535  0.182546
240  605  0.0138977
241  314  0.0217992
241  327  0.0826762
241  534  0.186562
241  604  0.0138943
242  326  0.0766125
242  533  0.187369
242  603  0.0137613
243  532  0.187966
244  311  0.0217986
244  323  0.0579017
244  324  0.0233218
244  531  0.188465
244  598  0.0129058
245  310  0.0224795
245  322  0.0863684
245  530  0.18826
245  597  0.0130007
246  309  0.0103666
246  321  0.0871401
246  529  0.187884
246  596  0.0130041
247  308  0.010426
247  320  0.0876287
247  528  0.188183
247  595  0.0130315
248  307  0.0225497
248  319  0.0876089
248  527  0.188376
248  594  0.0130113
249  306  0.0225375
249  318  0.0876228
249  526  0.188361
249  593  0.0129816
250  317  0.0801079
250  525  0.114685
253  522  0.0179396
254  521  0.013406
254  522  0.0750881
255  521  0.076659
256  293  0.0951833
256  456  0.0177764
256  520  0.0763115
256  746  0.0103005
257  292  0.127021
257  455  0.0247375
257  519  0.0620611
257  744  0.669143
258  291  0.12733
258  454  0.0247328
258  743  0.670813
259  290  0.129564
259  453  0.0120802
259  455  0.156567
259  742  0.671941
260  289  0.129743
260  454  0.15668
260  741  0.671935
261  288  0.12957
261  453  0.143047
261  740  0.670198
262  287  0.128234
262  452  0.0976264
262  738  0.223532
262  739  0.446013
263  286  0.125945
263  341  0.171804
263  737  0.447907
263  738  0.22344
264  340  0.188016
264  736  0.672378
265  285  0.120375
265  339  0.188232
265  735  0.672049
266  284  0.12225
266  338  0.188385
266  734  0.672407
267  283  0.123021
267  337  0.188375
267  733  0.672379
268  282  0.122949
268  336  0.18764
268  732  0.668464
269  281  0.119027
269  335  0.187794
270  279  0.0587879
270  334  0.184355
270  731  0.636801
271  278  0.0427122
271  331  0.061684
271  729  0.027482
271  730  0.630441
272  278  0.0530114
272  330  0.0615802
272  728  0.149469
272  729  0.485799
273  277  0.0406353
273  329  0.0605133
273  727  0.267609
274  330  0.13059
274  728  0.187622
275  329  0.140363
275  340  0.341906
275  725  0.0364207
275  727  0.186751
276  327  0.0434714
276  328  0.140253
276  339  0.353854
276  346  0.205024
276  724  0.0134118
276  726  0.0669239
277  326  0.145934
277  327  0.0700707
277  338  0.368213
277  345  0.208887
277  724  0.022427
278  325  0.221011
278  337  0.127444
278  344  0.202702
278  723  0.0211495
279  324  0.228509
279  336  0.126313
279  718  0.0344375
280  323  0.22799
280  335  0.367957
280  342  0.170174
280  717  0.0347712
281  322  0.219109
281  334  0.367078
281  341  0.187622
281  716  0.0348216
282  333  0.366009
282  340  0.188333
282  715  0.0348015
283  320  0.169842
283  339  0.150195
284  319  0.165258
285  318  0.10667
285  337  0.141348
286  336  0.160941
287  335  0.160199
288  321  0.106075
288  334  0.154774
289  320  0.117806
290  318  0.128294
290  319  0.0774474
290  332  0.0972192
291  317  0.867536
292  316  0.868436
293  315  0.880158
294  313  0.0323623
294  314  0.883764
294  315  0.026995
295  305  0.0274401
295  312  0.0401324
295  313  0.874049
295  314  0.0308096
296  304  0.0282287
296  311  0.0477411
296  312  0.851561
296  313  0.0314989
296  585  0.0130184
297  303  0.0275229
297  306  0.0140014
297  310  0.567793
297  584  0.0130664
298  305  0.0169354
298  312  0.0394384
298  583  0.0130745
299  308  0.646147
299  311  0.0541749
299  582  0.0130863
300  306  0.0192211
300  307  0.610329
300  309  0.012553
300  310  0.0598144
300  581  0.0130738
301  305  0.019276
301  580  0.0130951
302  308  0.0476108
306  576  0.013504
307  575  0.0136126
308  574  0.0135908
309  573  0.0135668
310  572  0.0133894
313  569  0.0128831
314  568  0.0128954
315  567  0.0128593
316  566  0.0128305
317  565  0.0128212
318  331  0.537232
319  330  0.537911
320  329  0.534803
320  337  0.019321
321  336  0.0199418
322  327  0.0427773
322  335  0.0202026
323  334  0.0202927
323  713  0.0268975
324  333  0.0198837
324  712  0.0284964
325  711  0.020536
326  657  0.0331382
327  656  0.0398091
328  655  0.040363
329  342  0.0328289
329  350  0.0259176
329  654  0.0403438
330  341  0.0373313
330  349  0.0203463
330  653  0.0402494
331  340  0.0378141
331  652  0.0401295
332  339  0.0378888
332  347  0.0596549
333  338  0.0367304
333  346  0.0823844
333  599  0.0409
334  345  0.0831779
334  598  0.0409327
335  344  0.0827416
335  597  0.0406865
336  343  0.0788674
336  596  0.0381675
337  342  0.0598729
337  355  0.0269859
337  595  0.0205114
338  354  0.0270042
338  594  0.0204932
339  353  0.0269956
339  593  0.0169321
340  352  0.0269848
340  438  0.0131554
340  576  0.013964
341  351  0.0216499
341  437  0.0130406
341  575  0.0141687
342  574  0.0140917
342  584  0.0136822
343  435  0.0125746
343  573  0.0133239
343  583  0.0166637
344  434  0.0145595
344  451  0.153439
344  582  0.0170593
344  728  0.0274288
345  433  0.0146635
345  449  0.0250329
345  450  0.166685
345  581  0.0171015
345  727  0.0290862
346  432  0.0146517
346  448  0.025363
346  449  0.166056
346  450  0.017342
346  727  0.0940942
347  447  0.0243911
347  448  0.0740637
347  449  0.0183963
348  430  0.0126323
348  448  0.104878
348  578  0.0138275
348  725  0.509567
349  724  0.632176
350  723  0.632252
351  427  0.0130609
351  446  0.290926
351  722  0.632081
352  426  0.013406
352  445  0.306756
352  721  0.63223
353  425  0.0132505
353  444  0.307018
353  719  0.0541498
353  720  0.567439
354  443  0.307275
354  718  0.106828
354  719  0.367345
355  423  0.0127481
355  442  0.307269
355  715  0.149975
356  422  0.012432
356  441  0.307211
356  595  0.0270959
356  717  0.086775
356  718  0.0123507
357  440  0.307053
357  594  0.0271116
357  713  0.530921
357  716  0.0972517
358  421  0.0111389
358  439  0.306616
358  593  0.0272839
358  712  0.544445
358  715  0.0908302
359  420  0.0115085
359  437  0.0177751
359  592  0.0273024
359  711  0.553955
360  436  0.0176237
360  591  0.0272259
360  710  0.553806
360  711  0.0766272
361  393  0.307015
361  709  0.542884
361  710  0.0783527
362  392  0.308755
362  417  0.0118144
363  391  0.309578
363  416  0.0125745
363  708  0.522402
363  709  0.0909469
364  386  0.042452
364  390  0.309445
364  415  0.0125756
364  707  0.516713
364  708  0.10141
365  385  0.0438531
365  389  0.306398
365  414  0.0125708
365  651  0.46852
365  707  0.101997
366  384  0.0441447
366  388  0.30547
366  413  0.0113051
366  650  0.469505
366  706  0.0993564
367  383  0.0441822
367  649  0.469594
367  705  0.0610577
368  382  0.0437348
368  387  0.328319
368  648  0.460819
368  656  0.0382262
368  704  0.0161012
369  386  0.3348
369  608  0.0152212
370  380  0.0441843
370  385  0.334853
370  409  0.0106574
370  607  0.0230639
370  646  0.437433
370  654  0.0929002
371  379  0.0436822
371  384  0.334745
371  408  0.0108231
371  606  0.0245141
371  645  0.446072
371  653  0.0930577
372  383  0.144745
372  407  0.0108029
372  604  0.564609
372  605  0.0167069
373  383  0.174102
373  603  0.58476
374  381  0.0454257
374  382  0.264165
374  602  0.585306
375  381  0.183141
375  601  0.582691
376  381  0.0300055
376  403  0.0101018
377  600  0.585553
378  386  0.0111354
378  599  0.589343
379  385  0.0111293
379  598  0.589349
380  597  0.587984
381  585  0.0116296
382  393  0.0197149
383  392  0.0197715
383  596  0.37783
384  391  0.0187785
384  595  0.574238
385  594  0.574788
386  593  0.574648
387  592  0.520109
388  705  0.0221836
389  401  0.0102109
389  590  0.125959
389  704  0.0322437
390  400  0.0107734
390  433  0.0616359
390  703  0.0337379
391  399  0.0106027
391  432  0.0639272
391  586  0.0158341
391  702  0.0337504
392  431  0.0640121
392  587  0.302138
392  701  0.0336629
393  430  0.0639336
393  586  0.313623
393  700  0.0335754
394  410  0.0362197
394  583  0.446525
394  699  0.0113375
395  409  0.0460409
395  582  0.524329
396  408  0.0495879
396  581  0.531735
397  407  0.052642
397  579  0.0847262
397  580  0.537045
398  403  0.0263685
398  406  0.0522717
398  578  0.628477
399  438  0.0171041
399  577  0.637234
400  438  0.170964
400  576  0.637297
401  437  0.0873383
401  575  0.63122
402  437  0.136183
403  436  0.240766
403  573  0.463645
404  435  0.240597
404  572  0.635588
405  434  0.238637
405  571  0.636531
406  422  0.035585
406  431  0.0208108
406  570  0.637434
407  421  0.0356054
407  430  0.0210434
407  432  0.236523
407  569  0.635594
408  420  0.0355704
408  431  0.160502
408  455  0.0855268
409  419  0.0355264
409  428  0.0234208
409  429  0.063627
409  430  0.0791828
409  454  0.077544
409  567  0.0230183
410  418  0.0352516
410  427  0.0256244
410  428  0.0646702
410  429  0.144992
411  417  0.032017
411  426  0.0261122
411  427  0.0621073
411  428  0.123999
411  452  0.0361844
412  425  0.0194764
412  451  0.0196196
413  425  0.117397
413  451  0.57645
414  424  0.109561
414  426  0.0419437
414  450  0.636248
415  423  0.0933528
415  424  0.198568
415  449  0.636671
416  421  0.0402649
416  423  0.213399
416  448  0.636297
417  422  0.209594
419  444  0.0220238
421  443  0.580661
422  442  0.581154
422  445  0.0526466
423  441  0.57671
423  444  0.0527914
424  438  0.0226175
424  443  0.0528946
425  439  0.257467
425  442  0.0524594
426  436  0.201302
426  438  0.353452
426  441  0.0484443
427  435  0.197069
427  437  0.297013
428  434  0.173543
428  435  0.0259681
429  434  0.0193553
429  435  0.0373677
429  437  0.0433324
430  434  0.0267246
430  436  0.0644492
430  438  0.0108518
439  588  0.0454545
440  587  0.0454813
441  586  0.0454927
442  585  0.0447377
444  581  0.0245652
444  584  0.0128852
445  580  0.0301788
445  583  0.0127449
446  579  0.030045
446  582  0.0126526
448  577  0.0741875
449  576  0.074359
450  570  0.016636
450  575  0.0741732
451  569  0.0105212
451  574  0.0741008
452  573  0.0686451
453  567  0.480234
454  566  0.601795
454  570  0.0899851
455  565  0.601876
455  569  0.0902343
456  564  0.598315
457  505  0.172571
457  563  0.588924
457  568  0.192626
458  504  0.190728
458  567  0.192985
459  503  0.195957
459  511  0.0127134
459  561  0.536001
459  566  0.193249
460  502  0.194907
460  560  0.52907
460  565  0.193063
461  501  0.171573
461  559  0.437692
461  564  0.190515
462  508  0.601709
462  563  0.181631
463  507  0.694948
464  506  0.720635
465  497  0.12095
465  505  0.722617
466  504  0.64053
466  506  0.011324
467  502  0.341381
467  505  0.0125409
468  494  0.552164
468  502  0.0107249
469  493  0.592605
469  497  0.0119792
470  492  0.59373
470  496  0.0119378
470  498  0.34981
470  503  0.0154277
471  491  0.59433
471  497  0.364939
471  502  0.0154191
472  490  0.586949
472  496  0.357193
474  487  0.0305541
474  493  0.381987
475  492  0.385775
476  486  0.599079
476  491  0.383255
477  485  0.599448
478  484  0.563597
478  489  0.362892
479  488  0.375505
480  487  0.374747
480  488  0.0133886
481  486  0.369194
481  487  0.0146055
487  496  0.0121187
488  495  0.0119722
489  494  0.0113733
497  503  0.269413
498  502  0.102651
505  562  0.022736
508  519  0.020719
508  559  0.211706
509  518  0.0204068
509  525  0.0730449
509  558  0.806564
510  524  0.0739948
510  557  0.808065
511  523  0.0735529
511  556  0.807243
513  520  0.0330468
513  554  0.645467
514  519  0.0380876
514  552  0.105293
514  553  0.671339
515  551  0.104334
515  552  0.666992
516  551  0.662821
517  549  0.79935
518  548  0.808278
519  547  0.808117
520  544  0.0128482
520  546  0.746501
522  542  0.790212
523  541  0.806462
524  540  0.806116
525  539  0.806767
526  538  0.788526
527  536  0.0309899
528  537  0.403839
529  536  0.353454
530  536  0.036904
531  537  0.014206
546  563  0.0484722
547  562  0.165901
548  561  0.166022
549  560  0.16483
550  559  0.158189
552  557  0.0152289
568  577  0.0142016
569  576  0.0121714
577  655  0.0113627
578  654  0.013053
579  653  0.0130471
580  652  0.0130908
581  591  0.0475905
581  651  0.0128993
582  590  0.0467629
583  589  0.0410831
586  591  0.0386897
586  595  0.0280963
587  594  0.0280271
588  593  0.0255165
588  670  0.0207437
589  669  0.021446
590  668  0.0215053
591  667  0.0215351
592  665  0.0210214
593  664  0.0210559
594  663  0.0202678
597  649  0.0106406
597  654  0.0330493
598  648  0.0110656
598  653  0.0331157
599  647  0.0111822
599  652  0.0325885
599  721  0.0534805
600  646  0.0106127
600  720  0.0537688
601  719  0.0528918
602  651  0.0883583
602  654  0.0278344
602  718  0.0492749
603  650  0.0885056
603  716  0.0135513
604  648  0.102928
604  653  0.0611156
604  715  0.0128119
605  647  0.102977
605  652  0.147388
606  646  0.072705
606  651  0.152586
607  645  0.036224
607  650  0.142979
608  645  0.246723
609  644  0.859292
610  643  0.963102
611  642  0.962491
612  641  0.957552
613  640  0.957101
613  702  0.010391
614  639  0.899859
614  701  0.0105303
615  638  0.616113
615  700  0.0105435
616  639  0.0117972
616  699  0.0104264
617  698  0.0100946
618  638  0.359065
619  634  0.0599003
619  636  0.0368743
619  637  0.820931
620  635  0.0397393
620  636  0.818741
621  635  0.739862
623  632  0.956775
624  631  0.965
624  634  0.0110499
625  630  0.73019
625  633  0.0107567
628  643  0.0101138
629  642  0.0101059
630  641  0.010107
631  640  0.0101127
650  674  0.0101039
651  673  0.0159247
652  672  0.0162103
653  671  0.0163581
654  670  0.016359
655  669  0.0158888
656  668  0.014738
661  705  0.761328
662  704  0.906295
663  703  0.927163
664  702  0.927359
665  701  0.926307
666  700  0.268514
667  699  0.120502
668  698  0.674821
669  697  0.0392484
670  699  0.0297958
671  697  0.899342
671  698  0.0246496
672  696  0.938662
672  697  0.0178704
673  695  0.952053
674  694  0.476453
675  694  0.501409
676  693  0.983411
677  692  0.971597
678  691  0.0227644
678  692  0.0156109
679  691  0.967601
680  690  0.991147
681  689  0.992002
682  688  0.985528
683  687  0.375155
719  738  0.0269271
720  737  0.0345838
722  735  0.046845
722  745  0.0161113
723  734  0.0491673
723  744  0.0193853
724  733  0.0491696
724  743  0.0193914
725  732  0.0511639
725  742  0.0194393
726  731  0.0506342
726  741  0.0194344
727  740  0.0193452
728  739  0.0150073
729  738  0.0102981
730  736  0.0129213
731  744  0.23581
732  743  0.236109
733  742  0.23672
734  741  0.235412
