1  784  0.478195
2  58  0.0132485
2  760  0.0375213
2  767  0.0809257
2  772  0.104746
2  783  0.587767
3  29  0.0346845
3  57  0.0179226
3  70  0.0102845
3  759  0.0455938
3  766  0.097459
3  771  0.126238
3  782  0.609882
4  28  0.0347027
4  56  0.0177589
4  69  0.0102673
4  758  0.0455803
4  765  0.0974378
4  770  0.126157
4  781  0.610185
5  27  0.034354
5  222  0.0137845
6  26  0.0292299
6  42  0.0129688
6  60  0.357475
6  63  0.0715482
6  221  0.0229477
6  763  0.0251467
7  41  0.0132418
7  59  0.355953
7  62  0.0711171
7  106  0.260608
7  220  0.0293082
8  24  0.0502511
8  40  0.0128477
8  105  0.263463
8  219  0.0295465
8  777  0.0317449
9  23  0.0553991
9  31  0.410147
9  104  0.264529
9  218  0.0296429
9  776  0.031846
10  22  0.0556547
10  30  0.563766
10  103  0.264695
10  217  0.0296654
10  775  0.0315182
11  21  0.0548518
11  29  0.602565
11  57  0.0106333
11  102  0.257216
11  216  0.029666
12  19  0.0539732
12  28  0.602589
12  56  0.0106317
12  215  0.0296632
13  18  0.0354568
13  27  0.600282
13  214  0.0245662
14  26  0.587396
14  99  0.249693
15  25  0.553044
15  98  0.25532
16  22  0.0121538
16  23  0.0943657
16  97  0.207754
17  22  0.0862352
17  23  0.153245
17  96  0.206047
18  22  0.0934928
18  23  0.0133088
18  95  0.254689
19  51  0.0100609
19  94  0.252488
20  50  0.0127383
21  49  0.0135508
21  61  0.0127296
22  48  0.0136902
22  51  0.0119919
22  60  0.0139805
22  180  0.0126907
23  50  0.0143921
23  179  0.0113304
24  49  0.0140793
26  47  0.0343166
26  178  0.0187575
27  46  0.0405812
27  58  0.185139
27  177  0.0285014
27  767  0.0113629
28  45  0.0414366
28  57  0.253659
28  176  0.029472
28  766  0.0121035
29  44  0.0415001
29  56  0.253429
29  175  0.0294732
29  765  0.0121039
30  42  0.302881
30  43  0.0349832
30  174  0.0291721
30  764  0.0121153
31  41  0.331615
31  42  0.0273281
31  173  0.0287917
31  763  0.0119681
32  40  0.334647
33  39  0.311712
34  38  0.156443
36  169  0.0125486
37  168  0.0101707
37  779  0.0216474
37  780  0.0128141
38  166  0.010376
38  778  0.0238951
38  779  0.0145822
39  165  0.012474
39  778  0.0146094
40  58  0.0305818
40  164  0.0136559
40  776  0.0735899
41  163  0.0152426
41  775  0.0771224
42  56  0.528039
42  774  0.0733594
43  55  0.905651
44  54  0.933062
45  53  0.92717
46  52  0.879817
47  51  0.440708
56  70  0.0625694
56  771  0.0251017
57  69  0.0628361
57  770  0.0251091
59  68  0.140978
59  93  0.145427
59  97  0.0148254
59  161  0.0223303
59  775  0.058263
60  67  0.136764
60  92  0.147912
60  96  0.0149565
60  160  0.0224471
60  774  0.0587685
61  91  0.1476
61  159  0.0224378
62  68  0.0843653
62  69  0.0105939
62  90  0.141995
62  93  0.123533
62  158  0.0224455
62  775  0.266777
63  67  0.0524534
63  68  0.0120356
63  92  0.125611
63  157  0.0224014
63  774  0.26746
64  91  0.123776
66  89  0.271406
67  88  0.286199
68  87  0.284564
69  86  0.158029
69  771  0.40571
70  770  0.406779
71  84  0.864251
72  83  0.954599
73  82  0.954093
74  81  0.871905
75  80  0.401519
82  771  0.0129975
83  770  0.0129105
86  770  0.133963
87  119  0.0119142
87  769  0.639996
88  118  0.0123516
88  768  0.678655
89  117  0.0123267
89  767  0.679219
90  116  0.0123228
90  766  0.680588
91  765  0.67997
92  113  0.0119313
92  156  0.0136416
92  764  0.680196
93  112  0.0121165
93  763  0.668397
94  111  0.0122661
94  154  0.0154595
95  110  0.0121627
95  153  0.0157265
96  152  0.015737
97  102  0.0156337
97  106  0.656276
98  105  0.650291
98  150  0.0157527
99  104  0.618521
99  149  0.0157664
100  148  0.0157613
101  147  0.0115366
103  145  0.0102209
106  758  0.0199841
107  757  0.205723
107  759  0.745074
108  756  0.205804
108  758  0.74537
109  755  0.206633
109  757  0.745856
110  754  0.206436
110  756  0.745189
111  753  0.20163
111  755  0.745662
112  754  0.742724
113  751  0.871038
114  750  0.930821
114  753  0.0126196
115  130  0.016649
115  749  0.932237
115  752  0.0124556
116  129  0.0167023
116  748  0.934396
117  128  0.0167241
117  745  0.031913
117  747  0.897043
118  127  0.016534
118  744  0.038049
118  745  0.671018
119  743  0.0397255
119  744  0.658228
120  743  0.622174
120  744  0.204419
121  741  0.511679
121  743  0.21596
122  740  0.522276
122  742  0.217428
123  738  0.228912
123  739  0.485573
123  741  0.190732
124  738  0.489203
125  736  0.937386
126  734  0.0102629
126  735  0.936298
127  733  0.0122229
127  734  0.934345
128  140  0.015334
128  732  0.0141222
128  733  0.929417
129  139  0.962074
130  138  0.961806
131  137  0.822155
140  725  0.739476
140  728  0.0101408
141  724  0.893152
142  723  0.931565
143  722  0.93697
144  721  0.939048
145  720  0.939196
147  719  0.942648
148  718  0.941634
150  716  0.903435
152  714  0.954248
153  713  0.954679
154  712  0.955214
155  711  0.954619
156  710  0.955316
157  658  0.0152547
157  709  0.943949
158  657  0.0157312
158  708  0.942524
159  656  0.015928
159  707  0.242597
160  655  0.0161022
160  658  0.0448453
160  706  0.138792
161  657  0.0447537
161  705  0.794784
163  655  0.0145523
163  661  0.21476
166  225  0.0149277
166  658  0.476472
167  224  0.018811
167  657  0.475223
167  658  0.105802
168  223  0.0115431
168  655  0.0443016
168  657  0.104553
168  661  0.286069
168  672  0.010452
169  660  0.286735
169  671  0.0104723
170  221  0.430684
170  670  0.0104665
171  220  0.872949
171  669  0.0104138
172  219  0.870006
174  217  0.938097
175  216  0.954379
176  215  0.954283
177  214  0.806246
178  214  0.103534
179  213  0.205452
181  212  0.873092
182  211  0.969353
183  210  0.986873
184  209  0.992763
185  208  0.997156
186  207  0.999286
187  206  0.998702
188  205  0.999436
189  204  0.999271
190  202  0.865237
191  201  0.864306
192  199  0.96641
193  198  0.947371
194  199  0.020187
215  661  0.0107289
216  660  0.0107256
221  652  0.0238895
221  653  0.0209339
221  654  0.304548
222  651  0.0349808
222  652  0.0391717
222  653  0.733705
223  650  0.0396652
223  651  0.0169073
223  652  0.838068
223  769  0.0168708
224  649  0.0388085
224  651  0.846551
224  768  0.017892
225  649  0.251131
225  650  0.640455
225  767  0.0178623
226  648  0.978848
226  766  0.0177669
227  647  0.978909
227  765  0.0177007
228  580  0.0144875
228  646  0.980899
229  579  0.01491
229  645  0.980927
230  578  0.0149129
230  644  0.980427
231  577  0.0149221
231  643  0.980961
232  576  0.0148859
232  642  0.980411
233  575  0.014834
233  641  0.978699
234  574  0.0113057
234  640  0.978997
235  639  0.979252
236  571  0.0103789
236  638  0.979622
237  570  0.0103668
237  637  0.979065
238  257  0.499703
238  483  0.0180608
238  636  0.285881
239  482  0.0181253
239  612  0.0205662
240  256  0.913611
240  481  0.0181439
240  611  0.0219917
241  255  0.91986
241  480  0.0181141
241  610  0.0219498
242  254  0.920981
242  457  0.0275329
242  629  0.0104009
243  253  0.911218
243  255  0.0257728
243  456  0.0286012
243  628  0.0104172
244  254  0.0306348
244  455  0.0287961
244  627  0.0104106
245  252  0.595161
245  253  0.030218
245  454  0.0287926
245  626  0.0104042
246  453  0.0242786
253  263  0.0112761
254  262  0.0112816
256  263  0.0195145
256  322  0.0112956
256  472  0.020096
257  262  0.0190971
257  321  0.0114174
257  471  0.020125
258  470  0.0200628
259  320  0.0138066
259  634  0.921478
260  319  0.0138301
260  633  0.921344
261  318  0.0138685
261  467  0.0201878
261  632  0.916019
262  317  0.0138929
262  466  0.0206414
262  631  0.91915
263  316  0.0138928
263  465  0.0206885
263  630  0.919806
264  315  0.0137481
264  464  0.0206591
264  629  0.839911
265  314  0.0131482
265  463  0.0205984
266  462  0.0205646
266  624  0.0913906
267  326  0.161467
267  448  0.0122946
267  623  0.102397
268  325  0.174188
268  447  0.0139728
268  625  0.0192392
268  627  0.0104732
269  324  0.196717
269  445  0.0139603
269  446  0.0102805
269  459  0.0199111
269  621  0.115907
269  627  0.0307974
270  310  0.0131007
270  323  0.216644
270  458  0.0201419
270  620  0.112967
270  626  0.0316204
270  628  0.37303
271  322  0.218217
271  457  0.0201766
271  625  0.028999
271  627  0.494404
272  308  0.013813
272  321  0.218005
272  442  0.0226477
272  456  0.0201137
272  618  0.114653
272  626  0.495308
273  307  0.013894
273  320  0.217034
273  455  0.019127
273  617  0.113965
273  625  0.495941
274  306  0.0138902
274  318  0.10827
274  319  0.111359
274  440  0.24788
274  624  0.474822
275  305  0.0138948
275  317  0.213997
275  439  0.293421
275  623  0.460574
276  304  0.0138936
276  316  0.216118
276  438  0.298935
276  622  0.459823
277  303  0.0129208
277  315  0.215558
277  437  0.763709
278  314  0.215772
278  436  0.765299
279  313  0.215752
279  435  0.765798
280  312  0.178992
280  434  0.765014
281  433  0.765205
282  432  0.765991
283  431  0.747935
284  301  0.113901
284  430  0.696173
285  300  0.998086
286  299  0.99897
287  298  0.995582
288  297  0.986895
289  296  0.845524
301  429  0.765601
302  310  0.214371
302  428  0.765941
303  309  0.215454
303  427  0.765924
304  426  0.765902
305  425  0.763165
306  424  0.558192
307  424  0.154781
309  383  0.0125477
309  422  0.746276
310  382  0.0126494
310  421  0.748726
311  381  0.0125995
311  420  0.747294
312  380  0.0113653
312  419  0.737382
313  390  0.0192051
313  418  0.704821
314  389  0.0192058
314  417  0.615924
315  388  0.0190028
315  398  0.0877132
315  414  0.0122096
316  377  0.0176817
316  387  0.0169372
316  397  0.108916
316  413  0.0461152
316  415  0.294677
316  418  0.0128006
317  376  0.017716
317  386  0.0169023
317  396  0.108821
317  412  0.0473169
317  414  0.360404
317  417  0.0135269
318  411  0.0340009
319  341  0.015194
319  361  0.0206955
320  340  0.0165103
320  360  0.0348021
320  373  0.019431
320  391  0.119558
320  412  0.0698497
320  414  0.146425
321  338  0.0111524
321  339  0.01077
321  352  0.0389577
321  359  0.0365247
321  390  0.124569
321  397  0.124639
321  413  0.172488
321  415  0.0134863
322  337  0.0170902
322  351  0.0421059
322  358  0.0365171
322  371  0.0260217
322  389  0.124484
322  396  0.124665
322  412  0.175038
322  414  0.0141445
323  350  0.040888
323  357  0.0324411
323  370  0.0274864
323  395  0.0974858
323  413  0.0139893
324  356  0.0101686
324  369  0.0275819
324  412  0.0130013
325  346  0.0514004
325  368  0.0414524
326  333  0.0428481
326  337  0.0207527
326  345  0.018759
326  356  0.212501
326  367  0.0426128
326  628  0.0126807
327  332  0.197762
327  336  0.0340233
327  344  0.0208562
327  355  0.28648
327  366  0.032221
327  627  0.0870956
328  335  0.0329218
328  343  0.0547116
328  354  0.286533
328  365  0.0263127
328  366  0.0117316
328  625  0.145966
329  342  0.045335
329  353  0.226216
329  365  0.0111306
329  624  0.0974602
330  339  0.0568423
330  352  0.152985
330  353  0.05883
330  623  0.0487781
330  624  0.115757
331  338  0.067932
331  352  0.117395
331  623  0.175408
332  337  0.0682286
332  351  0.175743
332  363  0.032025
332  375  0.108689
332  622  0.226855
333  350  0.145402
333  362  0.0361132
333  364  0.13356
333  374  0.117579
333  621  0.227612
334  361  0.0357888
334  363  0.133821
334  373  0.118122
334  620  0.227442
335  360  0.035145
335  361  0.140284
335  372  0.118252
335  619  0.227146
336  345  0.0361465
336  358  0.0343316
336  360  0.141092
336  371  0.118201
337  343  0.0114461
337  344  0.027942
337  347  0.153061
337  357  0.0343615
337  359  0.141623
337  370  0.105021
337  601  0.0109472
337  617  0.216448
338  345  0.018545
338  346  0.162193
338  356  0.0334396
338  358  0.138997
338  368  0.0712319
338  412  0.0120897
338  600  0.0101574
338  616  0.216091
339  345  0.155356
339  356  0.0232808
339  367  0.0717249
339  411  0.0326549
339  615  0.209805
340  344  0.0110331
340  354  0.109649
340  355  0.0213945
340  366  0.0740399
340  410  0.0374372
341  353  0.109013
341  365  0.0688742
341  409  0.0374201
341  597  0.0109898
341  612  0.0151447
342  368  0.0319002
342  408  0.0372267
342  596  0.0109221
342  611  0.0175646
343  351  0.0909085
343  361  0.0161363
343  367  0.0317544
343  407  0.0370055
343  412  0.0338782
343  595  0.0108663
343  610  0.0179503
343  611  0.19433
344  360  0.0161549
344  367  0.0141114
344  411  0.0352206
344  609  0.0167497
344  610  0.18925
345  354  0.0339522
345  359  0.0160449
345  364  0.0349501
345  366  0.0449995
345  405  0.0292217
345  410  0.0345204
345  416  0.0129557
346  353  0.0322196
346  365  0.0449194
346  404  0.0280329
346  409  0.0343332
346  415  0.0139404
346  608  0.197079
347  358  0.0106015
347  363  0.100387
347  408  0.0333586
347  414  0.0142874
347  607  0.19643
348  357  0.0105841
348  362  0.108561
348  413  0.0163297
348  606  0.178531
349  361  0.103087
349  412  0.0162732
349  591  0.0717626
349  603  0.0427074
350  360  0.103004
350  411  0.0152684
350  590  0.0838902
350  602  0.059956
350  604  0.0137301
351  359  0.110426
351  401  0.027983
351  601  0.0620497
352  358  0.10006
352  400  0.0267334
352  588  0.0927882
352  600  0.055782
352  602  0.0137167
352  603  0.0201383
353  399  0.0191515
353  587  0.0952556
353  599  0.0256745
353  602  0.0205374
354  586  0.0955234
354  596  0.0550269
354  600  0.0724207
355  585  0.0954911
355  595  0.0551417
355  599  0.0731465
356  584  0.0844411
356  594  0.0526646
356  598  0.0706004
357  398  0.36095
358  397  0.428322
358  583  0.0619363
358  593  0.0523378
359  396  0.42839
359  564  0.0155911
359  582  0.0611501
359  592  0.0523162
359  595  0.0603145
360  395  0.401085
360  563  0.0821366
360  594  0.0618998
361  394  0.405906
361  562  0.082126
361  593  0.0619233
362  393  0.433025
362  592  0.0604145
363  390  0.0163029
363  392  0.432967
363  561  0.0844128
364  389  0.0163344
364  391  0.432559
365  388  0.0155418
365  560  0.156581
365  590  0.0278809
366  389  0.405818
366  559  0.168518
366  589  0.0302179
367  558  0.172765
369  387  0.60217
369  556  0.177128
369  561  0.020366
370  386  0.604436
370  555  0.177233
370  559  0.0124788
370  560  0.0176628
371  385  0.611461
371  554  0.177348
371  558  0.0244436
372  383  0.0102115
372  384  0.610211
372  553  0.177313
372  558  0.0123907
373  382  0.0113024
373  383  0.602584
373  552  0.17525
373  556  0.0384126
374  551  0.171315
374  555  0.0384589
375  381  0.0352162
375  382  0.498409
375  550  0.152038
375  554  0.0385462
376  381  0.289322
376  390  0.104995
376  503  0.0179762
376  505  0.0288988
376  549  0.0994047
376  553  0.0385005
377  389  0.105168
377  502  0.0190334
377  504  0.0288915
377  547  0.0869133
378  388  0.105069
378  500  0.0448985
378  546  0.077526
378  551  0.0380438
379  387  0.103831
379  499  0.0582756
379  545  0.0265589
379  550  0.0417179
380  498  0.0597468
380  549  0.0430808
381  490  0.0311258
381  497  0.0599009
381  548  0.0435689
382  489  0.0339488
382  496  0.0594875
382  547  0.0433259
383  488  0.0339399
383  512  0.0231639
384  487  0.0337818
384  511  0.0244077
385  419  0.0933611
385  510  0.0253436
386  418  0.11361
386  505  0.0855306
386  509  0.0262716
387  417  0.113635
387  504  0.0855608
387  508  0.0262359
388  416  0.11292
388  503  0.0567596
389  415  0.110356
389  503  0.054229
390  414  0.110078
390  419  0.0116919
390  502  0.108122
391  397  0.0773907
391  413  0.0129743
391  418  0.0335906
391  501  0.107956
392  396  0.0295157
392  417  0.0336052
392  500  0.107645
393  416  0.0315489
393  499  0.102961
395  414  0.0178281
395  497  0.0100687
396  413  0.0672814
396  418  0.0104454
397  407  0.011485
397  412  0.0706088
397  417  0.0104478
397  496  0.0910363
398  406  0.01983
398  416  0.0100781
398  495  0.0889215
399  405  0.0243806
399  410  0.80943
399  494  0.0810251
400  409  0.81208
400  493  0.0753283
401  408  0.812229
401  489  0.0695494
402  407  0.678128
402  488  0.0697472
403  487  0.06965
404  489  0.0105749
405  488  0.013296
406  484  0.0599923
406  487  0.0134
407  483  0.0651601
407  486  0.0143535
408  485  0.0143522
409  484  0.0132721
410  480  0.0657348
411  479  0.0555556
412  477  0.0249596
412  479  0.0258184
413  476  0.0234062
413  478  0.0459385
414  477  0.0461074
415  476  0.0408318
416  473  0.0669774
417  472  0.0836861
418  471  0.0839186
419  470  0.0837715
420  469  0.083851
420  490  0.0822639
421  468  0.0832101
421  489  0.0901466
422  465  0.0823355
422  488  0.0901503
423  464  0.0831511
424  463  0.0711069
424  486  0.148292
425  462  0.0718038
425  485  0.148839
426  461  0.0820778
426  484  0.148844
427  483  0.148585
428  457  0.0861935
428  482  0.146316
429  456  0.086695
429  480  0.0572075
429  481  0.0890779
430  455  0.118477
430  479  0.114114
431  454  0.0642907
431  478  0.114295
432  453  0.0638577
432  477  0.114587
433  452  0.118346
433  476  0.114423
434  451  0.118403
434  475  0.11397
435  450  0.118524
435  474  0.113737
436  449  0.113365
436  473  0.113218
437  471  0.111095
438  447  0.102182
438  470  0.110932
438  617  0.0383722
438  621  0.32591
439  469  0.111057
439  616  0.0380068
439  620  0.319292
440  468  0.110945
440  615  0.0360092
440  619  0.134759
441  467  0.110557
441  624  0.037163
442  466  0.109212
442  623  0.0558894
443  451  0.0801273
443  465  0.107066
443  618  0.353918
443  622  0.0606707
444  450  0.0962979
444  464  0.0990903
444  617  0.376148
444  621  0.0880521
445  449  0.0366757
445  616  0.233345
445  620  0.0637115
446  615  0.0514537
446  616  0.191605
446  619  0.0223434
446  620  0.0291068
447  461  0.0999235
447  615  0.339673
447  619  0.0574443
448  460  0.0952241
448  613  0.0491712
448  614  0.331443
448  618  0.0538395
449  459  0.0744762
449  612  0.0418956
450  456  0.0128145
450  611  0.0390449
453  613  0.598019
454  612  0.666743
455  610  0.0121416
455  611  0.672085
457  480  0.0293206
457  609  0.715163
458  479  0.030967
458  608  0.73755
459  478  0.0312004
459  607  0.73969
460  477  0.0308795
460  606  0.694273
461  605  0.69636
462  604  0.740862
463  603  0.739643
464  473  0.0309191
464  602  0.741363
465  472  0.0315615
465  601  0.742339
466  471  0.0256135
466  600  0.687193
467  599  0.0674883
468  598  0.122792
469  597  0.737418
470  596  0.599369
471  580  0.0260035
471  593  0.556378
472  579  0.0273994
472  592  0.557629
472  595  0.0290173
473  578  0.0248998
473  594  0.0203826
474  590  0.0369167
475  573  0.0324828
476  572  0.038057
477  571  0.0407571
479  551  0.0109891
479  585  0.054124
480  550  0.0108351
480  562  0.353016
480  584  0.066932
481  549  0.0110102
481  561  0.572389
481  568  0.0402029
481  583  0.0699227
482  548  0.011777
482  560  0.575691
482  582  0.069821
483  547  0.011778
483  559  0.576082
483  567  0.0742033
483  581  0.0696038
484  505  0.0148866
484  558  0.575623
484  566  0.174145
485  504  0.0148654
485  557  0.449039
485  565  0.174228
486  502  0.0167492
486  557  0.123794
486  564  0.174228
487  501  0.0176557
487  554  0.0834205
487  556  0.247417
487  563  0.174293
488  553  0.0834884
488  554  0.485313
488  562  0.174289
489  552  0.0751479
489  553  0.485481
489  561  0.173343
490  499  0.0980755
490  550  0.0666116
490  552  0.448998
491  498  0.107212
491  549  0.11077
491  550  0.0103348
492  497  0.0964075
492  548  0.114563
493  547  0.110256
493  548  0.0370955
494  546  0.0814634
494  547  0.0368162
494  548  0.0114462
495  502  0.0620978
495  506  0.288477
495  546  0.0282798
495  547  0.010039
495  551  0.0130686
496  501  0.116774
496  505  0.369637
496  550  0.0138984
497  503  0.0359343
497  549  0.013895
498  502  0.0213308
498  504  0.0210392
498  548  0.0133131
498  560  0.024432
499  547  0.0105241
501  557  0.048506
501  559  0.0745489
502  556  0.0535976
502  558  0.0784575
503  555  0.0534318
503  557  0.0782438
503  559  0.0151248
504  554  0.0510732
504  556  0.0735691
504  558  0.0259209
505  547  0.0238961
505  557  0.0259285
507  545  0.943021
508  544  0.956445
509  543  0.956637
510  542  0.956161
511  541  0.413667
512  540  0.413018
513  539  0.93264
515  537  0.606339
516  536  0.916527
517  534  0.975501
518  533  0.974666
519  532  0.912978
547  553  0.0800538
547  554  0.0580124
548  552  0.0307558
554  595  0.0111441
555  594  0.0111492
557  593  0.0135505
558  592  0.013557
562  586  0.360826
563  585  0.666433
564  583  0.060927
564  584  0.666216
565  583  0.673954
566  581  0.471448
566  582  0.337731
567  580  0.890833
568  579  0.895919
568  595  0.0331032
569  578  0.896902
569  594  0.0341066
570  577  0.889658
570  593  0.034302
571  576  0.584431
572  591  0.0343415
573  590  0.0343806
574  589  0.0251091
576  587  0.0349274
577  586  0.0353312
578  585  0.0316266
581  594  0.0634545
582  593  0.0820339
583  592  0.082124
584  591  0.0791329
592  601  0.0883592
593  600  0.0882196
594  599  0.0693005
595  764  0.0166957
596  763  0.0167184
597  762  0.0151231
598  761  0.0130359
600  759  0.0108166
601  758  0.0108463
609  730  0.0179135
610  729  0.017961
611  728  0.017962
612  727  0.0179278
613  726  0.0176138
614  633  0.0251281
614  725  0.0149502
615  632  0.0361765
615  712  0.016583
616  631  0.0385849
616  711  0.0165827
617  630  0.0393693
617  710  0.0165887
618  629  0.0409626
619  709  0.0183369
620  627  0.0620588
620  708  0.0183404
621  626  0.0614869
621  628  0.0106512
621  707  0.0183374
622  627  0.0145932
622  706  0.0168466
626  702  0.0159006
627  701  0.0180901
628  700  0.0180995
629  699  0.0180837
630  698  0.0180978
631  697  0.0180807
632  696  0.0180399
633  695  0.0180727
634  694  0.0180819
636  693  0.0162454
637  692  0.0162303
638  691  0.0162201
639  690  0.0155382
640  689  0.0136486
645  666  0.0172826
646  665  0.0172886
647  664  0.0172852
648  663  0.0172277
659  706  0.0161348
660  705  0.0119948
660  708  0.0106113
661  707  0.0108145
662  703  0.799322
663  702  0.927811
663  757  0.012836
664  701  0.943131
664  756  0.012841
665  700  0.946208
665  755  0.0128983
666  699  0.946193
666  754  0.0128975
667  698  0.90881
667  753  0.0122762
668  683  0.0583449
670  681  0.663716
671  680  0.90466
672  679  0.902923
672  694  0.0578997
673  678  0.683263
673  693  0.0575235
674  692  0.0527843
674  747  0.0119829
675  689  0.0180481
675  746  0.0120771
676  745  0.0121152
677  687  0.0302667
677  744  0.0119643
678  686  0.0320893
679  685  0.0316248
679  700  0.0216013
680  688  0.0303795
680  699  0.0215775
681  687  0.0296033
682  689  0.0147353
682  690  0.0109471
682  694  0.0141584
682  696  0.0518267
682  697  0.0698799
683  688  0.0139695
683  689  0.0115886
683  693  0.0183215
683  695  0.0618962
683  696  0.0833592
684  692  0.0173729
685  694  0.770754
686  693  0.70125
686  695  0.0235977
686  697  0.0136412
687  694  0.0256214
687  696  0.0195192
707  736  0.0168648
708  735  0.0168704
709  734  0.0173625
711  733  0.0191683
712  732  0.0245092
713  731  0.0246751
714  719  0.0170641
714  730  0.0246749
715  729  0.0240057
732  753  0.0251697
733  752  0.0251986
734  750  0.0259285
735  749  0.0259517
736  748  0.0260338
737  747  0.0256035
738  746  0.0239783
758  766  0.0395308
759  765  0.0391349
763  775  0.0476528
764  774  0.0474342
765  771  0.0231385
766  770  0.0190236
