1  703  0.0195722
2  12  0.113598
2  23  0.0153151
2  118  0.192307
2  127  0.117159
2  697  0.0261868
2  702  0.0229583
2  704  0.0122133
3  11  0.137423
3  22  0.0185035
3  100  0.0102781
3  117  0.322105
3  126  0.134554
3  703  0.0131398
4  10  0.136409
4  21  0.0147049
4  99  0.0102891
4  116  0.322204
4  119  0.0296357
4  125  0.136545
4  695  0.0377138
4  697  0.0106661
4  698  0.116784
4  701  0.0360488
5  9  0.11685
5  98  0.0102524
5  115  0.321975
5  118  0.0332749
5  124  0.134623
5  694  0.0384331
5  696  0.0150198
5  697  0.122746
5  700  0.0420761
6  122  0.0100662
7  20  0.0340735
7  116  0.041465
7  119  0.189394
7  693  0.0115241
7  695  0.137781
7  698  0.0160139
8  19  0.0362715
8  115  0.0424389
8  118  0.19785
8  691  0.0152023
8  692  0.0115231
8  694  0.138957
8  697  0.0161298
9  18  0.0362263
9  114  0.036357
9  117  0.193571
10  17  0.0324398
10  113  0.0322708
11  115  0.0672943
11  691  0.127138
15  704  0.0170099
16  703  0.018302
17  97  0.464581
17  702  0.0171861
18  96  0.622917
18  701  0.0151899
19  95  0.664128
20  94  0.66366
21  93  0.662745
22  92  0.659716
23  69  0.0560841
24  68  0.0692835
25  67  0.0747932
25  70  0.204388
25  71  0.0815668
25  91  0.0490837
25  132  0.243537
26  47  0.0308355
26  66  0.0761406
26  90  0.0488441
26  131  0.269531
27  46  0.0571579
27  65  0.0757149
27  68  0.300885
27  70  0.0163555
27  89  0.0420795
27  130  0.278755
28  64  0.0726113
28  67  0.409094
28  69  0.0148564
28  88  0.0276798
28  129  0.277792
29  45  0.0918549
29  63  0.0426781
29  66  0.434977
29  128  0.266557
30  44  0.140084
30  62  0.03552
30  65  0.274325
31  43  0.140542
31  124  0.253218
32  42  0.140559
32  63  0.534018
32  123  0.253309
33  41  0.140423
33  61  0.0366179
33  62  0.559067
33  122  0.248791
34  40  0.140395
34  60  0.03769
34  61  0.558969
34  121  0.249104
35  39  0.0534447
35  59  0.047168
35  120  0.244808
36  58  0.0293911
36  59  0.044724
36  119  0.226527
39  56  0.790178
40  55  0.790887
41  54  0.30172
42  53  0.30179
42  87  0.0526751
43  52  0.790987
43  86  0.052884
44  51  0.7909
44  85  0.0528863
45  50  0.779484
45  84  0.0529272
46  83  0.0527306
47  88  0.0679382
48  77  0.05481
48  87  0.132074
49  76  0.0570198
49  86  0.132225
50  75  0.057511
50  85  0.132234
51  74  0.059589
51  84  0.13015
52  73  0.0595907
52  83  0.130055
53  72  0.0594709
53  82  0.128392
54  71  0.0595128
54  81  0.123375
55  64  0.0954905
55  70  0.0585613
55  76  0.0181695
56  63  0.104436
56  75  0.018359
57  62  0.0998196
57  68  0.0128535
57  69  0.0321118
57  70  0.0138215
57  74  0.0180381
58  67  0.0199635
58  68  0.0322487
58  69  0.0145527
59  67  0.0322049
59  68  0.0144774
60  66  0.0278577
61  73  0.0256494
62  72  0.0260859
62  118  0.122873
63  71  0.0251364
63  117  0.129769
64  116  0.128363
65  115  0.121583
68  699  0.0106814
69  80  0.0920102
69  125  0.0407807
69  698  0.0134023
70  79  0.101751
70  124  0.0445498
70  697  0.01376
71  78  0.101061
71  123  0.0445759
71  696  0.0137477
72  77  0.0883247
72  87  0.808194
73  86  0.809773
74  85  0.809789
75  84  0.811963
76  83  0.81129
77  82  0.735526
91  118  0.123648
92  117  0.130196
92  121  0.0396261
93  116  0.12368
93  120  0.0397787
94  115  0.0948933
94  119  0.0398262
95  115  0.0129793
95  118  0.0397461
96  113  0.0692328
97  112  0.0703395
97  114  0.0103395
98  111  0.0396909
98  112  0.010096
98  114  0.741664
99  113  0.74093
101  111  0.913413
102  110  0.94728
103  109  0.938115
104  108  0.357118
105  704  0.0119389
106  703  0.0129776
107  701  0.0145548
107  702  0.0116767
108  700  0.0171955
111  697  0.0411493
112  696  0.0715813
113  695  0.0717777
114  694  0.0718094
117  691  0.0655057
118  690  0.0403982
121  208  0.100677
121  697  0.0149326
121  700  0.131313
122  131  0.0124107
122  207  0.101199
122  696  0.0146213
122  699  0.130127
123  130  0.0180492
123  206  0.101423
124  130  0.0170191
124  205  0.100726
126  696  0.0270157
126  698  0.012979
129  163  0.0386317
129  164  0.0148723
129  212  0.0112049
129  693  0.19768
129  695  0.0935261
129  698  0.0185348
130  162  0.0517059
130  163  0.0152952
130  211  0.0148536
130  692  0.203166
130  694  0.0966559
130  697  0.0195346
131  161  0.0501896
132  691  0.376925
133  159  0.0263526
133  228  0.0144878
133  690  0.639494
134  211  0.0110084
134  227  0.0145524
134  689  0.639864
135  157  0.472392
136  156  0.865562
137  155  0.972437
138  154  0.980411
139  153  0.980484
140  152  0.979925
141  151  0.980041
142  150  0.932981
157  688  0.415457
158  687  0.6479
159  209  0.156463
159  686  0.688727
160  208  0.165465
160  685  0.692284
161  207  0.165524
161  221  0.0207708
161  684  0.691305
162  206  0.165661
162  220  0.0255078
162  683  0.690307
163  205  0.164696
163  219  0.0305788
163  682  0.68486
164  218  0.0305961
165  217  0.0305945
166  174  0.0152866
166  216  0.0306333
166  679  0.50649
167  215  0.0296692
167  678  0.433607
168  174  0.143523
168  214  0.0147981
168  678  0.203227
169  173  0.0547385
169  676  0.217508
169  677  0.399619
170  674  0.0128044
170  675  0.230589
170  676  0.401283
171  673  0.0130625
171  674  0.229624
171  675  0.406165
172  672  0.0113395
172  673  0.216315
172  674  0.394086
175  203  0.305465
176  202  0.305605
176  670  0.663805
177  201  0.305514
177  669  0.665251
178  200  0.305498
179  199  0.300504
179  668  0.658362
180  665  0.0165851
180  667  0.655837
181  664  0.0174468
181  666  0.576567
182  197  0.259471
182  663  0.0179073
183  196  0.285542
183  662  0.0159322
183  664  0.52271
184  195  0.285618
184  663  0.539133
185  194  0.282852
185  663  0.0112054
186  192  0.106784
186  661  0.666423
187  193  0.137655
187  660  0.671829
188  192  0.0524142
188  659  0.671172
189  478  0.0100187
189  658  0.671029
190  477  0.0100507
190  657  0.671754
191  476  0.0100299
191  656  0.666058
192  498  0.0553977
192  655  0.598754
193  336  0.496766
193  497  0.0569747
194  335  0.533586
194  496  0.0573166
195  334  0.543811
195  495  0.0580998
196  333  0.546891
196  494  0.0580611
197  332  0.547885
198  331  0.549218
199  330  0.54947
199  491  0.0550324
199  520  0.0101214
200  329  0.541325
200  490  0.0527284
200  528  0.026797
201  328  0.516815
201  488  0.0553229
201  527  0.0268023
202  325  0.0650637
202  487  0.0553654
202  525  0.0276714
203  324  0.065405
203  327  0.344667
203  486  0.0542102
203  524  0.027658
204  214  0.0117137
204  326  0.323863
204  485  0.0382877
205  212  0.0270294
205  213  0.0163998
205  324  0.237
205  328  0.0238891
206  211  0.0257992
206  212  0.0159179
206  299  0.013294
206  323  0.231365
206  324  0.0538995
206  327  0.0505053
207  220  0.169096
207  298  0.0137368
207  326  0.0508772
207  485  0.0124235
208  219  0.19397
208  297  0.0137839
208  325  0.0508189
208  484  0.0168905
209  218  0.193819
209  483  0.0158061
210  217  0.193381
211  216  0.185106
211  230  0.417129
211  295  0.0116289
211  349  0.0548066
212  229  0.417512
212  294  0.0116257
212  348  0.0548647
213  228  0.416164
213  293  0.0114937
213  347  0.0548585
213  703  0.217391
214  227  0.299956
214  292  0.0112466
214  346  0.0522228
214  702  0.233301
215  291  0.0102436
215  340  0.0553556
215  701  0.240636
216  339  0.0563413
216  700  0.241545
217  225  0.0138113
217  338  0.0282625
217  699  0.241438
218  337  0.0281556
218  698  0.241433
219  336  0.0564344
219  697  0.241019
220  335  0.0527227
220  696  0.207894
222  694  0.0887083
222  695  0.0428049
223  332  0.0145196
223  693  0.0898012
223  694  0.0421618
224  331  0.0182857
224  332  0.0107618
224  692  0.0890773
224  693  0.0396585
225  234  0.0270715
226  233  0.0404965
226  330  0.0768701
226  364  0.0107679
226  691  0.180265
227  232  0.0377631
227  325  0.0558206
227  329  0.0883505
227  363  0.0112597
227  516  0.0427409
227  690  0.180771
228  324  0.0555659
228  328  0.0880984
228  515  0.0432164
228  689  0.179968
229  323  0.0448854
229  327  0.0883145
229  514  0.0432166
230  360  0.011563
230  513  0.0431178
231  359  0.0116137
231  512  0.0395576
232  323  0.338984
232  685  0.0242466
233  239  0.0155135
233  240  0.0127698
233  242  0.147708
233  322  0.623875
233  358  0.0200023
233  510  0.0156047
234  241  0.107252
234  289  0.0226258
234  321  0.623955
234  357  0.0202611
235  288  0.0275869
235  320  0.624246
235  356  0.0203512
235  693  0.0148573
236  287  0.0351072
236  319  0.623939
236  355  0.0203688
236  507  0.0108386
236  692  0.015667
237  286  0.0356979
237  318  0.621133
237  354  0.0203416
237  506  0.0106642
237  691  0.0156773
238  284  0.0637795
238  505  0.0100584
238  508  0.0240465
239  283  0.0706467
239  507  0.0255201
240  282  0.0710049
240  506  0.0255346
241  281  0.0676431
241  505  0.0255364
242  279  0.0347533
242  504  0.0255559
243  278  0.0294143
243  315  0.619607
243  487  0.0189786
243  503  0.0253573
243  682  0.220119
244  314  0.622228
244  486  0.0189518
244  502  0.0253703
244  681  0.224689
245  313  0.621682
245  501  0.0235965
245  680  0.22475
246  312  0.620826
246  679  0.224932
247  276  0.132976
247  311  0.535898
247  678  0.224289
248  275  0.170975
248  677  0.204747
249  274  0.172055
250  273  0.170295
250  274  0.0218216
251  273  0.0268578
251  274  0.0110511
251  675  0.206103
252  674  0.211347
253  673  0.211271
254  271  0.989101
255  270  0.993127
256  269  0.994972
257  268  0.99586
258  267  0.995682
259  266  0.963844
272  308  0.381352
272  670  0.113082
273  307  0.485206
273  669  0.221905
274  306  0.501443
274  310  0.0416846
274  668  0.221006
275  305  0.496022
275  309  0.0432944
276  308  0.0437946
276  486  0.0136717
277  303  0.476011
277  307  0.0370562
277  485  0.0175845
278  302  0.533
279  301  0.536586
279  304  0.0760295
279  484  0.279833
280  300  0.537602
280  303  0.0762522
280  483  0.280552
281  299  0.292363
281  302  0.0761646
281  482  0.280324
282  298  0.290899
282  301  0.0596191
282  481  0.281072
283  297  0.533765
283  300  0.05668
283  480  0.280607
284  299  0.0195943
284  479  0.23596
285  299  0.0165234
286  294  0.0152379
286  295  0.061171
286  296  0.382899
286  297  0.0479731
286  298  0.0123184
286  348  0.205107
286  349  0.0727003
286  477  0.0155345
287  293  0.0140471
287  294  0.0594449
287  295  0.505397
287  296  0.0266684
287  297  0.0113937
287  347  0.208706
287  348  0.0703035
288  293  0.0272681
288  294  0.503151
288  295  0.0294064
288  345  0.260429
288  347  0.0492469
289  293  0.191739
289  344  0.30062
290  343  0.307711
291  342  0.308806
292  341  0.309489
293  340  0.310295
294  339  0.31043
295  338  0.310278
295  694  0.0389826
296  337  0.295999
296  693  0.0447347
297  336  0.269213
297  692  0.0452599
298  335  0.208446
298  691  0.0454112
299  304  0.0465503
299  306  0.0532556
299  333  0.0242539
299  690  0.0462436
300  332  0.0239127
300  335  0.018808
300  689  0.0461988
301  308  0.0139776
301  331  0.0137023
301  334  0.0488362
301  688  0.0461015
302  307  0.0130357
302  333  0.0525659
302  687  0.0461415
303  331  0.0100083
303  332  0.0506652
303  686  0.0460865
304  330  0.0115325
304  334  0.0156068
304  336  0.0376303
304  685  0.0459905
305  331  0.0324925
305  335  0.0549671
305  684  0.0337252
306  330  0.0331019
306  334  0.0644271
306  681  0.0156225
307  334  0.0162669
307  680  0.015009
308  333  0.0212472
309  331  0.193245
309  332  0.0118698
309  676  0.0175362
310  328  0.0141161
310  330  0.214471
310  675  0.0202286
311  328  0.285258
311  674  0.0202191
312  327  0.343295
312  673  0.0201897
313  326  0.346993
314  325  0.347914
315  324  0.340684
316  323  0.306966
317  323  0.0144111
317  486  0.0113023
318  322  0.0133828
318  485  0.0124149
319  484  0.0125756
322  482  0.0155976
323  481  0.0156658
324  480  0.0156475
326  478  0.0140589
327  477  0.0138719
328  475  0.015905
329  474  0.0161433
330  473  0.0159896
331  472  0.0146678
333  478  0.0113805
334  477  0.0127779
335  476  0.0104111
335  650  0.0104619
336  349  0.0649263
336  649  0.0155372
336  683  0.0177407
337  348  0.0674551
337  349  0.131391
337  649  0.0917045
337  650  0.0156919
337  682  0.017721
338  347  0.0673696
338  348  0.131515
338  648  0.0925842
338  649  0.0160046
339  345  0.0217209
339  347  0.126635
339  646  0.396377
339  679  0.0213746
340  645  0.398068
340  678  0.0214033
341  644  0.39807
341  677  0.0213938
342  643  0.398126
342  676  0.021411
343  642  0.3983
343  675  0.0213874
344  641  0.399462
344  674  0.0214206
345  640  0.399586
345  673  0.0214255
346  639  0.350538
348  355  0.0100249
349  360  0.0101836
349  636  0.21846
350  359  0.0104662
350  374  0.0121173
350  476  0.29051
351  358  0.0102262
351  361  0.0479199
351  373  0.0195395
351  473  0.011174
351  475  0.422295
351  487  0.0425456
351  634  0.206839
351  652  0.143489
352  360  0.0494223
352  372  0.0195619
352  474  0.422455
352  486  0.0425794
352  633  0.207221
352  651  0.143557
353  359  0.0489592
353  371  0.0195619
353  472  0.4552
353  485  0.0424121
353  632  0.156813
353  650  0.142649
354  358  0.0385422
354  370  0.0195452
354  471  0.510328
354  484  0.042066
354  649  0.139975
355  470  0.54741
355  483  0.0381365
355  648  0.0976184
356  469  0.547382
357  468  0.547228
358  467  0.519857
358  496  0.0131905
358  524  0.0184882
359  367  0.0125418
359  467  0.0296203
359  478  0.0407079
359  495  0.018361
359  523  0.0189658
360  366  0.0215511
360  466  0.553439
360  477  0.0442627
360  494  0.0178485
360  522  0.0191001
360  634  0.020332
361  465  0.553204
361  521  0.0188783
361  633  0.0204581
362  464  0.553276
362  492  0.0271836
362  632  0.0166272
363  463  0.552991
363  474  0.0471747
363  491  0.0294726
363  520  0.0158829
363  636  0.0584759
363  640  0.0262761
364  473  0.047634
364  490  0.0296642
364  519  0.0142912
364  635  0.0654724
364  639  0.0271355
365  472  0.047365
365  489  0.0296517
365  638  0.0271359
366  459  0.118372
366  488  0.0296108
366  633  0.0447431
366  636  0.04876
367  375  0.0166303
367  470  0.0500209
367  487  0.0213749
367  528  0.011756
367  632  0.026876
367  635  0.0491826
368  374  0.0142396
368  469  0.0502137
369  468  0.0501902
370  456  0.557373
370  467  0.0502234
370  527  0.272263
370  692  0.0111513
371  455  0.558558
371  465  0.0499047
371  526  0.290062
371  691  0.0112547
372  454  0.55913
372  464  0.0499562
372  525  0.295139
372  690  0.0114122
373  453  0.558188
373  463  0.0500435
373  524  0.295059
373  689  0.0114104
374  462  0.048224
374  523  0.263779
374  688  0.0107951
375  450  0.0265591
376  451  0.111492
376  503  0.033998
377  450  0.123831
377  459  0.0430814
377  502  0.0382693
378  457  0.0506127
378  501  0.0381619
378  520  0.133771
379  447  0.546373
379  456  0.0506721
379  496  0.0104589
379  520  0.0180137
379  685  0.0115281
380  446  0.551072
380  455  0.0504334
380  495  0.0105298
380  518  0.268351
380  684  0.0117089
381  442  0.0220485
381  445  0.550215
381  454  0.0437018
381  494  0.0104756
381  517  0.284544
381  683  0.0117315
382  441  0.0224796
382  444  0.548348
382  451  0.0168484
382  498  0.043501
382  516  0.284597
382  682  0.0117224
383  443  0.541641
383  450  0.0176027
383  497  0.0461342
383  515  0.284586
383  681  0.0116902
384  439  0.498834
384  491  0.0107518
384  496  0.0460839
384  514  0.284565
385  438  0.511724
385  441  0.02063
385  490  0.010907
386  437  0.514746
386  489  0.010896
386  512  0.284088
387  436  0.513618
387  446  0.03314
387  488  0.0107836
387  511  0.283812
388  435  0.504995
388  445  0.034237
388  487  0.0103363
388  510  0.282936
389  444  0.03395
389  494  0.0371916
389  509  0.28153
390  398  0.0316829
390  401  0.320601
390  493  0.0383524
390  508  0.278059
391  397  0.0356353
391  400  0.497199
391  492  0.0390683
392  399  0.514316
392  439  0.0265714
392  491  0.0392472
392  506  0.273403
393  398  0.373719
393  438  0.0256149
393  505  0.233247
394  437  0.0219026
395  438  0.237958
396  437  0.260413
396  503  0.0111881
397  436  0.263449
397  501  0.0612652
397  502  0.0130584
398  436  0.0149011
398  499  0.0796137
399  435  0.0623406
399  498  0.0842607
400  433  0.402798
400  497  0.0823129
401  432  0.550599
401  496  0.0585841
402  431  0.884244
403  430  0.589438
403  494  0.0156316
404  429  0.2952
404  430  0.365881
404  493  0.016259
405  429  0.680586
405  492  0.0156596
406  428  0.98106
406  491  0.0152731
407  427  0.980881
408  426  0.998767
409  425  0.998843
410  423  0.499262
410  424  0.499603
411  422  0.998583
412  421  0.997782
413  420  0.997179
414  419  0.960874
427  490  0.0127549
428  489  0.0126852
431  486  0.0280242
432  485  0.0313192
433  445  0.0195539
433  484  0.0328584
433  490  0.0582584
434  444  0.0209034
434  483  0.0329964
434  489  0.0584001
435  443  0.0212292
435  482  0.0330288
435  488  0.0584425
436  442  0.0202008
436  480  0.0147944
436  481  0.0182515
436  487  0.0583053
437  479  0.0290421
437  486  0.0382095
438  478  0.0290455
439  477  0.0291054
439  484  0.0573653
439  490  0.0549632
440  476  0.0283735
440  483  0.0575042
440  489  0.0554306
440  503  0.176233
441  482  0.0545427
441  488  0.0305701
441  502  0.188527
442  447  0.0213355
442  474  0.0227384
442  488  0.0345911
442  501  0.188542
443  473  0.0176785
443  480  0.025197
443  487  0.150033
443  500  0.088479
444  479  0.023427
444  499  0.0719494
445  486  0.262475
446  471  0.015595
446  485  0.273409
447  470  0.0178028
447  477  0.0164448
447  484  0.274612
448  469  0.0177013
448  476  0.013646
448  483  0.268341
449  468  0.0171182
450  480  0.294569
451  479  0.304173
452  465  0.0147824
452  478  0.300146
453  464  0.0180291
453  475  0.0438933
453  477  0.291149
454  463  0.0179905
454  474  0.0461697
455  476  0.0110827
456  473  0.347162
456  475  0.0101068
457  472  0.35155
458  471  0.356241
459  470  0.360218
460  469  0.35502
461  468  0.303801
474  629  0.0680049
475  628  0.0680224
476  627  0.0555208
476  637  0.0108355
477  625  0.0183278
477  636  0.012874
480  623  0.0684811
481  622  0.070005
481  636  0.0123072
481  670  0.0164354
482  528  0.0496706
482  621  0.0706989
482  669  0.0169682
483  620  0.0708642
484  527  0.0666647
484  619  0.070137
485  526  0.0740744
485  666  0.0122966
486  525  0.0759771
486  618  0.0692127
487  524  0.0759487
487  617  0.0693196
487  664  0.272579
488  498  0.283908
488  522  0.0121435
488  616  0.0691011
488  663  0.281491
489  497  0.283773
489  521  0.0121405
489  662  0.282819
490  496  0.277876
490  520  0.0121363
490  661  0.283048
491  498  0.0112691
491  660  0.282952
492  659  0.280699
493  613  0.0722328
493  658  0.243484
494  612  0.0757682
495  611  0.0777272
495  656  0.240715
496  610  0.0779702
496  635  0.102164
496  655  0.240968
497  525  0.182151
497  528  0.0430757
497  609  0.0779731
497  634  0.104359
498  524  0.182267
498  527  0.0430157
498  608  0.0779672
498  633  0.104381
499  606  0.0775692
499  632  0.097223
500  523  0.305609
500  605  0.0774944
500  631  0.071879
501  522  0.346214
501  604  0.0779047
502  522  0.0864712
503  520  0.332557
503  521  0.0576595
503  602  0.0780534
504  519  0.573379
504  601  0.0781035
505  518  0.577464
505  600  0.0780703
506  517  0.581423
506  599  0.0780789
507  516  0.581359
508  515  0.54525
508  597  0.0779493
509  514  0.338009
509  596  0.0779385
510  595  0.0779624
511  594  0.0779941
512  593  0.0779613
513  592  0.0778534
514  591  0.0776248
515  590  0.0769821
519  583  0.0299278
519  586  0.0413883
520  582  0.0308237
520  585  0.0413849
522  580  0.0616141
523  579  0.0619424
524  578  0.0620436
524  582  0.011898
524  634  0.0189023
524  652  0.102597
525  577  0.062025
525  633  0.0190919
525  636  0.0104327
525  651  0.102653
526  576  0.0618021
526  579  0.0148553
526  632  0.0189292
526  650  0.0932799
527  574  0.0611617
527  578  0.0148699
527  634  0.0981818
527  649  0.0600717
527  652  0.0835492
528  573  0.0611491
528  577  0.0148699
528  633  0.102271
528  651  0.0835809
529  572  0.0585549
529  576  0.0144409
529  632  0.0895911
529  650  0.0651389
531  629  0.908207
532  628  0.909107
533  627  0.908054
534  569  0.0370536
534  626  0.914315
535  568  0.037943
535  625  0.915202
536  566  0.023017
536  567  0.0302119
536  624  0.915367
537  565  0.0297198
537  622  0.440041
537  623  0.475817
538  621  0.878805
539  620  0.878259
540  619  0.88313
541  551  0.0138313
541  618  0.884211
542  550  0.0149218
542  563  0.0551836
542  617  0.442701
543  549  0.0148742
543  562  0.0554505
543  617  0.472739
544  561  0.0554776
544  616  0.915535
545  560  0.0553749
545  615  0.914853
546  559  0.0525631
546  614  0.913444
547  569  0.0130768
547  613  0.915156
548  557  0.0552029
548  568  0.0134055
548  612  0.915571
549  556  0.0555461
549  567  0.015624
549  610  0.2421
549  611  0.659164
550  555  0.0522374
550  566  0.0149554
550  609  0.248019
550  610  0.641169
551  565  0.0134738
551  608  0.213742
552  566  0.897228
553  565  0.907694
554  564  0.929774
555  563  0.934256
556  562  0.929829
557  561  0.575912
567  608  0.578562
568  607  0.897824
569  606  0.897774
570  605  0.895521
571  604  0.895116
572  603  0.891356
573  609  0.0103945
574  608  0.0104339
575  601  0.898423
575  607  0.0104574
576  600  0.901644
576  605  0.0106584
577  599  0.902269
577  604  0.0109772
578  598  0.902197
578  603  0.0109817
579  596  0.0896176
579  597  0.797916
579  602  0.0109719
580  601  0.0109741
581  594  0.611142
581  599  0.0109404
582  593  0.630935
582  595  0.19132
582  598  0.0109351
583  589  0.0107271
583  592  0.623094
583  594  0.0667781
584  594  0.198825
585  593  0.268838
586  592  0.261415
632  653  0.155139
633  652  0.188835
634  651  0.188286
636  646  0.183008
636  649  0.256174
637  645  0.18188
637  648  0.255826
638  644  0.161855
638  647  0.149453
639  643  0.0811594
639  644  0.0249795
639  647  0.14234
640  646  0.255991
641  645  0.0974656
649  692  0.0100011
651  690  0.0100268
652  689  0.0100226
655  675  0.0288061
656  674  0.0290051
657  673  0.029019
660  670  0.0291619
661  669  0.0285863
678  686  0.0107954
679  685  0.0108355
