1  368  0.010974
3  287  0.0664749
3  366  0.924602
4  286  0.0665269
4  365  0.926019
5  285  0.0665059
5  364  0.925508
6  284  0.0665429
6  363  0.925704
7  283  0.0663958
7  361  0.916691
8  282  0.0661683
8  360  0.916014
9  281  0.0396277
9  359  0.918365
10  281  0.0253431
10  358  0.919738
11  280  0.0505085
11  357  0.91367
12  279  0.0502592
12  280  0.0155319
12  355  0.0164161
12  357  0.0120225
13  278  0.0498873
13  279  0.0158449
13  354  0.0101412
13  355  0.88402
14  21  0.0576108
14  277  0.0467222
14  278  0.0160883
14  354  0.821262
14  355  0.0188578
15  20  0.037995
15  276  0.0402983
15  277  0.0160277
15  353  0.807173
15  354  0.0265576
16  276  0.0123561
16  352  0.295746
16  353  0.028988
17  352  0.0124102
19  251  0.0345288
20  250  0.039528
20  253  0.0164896
21  249  0.0399226
21  252  0.0246458
22  247  0.0202566
22  248  0.0200645
22  251  0.0247846
22  352  0.575355
23  246  0.0400441
23  250  0.0247893
23  351  0.829291
24  245  0.0402698
24  350  0.911024
25  244  0.0407117
25  349  0.925865
26  243  0.0407059
26  247  0.0229078
26  348  0.925906
27  242  0.0404004
27  246  0.024684
27  347  0.925871
28  218  0.0308928
28  346  0.922278
29  217  0.0309238
29  245  0.0206735
29  345  0.898352
30  58  0.4618
30  216  0.0309346
30  244  0.0206877
30  344  0.211342
31  57  0.930007
31  215  0.030899
31  243  0.0205938
32  56  0.933076
32  214  0.0163101
32  220  0.0154685
32  242  0.0163635
33  55  0.933128
33  214  0.0149393
33  219  0.031306
34  54  0.933432
34  213  0.0295651
34  218  0.0319541
35  53  0.917433
35  212  0.0295393
35  217  0.0319222
36  211  0.0295571
36  216  0.0316837
37  51  0.964937
37  210  0.0295507
38  50  0.964217
38  209  0.0295742
39  49  0.962199
39  208  0.0295718
40  48  0.887139
40  207  0.0287006
41  206  0.026132
42  47  0.0101437
43  153  0.0203175
44  152  0.0211368
45  151  0.0213786
46  150  0.0208585
47  149  0.015013
48  139  0.0194902
49  138  0.0193012
50  117  0.0138489
51  116  0.0142447
52  115  0.0143094
53  114  0.0143057
53  117  0.0104278
53  213  0.0347523
54  113  0.0142451
54  116  0.0107989
54  212  0.0361087
55  108  0.0154127
55  115  0.0118616
55  211  0.0363448
56  107  0.0162574
56  114  0.0118651
56  210  0.0363363
57  106  0.0168014
57  113  0.0118619
57  209  0.0363678
58  105  0.016646
58  112  0.0114427
58  208  0.0363113
58  340  0.010109
58  341  0.0109675
58  342  0.0528916
58  343  0.11835
59  104  0.015974
59  207  0.0361953
59  339  0.017373
59  340  0.0173563
59  341  0.114521
59  342  0.179503
59  343  0.0282168
60  103  0.0156513
60  206  0.0362839
60  338  0.0189713
60  339  0.0184546
60  340  0.128523
60  341  0.200722
60  342  0.0325472
61  101  0.0109766
61  205  0.0363882
61  337  0.0180367
61  338  0.016635
61  339  0.130014
61  340  0.202301
61  341  0.0326741
62  204  0.0363629
63  99  0.0142505
63  109  0.018007
63  203  0.0302377
64  98  0.0153059
64  108  0.0194577
64  202  0.017814
65  97  0.01975
65  107  0.0198809
65  336  0.918054
66  96  0.0226855
66  106  0.020274
66  335  0.925106
67  95  0.0224927
67  334  0.925228
68  94  0.0223687
68  333  0.924755
69  93  0.0213459
69  332  0.924372
70  331  0.925362
71  103  0.0103347
71  330  0.923072
72  102  0.0105538
72  329  0.870527
73  101  0.0105396
74  94  0.0333216
74  100  0.0102896
74  326  0.0309755
75  93  0.0381947
75  325  0.0313631
76  91  0.991824
77  90  0.99331
78  89  0.99326
79  88  0.988593
81  86  0.0103529
92  324  0.0121429
93  323  0.0167189
95  322  0.769299
96  321  0.925132
97  320  0.924978
98  319  0.922853
99  318  0.923642
100  317  0.925486
101  316  0.916373
102  195  0.0199787
102  315  0.789275
103  194  0.0272321
104  193  0.0277635
104  277  0.0454698
105  192  0.0280138
105  276  0.218515
106  190  0.106507
106  273  0.0591814
106  275  0.509858
106  308  0.204796
107  189  0.105744
107  272  0.0561496
107  274  0.510065
107  307  0.206362
107  311  0.0412875
108  188  0.104942
108  271  0.0527605
108  272  0.502496
108  306  0.206371
108  310  0.0413035
109  187  0.102868
109  271  0.505402
109  305  0.206347
109  309  0.0411922
110  170  0.0331062
110  270  0.4427
110  304  0.184634
110  308  0.0112462
111  169  0.0330972
111  269  0.402296
112  225  0.0207337
112  302  0.0175599
113  125  0.239713
113  155  0.0222125
113  167  0.0697692
113  190  0.344629
113  224  0.025049
113  273  0.0136951
113  290  0.207174
114  124  0.239877
114  154  0.0222292
114  166  0.0662655
114  189  0.344798
114  223  0.0250489
114  272  0.0137038
114  289  0.208081
115  123  0.239261
115  153  0.0222198
115  188  0.343668
115  222  0.0250217
115  271  0.0136996
115  288  0.208456
116  122  0.223085
116  164  0.0108929
116  165  0.0569261
116  167  0.0199728
116  270  0.0115705
116  287  0.206308
117  121  0.154741
117  166  0.0270994
117  269  0.0105532
117  286  0.204875
118  163  0.322213
118  165  0.025284
118  285  0.173351
119  162  0.390606
119  164  0.0209554
120  161  0.409674
120  163  0.0162097
121  160  0.418957
121  162  0.0101889
121  282  0.0244874
122  136  0.195709
122  152  0.019133
122  159  0.228332
122  205  0.0123661
122  281  0.0243775
123  135  0.237041
123  151  0.0261879
123  158  0.232646
123  204  0.0150269
123  280  0.0223769
124  134  0.237112
124  144  0.0129973
124  150  0.0264129
124  157  0.425378
124  203  0.0149763
124  279  0.0169189
125  133  0.237087
125  143  0.0152873
125  149  0.0271305
125  156  0.425351
126  132  0.231787
126  142  0.0159327
126  155  0.405685
126  170  0.0135775
126  173  0.0110695
126  268  0.030248
127  136  0.024208
127  140  0.089608
127  154  0.355126
127  169  0.0136809
127  172  0.0111043
127  199  0.0442045
127  257  0.0275629
128  135  0.0734622
128  139  0.420543
128  168  0.013734
128  171  0.0111328
128  198  0.0519156
128  256  0.0621408
128  265  0.0812421
129  134  0.0720545
129  138  0.420742
129  167  0.0135998
129  170  0.0110741
129  197  0.0517544
129  255  0.062193
129  264  0.0823475
130  137  0.387621
130  166  0.0132321
130  196  0.0496403
130  254  0.0621529
130  263  0.0839544
131  136  0.268677
131  195  0.0400212
131  253  0.0620574
131  262  0.0839587
132  156  0.0487966
132  252  0.0621149
132  261  0.0836463
133  155  0.0973012
133  190  0.0776848
133  251  0.0358362
134  154  0.0973404
134  189  0.0777684
135  153  0.0970198
135  188  0.077501
135  249  0.0607073
136  248  0.0606036
137  247  0.0591393
137  282  0.0216687
138  220  0.0293578
138  246  0.0549129
138  281  0.0229859
139  159  0.0762658
139  219  0.031682
140  158  0.0820952
141  148  0.757247
141  155  0.012766
141  157  0.0822618
141  243  0.0129919
141  282  0.0525071
142  147  0.757917
142  154  0.0128136
142  156  0.0822455
142  242  0.0128836
142  281  0.0542694
143  155  0.0816671
143  218  0.0212552
143  279  0.0111859
143  280  0.0503613
144  152  0.0219802
144  154  0.0622014
144  217  0.0212569
145  151  0.0397398
145  216  0.0212393
145  277  0.0273156
145  278  0.0287895
146  150  0.0151644
146  215  0.0205845
146  276  0.0538828
146  277  0.0146161
147  213  0.0189762
147  275  0.0688827
147  282  0.0272331
148  212  0.0189757
148  274  0.0691742
148  281  0.0309196
149  211  0.018189
149  273  0.0692062
149  280  0.0903335
150  272  0.0691054
151  209  0.011353
151  271  0.0690203
152  270  0.0490426
152  277  0.111115
153  168  0.0315042
153  204  0.0467337
153  216  0.0786058
153  276  0.127814
154  167  0.0315445
154  203  0.046811
154  215  0.0791518
154  275  0.133247
155  166  0.0314767
155  214  0.0793656
155  274  0.133351
156  165  0.0283314
156  167  0.0128035
156  213  0.0803565
156  273  0.135468
157  166  0.0131612
157  212  0.0798407
157  272  0.135141
158  199  0.0223103
158  271  0.102607
159  197  0.206045
159  198  0.0214391
159  270  0.0184123
160  196  0.215077
160  209  0.0125136
160  269  0.0262719
161  195  0.208186
161  196  0.0133118
161  208  0.0123455
161  209  0.0160083
162  195  0.015227
162  207  0.0176869
162  208  0.0184649
163  206  0.0167257
163  207  0.022537
164  205  0.0135736
164  206  0.0238515
165  191  0.313738
165  205  0.0242227
166  190  0.344659
166  204  0.0210604
167  187  0.456615
167  189  0.342904
168  186  0.52048
168  188  0.340974
169  185  0.519825
170  186  0.0178194
170  187  0.178405
171  183  0.768502
171  186  0.170544
172  182  0.802486
172  185  0.136485
173  181  0.824344
173  183  0.0471381
174  180  0.748537
174  183  0.0189638
174  184  0.0187941
175  179  0.374814
175  183  0.0180626
177  269  0.0103004
178  268  0.017089
179  267  0.017066
180  266  0.0167944
181  218  0.0130951
181  265  0.015994
182  217  0.0133345
183  203  0.012879
183  216  0.0135915
184  202  0.0131792
184  215  0.0135892
185  201  0.011742
185  214  0.0135695
186  213  0.013586
187  198  0.0106076
188  197  0.0111169
188  198  0.0347858
188  204  0.0307279
188  211  0.0141992
189  197  0.0335327
189  203  0.0308417
189  210  0.0141384
190  209  0.0140201
191  202  0.0362106
192  201  0.0392182
193  200  0.0386448
194  199  0.0295346
196  210  0.0284382
197  209  0.0350581
197  272  0.0240054
197  310  0.0160481
198  208  0.0344112
198  271  0.0284166
198  309  0.0160244
199  270  0.0179116
199  308  0.0117112
201  308  0.0227886
202  262  0.09715
202  263  0.0100577
202  307  0.03148
203  209  0.0100287
203  261  0.100339
203  272  0.0153558
203  306  0.0374854
204  261  0.0845003
204  271  0.0203658
204  305  0.0374748
205  260  0.0832065
205  270  0.0129151
208  256  0.710503
209  255  0.711096
209  290  0.0442635
210  254  0.710892
210  289  0.0450791
211  253  0.711082
211  288  0.051929
212  275  0.0346019
212  287  0.0534112
213  252  0.710886
213  274  0.0346452
213  286  0.053404
214  251  0.70972
214  273  0.0349457
214  284  0.0142837
214  285  0.0364627
215  250  0.710842
215  272  0.0348987
215  283  0.0149755
216  249  0.710976
216  271  0.0348101
217  247  0.266555
217  248  0.433385
217  270  0.0133012
217  282  0.0567817
218  246  0.532972
218  257  0.0465846
218  281  0.0586721
219  244  0.456688
219  247  0.0102355
219  256  0.0496929
219  279  0.026188
219  280  0.0399543
220  243  0.455523
220  255  0.0493771
220  278  0.0452372
220  279  0.0210684
221  277  0.0640099
222  240  0.590726
222  244  0.269062
222  276  0.0638029
223  239  0.599782
223  240  0.0134559
223  243  0.269931
223  275  0.0640345
224  238  0.574068
224  242  0.269921
224  274  0.0639633
225  238  0.0533075
225  241  0.255262
226  237  0.732061
226  240  0.214221
226  268  0.027482
227  236  0.753873
227  267  0.0268204
228  235  0.743836
228  238  0.0113828
229  234  0.604629
229  236  0.021801
229  264  0.0298724
230  235  0.0212655
230  263  0.0353416
231  262  0.0366604
232  261  0.0367669
233  260  0.0365544
234  259  0.0362934
236  258  0.0357978
237  257  0.0359429
238  256  0.0344475
238  273  0.0584976
239  272  0.058537
240  271  0.0585049
241  270  0.0369265
242  255  0.0153769
243  253  0.136781
244  252  0.137434
245  251  0.129241
253  273  0.0142186
255  272  0.0266612
256  271  0.0264907
256  274  0.0265652
257  265  0.0143442
257  268  0.170919
257  270  0.0102855
257  273  0.0320815
258  264  0.0116522
258  267  0.168739
259  266  0.145015
259  270  0.192034
260  269  0.265248
261  268  0.296269
262  267  0.194509
276  313  0.325102
277  312  0.578194
278  311  0.640583
279  310  0.64113
280  309  0.639897
281  308  0.148442
282  307  0.107641
284  305  0.0358846
284  306  0.601188
285  305  0.605415
286  304  0.633079
288  302  0.209912
288  303  0.0114868
288  349  0.0640481
289  301  0.658196
289  348  0.0643294
290  300  0.673244
290  347  0.0643398
291  299  0.923983
291  346  0.0643568
292  298  0.920383
292  345  0.0643426
293  297  0.350373
293  344  0.0594311
297  337  0.0508984
298  336  0.0649667
299  335  0.0650324
300  334  0.065036
301  333  0.0647999
304  330  0.0644126
305  329  0.0667826
306  328  0.0667873
307  327  0.0667754
308  326  0.0659472
309  325  0.0629433
310  324  0.0554317
352  804  0.0179581
353  803  0.0221664
354  802  0.0232437
355  801  0.0233548
356  366  0.0250024
357  365  0.0250341
358  364  0.0247414
359  363  0.0194471
359  781  0.0278153
360  780  0.029544
361  779  0.03024
362  778  0.0302183
363  777  0.0302385
364  776  0.0302264
365  775  0.0302421
366  774  0.0302322
367  773  0.0219117
368  510  0.0176166
369  509  0.0274446
370  382  0.0102044
370  508  0.0301694
371  381  0.01684
371  507  0.0301729
372  380  0.0168849
372  506  0.0301644
372  816  0.764486
373  379  0.0167402
373  505  0.0301678
373  815  0.942336
374  504  0.0297282
374  814  0.946546
375  813  0.945867
376  812  0.937407
377  501  0.0294621
377  811  0.854883
378  500  0.0297842
379  499  0.02983
379  809  0.678936
380  498  0.0264165
380  808  0.941477
381  807  0.941427
382  806  0.900928
383  805  0.747922
386  803  0.0116146
387  785  0.881241
387  802  0.013397
388  417  0.0353027
388  784  0.941568
388  801  0.0132207
389  416  0.0416813
389  783  0.953009
390  415  0.0261777
390  782  0.954847
391  781  0.954513
392  413  0.042144
392  780  0.954763
393  412  0.043214
393  779  0.955373
394  778  0.81902
395  777  0.799737
396  409  0.0456971
396  776  0.939375
397  408  0.0462986
397  774  0.953096
398  407  0.0462823
398  773  0.952902
399  406  0.0463102
399  772  0.953254
400  405  0.0452283
400  771  0.950667
401  770  0.946919
404  767  0.936113
405  766  0.952852
406  765  0.952035
409  624  0.190263
410  622  0.0708193
410  623  0.321298
410  689  0.0104097
411  622  0.357669
411  688  0.0115211
412  620  0.927257
412  687  0.0116068
413  619  0.939571
413  686  0.0112
414  618  0.941905
415  617  0.941916
416  616  0.941629
416  684  0.0115184
417  615  0.58033
417  683  0.0116426
418  497  0.0235232
418  592  0.830402
418  682  0.0116949
419  496  0.023612
419  591  0.90493
419  613  0.0152344
419  681  0.0116889
420  495  0.0230201
420  566  0.0219976
420  590  0.938504
421  494  0.0191616
421  565  0.0223979
421  589  0.937484
422  475  0.0106064
422  564  0.0226119
422  588  0.933174
423  474  0.0123691
423  563  0.0227904
423  587  0.937193
424  473  0.0128314
424  562  0.0230279
424  586  0.93827
425  472  0.0127226
425  561  0.023032
425  585  0.938264
426  560  0.0230096
426  584  0.93748
427  559  0.0228499
427  583  0.934708
429  483  0.0139856
429  557  0.0224585
429  581  0.301146
430  482  0.014966
430  556  0.0226359
430  579  0.0372091
430  580  0.864425
431  481  0.0154497
431  555  0.0225044
431  579  0.8887
432  480  0.0163663
432  554  0.0211784
432  578  0.814568
433  479  0.0163477
433  575  0.494541
433  577  0.371668
434  478  0.0159837
434  574  0.886238
434  575  0.015153
435  458  0.0230994
435  552  0.0210923
435  573  0.904181
435  576  0.0308295
436  457  0.0242048
436  551  0.0235767
436  572  0.904729
436  575  0.0309373
437  456  0.0240978
437  550  0.0235825
437  571  0.900981
437  574  0.0143434
438  455  0.0238257
438  549  0.0237216
438  570  0.895357
438  573  0.0139511
439  454  0.014517
439  548  0.0237185
439  569  0.89387
439  572  0.0300731
441  454  0.354577
442  453  0.92246
442  545  0.0238355
443  452  0.929286
443  544  0.0238617
444  451  0.876731
444  543  0.0236073
445  542  0.0234827
446  541  0.0232307
447  540  0.022515
452  499  0.010212
452  536  0.0274042
453  498  0.0102396
454  497  0.0104421
454  534  0.0554773
454  536  0.549424
455  496  0.0104515
455  533  0.106865
455  535  0.573051
455  568  0.0115485
456  534  0.569442
456  567  0.0102842
457  531  0.141083
457  536  0.202951
458  530  0.140549
458  532  0.567962
458  535  0.0856937
459  531  0.574656
459  534  0.0859467
459  536  0.010542
459  562  0.0104949
460  475  0.0278255
460  528  0.144597
460  530  0.574106
460  533  0.203603
460  535  0.0105262
460  561  0.010594
461  474  0.0315463
461  527  0.146265
461  529  0.553589
461  532  0.202585
461  560  0.010584
462  473  0.0326546
462  526  0.148141
462  531  0.201022
462  559  0.0105689
463  472  0.0325337
463  525  0.143339
463  527  0.560949
463  530  0.196185
463  558  0.0103124
464  471  0.0308672
464  524  0.0578053
465  523  0.0139031
465  525  0.171324
465  527  0.071652
465  532  0.0131676
466  524  0.737823
466  526  0.0714373
466  531  0.019559
467  523  0.809179
467  525  0.0240912
467  530  0.0198388
468  522  0.844263
468  525  0.0309512
468  529  0.0214093
469  521  0.839867
469  524  0.0319158
470  520  0.803663
470  523  0.0306848
470  528  0.053589
471  518  0.767171
471  520  0.0271887
471  522  0.0264963
471  527  0.0563547
472  517  0.779647
472  519  0.0518124
472  526  0.0575063
473  516  0.779861
473  518  0.0517444
473  525  0.0575034
474  515  0.772103
474  524  0.0507452
475  514  0.754366
476  513  0.735582
476  515  0.0401407
477  512  0.665526
477  513  0.0106162
477  514  0.051318
477  521  0.0141858
478  499  0.0173187
478  511  0.418077
478  512  0.0119161
478  513  0.063598
479  498  0.0166491
479  511  0.011356
479  512  0.0739428
480  511  0.0840741
481  506  0.0144196
481  510  0.0855064
482  505  0.015331
482  509  0.0778482
483  504  0.0132528
484  493  0.989575
485  492  0.990585
486  491  0.967467
494  502  0.102803
494  508  0.0806532
494  511  0.0699908
494  519  0.109786
495  501  0.110334
495  510  0.0863112
495  518  0.109833
496  507  0.104393
496  508  0.342628
496  511  0.0196254
496  517  0.111148
497  505  0.0212443
497  510  0.0240479
497  516  0.110654
498  506  0.598806
498  509  0.0175611
499  505  0.61458
500  504  0.234057
500  513  0.0242002
501  507  0.0258096
501  508  0.0153863
501  512  0.023482
503  510  0.0381164
504  509  0.0370482
511  768  0.0262718
512  767  0.032499
513  766  0.0271611
514  765  0.0275471
515  527  0.0100177
515  764  0.0342475
516  526  0.0126606
516  763  0.0344391
517  525  0.0126144
517  762  0.0344385
518  761  0.0343923
519  760  0.0343107
521  758  0.0154668
524  755  0.0258518
525  754  0.0260152
526  753  0.0257948
528  682  0.0104113
530  678  0.0266679
531  677  0.0271851
532  676  0.0274349
533  675  0.0274284
534  571  0.0134358
534  674  0.0255685
535  570  0.0302041
535  671  0.0305032
536  569  0.0302446
536  670  0.0317449
537  669  0.0316756
538  568  0.913002
538  668  0.0316617
539  567  0.923087
540  566  0.925377
540  667  0.0304403
541  565  0.923225
541  666  0.0304067
542  564  0.906682
542  665  0.030324
543  563  0.90823
543  664  0.030327
544  562  0.549213
544  663  0.0303103
545  562  0.374733
545  662  0.0127547
546  561  0.733288
547  660  0.0297219
548  559  0.912454
548  659  0.0297297
549  558  0.912301
550  556  0.025477
550  657  0.0295098
551  556  0.129574
551  656  0.0294982
552  655  0.0287835
553  654  0.0200739
554  651  0.0188648
555  650  0.0200714
556  649  0.0201207
557  648  0.0165462
559  630  0.0170967
560  629  0.0173816
561  628  0.0174537
562  627  0.0174486
563  626  0.0147386
566  585  0.0181936
567  584  0.024948
568  583  0.026894
569  678  0.0116556
570  581  0.0278632
570  677  0.0122595
571  580  0.030422
571  676  0.0124449
572  579  0.0310111
572  675  0.0124441
573  578  0.0285149
573  674  0.0124306
581  641  0.0107915
582  640  0.0107977
583  639  0.0107825
590  610  0.0129794
592  609  0.152356
593  608  0.883053
594  607  0.988114
595  606  0.988219
596  605  0.988046
597  604  0.940419
614  635  0.0118097
615  634  0.0132669
616  633  0.0156123
617  632  0.0155944
618  631  0.0155638
619  630  0.0152825
620  628  0.0119623
621  627  0.0109708
624  764  0.614904
625  763  0.933842
626  762  0.933482
627  761  0.935239
628  760  0.934882
629  643  0.0336092
629  674  0.0106705
629  759  0.790753
630  673  0.0352965
631  641  0.786826
631  672  0.0386042
632  640  0.791221
632  671  0.0386339
632  754  0.0866404
633  639  0.790308
633  670  0.0385395
633  753  0.086729
633  756  0.0182267
634  640  0.0114836
634  754  0.0353999
635  753  0.035266
636  641  0.0161895
639  749  0.117717
640  748  0.117766
641  747  0.11767
642  671  0.0130483
642  746  0.0675697
643  669  0.237685
644  668  0.268848
645  667  0.274477
648  664  0.275662
648  758  0.169259
649  663  0.278963
650  662  0.278796
651  661  0.278526
651  755  0.566347
652  660  0.273813
652  754  0.645682
653  753  0.645412
654  659  0.158955
654  694  0.033512
656  750  0.0320392
657  691  0.659095
658  690  0.666353
659  689  0.66711
660  687  0.66975
661  686  0.669217
662  685  0.66953
663  684  0.669635
664  683  0.616574
666  678  0.187575
667  677  0.196841
667  681  0.0605057
668  675  0.0144427
668  676  0.187459
668  682  0.0107892
669  674  0.0123615
669  679  0.41569
669  755  0.0109602
670  675  0.0852968
670  678  0.429951
670  682  0.0179159
670  749  0.0296069
670  754  0.0473113
671  677  0.417614
671  681  0.0161781
671  748  0.029574
671  753  0.0461225
672  744  0.068121
672  747  0.0292187
673  691  0.018725
673  743  0.0687516
674  690  0.024163
675  689  0.0245888
675  742  0.121643
676  681  0.0142889
676  687  0.0270093
676  741  0.121854
677  686  0.0269564
677  694  0.0375786
677  740  0.115963
678  685  0.0258342
678  693  0.0366621
678  739  0.109852
680  710  0.0845015
681  690  0.0559672
681  709  0.0979567
681  754  0.0397124
682  689  0.0566428
682  708  0.0979743
682  735  0.0295004
682  753  0.0397302
683  688  0.0459969
683  707  0.0956862
683  734  0.0263103
683  752  0.0364028
684  700  0.122309
685  699  0.123512
686  698  0.12365
686  750  0.0119382
687  697  0.123458
687  749  0.0148096
689  694  0.0482295
689  696  0.114583
689  754  0.0141052
690  695  0.102273
690  753  0.0140878
694  750  0.581731
696  742  0.0115284
696  748  0.829862
697  741  0.0116598
697  747  0.83648
698  740  0.0116537
698  746  0.836526
699  739  0.0116452
699  745  0.836812
700  738  0.0115133
700  744  0.837128
701  742  0.790712
702  741  0.790921
702  742  0.0515264
703  740  0.605933
704  737  0.0569556
704  740  0.142401
705  736  0.0619396
705  738  0.252089
705  739  0.184539
706  737  0.237437
707  737  0.0535564
709  733  0.437213
709  735  0.230332
710  734  0.180165
711  731  0.988727
712  730  0.990455
713  729  0.989756
714  728  0.990672
715  727  0.990744
716  726  0.990439
717  725  0.979204
718  724  0.943244
719  723  0.472517
786  796  0.04602
786  799  0.939585
787  795  0.0460663
787  798  0.940811
788  794  0.0445033
788  797  0.940013
789  796  0.921872
