2  163  0.362903
3  162  0.450507
4  161  0.359024
5  161  0.0954621
5  172  0.312148
6  159  0.0498244
6  160  0.167096
6  171  0.339997
7  170  0.34412
8  158  0.488118
8  169  0.340848
9  157  0.549981
9  168  0.331798
10  156  0.557488
10  167  0.243819
11  155  0.552684
15  153  0.488184
15  170  0.0171376
16  152  0.49313
16  169  0.018483
17  149  0.0674419
17  151  0.489809
17  168  0.0184731
18  148  0.0733566
18  150  0.443476
18  167  0.0150365
19  147  0.0731352
19  148  0.0831046
20  147  0.083552
20  148  0.300199
21  147  0.329422
22  147  0.0111255
25  142  0.984513
26  141  0.992411
27  140  0.993698
28  139  0.995251
29  137  0.0207972
29  138  0.974409
30  136  0.0415484
30  137  0.944267
31  135  0.0588058
35  46  0.361444
35  136  0.554904
36  45  0.376684
36  135  0.56285
37  44  0.360172
37  134  0.56037
40  131  0.0394123
41  71  0.0133323
41  130  0.0281029
41  133  0.0616887
42  57  0.0269265
42  70  0.0138646
42  132  0.0640108
43  56  0.0343396
43  58  0.54676
43  69  0.0132926
44  55  0.0183301
44  57  0.546734
45  55  0.563394
45  67  0.0126811
46  54  0.579723
46  66  0.012853
47  53  0.438824
47  65  0.0122977
48  124  0.0794432
49  123  0.0756145
49  126  0.010633
49  127  0.0429748
49  128  0.0161766
49  129  0.0252689
50  122  0.0643516
50  125  0.0128844
50  126  0.05367
50  127  0.0201028
50  128  0.0317963
51  124  0.012917
51  125  0.0497304
51  126  0.0183376
51  127  0.0294119
53  71  0.150417
53  123  0.130895
53  125  0.0435017
54  70  0.158934
54  122  0.134383
54  124  0.0448797
54  136  0.0141986
55  68  0.0868132
55  69  0.155767
55  121  0.122654
55  135  0.0135324
56  67  0.0945106
57  66  0.0901441
57  68  0.169566
57  119  0.116385
58  67  0.16984
58  118  0.116314
58  132  0.0160201
59  131  0.0154757
65  71  0.0129603
65  123  0.116269
65  125  0.323797
66  70  0.0116927
66  122  0.122346
66  124  0.341718
67  73  0.0953334
67  119  0.0162446
67  121  0.119625
68  72  0.0776191
68  118  0.0113299
68  124  0.0304779
69  118  0.0760187
69  122  0.485209
70  117  0.0833137
70  119  0.0289676
70  121  0.500774
72  116  0.0813785
72  117  0.0791948
72  119  0.652123
73  118  0.650204
74  115  0.842284
75  114  0.931444
76  113  0.925901
77  112  0.82685
78  110  0.0161577
81  109  0.975562
82  108  0.974132
83  107  0.952018
84  105  0.0485011
84  106  0.734585
86  103  0.984224
87  102  0.996018
88  101  0.997107
89  100  0.995622
90  99  0.996926
91  98  0.782152
110  119  0.0215672
111  118  0.0212891
121  136  0.0135699
122  135  0.0137129
146  167  0.0895188
147  166  0.125335
148  165  0.120154
150  163  0.369865
151  162  0.421785
152  161  0.420931
153  160  0.412103
161  174  0.0165095
162  173  0.0201492
163  172  0.0186449
