2  200  0.0605834
2  737  0.0137141
3  736  0.0126721
4  198  0.7457
5  197  0.948366
6  196  0.97665
7  195  0.993449
8  194  0.99363
9  193  0.993571
10  192  0.991884
11  191  0.993298
12  190  0.993514
13  189  0.991335
14  188  0.992759
15  187  0.992941
16  186  0.980598
17  22  0.0101831
17  24  0.011786
17  26  0.0116998
17  184  0.407955
18  183  0.407713
19  24  0.0983561
19  182  0.408237
19  184  0.0282773
20  27  0.0774255
20  51  0.280886
20  173  0.0223749
21  26  0.0718677
21  28  0.0407562
21  50  0.321816
21  172  0.0318452
22  27  0.0420729
22  49  0.326893
22  171  0.0328797
23  48  0.327875
23  170  0.0329491
24  29  0.0316906
24  30  0.0402072
24  47  0.327948
24  169  0.0335182
25  46  0.327937
25  168  0.0335148
26  45  0.325155
26  167  0.0326951
27  44  0.294333
27  166  0.0282163
28  185  0.343174
29  184  0.369946
30  182  0.490357
31  39  0.05923
31  41  0.120312
31  43  0.0819556
31  156  0.0117674
31  181  0.597127
32  38  0.053758
32  40  0.0654539
32  42  0.0785202
32  180  0.452079
33  37  0.0147881
33  40  0.172189
33  155  0.0385838
34  39  0.227091
34  154  0.0506306
34  178  0.610082
35  153  0.0506867
35  177  0.61095
36  152  0.0506865
36  176  0.611088
37  151  0.0503633
37  175  0.608987
38  150  0.0494837
38  174  0.599984
40  171  0.521517
41  170  0.567543
43  132  0.014261
43  168  0.574646
44  131  0.0138395
44  167  0.573119
44  171  0.0221437
45  130  0.0121106
45  134  0.017241
45  166  0.567994
45  170  0.0237627
46  54  0.0119206
46  74  0.0184123
46  165  0.547188
46  169  0.0255287
47  53  0.0119464
47  73  0.0187242
47  132  0.555311
47  139  0.0100509
47  168  0.025524
48  72  0.0172534
48  131  0.558566
48  167  0.0244109
49  130  0.557462
49  166  0.0207596
50  129  0.549794
51  68  0.0272662
51  128  0.486428
52  67  0.0377043
53  66  0.0396183
53  74  0.432318
53  140  0.0114465
53  181  0.25283
54  64  0.199372
54  73  0.433133
54  139  0.0114299
54  180  0.252652
55  63  0.202746
55  72  0.405773
56  62  0.199895
56  64  0.0121228
56  106  0.0177681
57  63  0.011516
57  71  0.0407466
57  105  0.0183112
58  70  0.0407443
58  116  0.0123455
59  68  0.395547
59  115  0.0112505
59  116  0.0116352
60  67  0.423791
60  102  0.0232251
61  66  0.426161
61  72  0.0284158
61  101  0.0240982
62  71  0.0427379
62  74  0.0308956
62  100  0.0243316
62  113  0.174747
62  156  0.0101384
63  70  0.0443455
63  73  0.0112513
63  99  0.0236823
63  112  0.177413
63  155  0.0101232
64  69  0.0431174
64  72  0.0109924
64  111  0.17798
65  71  0.0304871
65  110  0.177801
66  70  0.0177352
66  109  0.176576
67  108  0.0854671
68  185  0.012021
69  106  0.115797
69  132  0.0443797
69  184  0.013138
70  105  0.102064
70  131  0.0452301
71  83  0.0170204
71  130  0.0393879
71  183  0.0252433
72  82  0.0203744
72  94  0.137546
72  130  0.0108042
72  155  0.0105266
72  182  0.0266831
73  80  0.0595856
73  81  0.0108134
73  93  0.14724
73  129  0.0101865
73  154  0.0139493
73  181  0.0445103
74  79  0.0699747
74  92  0.147263
74  127  0.0141186
74  153  0.013168
74  180  0.044359
75  91  0.147255
75  126  0.0138035
75  127  0.72915
76  90  0.143404
76  126  0.739869
78  85  0.0205851
78  124  0.775542
79  85  0.0172859
79  123  0.778976
80  122  0.779481
81  121  0.779326
82  120  0.646674
85  106  0.820416
86  105  0.837957
87  104  0.838323
88  103  0.838132
89  102  0.836573
90  101  0.839859
91  100  0.840847
107  115  0.0108654
108  114  0.0118137
108  118  0.798832
109  117  0.798555
110  116  0.79603
111  115  0.682036
121  179  0.217818
122  178  0.218344
123  177  0.145731
124  176  0.0730331
124  177  0.0741756
125  176  0.150077
126  175  0.227292
127  174  0.229183
128  173  0.229218
129  172  0.228886
130  171  0.228377
131  170  0.226019
132  169  0.201963
132  179  0.0938201
133  159  0.348641
133  162  0.0343258
133  178  0.0942233
134  158  0.349041
134  161  0.0348217
134  167  0.0728177
135  157  0.345498
135  161  0.0117426
135  175  0.0968485
136  148  0.23281
136  156  0.336825
136  159  0.220652
136  162  0.0234392
136  174  0.10113
137  147  0.233462
137  158  0.219825
137  161  0.0262308
137  173  0.101125
138  146  0.233688
138  155  0.116411
138  160  0.026431
138  172  0.100958
139  145  0.233938
139  154  0.100056
139  156  0.225536
139  159  0.0255223
139  171  0.10101
140  144  0.189863
140  153  0.0947618
140  170  0.100887
141  154  0.620428
141  169  0.0402798
142  152  0.0363098
142  153  0.625806
142  168  0.0386711
143  152  0.628221
144  150  0.0459663
144  151  0.464184
144  154  0.0115945
145  153  0.0112205
151  160  0.07182
151  166  0.0192239
152  159  0.0904541
152  165  0.0258843
153  158  0.0561027
153  169  0.0227559
154  168  0.0233817
155  167  0.0181696
159  168  0.0810236
160  167  0.0944505
161  166  0.0742339
168  181  0.0171406
169  180  0.0171522
170  179  0.0157572
179  184  0.0202976
197  737  0.0109492
198  734  0.0412687
198  735  0.102903
198  736  0.0183205
199  733  0.211538
199  734  0.528629
199  735  0.025129
200  732  0.21129
200  733  0.651422
200  734  0.0281258
201  732  0.651887
201  733  0.0337881
203  731  0.387337
204  730  0.195284
205  730  0.785357
206  729  0.983604
207  728  0.984752
208  727  0.983873
209  678  0.965799
210  677  0.966824
211  676  0.967064
212  675  0.96677
213  674  0.963634
215  245  0.04211
215  251  0.0355536
215  672  0.0322358
216  244  0.0445202
216  250  0.0384464
216  672  0.748032
217  243  0.0431743
217  249  0.0374903
217  670  0.0706261
217  671  0.755672
218  248  0.0348114
218  669  0.0502284
219  669  0.742709
220  240  0.0304855
220  243  0.0178141
220  255  0.0245746
220  332  0.0112583
220  668  0.765785
221  242  0.0179574
221  244  0.0101776
221  254  0.0245338
221  331  0.0112624
222  238  0.0559507
222  241  0.0152196
223  237  0.0914473
223  666  0.802713
224  236  0.101117
224  665  0.845881
225  235  0.102395
225  241  0.0301138
225  664  0.851057
226  234  0.101866
226  240  0.0306365
226  663  0.849869
227  233  0.0966821
227  239  0.0307543
227  662  0.835978
228  232  0.0484724
228  238  0.0307145
228  661  0.741805
229  237  0.0301363
230  236  0.0264046
230  659  0.734724
231  658  0.82555
232  657  0.839263
233  656  0.842954
234  655  0.843648
235  654  0.840696
236  653  0.67283
237  651  0.106862
237  653  0.149652
238  322  0.0103138
238  652  0.298339
240  321  0.0257181
240  648  0.808993
241  253  0.0171766
241  320  0.0295499
241  647  0.818132
242  252  0.0212815
242  319  0.0295749
242  646  0.817958
243  251  0.0199119
243  318  0.0295247
243  645  0.812008
244  317  0.0287754
244  642  0.139764
244  643  0.113086
244  644  0.545856
245  641  0.510615
245  642  0.194091
246  288  0.0292876
246  640  0.609874
246  641  0.160794
246  642  0.012281
247  287  0.0321553
247  639  0.652686
247  640  0.123768
247  641  0.0104509
248  286  0.034005
248  638  0.684587
249  285  0.0344085
249  637  0.427672
249  638  0.0120832
250  283  0.0169515
250  284  0.0249262
251  282  0.0171563
251  635  0.774019
252  634  0.783534
252  637  0.0146456
253  281  0.0439436
253  633  0.782276
253  636  0.0147819
254  632  0.783485
254  635  0.0147479
255  279  0.0715194
255  631  0.782774
255  634  0.0147128
256  278  0.077541
257  277  0.0788203
257  587  0.105497
257  630  0.0259831
257  632  0.0147683
257  673  0.114804
258  276  0.0788228
258  586  0.105548
258  628  0.160596
258  631  0.0147783
258  672  0.114859
259  275  0.0772882
259  585  0.105556
259  594  0.692935
259  671  0.114901
260  273  0.0602209
260  274  0.0140445
260  584  0.105388
260  593  0.693828
260  670  0.114882
261  271  0.0133916
261  272  0.0505198
261  583  0.0774051
261  592  0.693203
262  270  0.0226419
262  591  0.622702
263  269  0.021695
263  270  0.0205007
263  590  0.550837
263  591  0.0686369
263  667  0.111123
264  268  0.0111105
264  269  0.017566
264  589  0.472671
264  590  0.136936
264  666  0.113865
265  589  0.20594
265  665  0.114495
266  581  0.013687
266  583  0.0454674
266  586  0.0139911
266  588  0.274332
266  664  0.0752248
267  580  0.0144061
267  582  0.0756516
267  584  0.359395
267  585  0.0173374
267  587  0.270491
267  663  0.0752041
268  581  0.0687925
268  583  0.362151
268  586  0.260794
268  662  0.114491
269  583  0.0115963
269  661  0.114356
270  581  0.639972
270  660  0.0376691
271  578  0.0808302
271  580  0.673489
271  659  0.0319491
272  577  0.0780261
272  579  0.644289
272  658  0.104675
274  575  0.0100952
275  653  0.0850098
276  652  0.0855962
277  574  0.774772
277  651  0.0827632
278  573  0.777149
278  648  0.0203761
278  650  0.0644594
279  572  0.82302
279  647  0.0316711
280  570  0.0148079
280  571  0.413553
280  572  0.0127107
280  646  0.0310462
281  571  0.0131855
282  569  0.529711
283  568  0.894665
284  567  0.893973
285  566  0.885138
286  565  0.811858
287  316  0.0164863
287  352  0.0245832
287  564  0.572601
288  316  0.128441
288  351  0.0306095
289  314  0.156832
289  315  0.156269
289  350  0.0320776
290  349  0.0323281
291  348  0.0323054
292  311  0.897307
292  347  0.0318331
293  310  0.956518
293  346  0.0311811
294  309  0.974732
295  308  0.990537
296  307  0.990568
297  306  0.987118
298  305  0.956295
299  304  0.869248
309  336  0.0144699
310  335  0.014716
311  334  0.0139457
313  330  0.0109251
314  329  0.0132184
315  328  0.013986
316  327  0.0142942
316  332  0.0121747
317  325  0.0123428
317  331  0.0121331
317  333  0.0187204
318  332  0.019935
318  563  0.890646
319  331  0.019292
319  562  0.891141
320  561  0.891194
321  560  0.890256
322  559  0.887378
324  329  0.0115645
324  330  0.0111555
324  333  0.0635444
324  557  0.300329
325  332  0.0988706
325  354  0.0133485
325  556  0.642997
326  353  0.0133292
326  555  0.672128
327  333  0.0302832
327  351  0.0152375
327  554  0.672828
327  557  0.0126899
328  350  0.0146725
328  556  0.0114487
330  549  0.659612
331  347  0.0178727
331  356  0.0187578
331  548  0.667608
332  346  0.0178025
332  355  0.0191343
332  547  0.667426
332  557  0.0283652
333  354  0.020023
333  546  0.406548
333  556  0.0300828
334  353  0.0197202
334  555  0.0306898
335  551  0.0139723
335  554  0.0308418
335  558  0.145932
336  351  0.0178995
336  550  0.0140277
336  553  0.0307901
336  557  0.146638
337  350  0.0153578
337  549  0.0125597
337  556  0.14616
338  555  0.143781
339  554  0.140539
341  550  0.0567206
342  549  0.0532215
343  547  0.0470068
343  550  0.0594291
344  546  0.0390536
344  549  0.042788
345  549  0.017479
346  356  0.834644
346  365  0.0106559
346  548  0.023886
347  355  0.836871
347  364  0.0128382
347  547  0.0238384
348  354  0.840251
348  363  0.0133566
349  353  0.319876
349  362  0.013333
350  361  0.0131948
350  567  0.0139188
351  360  0.0123342
351  566  0.0151156
352  565  0.0152009
353  545  0.0154343
353  564  0.0153153
354  544  0.0155966
355  543  0.0155457
355  563  0.0701873
356  542  0.0154335
356  562  0.0702223
357  544  0.808296
357  561  0.0702563
358  543  0.815818
358  560  0.0702198
359  542  0.816808
359  559  0.0692801
360  540  0.840421
360  557  0.0102365
360  558  0.0612082
361  539  0.843777
361  555  0.060294
362  538  0.844695
362  554  0.0797836
363  537  0.846197
363  553  0.0907282
364  536  0.846486
365  535  0.835103
365  551  0.123075
366  465  0.0110053
366  550  0.131766
367  464  0.0110429
367  549  0.131837
368  463  0.0110621
368  533  0.844662
368  548  0.131942
369  462  0.0110578
369  532  0.84706
369  547  0.131914
370  531  0.847064
370  546  0.123267
371  379  0.0111978
371  530  0.846673
372  378  0.011196
372  529  0.845917
372  544  0.0295155
373  485  0.194325
373  487  0.019785
373  543  0.0148437
374  484  0.239082
374  486  0.0216479
374  527  0.0158798
374  543  0.116705
375  475  0.0295252
375  483  0.255883
375  491  0.123552
375  526  0.0123788
375  542  0.132239
376  474  0.0340528
376  482  0.253175
376  484  0.0633479
376  490  0.173218
376  541  0.132757
377  472  0.0157582
377  473  0.0324164
377  483  0.0774703
377  489  0.170372
377  540  0.132677
378  463  0.0597014
378  471  0.0192107
378  482  0.077292
378  488  0.136625
378  539  0.132645
379  462  0.059727
379  538  0.132096
380  386  0.0108558
380  470  0.0122834
380  486  0.0158998
381  387  0.017808
381  388  0.0103363
381  469  0.0115928
382  386  0.0112641
382  484  0.0237289
383  483  0.0222279
384  485  0.0138579
385  484  0.015488
386  465  0.0134421
386  483  0.0142087
387  464  0.0179564
389  461  0.990802
390  460  0.99284
391  459  0.993092
392  458  0.988892
393  457  0.835528
394  456  0.819137
394  457  0.118292
395  456  0.118548
395  457  0.0351434
396  456  0.0377788
397  404  0.379652
397  405  0.597548
398  403  0.375105
398  404  0.578474
405  412  0.0235433
406  411  0.0157657
418  454  0.996862
419  453  0.997261
420  452  0.997335
421  451  0.998254
422  450  0.986534
427  446  0.997154
428  445  0.996485
430  443  0.995921
431  442  0.997042
432  441  0.996497
433  440  0.998603
434  439  0.981622
462  482  0.074175
462  536  0.125797
463  535  0.125837
464  534  0.120842
465  471  0.0106894
465  480  0.708028
465  533  0.0902754
466  471  0.0573332
466  479  0.723651
467  478  0.707072
468  477  0.662406
468  478  0.012836
469  477  0.0212859
470  475  0.0285063
470  476  0.0261445
477  528  0.0249304
478  528  0.0187842
479  526  0.243471
480  525  0.25092
481  524  0.253238
482  523  0.253495
483  522  0.2397
484  521  0.199771
486  501  0.142137
487  500  0.19459
487  529  0.034393
488  499  0.208249
488  528  0.464456
489  498  0.210356
489  527  0.512157
490  497  0.206385
490  508  0.0172788
490  526  0.517021
491  507  0.0173837
492  506  0.0173955
492  525  0.73453
493  505  0.0168097
493  524  0.737173
494  523  0.737805
495  522  0.701943
496  501  0.167553
496  521  0.611111
497  520  0.405019
502  520  0.558281
503  519  0.9407
504  518  0.960881
505  517  0.960606
506  516  0.960909
507  514  0.0579268
507  515  0.88211
508  513  0.10762
511  520  0.0272166
512  519  0.0272239
513  518  0.0266063
550  691  0.0279933
551  690  0.0284186
552  689  0.0283916
553  688  0.0283685
554  687  0.0284333
555  686  0.0282582
556  685  0.0261063
558  683  0.0237657
559  682  0.0243304
560  681  0.0242238
561  679  0.0116739
561  680  0.0124002
562  678  0.0233219
563  677  0.0234812
568  647  0.0587418
569  646  0.0589152
570  645  0.0498466
572  645  0.0519207
573  644  0.17648
574  643  0.177208
575  642  0.174514
577  638  0.140033
578  637  0.142085
579  636  0.135858
579  638  0.0317803
580  637  0.0328318
583  635  0.1882
584  634  0.198426
585  633  0.198633
586  632  0.198729
587  631  0.198728
588  630  0.207534
589  629  0.202811
590  628  0.188216
593  598  0.0118787
596  628  0.0253349
596  629  0.197342
597  627  0.0492207
598  626  0.0461227
598  627  0.923651
599  625  0.0431963
599  626  0.937378
600  624  0.0400257
600  625  0.952343
601  623  0.0230938
601  624  0.955577
602  623  0.821169
603  623  0.138483
604  621  0.587089
604  622  0.273375
605  620  0.661756
605  621  0.270036
606  619  0.662779
606  620  0.241832
607  618  0.507378
608  617  0.321875
608  618  0.447614
609  617  0.663144
610  616  0.846799
611  615  0.322366
649  676  0.0121858
651  675  0.0204169
652  674  0.0205098
653  673  0.0206572
654  672  0.0205295
660  668  0.0141782
661  667  0.0126641
684  690  0.0114446
688  723  0.026355
689  722  0.0316213
690  721  0.0319646
691  720  0.0317838
694  700  0.025376
694  726  0.830488
695  725  0.883786
696  724  0.894467
697  722  0.0296545
697  723  0.885248
698  721  0.0367953
699  721  0.11318
700  720  0.936353
701  719  0.954609
702  714  0.0132905
702  718  0.952759
703  713  0.0239182
703  717  0.880402
704  712  0.0240877
704  716  0.877235
705  711  0.0195547
705  715  0.928292
707  714  0.89641
708  713  0.896047
712  721  0.0113196
713  720  0.0113616
714  719  0.0105387
