2  550  0.0110497
5  546  0.0164305
6  547  0.109303
7  545  0.992565
8  544  0.996539
9  543  0.995995
10  542  0.997826
11  541  0.995623
12  540  0.993085
13  539  0.998154
14  538  0.998703
15  537  0.993598
17  535  0.0229455
17  536  0.946048
18  534  0.0381556
18  535  0.948554
19  531  0.0390313
19  534  0.941843
20  263  0.226828
20  530  0.0557907
21  262  0.244185
21  529  0.055961
21  531  0.293021
22  261  0.244092
22  529  0.169239
22  530  0.220856
22  531  0.0147363
23  260  0.245493
23  528  0.465785
23  532  0.128653
24  259  0.245505
24  527  0.465807
24  530  0.238237
24  531  0.0358091
25  258  0.245558
25  526  0.465384
25  529  0.282063
26  257  0.245252
26  464  0.0101827
26  528  0.280709
27  256  0.244827
27  465  0.0175567
27  527  0.262553
28  255  0.242442
28  464  0.0241122
29  254  0.224477
29  463  0.023729
29  465  0.575059
30  462  0.0230348
30  464  0.714349
31  61  0.123095
31  463  0.714418
32  59  0.0826608
32  60  0.105686
32  461  0.73661
33  58  0.118481
33  460  0.738455
34  56  0.25471
34  459  0.737835
35  55  0.255527
35  458  0.737022
36  54  0.255511
36  457  0.68693
37  53  0.242742
37  456  0.0262336
38  457  0.0217001
39  51  0.262695
40  50  0.259345
40  456  0.69602
41  455  0.723777
42  454  0.725385
43  453  0.72431
44  452  0.722256
45  451  0.710479
46  450  0.594789
50  447  0.698376
51  446  0.6999
52  445  0.697067
53  444  0.500566
54  435  0.0873317
54  443  0.192061
55  434  0.108851
56  289  0.027513
56  293  0.0144187
56  433  0.108968
57  288  0.0259921
57  432  0.108828
57  439  0.0181214
58  289  0.0129731
58  293  0.0180493
58  431  0.108636
58  438  0.0192078
59  285  0.0496127
59  430  0.0210994
60  284  0.0614447
60  288  0.0221915
61  255  0.0829246
61  283  0.0648256
61  287  0.0278814
62  282  0.0594819
62  286  0.0255876
62  299  0.0703267
63  254  0.326588
63  298  0.0791028
64  253  0.866559
64  254  0.0200642
64  297  0.0798802
64  457  0.0124241
65  252  0.874028
65  253  0.0222755
65  296  0.079839
65  456  0.0132105
66  251  0.871999
66  252  0.0221876
66  295  0.078835
66  455  0.013217
67  250  0.606977
67  251  0.0223097
67  294  0.0775355
67  454  0.0115508
68  250  0.0227772
68  293  0.0312125
68  453  0.0115282
69  248  0.880499
69  249  0.0116486
69  452  0.0132222
70  247  0.9043
70  291  0.0563288
70  451  0.0132301
71  246  0.880145
71  290  0.0492282
71  450  0.012812
73  244  0.898227
73  257  0.0247178
74  243  0.914195
74  256  0.0247488
74  258  0.0104937
74  448  0.0131362
75  242  0.915097
75  255  0.0249143
75  257  0.0185009
75  447  0.0141571
76  241  0.904908
76  254  0.0248714
76  446  0.0141598
77  108  0.0734548
77  253  0.0247513
77  256  0.0139355
77  445  0.014101
78  107  0.0410168
78  255  0.027891
79  108  0.371092
79  252  0.0198027
79  254  0.0278899
80  108  0.0107824
80  251  0.0178624
80  253  0.0269618
81  106  0.906441
82  105  0.907681
82  251  0.0286447
83  104  0.887844
83  250  0.0207177
84  103  0.849594
85  248  0.0449538
86  101  0.83694
86  102  0.0904332
86  247  0.0459522
86  254  0.0206778
87  100  0.839013
87  101  0.0894349
87  246  0.0459506
87  253  0.0211821
88  99  0.839673
88  100  0.087937
88  245  0.0458557
88  252  0.021299
89  98  0.827248
89  99  0.0661351
89  243  0.0239259
89  251  0.0189687
90  242  0.023637
90  249  0.0230326
91  96  0.514662
91  248  0.0231834
92  247  0.0149472
93  100  0.0154306
93  246  0.0149073
94  99  0.0509435
94  245  0.0238228
95  244  0.0240329
96  243  0.0240493
97  242  0.0237505
100  107  0.0483297
101  106  0.0596799
108  242  0.014847
109  240  0.984878
110  239  0.986827
111  238  0.99138
112  237  0.993708
113  236  0.994284
114  235  0.993779
115  234  0.95653
116  232  0.015414
118  231  0.92778
119  230  0.985712
120  229  0.985856
121  228  0.973667
122  225  0.506571
123  224  0.513441
124  223  0.510213
124  225  0.0168516
125  225  0.0137851
126  221  0.104946
126  222  0.112756
126  224  0.0306461
126  227  0.37897
127  221  0.111934
127  226  0.379514
128  143  0.418614
128  222  0.0817965
129  142  0.470735
129  219  0.0246049
129  221  0.0914014
129  224  0.197077
130  141  0.470736
130  144  0.0201211
130  218  0.0352158
130  220  0.091045
130  223  0.361418
131  140  0.459462
131  143  0.0207431
131  217  0.0292442
131  219  0.0761436
131  222  0.36039
132  139  0.409717
132  142  0.0209379
132  183  0.0732516
132  221  0.358384
133  182  0.121499
133  217  0.0199297
134  140  0.019696
134  181  0.121462
134  219  0.275135
135  218  0.256626
136  180  0.285415
136  182  0.0233808
136  217  0.0557237
137  163  0.0305655
137  179  0.286305
137  181  0.022825
138  162  0.0350946
138  180  0.0187574
138  213  0.0789373
139  161  0.0349755
139  177  0.299677
139  212  0.0797409
140  160  0.0334887
140  176  0.307623
140  211  0.0794602
141  175  0.309013
141  210  0.0774936
142  156  0.0354897
142  174  0.30207
142  209  0.0774772
143  155  0.0355261
143  208  0.0767052
144  154  0.0355098
144  173  0.145952
144  207  0.0755779
144  221  0.121283
144  222  0.0101116
145  206  0.0683225
146  153  0.0331868
146  166  0.0580746
146  171  0.224962
146  220  0.483472
146  225  0.0167462
147  152  0.0205547
147  165  0.0584438
147  170  0.217148
147  219  0.49392
147  224  0.0168776
148  164  0.0584842
148  171  0.0538344
148  218  0.495338
148  223  0.016798
149  162  0.0562282
149  168  0.0482872
149  170  0.0576274
149  217  0.477547
150  161  0.0560589
150  167  0.0479096
150  169  0.0584714
150  216  0.460819
151  160  0.0555378
151  166  0.0265369
151  167  0.407416
151  215  0.39026
152  159  0.0542619
152  166  0.187792
152  214  0.348694
153  162  0.0279044
153  165  0.563517
153  213  0.0117995
154  161  0.0276105
154  164  0.847882
155  163  0.847506
156  162  0.833818
166  182  0.0367372
167  181  0.0328061
167  213  0.0158403
168  212  0.0157173
168  214  0.027838
169  202  0.0479972
169  213  0.0396541
170  201  0.0274178
170  212  0.0364581
171  180  0.579969
171  200  0.0382608
172  179  0.583707
172  199  0.0671822
173  178  0.585038
173  198  0.0677124
174  197  0.0677609
174  221  0.0231109
175  196  0.0677542
175  220  0.0232883
176  195  0.0651134
176  219  0.023077
177  190  0.056565
178  189  0.0624728
179  188  0.0630874
179  215  0.0347278
180  187  0.0625049
180  214  0.0365698
181  212  0.101892
181  215  0.0476588
182  211  0.109456
182  214  0.051577
183  211  0.398385
184  210  0.921262
185  209  0.92166
186  208  0.92223
187  207  0.922415
188  206  0.919212
189  205  0.836497
191  202  0.863184
192  201  0.91479
193  200  0.873796
194  199  0.730729
251  281  0.0136184
252  280  0.0141263
253  279  0.0191888
254  274  0.0178544
254  276  0.0481259
254  278  0.116008
254  437  0.0308554
255  273  0.0179071
255  275  0.0485642
255  277  0.116549
255  293  0.283867
255  436  0.0309166
256  272  0.0179575
256  274  0.0488393
256  276  0.117455
256  292  0.413179
256  435  0.0308317
257  271  0.0179632
257  273  0.0488206
257  275  0.117446
257  291  0.413005
257  434  0.030824
258  272  0.0422422
258  274  0.116393
259  432  0.0257758
260  265  0.0294238
260  267  0.0597791
260  273  0.0124199
260  289  0.468571
260  431  0.02382
261  266  0.0598218
261  287  0.0134091
261  288  0.49741
261  442  0.0145808
262  286  0.013543
262  287  0.500895
262  441  0.0146004
263  285  0.0149305
263  286  0.499046
263  440  0.0139728
264  284  0.0162868
264  285  0.494105
264  497  0.0947372
264  533  0.0771143
265  272  0.129093
265  276  0.0163916
265  283  0.0176413
265  284  0.472638
265  491  0.0103675
265  496  0.108521
265  532  0.0878484
266  271  0.154727
266  275  0.0164031
266  490  0.0103308
266  495  0.108544
266  531  0.087761
267  274  0.0158453
267  282  0.181558
267  494  0.110164
267  497  0.0452857
268  281  0.506377
268  493  0.0858284
268  496  0.050223
269  280  0.509574
270  279  0.512098
271  278  0.514387
271  485  0.0134601
271  493  0.0985882
272  277  0.458753
272  484  0.0136858
272  492  0.163317
273  439  0.0164382
273  483  0.0137537
273  491  0.168481
274  295  0.0102488
274  438  0.0225238
274  482  0.013751
274  490  0.167716
275  437  0.0253064
275  481  0.0123978
276  293  0.204372
276  436  0.0253061
276  480  0.0122724
277  292  0.290805
277  435  0.0251251
277  532  0.0182344
278  291  0.290889
278  434  0.0251075
278  531  0.0182529
279  290  0.288483
279  433  0.0188148
279  530  0.0181992
280  289  0.282794
280  529  0.0115363
282  298  0.0207971
282  527  0.017294
283  297  0.0321074
283  526  0.017413
284  296  0.0275799
284  525  0.0160429
285  295  0.0274894
286  294  0.0325967
287  293  0.0324452
287  522  0.0118462
289  441  0.0101573
290  440  0.010321
291  430  0.0453469
291  439  0.0103668
292  429  0.0477596
292  438  0.010382
292  445  0.0189041
293  437  0.0103464
293  444  0.16973
294  427  0.0697219
294  443  0.372536
295  426  0.0742976
295  442  0.555481
295  486  0.180666
296  425  0.0742841
296  441  0.55606
296  485  0.180811
296  494  0.0108161
297  424  0.0738325
297  440  0.555727
297  493  0.0109159
298  432  0.0311319
298  439  0.557284
299  431  0.0227786
299  438  0.556235
299  482  0.178574
299  492  0.0207723
300  430  0.107422
300  435  0.0156484
300  437  0.543888
300  481  0.189393
300  491  0.0263658
301  429  0.134417
301  434  0.0262044
301  436  0.490083
301  480  0.189426
301  490  0.0263698
302  428  0.135013
302  433  0.0381213
302  434  0.0366455
302  436  0.0420316
302  479  0.189879
302  489  0.0263524
303  427  0.127083
303  430  0.0100719
303  432  0.0372457
303  435  0.0767479
303  478  0.136765
303  488  0.0187975
304  431  0.0309973
304  434  0.0606851
305  423  0.630761
305  433  0.0540021
306  422  0.879198
306  432  0.0421442
307  421  0.984096
308  420  0.997388
309  419  0.997298
310  418  0.999367
311  417  0.998827
312  416  0.997993
313  415  0.998134
314  414  0.996731
316  397  0.241929
317  396  0.242687
317  412  0.0121251
318  395  0.187865
319  333  0.992679
320  332  0.999478
321  331  0.999618
322  330  0.998975
323  329  0.910087
324  328  0.528539
335  396  0.0378291
335  412  0.365726
336  395  0.0410689
336  411  0.367392
337  389  0.0121255
337  410  0.365133
337  413  0.275004
338  388  0.0133486
338  393  0.213348
338  409  0.358355
338  412  0.104109
339  387  0.0206086
339  392  0.284819
339  408  0.311922
339  411  0.124808
340  386  0.0206177
340  391  0.284813
340  410  0.30597
341  385  0.0205917
341  388  0.245806
341  390  0.199502
341  409  0.262972
342  387  0.972749
343  384  0.0208435
343  386  0.977775
344  383  0.020826
344  385  0.977395
345  382  0.0207849
345  384  0.977073
346  381  0.0173064
347  382  0.852383
348  381  0.84646
350  379  0.991671
351  378  0.997253
352  377  0.998747
353  376  0.999534
354  375  0.995729
355  372  0.893902
355  373  0.0251593
356  371  0.997122
357  370  0.998
358  369  0.999622
359  368  0.998872
360  367  0.981023
361  366  0.449912
388  408  0.310803
389  407  0.208607
390  406  0.104817
390  407  0.367871
391  406  0.571335
392  405  0.68372
392  412  0.0153307
393  404  0.67028
393  411  0.0206186
394  410  0.0219323
395  402  0.676567
395  409  0.0219478
396  401  0.692842
396  408  0.0216976
397  407  0.0209006
398  406  0.0195892
401  412  0.281978
402  411  0.283715
403  410  0.283653
404  409  0.257149
422  431  0.0527861
423  430  0.10193
423  435  0.14978
424  429  0.120776
424  434  0.232344
425  433  0.231424
425  434  0.156983
426  431  0.197664
426  433  0.162958
428  473  0.211161
428  486  0.0167513
429  472  0.211752
429  485  0.0167519
430  471  0.211588
430  484  0.0164443
431  470  0.216745
431  483  0.0124142
432  469  0.220981
433  468  0.229031
433  486  0.0100947
434  467  0.229035
434  485  0.0100987
435  465  0.114325
435  466  0.114682
435  484  0.0100944
436  464  0.228666
436  483  0.0100991
437  463  0.228625
437  482  0.0100983
438  462  0.218068
439  461  0.205009
441  457  0.225626
442  456  0.226348
443  455  0.226192
444  454  0.217929
446  452  0.220294
447  451  0.183636
451  470  0.0110197
452  469  0.0110883
453  468  0.011099
454  467  0.0110864
457  464  0.0111225
458  463  0.0103481
467  525  0.752636
468  524  0.757553
469  523  0.757026
470  522  0.75558
471  481  0.777354
472  480  0.777926
473  479  0.768309
482  518  0.773396
483  517  0.773714
484  516  0.772866
485  515  0.762567
487  512  0.576627
487  513  0.0421084
488  511  0.774346
489  510  0.783949
490  509  0.784004
491  508  0.783972
492  507  0.777915
494  505  0.779248
495  504  0.783686
495  532  0.0268117
496  503  0.772311
496  531  0.0269932
497  530  0.0269437
500  526  0.214942
501  525  0.21596
502  524  0.215957
503  523  0.215773
504  522  0.215928
505  521  0.19801
507  519  0.211141
508  518  0.215867
509  517  0.208201
510  515  0.140927
