2  7  0.0173965
2  9  0.0100386
2  938  0.0449681
3  8  0.0116521
3  937  0.0537012
5  923  0.0115323
5  935  0.0514502
6  922  0.0124854
6  934  0.0542883
7  921  0.0128045
7  933  0.0556498
8  920  0.0128782
8  924  0.693774
8  932  0.0558209
9  923  0.690441
9  931  0.0342971
9  958  0.0108914
10  922  0.665981
10  923  0.0207734
10  930  0.021396
10  957  0.0123785
11  921  0.617424
11  922  0.0247542
11  923  0.120041
12  921  0.0138663
12  922  0.147211
13  921  0.155061
14  919  0.737318
14  920  0.151379
15  914  0.0118813
15  918  0.737267
15  919  0.125411
16  913  0.0129484
17  147  0.0546201
17  912  0.0129534
17  916  0.893179
18  146  0.0561895
18  911  0.012936
18  915  0.90325
19  145  0.0555133
19  910  0.0129288
19  914  0.903852
20  144  0.0555997
20  909  0.0121615
20  913  0.904374
21  143  0.0546094
21  912  0.904206
22  117  0.054294
22  911  0.846645
23  116  0.0557764
23  910  0.788196
24  115  0.0553341
25  114  0.0514768
26  113  0.0365864
27  906  0.012491
28  351  0.0364385
29  350  0.0409851
30  62  0.0872596
30  349  0.0430464
31  61  0.943323
31  348  0.0436187
32  60  0.944834
32  347  0.0395249
33  59  0.945665
33  346  0.039275
34  58  0.94713
34  345  0.0436206
35  57  0.944938
35  344  0.0436216
36  56  0.730672
36  343  0.0435219
37  342  0.0428337
38  341  0.0367958
39  56  0.0472435
40  338  0.0400541
41  55  0.944977
41  337  0.0435076
42  54  0.953141
42  336  0.0435146
43  53  0.954269
43  335  0.043234
44  52  0.954111
44  334  0.0432333
45  51  0.922928
45  333  0.043012
46  332  0.0427077
47  330  0.0318364
48  329  0.031659
52  226  0.0397047
53  225  0.039766
56  222  0.0399743
57  221  0.0406565
58  220  0.0406744
59  219  0.0406061
60  218  0.0405494
61  217  0.0404288
62  185  0.0222167
62  216  0.0174036
62  905  0.747782
63  184  0.0177261
63  215  0.016357
63  904  0.59133
64  113  0.0307384
65  112  0.062707
65  182  0.0309802
65  902  0.822654
66  111  0.0651794
66  181  0.0317167
66  901  0.83495
67  110  0.0365346
67  180  0.0314122
67  900  0.834148
68  110  0.0327152
68  179  0.0282856
68  899  0.827229
69  109  0.0492384
69  898  0.74935
70  108  0.0256661
70  897  0.318633
71  108  0.902646
72  107  0.997037
73  106  0.996669
74  105  0.994447
75  104  0.994116
76  103  0.994535
77  102  0.997006
78  101  0.998337
80  100  0.998463
81  99  0.997919
82  98  0.997915
83  97  0.998376
84  95  0.996159
85  94  0.985609
110  151  0.508485
110  152  0.0203435
111  150  0.61299
113  148  0.0534508
113  149  0.694964
114  147  0.0521223
114  148  0.73814
115  147  0.74235
116  146  0.744969
117  144  0.441701
117  145  0.497209
118  143  0.694011
118  144  0.248638
119  142  0.998406
120  141  0.997948
121  140  0.997137
122  139  0.995713
123  138  0.992534
124  137  0.996361
125  136  0.996327
126  135  0.998426
127  134  0.984087
145  150  0.0188253
145  216  0.0209692
145  937  0.0207548
146  215  0.0211738
147  214  0.0299459
148  213  0.0299352
148  934  0.0209586
149  212  0.0298993
149  933  0.0209893
150  211  0.0297697
150  932  0.0209501
150  936  0.0238459
151  931  0.0164486
151  935  0.0242772
152  934  0.0238986
153  933  0.0212894
155  931  0.0480234
156  897  0.475496
156  930  0.0722611
157  193  0.0116268
157  896  0.797894
157  929  0.0814646
158  192  0.01167
158  895  0.824234
158  928  0.0821536
159  191  0.0115529
159  894  0.823671
159  927  0.0655047
160  893  0.818842
161  892  0.795358
161  925  0.0775624
162  891  0.613992
162  924  0.0820035
163  890  0.17623
163  923  0.0819399
164  922  0.0817494
165  189  0.0310024
165  197  0.125687
165  199  0.0778719
165  890  0.534612
165  921  0.0821729
166  188  0.0319776
166  196  0.129943
166  198  0.0776973
166  889  0.620517
166  920  0.0822664
167  187  0.0319914
167  195  0.130232
167  196  0.0765895
167  888  0.621924
167  919  0.0822582
168  186  0.031774
168  194  0.12491
168  195  0.0759043
168  887  0.554127
168  918  0.0794881
169  185  0.0302785
169  205  0.608215
170  192  0.0424572
170  204  0.611031
171  192  0.132668
171  203  0.610202
171  915  0.0349501
172  191  0.143339
172  193  0.0154126
172  202  0.60982
172  914  0.0331755
172  916  0.0214359
173  192  0.0167325
173  201  0.602554
173  915  0.023898
174  191  0.0129501
174  200  0.564339
174  914  0.0235178
176  197  0.0648275
177  189  0.322787
177  197  0.163828
178  188  0.336327
178  195  0.391603
178  196  0.111674
178  912  0.0208563
179  187  0.336714
179  194  0.444998
179  195  0.0389152
179  910  0.0486581
180  186  0.334595
180  193  0.456449
180  195  0.0157489
180  909  0.0497359
181  185  0.207448
181  192  0.373504
181  908  0.0491992
183  189  0.0109465
183  906  0.0423664
184  189  0.289362
184  905  0.0428497
185  190  0.0701584
185  193  0.0106955
185  904  0.0428175
185  909  0.0303919
186  192  0.0105785
186  907  0.0149531
186  908  0.0411971
187  906  0.0153639
187  907  0.0409488
188  905  0.0407609
188  906  0.0148444
189  901  0.030089
189  904  0.0402705
190  199  0.0278824
190  900  0.0306454
190  905  0.0168036
191  899  0.0302791
192  898  0.0291903
193  199  0.0328067
193  897  0.0262441
195  209  0.0349501
195  900  0.0776313
196  208  0.034988
196  899  0.0783707
197  207  0.0349522
197  896  0.0237526
197  898  0.0796822
198  206  0.034623
198  895  0.044805
198  897  0.0819531
199  894  0.0448352
199  896  0.0824839
200  205  0.0251328
200  893  0.0445288
200  895  0.0826039
201  891  0.0277078
201  892  0.0439729
201  894  0.0819632
202  890  0.119705
202  893  0.078524
203  889  0.155196
203  892  0.0714101
204  888  0.0124803
204  889  0.0510394
204  891  0.052318
205  888  0.0925656
205  889  0.0132852
206  886  0.926776
206  888  0.0102088
207  885  0.945972
208  884  0.947753
209  883  0.947736
210  882  0.94775
211  881  0.947752
212  880  0.94419
213  879  0.9389
214  878  0.935315
215  340  0.39629
215  859  0.0325375
216  858  0.0361721
216  876  0.430309
216  877  0.023288
217  338  0.0533563
217  340  0.0289535
217  348  0.074128
217  857  0.0498999
217  875  0.2477
218  337  0.424363
218  339  0.0256629
218  347  0.0676145
218  350  0.02025
218  856  0.0499491
219  336  0.472986
219  346  0.067169
219  349  0.0433148
219  855  0.0500126
219  858  0.0731218
220  335  0.564081
220  345  0.0744068
220  348  0.0488584
220  854  0.0501437
220  857  0.194163
221  334  0.564181
221  344  0.0743881
221  347  0.0488569
221  350  0.0160171
221  853  0.0500119
221  856  0.194254
222  333  0.563228
222  343  0.0693309
222  346  0.0474184
222  349  0.0159524
222  855  0.194129
223  332  0.55566
223  342  0.0316616
223  345  0.0441646
223  348  0.0156483
223  849  0.0103365
223  854  0.194178
224  852  0.215079
225  330  0.432102
225  345  0.0139022
225  847  0.0238202
225  851  0.221163
226  309  0.0794452
226  328  0.0261535
226  329  0.565957
226  344  0.0138737
226  846  0.0238917
226  850  0.221208
227  308  0.0829426
227  327  0.0301867
227  845  0.0238933
227  849  0.220878
228  307  0.0835526
228  326  0.0288212
228  327  0.631881
228  844  0.0240938
228  847  0.14348
229  306  0.0835273
229  325  0.0162679
229  326  0.633179
229  843  0.0232581
229  847  0.0341299
230  305  0.0802815
230  324  0.011704
230  325  0.629419
230  842  0.0210491
230  845  0.141733
231  254  0.0351365
231  324  0.611479
231  841  0.0114794
231  845  0.0258767
232  253  0.0413288
232  303  0.0256754
232  323  0.601919
232  843  0.2074
232  844  0.0132809
233  252  0.0409369
233  842  0.222774
234  841  0.230249
235  250  0.0413943
236  839  0.241101
237  248  0.665506
237  275  0.0761597
237  838  0.244802
238  247  0.66618
238  837  0.244842
239  246  0.665828
239  273  0.0788747
239  836  0.244836
240  245  0.603452
240  272  0.0798104
240  835  0.243221
241  271  0.0799692
241  613  0.015822
241  834  0.220102
242  270  0.0633638
242  612  0.0107783
242  833  0.201935
243  612  0.078563
243  832  0.125204
244  268  0.0539021
244  611  0.201727
244  831  0.0281096
245  267  0.0836859
245  610  0.23556
246  266  0.089398
246  609  0.235822
247  265  0.0893606
247  608  0.235819
248  264  0.0887259
248  607  0.235481
249  263  0.0864866
250  262  0.0824757
250  264  0.61297
250  298  0.0137235
250  605  0.172415
251  263  0.618646
251  297  0.0138222
252  262  0.621047
252  296  0.0138436
252  603  0.0197444
252  604  0.0706613
253  261  0.664555
253  295  0.013849
254  260  0.645184
254  294  0.0137053
254  602  0.204342
255  601  0.212767
256  292  0.0101986
256  600  0.212763
257  599  0.168394
259  287  0.0121148
259  325  0.04249
260  286  0.0140084
260  324  0.0682737
261  285  0.0141953
261  323  0.0913488
261  587  0.158544
262  284  0.0141807
262  322  0.0919221
262  586  0.176803
263  283  0.0142109
263  321  0.0902796
263  585  0.177128
264  282  0.0142198
264  584  0.159959
265  281  0.0142293
265  583  0.160747
266  280  0.0142559
266  315  0.671238
266  582  0.177409
267  279  0.0142383
267  314  0.694358
267  581  0.177209
268  313  0.699667
268  580  0.177181
269  276  0.0131616
269  312  0.699677
270  275  0.0131962
270  311  0.699144
270  578  0.177011
270  606  0.016867
271  310  0.699656
271  577  0.177011
271  605  0.0168622
272  309  0.323711
272  576  0.173862
272  604  0.0130596
273  307  0.0451222
273  308  0.250497
274  306  0.0453378
274  307  0.604096
274  601  0.0214114
275  600  0.0216822
276  303  0.0623145
276  305  0.0782858
276  306  0.257225
276  307  0.0551267
276  574  0.166054
276  599  0.0209292
277  301  0.036035
277  303  0.116249
277  305  0.215393
277  306  0.070982
277  573  0.169295
277  598  0.020914
278  300  0.0265354
278  305  0.0703486
278  572  0.170316
278  597  0.0188981
279  571  0.170823
280  300  0.666922
280  301  0.0420493
280  303  0.0102122
280  570  0.158872
281  299  0.865609
281  569  0.0864974
282  298  0.94961
283  297  0.951487
284  296  0.952205
284  568  0.0195634
285  295  0.952656
285  567  0.0200991
286  294  0.936866
286  566  0.0130992
287  293  0.859687
287  564  0.0166051
288  563  0.0226261
289  562  0.0226615
290  561  0.0227375
291  560  0.0226888
292  559  0.0223595
295  424  0.020697
296  423  0.0207084
297  422  0.0207099
298  421  0.020614
299  420  0.0158663
300  565  0.140052
301  564  0.150973
302  563  0.150905
303  562  0.150915
304  561  0.139294
305  560  0.103386
307  343  0.0113064
307  555  0.0117099
308  554  0.0118691
308  582  0.0131351
309  553  0.0118372
309  581  0.0245952
310  332  0.0108374
310  340  0.204953
310  403  0.0177942
310  580  0.02462
311  331  0.0112336
311  339  0.20708
311  402  0.0182552
311  551  0.0112751
311  579  0.0246121
312  330  0.0112579
312  338  0.207375
312  401  0.0202013
312  550  0.0117486
312  578  0.0246354
313  329  0.0112639
313  337  0.207514
313  400  0.0202026
313  549  0.0118043
313  577  0.0246347
314  328  0.0112268
314  336  0.20707
314  399  0.017598
314  548  0.0117634
314  575  0.0121479
314  576  0.0124651
315  335  0.206388
315  547  0.0117017
315  574  0.0242997
316  573  0.0241903
317  572  0.0228475
318  381  0.0183489
318  571  0.0208154
319  380  0.0229479
320  379  0.0238522
321  330  0.215568
321  378  0.0242491
322  329  0.231091
322  377  0.0243679
323  328  0.21514
323  376  0.024498
324  375  0.0244382
325  374  0.0243891
326  373  0.0222294
326  435  0.0101654
327  434  0.0101876
327  588  0.0377682
328  433  0.0102002
328  587  0.0397773
329  340  0.0727912
329  432  0.0101991
329  586  0.0399486
330  339  0.0731572
330  585  0.0396568
331  338  0.0735423
331  583  0.010224
331  584  0.0246626
332  337  0.0712557
332  582  0.0203452
333  581  0.0203242
334  426  0.0101437
334  570  0.0193494
334  580  0.0198688
334  583  0.0195546
335  425  0.0102481
335  567  0.0187744
335  569  0.0195775
335  582  0.0201712
336  424  0.0102014
336  581  0.0201797
337  345  0.0130514
337  580  0.0201085
338  344  0.011439
338  564  0.0477642
338  579  0.0140768
339  563  0.0630787
340  562  0.0646098
341  371  0.0148488
341  561  0.0650991
342  370  0.0211156
342  560  0.0656477
343  369  0.0201163
343  559  0.0330953
344  351  0.0102379
344  368  0.0205372
344  559  0.167066
345  350  0.0106679
345  367  0.0225466
345  558  0.200508
345  876  0.434919
346  366  0.0194447
346  557  0.200526
346  875  0.507173
347  556  0.200141
347  874  0.50555
348  364  0.0169946
348  555  0.200036
349  419  0.0213385
349  873  0.0439411
350  363  0.0121746
350  873  0.43539
351  417  0.048289
351  422  0.0128806
351  872  0.495574
352  361  0.0153793
352  416  0.0910978
352  421  0.0131395
352  424  0.029588
352  870  0.0317911
352  871  0.495329
352  875  0.029053
352  908  0.0236659
353  360  0.021783
353  415  0.097122
353  423  0.0245841
353  869  0.116273
353  870  0.318345
353  871  0.0871113
353  874  0.0290204
353  907  0.0236362
354  359  0.0164877
354  414  0.0970846
354  422  0.0134894
354  868  0.0846132
355  413  0.0969956
355  868  0.0335829
356  370  0.0112463
356  412  0.0968658
356  868  0.519902
357  369  0.012691
357  411  0.0944397
357  867  0.657596
358  368  0.0129024
358  410  0.0819452
358  866  0.68758
358  906  0.0357203
359  366  0.175879
359  409  0.0355751
359  865  0.701439
359  905  0.0433672
360  365  0.176259
360  376  0.0297277
360  864  0.703003
360  904  0.0433796
361  375  0.0300191
361  863  0.70213
361  903  0.0433238
362  374  0.0301295
362  862  0.702473
362  902  0.0433438
363  373  0.0301335
363  861  0.702928
363  901  0.0433717
364  372  0.0283367
364  860  0.632937
364  900  0.042251
365  371  0.0231648
365  859  0.636974
365  895  0.0366711
366  858  0.702937
366  894  0.0374836
367  409  0.0468258
367  553  0.0134365
367  857  0.69848
367  893  0.037432
368  552  0.0122318
368  856  0.686383
368  892  0.0375091
369  551  0.0120175
369  595  0.0157865
369  855  0.588913
369  891  0.0376068
370  406  0.0508915
370  550  0.0127639
370  594  0.0286941
370  890  0.0374229
371  405  0.0487116
371  549  0.0104638
371  591  0.0292681
371  593  0.0303073
371  603  0.286494
371  800  0.0191945
371  803  0.0356935
371  889  0.0362684
372  404  0.0487915
372  422  0.0593332
372  590  0.034694
372  592  0.029679
372  602  0.342651
372  802  0.0470046
372  888  0.0313808
373  403  0.0524144
373  421  0.0973139
373  598  0.0708515
373  601  0.354098
373  801  0.0494141
374  420  0.096012
374  597  0.0703455
374  797  0.0209147
375  419  0.077638
375  587  0.108635
375  596  0.0587765
375  599  0.291311
375  796  0.0162033
375  798  0.0194452
376  586  0.114612
376  598  0.292795
376  797  0.0184251
377  401  0.925994
377  796  0.0181922
378  400  0.93103
378  795  0.0199557
379  399  0.932885
379  794  0.0198017
380  398  0.939703
382  396  0.96983
382  791  0.0193167
383  395  0.988977
384  394  0.989189
385  393  0.990144
386  392  0.988354
387  391  0.612157
401  418  0.0106684
402  583  0.532513
402  792  0.0435395
402  854  0.0181888
403  417  0.159308
403  582  0.576502
403  791  0.0446416
403  853  0.0181931
403  883  0.0350664
404  416  0.181457
404  581  0.58696
404  790  0.0438009
404  852  0.0172802
404  882  0.0383008
405  415  0.186388
405  580  0.586922
405  789  0.0436143
405  851  0.0171265
405  881  0.0383043
406  414  0.18615
406  579  0.543456
406  788  0.0348313
406  850  0.0146987
406  880  0.037941
407  413  0.185479
407  579  0.0149335
407  787  0.0183686
407  879  0.0375506
408  412  0.158968
408  577  0.0149625
408  785  0.0118113
408  878  0.0376087
409  577  0.568334
409  784  0.0117871
409  785  0.011446
409  877  0.0375978
410  576  0.586285
410  876  0.0270395
411  422  0.0185741
411  575  0.586845
412  421  0.032893
412  574  0.587707
412  874  0.030499
413  420  0.0325009
413  573  0.587209
413  873  0.0290191
414  419  0.0311086
414  572  0.586095
415  571  0.579466
417  570  0.0141809
417  781  0.0112904
417  790  0.0382486
418  570  0.545493
418  780  0.0119806
418  789  0.0382541
418  796  0.0285579
419  566  0.0110083
419  569  0.559917
419  779  0.0112245
419  788  0.0219492
419  795  0.0328892
420  565  0.0120639
420  568  0.560205
420  794  0.0343633
421  564  0.0122696
421  567  0.560183
421  787  0.0182207
421  793  0.0344871
422  563  0.0116874
422  777  0.04406
422  786  0.0171568
422  792  0.0278469
423  565  0.161188
423  776  0.109102
423  785  0.0170794
423  791  0.0110707
424  564  0.161709
424  775  0.119462
424  784  0.0170664
425  553  0.621817
425  563  0.074208
425  774  0.122216
426  552  0.621853
426  773  0.122143
427  551  0.636669
427  562  0.0217778
427  772  0.121819
428  549  0.750238
429  548  0.91136
430  547  0.969907
431  546  0.969898
432  545  0.970397
433  544  0.970376
434  441  0.072021
434  543  0.879744
435  440  0.0710922
436  541  0.875006
438  540  0.875129
439  539  0.874775
440  538  0.875344
440  545  0.0120335
441  537  0.872927
441  544  0.0121256
442  532  0.661815
443  531  0.984796
444  530  0.988921
445  529  0.989799
446  528  0.989679
447  527  0.983717
448  525  0.251911
448  526  0.656603
449  523  0.0233539
449  524  0.503027
450  522  0.0335762
450  523  0.497724
450  524  0.218948
451  521  0.0348893
451  522  0.474056
451  523  0.225563
451  524  0.013386
452  477  0.175366
452  520  0.0310139
452  521  0.406594
452  522  0.177668
452  523  0.013053
453  476  0.98814
454  475  0.988563
455  474  0.985625
456  473  0.938785
457  472  0.242735
457  473  0.0297684
459  472  0.688762
460  471  0.988008
461  470  0.9889
462  469  0.930018
478  519  0.76531
479  518  0.94828
480  517  0.997879
481  516  0.997767
482  515  0.99541
483  514  0.796052
484  513  0.594242
484  514  0.201247
485  512  0.591837
485  513  0.402353
486  511  0.182211
486  512  0.404075
487  511  0.640455
488  509  0.251956
488  510  0.632335
489  504  0.0103595
490  503  0.0108506
490  505  0.956623
491  504  0.956257
492  501  0.02017
492  503  0.944536
493  500  0.0382735
493  502  0.904546
494  499  0.0829118
494  500  0.0240772
495  499  0.0140101
495  500  0.0321539
495  504  0.0176905
496  503  0.0176597
532  543  0.106702
533  542  0.107307
534  541  0.107462
535  540  0.106335
548  771  0.010917
549  559  0.0674561
549  770  0.0103986
549  783  0.0186184
550  558  0.0674738
550  782  0.019344
551  557  0.0651674
551  768  0.140946
551  781  0.0203211
552  556  0.024822
552  559  0.069767
552  563  0.0290047
552  767  0.141289
552  780  0.0204967
553  558  0.0703135
553  562  0.0306
553  766  0.141294
553  779  0.0204882
554  561  0.0322679
554  765  0.140925
555  764  0.140637
556  565  0.351783
556  628  0.0208415
556  763  0.140689
557  564  0.376342
557  627  0.0223744
557  762  0.140113
558  563  0.355094
558  626  0.0283271
558  686  0.050381
558  752  0.0813751
559  625  0.028735
559  685  0.0514785
559  751  0.0814078
560  624  0.028756
560  684  0.0505743
560  750  0.0805729
561  623  0.0287227
561  746  0.0136502
561  749  0.0665377
562  622  0.0289099
562  682  0.0409119
562  745  0.0201043
562  748  0.0594618
563  621  0.028433
563  681  0.0525775
563  744  0.02048
563  747  0.0482914
564  620  0.0162462
564  680  0.0548526
564  743  0.0206285
564  745  0.0144684
567  618  0.0401728
568  617  0.040132
568  676  0.0788521
569  578  0.0392401
569  615  0.0710956
569  675  0.0919625
570  577  0.0391131
570  614  0.0737824
570  674  0.0919781
571  613  0.0740179
571  673  0.0919729
572  612  0.0738834
572  672  0.0918327
573  611  0.0729786
573  671  0.0917932
574  610  0.0705686
574  670  0.0917442
576  584  0.0126734
576  587  0.0146135
577  583  0.0144937
577  586  0.0166491
577  609  0.017218
578  582  0.0119316
578  608  0.0136635
580  608  0.0554258
581  607  0.0613746
582  606  0.0627188
583  605  0.0615666
584  604  0.0476631
586  600  0.0233557
587  592  0.0258322
588  598  0.265189
589  597  0.259688
590  596  0.227171
596  669  0.0589057
597  668  0.0705964
598  667  0.0714557
599  666  0.0328937
600  665  0.0329317
601  664  0.0712777
602  660  0.0263006
603  659  0.0298118
604  658  0.0302942
605  615  0.0123388
605  622  0.0157311
605  657  0.0301962
605  854  0.568805
606  614  0.0128438
606  621  0.0157406
606  656  0.0301819
606  853  0.569055
607  613  0.0129143
607  647  0.0125437
607  655  0.0103515
607  852  0.567454
608  620  0.0415976
608  646  0.0140305
608  851  0.567706
609  619  0.0511993
609  645  0.0143623
609  850  0.567667
610  618  0.053466
610  644  0.013402
610  849  0.542172
611  617  0.0433552
612  624  0.352779
613  619  0.0106057
613  623  0.3806
613  753  0.0124192
614  622  0.383742
614  752  0.013365
614  829  0.0544869
615  621  0.351764
615  751  0.0133514
615  828  0.0635413
616  620  0.16174
616  750  0.0131369
617  749  0.0115684
617  815  0.0742276
617  826  0.162782
618  814  0.0783393
618  825  0.240225
619  741  0.0258187
619  810  0.0249346
619  812  0.127978
619  824  0.243732
620  740  0.0279237
620  746  0.0168593
620  811  0.131247
620  823  0.243646
621  657  0.0388669
621  739  0.0287598
621  745  0.0181285
621  808  0.0387016
621  810  0.128685
621  822  0.243762
622  656  0.0389464
622  738  0.028767
622  807  0.0393895
622  821  0.243725
623  655  0.0432654
623  657  0.019605
623  737  0.0287111
623  743  0.0206361
623  808  0.119495
624  654  0.0434449
624  656  0.0196308
624  742  0.0207655
624  806  0.122852
624  807  0.047441
624  819  0.236517
625  643  0.0145451
625  653  0.0437639
625  655  0.0213257
625  741  0.0207825
625  805  0.164177
625  812  0.382503
625  818  0.235387
626  642  0.0145453
626  652  0.0433352
626  654  0.0214343
626  734  0.0287077
626  740  0.0208022
626  804  0.162971
626  811  0.384653
626  817  0.233045
627  653  0.0212306
627  733  0.0284824
627  739  0.0207865
627  810  0.385981
628  809  0.385198
629  639  0.0224414
629  731  0.0108475
629  774  0.0256571
629  801  0.218328
629  808  0.380045
630  638  0.0224209
630  650  0.0615487
630  730  0.0282521
630  763  0.0214614
630  773  0.0257878
630  800  0.220893
630  807  0.25712
630  815  0.197529
631  637  0.0208996
631  649  0.0618474
631  729  0.02807
631  736  0.0152619
631  762  0.0323567
631  772  0.026466
631  799  0.222423
631  807  0.0555465
631  814  0.198856
632  692  0.032058
632  735  0.0153141
632  771  0.0194476
632  798  0.211155
632  813  0.191015
633  691  0.0508012
633  733  0.0512686
633  761  0.350253
633  797  0.166754
633  812  0.164156
634  647  0.0448875
634  690  0.0510156
634  732  0.0513461
634  760  0.355257
634  771  0.189105
634  796  0.0528469
634  810  0.0189327
635  646  0.0449485
635  731  0.0486334
635  759  0.336556
635  770  0.250918
635  809  0.0137035
636  769  0.290096
636  809  0.0219858
637  644  0.0598195
637  687  0.475973
637  768  0.304813
637  808  0.0161581
637  809  0.0806587
638  643  0.0534365
638  686  0.476471
638  767  0.30487
638  808  0.0985681
639  685  0.476472
639  766  0.304822
639  807  0.104627
640  684  0.464997
640  765  0.29643
641  683  0.437703
641  764  0.0954151
642  658  0.0102173
642  682  0.332438
644  656  0.173519
645  655  0.367013
645  764  0.288852
646  654  0.36695
646  763  0.401065
647  762  0.404622
648  653  0.508806
648  761  0.404559
649  760  0.404358
650  759  0.383277
652  737  0.112121
652  756  0.0762519
653  666  0.0522842
653  667  0.0127014
653  736  0.131973
653  755  0.0815761
654  665  0.0529496
654  735  0.132349
655  664  0.0529293
655  666  0.0931641
655  734  0.132413
655  753  0.107946
656  665  0.100231
656  680  0.250561
656  733  0.107577
656  752  0.110135
657  664  0.100442
657  679  0.2504
657  751  0.109946
658  663  0.0696102
659  677  0.0164956
660  677  0.0135619
660  679  0.0361115
660  749  0.0128181
661  678  0.0536575
661  748  0.0128579
663  676  0.490243
664  673  0.0107301
664  675  0.570984
664  689  0.142802
665  672  0.0102688
665  674  0.570586
665  688  0.144153
666  673  0.565489
666  687  0.144693
666  761  0.0110371
667  686  0.14359
667  757  0.0279052
667  760  0.0111222
668  756  0.0275064
668  759  0.0110702
669  684  0.024071
670  683  0.0249438
670  684  0.0644955
670  757  0.0829777
671  682  0.0221208
671  683  0.0851707
671  756  0.0810926
672  682  0.0840863
673  753  0.123616
674  680  0.15347
674  752  0.124864
675  679  0.124765
675  751  0.1247
676  742  0.0594891
676  749  0.080705
677  741  0.119201
677  748  0.080854
678  740  0.129404
678  746  0.02594
678  747  0.0709966
679  686  0.0169053
679  739  0.132636
679  745  0.0367219
680  685  0.0172693
680  738  0.132635
681  737  0.131565
682  736  0.110675
682  742  0.0122334
684  734  0.0494823
684  740  0.120835
685  733  0.0517299
685  735  0.0427419
685  739  0.127657
686  734  0.0464556
686  738  0.127443
687  736  0.132508
688  735  0.133267
688  756  0.0413047
689  734  0.132589
689  755  0.049836
690  754  0.0493679
691  729  0.551753
691  753  0.0362786
692  728  0.867055
693  727  0.98407
694  726  0.9852
695  725  0.984666
696  724  0.982959
698  722  0.836003
699  721  0.819685
701  722  0.143477
702  721  0.143216
703  720  0.144513
704  718  0.996697
705  717  0.997133
706  716  0.997132
707  715  0.991947
708  713  0.183956
709  713  0.0161315
729  757  0.375995
730  756  0.414445
731  755  0.421965
732  754  0.427382
733  753  0.428098
734  745  0.0323961
734  752  0.420107
735  744  0.0326228
735  746  0.0436002
735  751  0.246703
736  743  0.0328731
736  745  0.108074
736  750  0.167109
737  742  0.0203628
737  744  0.108307
737  746  0.0128633
737  749  0.300298
737  753  0.0254893
738  743  0.103455
738  745  0.0160047
738  748  0.250541
738  752  0.203559
739  751  0.205191
740  750  0.205374
741  749  0.204151
742  748  0.17903
753  761  0.0597298
754  760  0.0580021
754  761  0.0411824
754  790  0.0122488
755  759  0.0220814
755  760  0.0389054
755  789  0.0126369
756  788  0.0129839
757  787  0.0129873
758  786  0.012864
759  785  0.0125301
760  784  0.0123619
761  779  0.0140002
762  778  0.01464
762  810  0.04742
763  777  0.0146424
763  809  0.0473137
764  776  0.0146314
764  807  0.0990619
765  775  0.0146013
765  806  0.444506
766  774  0.0141606
766  805  0.529181
767  804  0.52925
768  803  0.529084
769  802  0.502842
770  795  0.507571
770  800  0.0186025
771  794  0.564261
773  792  0.788453
773  797  0.0102936
774  791  0.816163
775  790  0.817161
777  788  0.876739
778  787  0.907987
779  786  0.913259
780  785  0.914165
791  869  0.0466829
792  868  0.0470006
793  867  0.0470032
794  866  0.0465422
795  865  0.0464175
796  863  0.0136608
796  864  0.0337856
797  862  0.0265576
797  863  0.0208239
798  861  0.01086
798  862  0.0172025
799  860  0.0260685
800  859  0.045448
801  858  0.0459672
804  854  0.149019
805  814  0.0353142
805  853  0.149295
806  813  0.0356707
806  852  0.149215
807  812  0.0339938
807  851  0.149287
808  850  0.148809
809  815  0.118515
809  816  0.0100389
810  814  0.109509
817  847  0.749548
818  846  0.750153
819  845  0.749994
820  844  0.750459
821  843  0.749572
823  841  0.743755
824  840  0.749456
825  838  0.010203
825  839  0.738717
826  837  0.0104658
826  838  0.739707
827  835  0.0146207
827  837  0.707315
828  834  0.0185699
829  833  0.0133636
829  836  0.0562303
858  874  0.0386344
860  872  0.159137
861  871  0.199529
862  870  0.127275
863  870  0.0748904
864  869  0.140242
920  928  0.0141192
921  927  0.012799
926  958  0.524923
927  937  0.0262133
927  953  0.0886031
927  955  0.166639
927  957  0.603455
928  936  0.026209
928  952  0.0886639
928  954  0.166749
928  956  0.603507
929  935  0.0246072
929  951  0.0886847
929  953  0.166682
929  955  0.585533
930  950  0.088143
930  952  0.0899098
930  954  0.566595
931  949  0.0842561
931  952  0.596396
932  943  0.0274787
932  948  0.0640134
932  951  0.681979
932  953  0.0183523
933  942  0.0274924
933  950  0.674155
933  952  0.0176989
934  941  0.0268389
934  949  0.666575
935  940  0.0256333
935  947  0.771398
936  943  0.0245211
936  946  0.795959
937  942  0.0240062
937  945  0.795899
938  944  0.680311
941  958  0.114381
942  957  0.131319
943  956  0.126269
944  954  0.017585
945  953  0.0478393
945  955  0.134535
946  952  0.0477756
946  954  0.134607
947  951  0.0296347
947  953  0.134907
948  952  0.0513571
