1  411  0.0257747
1  516  0.157295
2  410  0.0343987
2  515  0.179384
2  517  0.209428
2  521  0.213697
3  362  0.0107459
3  409  0.0369404
3  503  0.0599309
3  507  0.0521949
3  514  0.198525
3  516  0.239991
3  520  0.243517
4  361  0.0107469
4  408  0.0369338
4  502  0.0630539
4  506  0.0522142
4  513  0.198395
4  515  0.240974
4  519  0.24433
5  360  0.01062
5  407  0.0264193
8  356  0.0134665
8  509  0.0153682
9  20  0.4202
9  355  0.0161715
9  404  0.0103727
9  495  0.0298797
9  504  0.462398
9  508  0.0185276
10  19  0.423302
10  354  0.0160353
10  494  0.0299161
10  503  0.462547
10  507  0.0188703
11  18  0.409032
11  353  0.0157114
11  493  0.0298831
11  502  0.429025
11  506  0.0183338
12  17  0.331978
12  492  0.0293854
12  500  0.0162306
13  491  0.0274438
13  499  0.0132015
13  500  0.0576613
14  341  0.0126321
14  490  0.0195162
14  499  0.0501202
15  340  0.0168574
16  339  0.0186687
16  347  0.0577315
17  338  0.0187424
17  346  0.0637123
17  498  0.025088
18  345  0.0650358
18  497  0.027091
19  337  0.0195011
19  344  0.0649894
19  496  0.0259341
20  337  0.0513263
20  343  0.0589747
21  337  0.0218673
21  406  0.0131382
22  337  0.0129576
22  405  0.0132839
22  506  0.0859023
23  334  0.698469
23  505  0.0877916
24  333  0.836851
24  504  0.0848068
25  332  0.86297
26  331  0.855824
26  502  0.0179452
27  330  0.0106039
27  331  0.0500622
28  330  0.957612
29  329  0.993342
30  328  0.995632
31  327  0.993418
32  326  0.993487
33  325  0.994106
34  324  0.497345
35  324  0.498514
36  323  0.995964
37  322  0.996004
38  321  0.994958
39  320  0.99524
40  319  0.995885
41  318  0.990265
42  317  0.989768
43  101  0.0133236
43  316  0.975725
44  100  0.0230142
44  315  0.9643
45  99  0.156738
45  105  0.045139
45  314  0.365016
46  97  0.944991
46  104  0.0435802
47  96  0.947102
47  103  0.0433798
48  95  0.947161
49  94  0.947286
50  93  0.928854
51  92  0.278448
54  101  0.0390911
55  100  0.0425925
56  92  0.652135
56  99  0.0427243
57  91  0.7622
57  98  0.0427181
58  90  0.758307
58  91  0.18678
58  96  0.0397398
59  89  0.379204
59  90  0.193854
59  95  0.0397552
60  89  0.575054
60  94  0.0110808
61  88  0.955085
61  93  0.0109027
62  87  0.954135
62  92  0.0393535
63  86  0.940685
63  91  0.0381448
64  85  0.826145
64  90  0.0293807
65  84  0.726713
67  85  0.153744
68  84  0.167871
69  82  0.853276
69  83  0.139608
70  81  0.889442
70  82  0.105845
71  80  0.923038
71  81  0.0693504
72  79  0.922086
73  78  0.748777
98  104  0.0308104
98  314  0.221912
99  103  0.0252638
99  106  0.0379549
99  313  0.223764
100  105  0.050081
100  314  0.171106
101  107  0.0138851
101  313  0.171766
102  106  0.0126798
103  314  0.0852082
104  310  0.378004
104  313  0.0826933
105  309  0.378579
105  313  0.0113964
105  315  0.0107441
106  308  0.357583
106  314  0.110938
109  311  0.583601
110  310  0.610015
111  309  0.610194
112  307  0.236232
112  308  0.411497
113  306  0.4043
114  305  0.403671
115  260  0.148504
115  304  0.401867
116  259  0.138437
116  303  0.235849
119  257  0.991471
120  256  0.993862
121  255  0.995248
122  254  0.99438
123  253  0.994221
124  252  0.995291
125  251  0.994985
126  250  0.994048
128  246  0.0669765
129  245  0.0727761
129  248  0.845716
130  149  0.0254951
130  244  0.0728506
130  247  0.89922
131  148  0.0256892
131  243  0.0727326
131  246  0.89866
132  147  0.0171008
132  245  0.893271
133  146  0.0182859
133  242  0.0868964
133  244  0.881454
134  145  0.0300684
134  241  0.0953608
135  144  0.0315229
135  240  0.0861782
135  242  0.270941
135  243  0.0353692
136  143  0.0314266
136  239  0.0834316
136  240  0.679088
136  242  0.0350922
137  142  0.0228052
137  226  0.136918
137  238  0.0864047
137  239  0.685956
137  240  0.0102427
138  225  0.148321
138  238  0.692728
139  224  0.151685
139  237  0.694692
140  223  0.155686
140  235  0.444841
140  236  0.359415
141  222  0.155674
141  234  0.781004
142  221  0.146
142  231  0.0118815
142  232  0.381736
142  233  0.405012
143  230  0.0404439
143  231  0.742367
144  218  0.139395
144  229  0.042832
144  230  0.735742
144  231  0.0136937
145  217  0.139675
146  163  0.168993
146  204  0.348091
146  216  0.139036
147  162  0.193602
147  203  0.570534
148  161  0.196466
148  202  0.570513
148  215  0.153912
149  160  0.196947
149  201  0.569619
149  204  0.0281157
149  214  0.155367
150  155  0.0147438
150  159  0.205573
150  162  0.0291565
150  200  0.0447264
150  203  0.029489
150  213  0.156914
151  161  0.0187838
151  197  0.0150803
151  202  0.0206194
152  161  0.471872
152  196  0.0177546
153  160  0.527363
153  195  0.0179776
153  201  0.0155659
153  210  0.155154
154  159  0.402062
154  194  0.0179612
154  200  0.0152109
154  209  0.15543
155  193  0.0175937
155  199  0.0151718
156  198  0.0121515
156  207  0.157949
157  206  0.166187
158  205  0.166633
159  204  0.17544
160  172  0.0127032
160  203  0.174969
161  171  0.0125946
162  170  0.0117162
162  201  0.0119328
162  202  0.0158518
164  200  0.823376
165  199  0.912954
165  230  0.0107276
166  198  0.913953
166  229  0.016221
169  195  0.928699
169  204  0.0281069
170  194  0.938099
170  203  0.0289437
171  193  0.647973
171  202  0.0288958
172  201  0.0287204
173  191  0.952214
173  196  0.0177298
174  190  0.962615
174  195  0.0198818
175  189  0.966888
175  194  0.0203741
176  188  0.966047
176  193  0.0203726
177  192  0.0199473
178  186  0.92174
179  184  0.0149022
179  185  0.887233
179  190  0.0172385
180  186  0.0211045
180  189  0.020178
181  188  0.0185991
193  200  0.0181666
194  199  0.0187275
203  229  0.0272956
203  230  0.0212342
204  228  0.0148705
205  228  0.811068
206  227  0.826916
207  226  0.827895
208  225  0.830877
209  224  0.832115
210  223  0.832277
211  222  0.832022
212  221  0.807466
214  219  0.0193185
214  220  0.567643
215  219  0.216105
227  238  0.142173
228  237  0.15527
229  236  0.173168
230  235  0.172137
261  307  0.57548
262  306  0.578291
263  305  0.517316
265  303  0.699941
266  302  0.997967
267  301  0.99729
268  300  0.993647
269  299  0.997515
270  298  0.998192
271  297  0.998751
272  296  0.999851
273  295  0.0245047
274  294  0.0122997
274  295  0.975454
275  294  0.98765
276  293  0.99929
277  292  0.999287
278  291  0.991264
280  289  0.990334
281  288  0.990342
282  287  0.718455
330  504  0.0269811
331  503  0.0514971
332  502  0.0518591
333  501  0.051359
334  500  0.0490677
335  499  0.0373873
335  516  0.034158
336  343  0.0175089
336  352  0.0200845
336  502  0.0377881
336  515  0.0367626
337  342  0.0788309
337  351  0.0234774
337  416  0.0168206
337  500  0.0160661
337  514  0.0131057
338  350  0.0228826
338  415  0.0168557
338  499  0.0151588
338  500  0.416585
339  414  0.0168148
339  499  0.449161
340  348  0.0198882
340  413  0.0138771
340  438  0.029822
340  498  0.451279
341  347  0.0226151
341  353  0.0247847
341  412  0.0100742
341  437  0.0361061
341  498  0.0112375
342  346  0.0194125
342  352  0.027066
342  436  0.0365921
342  496  0.706546
343  351  0.0275627
343  435  0.036139
343  495  0.773559
343  504  0.0131142
344  350  0.025712
344  411  0.0143518
344  434  0.0314348
344  494  0.773714
344  503  0.0130795
345  349  0.0178317
345  410  0.0233877
345  493  0.286685
345  502  0.0116292
346  409  0.0258119
346  492  0.266123
347  491  0.74313
348  490  0.496312
349  407  0.0725804
350  406  0.0847218
350  428  0.0250377
351  405  0.090746
351  427  0.0264175
352  403  0.0903394
352  404  0.0754192
352  444  0.353341
352  450  0.0116533
353  402  0.107027
353  449  0.0116184
354  443  0.662078
354  448  0.0108364
355  400  0.233485
355  442  0.689318
356  399  0.242425
356  441  0.688429
356  521  0.0287869
357  398  0.24435
357  440  0.690164
357  520  0.0375704
358  397  0.244537
358  439  0.690006
358  519  0.0379069
359  396  0.177488
359  438  0.583362
359  518  0.0380127
360  410  0.11659
360  437  0.493953
360  517  0.0379904
361  394  0.709142
361  409  0.225854
361  516  0.0380714
362  393  0.711449
362  408  0.225738
362  515  0.0380587
363  392  0.718348
363  407  0.0254922
364  391  0.718636
364  392  0.0116388
365  505  0.0385706
366  390  0.942485
366  504  0.0462445
367  389  0.943138
367  503  0.0462229
368  388  0.477359
368  502  0.0459229
369  388  0.469475
369  501  0.0431623
370  387  0.94984
370  500  0.0327879
371  386  0.944147
371  499  0.0295688
373  384  0.990049
374  383  0.996224
375  382  0.995757
376  381  0.986222
388  409  0.0336068
389  408  0.0333292
393  407  0.251361
394  406  0.285213
395  405  0.289016
395  436  0.435761
396  404  0.289205
396  435  0.45931
397  403  0.28128
397  434  0.459228
398  432  0.451996
399  431  0.452281
401  429  0.491877
402  428  0.502814
403  427  0.503947
404  425  0.545241
405  424  0.546688
405  504  0.0107724
406  423  0.548055
406  503  0.0107621
407  422  0.546437
407  502  0.0103614
408  421  0.523895
408  503  0.0124713
409  418  0.227617
409  502  0.0127413
410  417  0.181724
411  418  0.0586219
411  420  0.0103861
412  416  0.0119592
412  417  0.0206398
412  500  0.010734
414  438  0.162756
415  437  0.232987
416  436  0.244555
417  436  0.0480584
418  434  0.214288
418  435  0.12517
419  433  0.107578
420  433  0.29521
421  432  0.415928
422  431  0.416793
423  430  0.416814
424  429  0.387895
430  446  0.0890055
431  445  0.107615
432  444  0.117257
433  443  0.119231
434  442  0.120492
435  441  0.119939
436  440  0.0742948
439  497  0.161838
440  496  0.168339
441  495  0.173126
442  494  0.17309
443  492  0.0180977
444  493  0.0297158
445  490  0.308604
445  492  0.0223731
446  489  0.705493
447  487  0.069959
447  488  0.853508
448  486  0.0734187
448  487  0.848194
448  488  0.0259899
449  485  0.0591795
451  484  0.0186317
451  485  0.770269
452  484  0.932553
453  483  0.965774
454  482  0.978654
455  481  0.978598
456  480  0.971368
461  474  0.0110286
461  476  0.898369
462  473  0.0141497
462  475  0.967709
463  472  0.0127908
463  474  0.967588
464  472  0.955113
465  471  0.925149
501  508  0.0121053
502  507  0.017992
506  514  0.564773
506  520  0.0857774
507  513  0.56271
507  519  0.0885346
508  512  0.236169
508  518  0.0885412
509  517  0.0879733
510  516  0.0797443
513  520  0.0981234
514  519  0.101114
