1  164  0.230028
2  136  0.0253875
2  143  0.188184
2  163  0.371588
2  169  0.0845041
3  135  0.0796835
3  142  0.243989
3  154  0.0171275
3  162  0.411589
3  168  0.0966091
4  134  0.0798404
4  141  0.339782
4  153  0.0171819
4  161  0.411512
4  167  0.0981402
5  133  0.0796246
5  140  0.370299
5  152  0.0171951
5  160  0.411852
5  166  0.0950236
6  139  0.37129
6  151  0.0176763
6  159  0.410771
7  13  0.0365295
7  131  0.105402
7  138  0.371969
7  150  0.0212611
7  164  0.0233088
8  12  0.0139313
8  130  0.0984755
8  137  0.363067
8  149  0.0186624
8  163  0.0254671
10  15  0.0126703
10  136  0.105575
10  155  0.0450314
11  31  0.0123619
12  30  0.0149609
13  29  0.0152741
13  133  0.219593
14  132  0.242153
15  32  0.122301
15  129  0.104487
15  131  0.242766
16  31  0.124048
16  128  0.0983681
17  30  0.121948
18  29  0.10853
20  31  0.0861633
20  142  0.0217607
21  30  0.106615
21  141  0.0247079
22  29  0.104902
22  140  0.0255909
23  139  0.0255724
26  41  0.0469604
27  40  0.049234
28  38  0.223666
29  37  0.554101
30  36  0.495849
31  35  0.248291
38  126  0.654892
38  138  0.0204688
39  125  0.659548
39  136  0.0937218
39  137  0.0135452
40  124  0.661841
40  135  0.236135
41  123  0.645512
41  134  0.236697
42  66  0.018641
42  133  0.236718
43  65  0.0217287
43  132  0.171225
44  63  0.398614
45  62  0.989664
46  61  0.990208
47  60  0.991752
48  59  0.99156
49  58  0.991512
50  57  0.947199
51  56  0.792021
63  123  0.0164188
63  124  0.148205
63  156  0.0170095
64  155  0.0169986
65  122  0.697259
66  121  0.945499
66  162  0.0100322
67  120  0.946048
67  161  0.0100842
68  119  0.473283
68  160  0.0100921
69  119  0.499736
70  118  0.991256
71  117  0.991292
72  116  0.989196
73  115  0.970894
74  107  0.975855
75  106  0.996029
76  105  0.995889
77  104  0.996437
78  103  0.996459
79  102  0.993043
80  101  0.983707
83  94  0.876768
84  93  0.951412
84  98  0.0257109
85  92  0.951115
85  97  0.0224431
86  91  0.939768
87  94  0.0316623
88  93  0.0345451
131  155  0.100007
133  153  0.431288
134  152  0.44162
135  151  0.445934
136  150  0.486766
136  165  0.0225067
137  164  0.0207255
138  149  0.541955
139  148  0.583437
140  147  0.581799
141  146  0.472111
142  173  0.0914555
143  172  0.134677
144  171  0.152784
145  169  0.0196408
145  170  0.134081
145  173  0.0594493
146  168  0.0316919
146  172  0.0666957
147  171  0.0669299
148  166  0.0694824
149  165  0.0707027
149  167  0.265743
150  166  0.266016
151  162  0.342274
151  165  0.186503
152  161  0.494638
152  164  0.0290917
153  160  0.538313
154  159  0.545615
