2  9  0.0107425
3  8  0.026912
3  23  0.284083
4  22  0.28187
5  21  0.270164
6  20  0.264618
6  22  0.176031
6  953  0.0335876
7  21  0.207212
7  952  0.0361931
8  19  0.241664
8  20  0.212305
8  947  0.0101973
9  18  0.238607
9  951  0.293065
10  17  0.220265
10  18  0.218832
10  950  0.290986
11  17  0.213537
11  949  0.271171
11  952  0.0822012
12  948  0.196452
12  951  0.0939552
13  950  0.0863334
17  954  0.0208041
18  953  0.0455061
19  952  0.0493933
20  951  0.0494548
22  948  0.0249621
23  947  0.0262707
23  954  0.0184437
24  953  0.0169493
25  38  0.983379
26  37  0.990259
27  36  0.991572
28  35  0.983295
29  34  0.860975
39  947  0.839748
40  946  0.977388
41  945  0.976923
42  944  0.976039
43  943  0.969516
45  941  0.973096
46  940  0.983489
47  939  0.982855
48  938  0.983786
49  937  0.983812
50  936  0.983223
51  935  0.980726
52  934  0.758416
53  904  0.509338
53  932  0.0702715
54  903  0.485108
55  902  0.378389
57  78  0.170507
57  475  0.0230977
57  487  0.25165
57  765  0.0173773
57  904  0.0133231
57  929  0.0321738
57  930  0.01635
58  77  0.473031
58  222  0.0149701
58  474  0.0240815
58  486  0.283868
58  764  0.0183136
58  915  0.105827
58  933  0.0398094
59  76  0.482137
59  221  0.0150563
59  473  0.0240826
59  485  0.282906
59  763  0.0183146
59  914  0.10588
59  930  0.0112854
59  932  0.0397589
60  75  0.483301
60  220  0.015434
60  472  0.0240792
60  484  0.280288
60  762  0.0183097
60  913  0.105859
60  929  0.0112848
60  931  0.0395184
61  74  0.430662
61  219  0.0155401
61  471  0.0232886
61  761  0.0173647
61  811  0.0110533
61  912  0.0955437
62  74  0.0561004
62  218  0.0156711
62  470  0.0219649
62  810  0.0110558
62  911  0.0832693
63  72  0.51566
63  73  0.0735325
63  217  0.015714
63  809  0.0110517
64  71  0.593659
64  72  0.0737946
64  216  0.0156959
65  70  0.601763
65  71  0.0712859
65  215  0.0157155
66  214  0.0157483
66  909  0.027349
67  213  0.0156738
67  805  0.0110082
67  908  0.0271212
72  462  0.0191526
73  461  0.0227084
74  122  0.157308
74  460  0.0235185
75  459  0.0236449
75  909  0.0426288
75  927  0.0359578
76  120  0.381617
76  458  0.0235924
76  908  0.0426857
76  926  0.0360285
77  119  0.382948
77  457  0.0221721
77  907  0.0414607
77  925  0.036006
78  118  0.78491
78  924  0.0359075
79  117  0.811475
79  923  0.0334387
80  116  0.801715
80  922  0.0218815
81  919  0.0272891
82  114  0.812134
82  918  0.0279263
83  113  0.826917
83  917  0.027942
83  931  0.0135354
83  932  0.102294
84  112  0.823914
84  916  0.0279225
84  930  0.0132628
84  931  0.10512
85  930  0.0906288
86  914  0.021409
86  929  0.0898604
87  109  0.0578167
87  913  0.016668
88  108  0.0304864
88  110  0.0533657
89  108  0.945396
90  107  0.997885
91  106  0.999782
92  105  0.999503
93  104  0.999792
94  103  0.999201
95  102  0.987865
96  101  0.648046
110  930  0.0196347
111  929  0.0204772
112  909  0.030047
112  927  0.113418
113  908  0.0301309
113  926  0.11394
114  907  0.0245157
114  925  0.099009
115  922  0.119663
116  905  0.0263166
116  921  0.135633
117  904  0.0262379
117  920  0.13644
118  919  0.136396
119  432  0.0243259
119  488  0.452598
119  918  0.121296
120  431  0.0243343
120  487  0.453176
120  917  0.118209
121  430  0.0238165
121  486  0.459127
124  198  0.0198243
124  429  0.022815
124  475  0.0100421
124  481  0.0277825
124  483  0.731563
124  801  0.0119735
124  916  0.109744
125  197  0.0204185
125  428  0.0261599
125  474  0.010445
125  480  0.0326945
125  482  0.742376
125  800  0.0121944
125  915  0.113634
126  196  0.0204191
126  427  0.0261695
126  473  0.0104456
126  479  0.0324344
126  481  0.739925
126  799  0.0122148
126  914  0.11364
127  195  0.0204076
127  426  0.0261522
127  472  0.010442
127  478  0.0297664
127  479  0.2818
127  798  0.0122144
127  913  0.113339
128  194  0.0194166
128  425  0.0134859
128  477  0.0202574
128  797  0.012166
128  912  0.0785902
129  205  0.0393532
129  478  0.829614
129  796  0.0120656
130  188  0.010023
130  204  0.0392333
130  477  0.838814
131  187  0.0139878
131  476  0.85846
131  766  0.0126039
132  186  0.0141919
132  202  0.0425961
132  475  0.859261
132  765  0.0139167
133  185  0.0143092
133  201  0.0441745
133  474  0.861436
133  764  0.0154431
134  200  0.0441642
134  473  0.861447
134  484  0.0101502
134  763  0.0154455
135  199  0.0441984
135  431  0.0108065
135  472  0.855031
135  483  0.0195259
135  762  0.0154433
136  183  0.010063
136  185  0.0117083
136  430  0.859058
136  482  0.0259761
136  761  0.0137244
137  182  0.0100532
137  184  0.0117336
137  198  0.0598807
137  429  0.859697
137  481  0.025979
138  183  0.0117481
138  197  0.0608563
138  428  0.859959
138  480  0.0259789
139  182  0.011693
139  196  0.0608587
139  427  0.860008
139  479  0.0259795
140  195  0.0608554
140  426  0.858894
140  478  0.0259611
141  194  0.0527729
141  425  0.668946
141  477  0.0215112
143  422  0.10174
144  151  0.0104262
144  177  0.0520242
144  190  0.020967
144  198  0.162134
144  421  0.110273
145  150  0.0109931
145  176  0.0530953
145  189  0.0198497
145  197  0.174148
145  420  0.0667312
146  188  0.018027
149  175  0.135589
149  196  0.763977
150  174  0.189859
150  195  0.777246
151  173  0.19573
151  194  0.776219
152  172  0.195535
152  193  0.777807
153  171  0.195244
153  192  0.778586
154  170  0.196587
154  191  0.782517
155  169  0.196783
155  190  0.783666
156  168  0.189153
156  189  0.740687
157  167  0.144662
157  188  0.56489
158  163  0.194193
158  164  0.178652
159  163  0.111836
159  169  0.0371545
160  168  0.0357588
161  186  0.0233042
162  185  0.0240747
164  173  0.568988
165  172  0.568914
166  171  0.394311
167  187  0.0344162
168  186  0.0443752
169  185  0.0457708
172  183  0.121737
172  185  0.079324
173  182  0.122189
173  184  0.0793789
174  181  0.121862
174  183  0.0458795
174  185  0.0497984
175  183  0.180257
175  185  0.47539
176  182  0.214388
176  184  0.479138
176  412  0.0114999
177  181  0.132982
177  183  0.461709
177  411  0.0123976
178  410  0.0123939
179  409  0.0123745
181  198  0.0496578
181  475  0.0197906
182  197  0.0531028
182  474  0.020588
183  196  0.0529031
183  198  0.017174
183  473  0.0205798
184  197  0.0185862
185  195  0.0430283
185  196  0.0181794
185  472  0.0201769
186  194  0.0364847
186  471  0.0199217
187  194  0.0133744
187  470  0.0173274
188  193  0.0130094
191  469  0.0101193
192  468  0.011051
193  464  0.0118887
193  467  0.0111438
194  463  0.0117046
194  466  0.0109242
195  462  0.0102047
196  432  0.0301362
197  418  0.148719
197  431  0.0303172
198  417  0.158422
198  424  0.293327
198  425  0.025539
198  430  0.0302893
199  416  0.158115
199  417  0.0123659
199  424  0.0449518
200  415  0.155656
200  416  0.0126547
200  422  0.465175
200  428  0.0296216
200  758  0.0413807
201  421  0.678258
201  427  0.029397
201  757  0.0415191
202  414  0.165437
202  420  0.674595
202  756  0.0415728
203  413  0.156252
203  419  0.673382
203  755  0.0415197
204  412  0.156689
204  418  0.672437
204  754  0.0415915
205  411  0.168467
205  417  0.666806
205  753  0.0416901
206  410  0.16169
206  415  0.0114835
206  425  0.010641
206  752  0.0413362
207  414  0.0107978
207  415  0.0146089
207  416  0.58943
207  424  0.0134918
208  414  0.0662101
208  415  0.587001
209  414  0.570767
211  408  0.926242
212  407  0.927951
212  747  0.0395721
213  406  0.929064
213  746  0.0401897
214  405  0.929297
214  744  0.0418108
215  404  0.928417
215  743  0.0418124
216  403  0.927589
216  742  0.0414963
217  402  0.839305
218  740  0.0396813
219  250  0.654521
219  739  0.0417109
220  249  0.83441
220  738  0.0419223
221  248  0.858268
221  737  0.0419825
222  247  0.850568
222  736  0.0419832
223  735  0.0419833
224  734  0.0419575
225  242  0.0424082
225  243  0.0358306
225  244  0.133674
225  245  0.567318
225  733  0.0419636
226  243  0.14043
226  244  0.546352
226  732  0.0411174
227  241  0.587844
227  731  0.0298758
228  240  0.627921
228  729  0.0157128
229  239  0.628483
229  242  0.233673
229  332  0.0228643
229  653  0.0179627
230  238  0.626973
230  241  0.236189
230  331  0.0230303
230  652  0.018051
231  237  0.622603
231  240  0.235465
231  330  0.0238671
231  651  0.0179242
232  236  0.489692
232  239  0.234664
232  251  0.0823187
232  329  0.0242769
232  650  0.0169714
233  238  0.215772
233  250  0.0825091
233  328  0.017626
233  649  0.0102673
234  249  0.0826362
235  248  0.0827788
235  326  0.0265483
235  647  0.0181609
236  247  0.0827423
236  325  0.0266208
236  646  0.0181623
237  246  0.0774997
237  324  0.0265882
237  645  0.0181345
238  323  0.0265887
238  644  0.0181185
239  322  0.0266035
239  643  0.0180134
240  321  0.0188118
240  636  0.0181049
241  635  0.0182567
242  634  0.0182933
243  633  0.0182682
244  280  0.0177986
244  632  0.0182622
245  279  0.0193597
245  631  0.0182138
246  278  0.0193549
247  277  0.0190198
249  275  0.0115008
250  274  0.0127541
251  393  0.0106685
252  272  0.0207239
252  392  0.0109345
252  401  0.918404
253  271  0.0206955
253  391  0.0109495
253  400  0.919294
254  399  0.913346
255  268  0.0236697
255  390  0.0114711
255  393  0.0275224
256  267  0.0263102
256  389  0.0118953
256  392  0.0288126
256  397  0.284682
257  266  0.0263114
257  388  0.0116296
257  391  0.0289363
257  396  0.911234
258  265  0.025243
258  390  0.0222109
258  395  0.902892
259  264  0.0191099
259  394  0.895768
260  388  0.0232991
260  393  0.227578
260  394  0.0141752
261  387  0.0498978
261  393  0.0212289
262  386  0.0509672
262  391  0.892094
263  385  0.0509556
263  390  0.892075
264  389  0.49538
266  329  0.358549
266  338  0.513741
267  328  0.358719
267  337  0.543945
267  386  0.0158995
268  326  0.37876
268  336  0.568211
269  325  0.378792
269  335  0.568271
270  324  0.376886
270  334  0.567728
271  323  0.366054
271  332  0.0943946
271  333  0.469692
272  322  0.352786
272  331  0.187758
273  328  0.0146206
273  330  0.125444
273  331  0.295341
274  322  0.0330619
274  327  0.0772046
274  330  0.405867
275  321  0.401301
275  326  0.0835309
275  329  0.450293
276  320  0.40492
276  325  0.0105288
276  328  0.423172
277  319  0.405152
277  325  0.363335
278  318  0.397355
278  324  0.36539
279  288  0.0233984
279  317  0.366215
279  323  0.346043
279  324  0.161311
280  316  0.246864
280  323  0.164452
281  315  0.0761737
281  322  0.163707
282  320  0.546692
283  319  0.569572
284  318  0.56468
285  317  0.53106
286  316  0.245936
289  316  0.45724
290  315  0.85661
291  314  0.996186
292  313  0.903045
293  312  0.899042
294  311  0.999848
295  310  0.999927
296  309  0.999927
297  308  0.999738
298  306  0.0116447
298  307  0.964875
299  305  0.0221484
300  305  0.0266397
322  329  0.0118336
331  389  0.367555
332  388  0.37044
333  387  0.368494
334  386  0.327221
335  730  0.0110475
336  386  0.0217213
336  387  0.0177283
336  729  0.0110498
338  385  0.463905
339  384  0.918845
340  383  0.991572
341  382  0.990898
342  381  0.991222
343  380  0.989478
344  379  0.992296
345  378  0.993068
346  377  0.985041
347  376  0.965628
348  364  0.965981
349  363  0.979146
350  362  0.980813
351  361  0.980152
352  360  0.991172
353  359  0.980817
366  376  0.0210637
367  375  0.292846
368  373  0.0243697
369  374  0.0100231
387  575  0.0164773
388  574  0.0166568
389  573  0.0166803
390  572  0.016798
391  571  0.0168462
392  570  0.0168191
393  569  0.0168044
399  431  0.0106767
400  430  0.039895
401  429  0.0399155
403  427  0.0414421
404  426  0.0159548
405  425  0.0199823
406  424  0.0479836
407  423  0.0481135
408  421  0.0530891
409  420  0.10997
410  419  0.115698
411  418  0.116534
412  417  0.117178
428  591  0.0101022
429  590  0.0115991
430  589  0.0117105
431  458  0.0244792
431  565  0.0160144
431  588  0.0117422
432  564  0.016105
432  587  0.0117377
433  563  0.0115866
434  456  0.992288
435  455  0.997105
436  454  0.457536
437  453  0.462034
438  452  0.999675
439  451  0.999664
440  450  0.999061
441  449  0.998706
442  448  0.974032
457  558  0.0315031
458  557  0.0336855
459  556  0.0336688
460  555  0.0334388
461  554  0.0300674
463  552  0.0313398
464  551  0.0334022
465  550  0.0336407
466  549  0.0337355
467  548  0.0337035
468  547  0.0109301
470  545  0.0331749
470  584  0.0104924
471  544  0.0339469
471  583  0.0143035
472  543  0.0340926
472  582  0.0173235
473  542  0.0340944
473  581  0.0173283
474  541  0.0340742
474  580  0.017327
475  506  0.0219267
475  579  0.0169078
476  505  0.0220211
477  576  0.0146879
478  489  0.0138521
478  504  0.034539
478  575  0.0176932
479  488  0.0165607
479  503  0.0346186
479  574  0.0176991
479  940  0.010005
480  487  0.0165678
480  502  0.0346197
480  573  0.0176984
480  939  0.0100093
481  486  0.0163534
481  500  0.0338427
481  571  0.0170436
481  938  0.0108832
482  499  0.0353612
482  570  0.0178175
482  937  0.0108836
483  569  0.0170815
483  910  0.0852648
483  936  0.0108392
484  497  0.0347511
484  543  0.0182519
484  909  0.138415
484  935  0.010763
485  496  0.0354982
485  542  0.018301
485  908  0.14166
486  495  0.0354989
486  541  0.0183258
486  907  0.141568
487  494  0.0354531
487  540  0.0181776
488  493  0.0349684
488  904  0.0213662
489  539  0.0182789
490  538  0.0184806
490  901  0.933885
491  537  0.0184801
491  900  0.935505
492  536  0.0141158
492  899  0.936716
493  535  0.0138995
493  898  0.934095
494  533  0.011298
495  532  0.0109881
495  896  0.653683
496  895  0.942397
497  894  0.200616
498  515  0.0153094
498  893  0.10687
499  514  0.0153226
499  892  0.852475
500  513  0.0152222
500  891  0.942594
501  512  0.0137424
501  890  0.942123
502  889  0.942654
503  888  0.942365
504  887  0.941999
505  886  0.901704
506  885  0.894465
506  886  0.0369626
507  539  0.0184705
507  885  0.0365053
508  538  0.0255963
508  830  0.0162673
508  836  0.0545222
508  883  0.0226383
508  884  0.0377345
509  835  0.0291286
510  536  0.0315645
510  828  0.0864372
510  835  0.0713235
510  837  0.514634
511  535  0.0326832
511  827  0.11124
511  834  0.117065
511  836  0.672213
512  534  0.032466
512  826  0.111084
512  835  0.672448
513  825  0.108287
513  833  0.48397
513  834  0.33656
514  832  0.820386
515  831  0.820513
516  528  0.042752
516  530  0.0242457
516  830  0.765815
517  527  0.0426084
517  528  0.914935
517  828  0.0221719
518  526  0.041874
518  527  0.918223
518  827  0.0222598
519  525  0.0404464
519  526  0.897747
519  826  0.0208614
520  524  0.0203721
520  525  0.826094
529  789  0.0260789
529  819  0.0161393
530  818  0.0169157
530  829  0.0127897
531  787  0.921842
532  786  0.934479
533  785  0.935492
534  784  0.913188
537  781  0.923985
537  782  0.0110597
538  780  0.942965
539  779  0.942149
540  778  0.94105
541  777  0.942525
542  776  0.943073
543  775  0.94303
544  774  0.933265
545  773  0.831942
546  567  0.39447
547  566  0.400717
547  575  0.554751
548  565  0.402831
548  574  0.555489
549  564  0.40259
549  573  0.55518
550  563  0.400657
550  572  0.554598
551  562  0.401246
551  571  0.554753
552  561  0.39908
552  570  0.531581
553  560  0.360931
555  567  0.205824
556  566  0.524195
557  565  0.54721
558  564  0.491724
559  563  0.0342923
569  765  0.327413
570  764  0.340143
571  763  0.339951
572  762  0.325572
572  765  0.0160344
573  721  0.0766098
573  761  0.238913
573  764  0.0311211
574  715  0.0772495
574  720  0.0913526
574  724  0.0185048
574  763  0.0311414
575  714  0.0779272
575  719  0.108378
575  723  0.0187089
575  762  0.0311103
576  713  0.0606048
576  718  0.0844584
576  722  0.0144507
579  690  0.560595
579  765  0.360696
580  689  0.594587
580  764  0.374633
581  688  0.594623
581  763  0.37465
582  687  0.5946
582  762  0.374607
583  686  0.594622
583  726  0.0122639
583  761  0.344187
584  650  0.015594
584  725  0.0591217
585  625  0.0232146
585  649  0.0166091
585  684  0.0140764
585  685  0.571299
585  724  0.0681052
586  624  0.0235172
586  648  0.0166279
586  684  0.571422
586  723  0.0681754
587  623  0.0235624
587  647  0.0165491
587  682  0.577545
587  683  0.0266428
587  722  0.0665025
587  730  0.188658
587  745  0.0114805
587  758  0.0383707
588  622  0.0234129
588  646  0.0165366
588  681  0.602554
588  729  0.188738
588  744  0.0114521
588  757  0.0384291
589  680  0.590336
589  721  0.075715
589  728  0.188688
590  606  0.136669
590  679  0.450456
590  720  0.0737825
590  754  0.0138309
591  605  0.585068
591  727  0.18727
591  753  0.0139024
592  604  0.583361
592  718  0.0762814
592  726  0.186187
592  752  0.0131113
593  603  0.578393
593  725  0.184982
594  601  0.156393
594  602  0.410487
594  716  0.126925
594  724  0.0206294
595  600  0.292936
595  715  0.133291
595  723  0.0161899
595  724  0.166144
596  600  0.0404117
596  615  0.0253418
596  714  0.133395
596  723  0.168569
597  614  0.0272442
597  713  0.129159
597  722  0.164186
598  605  0.0188075
598  613  0.0278638
598  697  0.0129943
598  699  0.0124027
598  709  0.0833181
598  712  0.0641579
598  721  0.149603
599  612  0.0278255
599  696  0.0133973
599  698  0.041194
599  708  0.124046
600  610  0.0332865
600  697  0.0511041
600  707  0.127074
601  609  0.0329407
601  696  0.0485213
601  706  0.126268
601  718  0.0214205
602  608  0.0311096
602  693  0.0490541
602  705  0.120905
603  607  0.0181162
603  692  0.0536909
603  704  0.112447
603  716  0.0362345
604  691  0.0545697
604  701  0.16228
604  715  0.0389815
605  690  0.0537833
605  700  0.171954
605  714  0.0393383
606  699  0.161167
606  713  0.0306901
607  698  0.116985
608  678  0.684037
609  677  0.91372
610  621  0.0217261
610  676  0.93062
611  620  0.0218985
611  675  0.930658
612  619  0.0219267
612  674  0.931144
613  618  0.0215051
613  673  0.921555
614  673  0.0101474
615  672  0.916629
616  671  0.922009
617  670  0.937519
618  636  0.0131281
618  669  0.937715
619  635  0.0131665
619  668  0.937221
620  634  0.0131088
620  667  0.936324
621  666  0.936998
622  664  0.921462
623  631  0.0132731
623  663  0.921358
624  630  0.0134815
624  637  0.0676848
624  662  0.769589
624  664  0.0104743
625  630  0.377771
625  636  0.480414
626  635  0.485554
626  647  0.0335477
626  662  0.0127964
626  758  0.0187685
627  634  0.482242
627  646  0.034394
627  661  0.0131973
627  757  0.0187799
628  645  0.034381
628  756  0.0164515
629  644  0.0343676
630  643  0.0337111
631  639  0.108984
631  753  0.0126265
632  638  0.0975691
632  752  0.0121919
633  637  0.0488346
634  662  0.0450295
635  661  0.0449487
636  660  0.043853
638  661  0.0453267
639  660  0.068944
639  661  0.0133942
640  659  0.0329511
641  743  0.0173307
642  659  0.777898
642  742  0.019169
643  658  0.89605
643  741  0.0191715
644  657  0.89964
644  740  0.0189913
645  656  0.899217
645  739  0.0189348
646  737  0.0174015
647  654  0.901233
647  736  0.0178407
648  653  0.891862
648  659  0.0262367
649  658  0.0285918
649  733  0.0121365
650  657  0.0238604
653  729  0.0292061
654  728  0.0600196
655  727  0.0601207
656  726  0.0600763
657  725  0.0600559
658  724  0.0601135
659  723  0.023196
660  722  0.0227165
661  721  0.059506
662  720  0.0590692
663  686  0.041293
664  685  0.0413086
664  719  0.0119638
665  718  0.0103279
666  684  0.0437532
667  683  0.0434349
669  681  0.0450457
670  680  0.045397
671  679  0.0450662
672  678  0.0430771
676  709  0.0100801
677  708  0.0102437
678  707  0.0106949
680  687  0.0138782
680  690  0.197214
681  686  0.0145075
681  689  0.24744
681  709  0.0297309
682  688  0.246297
683  687  0.093757
684  706  0.046153
685  705  0.0779365
686  704  0.0837327
687  703  0.126933
688  702  0.12692
689  700  0.124934
690  699  0.123286
691  698  0.116163
696  768  0.0116282
698  711  0.0567806
698  760  0.0512016
698  766  0.136714
699  710  0.0837758
699  759  0.0737199
699  765  0.155253
700  709  0.0903095
700  721  0.0247701
700  758  0.07852
700  764  0.170996
701  708  0.068361
702  715  0.0147753
702  719  0.0587339
702  720  0.149935
702  763  0.18422
703  714  0.0148096
703  719  0.160998
703  762  0.184886
704  712  0.0114115
704  717  0.445608
704  718  0.0236828
704  761  0.170451
705  711  0.0105312
705  716  0.453926
705  760  0.166981
706  715  0.453769
706  716  0.022689
706  759  0.133172
707  714  0.43889
707  715  0.0247076
708  714  0.0149846
709  757  0.021823
710  756  0.011064
711  756  0.113638
712  755  0.126343
713  754  0.125911
713  759  0.0270415
714  753  0.122923
714  758  0.0351554
715  726  0.0101152
715  752  0.09721
716  725  0.0158475
716  750  0.0121687
716  756  0.0480907
717  724  0.0205755
717  755  0.0497127
718  723  0.0161736
718  748  0.033269
718  754  0.0497174
718  759  0.0366216
719  747  0.0369035
719  753  0.0494129
719  758  0.0474361
720  730  0.0122351
720  745  0.127376
720  752  0.0389042
720  756  0.261272
721  729  0.0119551
721  735  0.0152684
721  744  0.128192
721  755  0.293437
722  734  0.016795
722  751  0.0321735
722  754  0.306095
723  728  0.0147017
723  733  0.0173318
723  742  0.160408
723  750  0.0305046
723  753  0.309941
724  732  0.0170172
724  741  0.160537
724  749  0.030738
724  752  0.30792
724  761  0.0246942
725  731  0.0156461
725  740  0.158438
725  748  0.0308695
725  751  0.300866
725  760  0.0245913
726  739  0.131418
726  759  0.0219558
727  736  0.114771
728  735  0.114112
728  746  0.172647
728  757  0.0127408
729  737  0.0452176
729  745  0.185494
729  747  0.141237
729  756  0.0130413
729  758  0.111022
730  736  0.0447189
730  744  0.165212
730  746  0.145413
730  755  0.0130386
730  757  0.111115
731  743  0.084765
731  756  0.108328
732  755  0.100117
733  744  0.531516
734  743  0.61908
735  742  0.699829
736  741  0.624335
736  745  0.0364215
737  744  0.0362861
746  753  0.0499201
746  758  0.244383
747  757  0.244511
748  756  0.244459
749  755  0.233796
750  754  0.0644006
757  889  0.0114518
758  888  0.0114546
761  885  0.0140077
762  884  0.0149919
763  883  0.0149934
764  882  0.0149849
772  931  0.0111732
773  930  0.0111867
774  929  0.0112142
775  795  0.0130076
775  825  0.0289152
776  824  0.0289968
777  823  0.0288399
778  792  0.0127765
778  822  0.0271395
779  790  0.0225845
779  821  0.0133823
780  789  0.0430164
781  788  0.0443249
782  787  0.0440383
786  825  0.0100953
787  824  0.0103476
789  823  0.189581
790  822  0.201282
792  820  0.765544
793  819  0.156119
794  818  0.250067
795  817  0.954568
796  816  0.980672
797  815  0.980398
798  814  0.980907
799  813  0.980918
800  812  0.979896
801  811  0.979051
802  810  0.891588
803  808  0.516625
817  825  0.0183266
817  927  0.0101787
818  824  0.018629
818  926  0.0101869
826  921  0.0103275
827  920  0.0113871
828  877  0.0318262
829  876  0.0833224
829  883  0.0222085
830  875  0.0833545
830  882  0.0224238
830  917  0.011955
831  874  0.0604048
832  874  0.0322038
832  876  0.049629
832  915  0.0125253
833  872  0.0287342
833  873  0.0547039
833  875  0.0497017
833  914  0.0125549
834  871  0.0280557
834  872  0.0515271
834  913  0.0125231
835  871  0.0298922
835  873  0.0483292
836  871  0.0125295
836  872  0.107674
837  871  0.258139
838  870  0.957436
838  876  0.0180626
839  869  0.959886
839  875  0.0180536
840  868  0.956654
840  873  0.0264131
841  872  0.0266351
842  866  0.958555
842  871  0.0268415
843  865  0.967321
843  870  0.0271361
844  864  0.96654
844  869  0.020973
845  863  0.966811
845  867  0.0180446
846  862  0.967042
846  866  0.0180413
847  861  0.960385
847  865  0.0169422
849  860  0.978578
850  859  0.979417
851  858  0.942281
872  884  0.76257
873  883  0.772435
874  882  0.772678
875  883  0.0255814
875  908  0.0141598
876  882  0.0255379
876  907  0.0142236
878  905  0.0217727
879  904  0.0228338
880  903  0.0229744
881  902  0.023037
882  901  0.0230736
883  900  0.0119683
884  900  0.0111111
885  899  0.0223345
886  898  0.0224062
887  897  0.0112831
888  896  0.0113537
889  895  0.0222598
906  934  0.146714
907  915  0.0409675
907  933  0.650605
908  914  0.0409707
908  932  0.651028
909  913  0.0253833
909  931  0.650891
910  930  0.64448
911  929  0.36071
913  927  0.402536
914  926  0.401823
916  924  0.392722
916  927  0.3866
917  923  0.369763
917  926  0.391861
918  925  0.392423
919  924  0.375444
