1  728  0.100938
2  727  0.124176
2  734  0.0412312
3  21  0.0297691
3  726  0.130003
3  732  0.203607
3  733  0.0118056
4  20  0.0212093
4  731  0.165401
5  20  0.0138811
5  731  0.121517
6  18  0.0114739
6  19  0.0247593
6  556  0.0114135
6  679  0.207433
6  730  0.166232
7  17  0.0130438
7  18  0.0254926
7  555  0.0150237
7  678  0.336062
7  729  0.0543689
8  16  0.0129862
8  17  0.0257346
8  554  0.0158964
8  677  0.367657
9  15  0.0121346
9  16  0.0251928
9  676  0.371716
9  727  0.27346
10  675  0.374358
10  726  0.281394
10  732  0.0336406
11  551  0.014961
11  731  0.0317379
12  665  0.44211
13  664  0.511296
13  672  0.386913
14  663  0.511402
14  671  0.386767
15  662  0.504357
15  670  0.366023
16  661  0.420355
22  38  0.997034
23  37  0.997515
24  36  0.998796
25  35  0.999735
26  34  0.997966
27  33  0.997797
28  32  0.618029
39  548  0.0182439
40  547  0.0235951
40  657  0.486156
41  546  0.0277545
41  656  0.572117
41  668  0.385454
42  545  0.0277224
42  655  0.58172
42  667  0.385639
43  544  0.0276203
43  654  0.582044
43  666  0.385525
44  57  0.0376322
44  653  0.582426
44  665  0.364441
45  56  0.0376538
45  543  0.0129114
45  652  0.582352
46  55  0.0376726
46  542  0.012909
46  601  0.181527
46  651  0.395609
46  664  0.365616
47  54  0.0360244
47  541  0.0128919
47  600  0.191815
47  663  0.365693
48  540  0.0103302
48  599  0.175985
48  662  0.365223
49  661  0.361505
50  650  0.176874
50  660  0.350141
51  598  0.10273
51  649  0.324544
51  658  0.328119
52  597  0.116464
52  648  0.333688
52  657  0.183001
53  597  0.120924
53  647  0.333503
53  656  0.214613
54  595  0.128731
54  596  0.124079
54  646  0.329595
54  655  0.362966
55  594  0.292955
55  595  0.125496
55  596  0.0174961
55  654  0.362959
56  593  0.300335
56  607  0.0125793
56  653  0.362537
57  592  0.300308
57  594  0.266738
57  606  0.0125841
57  652  0.361684
58  539  0.0116351
58  591  0.296683
58  593  0.429912
58  605  0.0126203
58  651  0.172229
58  659  0.020951
59  538  0.0116488
59  590  0.286676
59  592  0.430437
59  604  0.0125986
59  658  0.0209619
60  537  0.0115581
60  591  0.386675
60  657  0.0209004
61  536  0.0111497
61  656  0.0208719
62  655  0.019611
63  590  0.268662
63  654  0.019438
64  589  0.91334
64  653  0.020584
65  588  0.914555
65  652  0.0204772
66  587  0.913628
67  586  0.90278
69  534  0.0157109
69  582  0.297126
70  533  0.0168059
70  582  0.251845
71  532  0.0170574
71  580  0.89927
71  594  0.0198087
72  531  0.0177484
72  579  0.907146
72  593  0.020469
72  597  0.0152703
73  578  0.907185
73  592  0.0204681
73  596  0.0164657
74  529  0.0140775
74  577  0.905875
74  595  0.0164513
75  576  0.899516
75  590  0.0204559
75  594  0.0165068
76  527  0.0229191
76  572  0.0186636
76  574  0.680981
76  575  0.0973625
76  589  0.0206477
76  593  0.0163828
77  526  0.0344387
77  571  0.0189247
77  573  0.711776
77  588  0.0206286
77  592  0.0163758
78  525  0.0351666
79  519  0.90339
79  524  0.0256216
79  546  0.0126778
80  518  0.956143
80  545  0.0126835
81  517  0.957688
81  544  0.0126837
82  515  0.961364
82  543  0.0125973
83  514  0.988295
84  513  0.988132
85  512  0.988642
86  511  0.988105
87  510  0.988907
88  509  0.988564
89  508  0.988314
90  127  0.17235
90  507  0.642923
91  126  0.169078
91  506  0.421138
94  123  0.971679
95  122  0.883047
96  121  0.881708
97  120  0.97499
98  119  0.973762
98  504  0.0106782
99  118  0.966009
99  503  0.0109995
101  501  0.0116704
102  115  0.97762
102  500  0.0117036
103  114  0.977645
104  113  0.97807
105  112  0.972723
106  111  0.881815
106  125  0.0120574
107  124  0.0128539
108  123  0.0128842
110  122  0.0131054
111  121  0.0131182
112  120  0.011152
124  501  0.108345
124  506  0.300652
125  500  0.108087
125  505  0.430197
126  503  0.114888
126  504  0.391978
127  502  0.153415
129  501  0.51214
130  499  0.933821
130  501  0.0583827
131  498  0.936237
131  500  0.0590892
132  497  0.936288
132  499  0.0587674
134  496  0.971496
135  495  0.997586
136  494  0.998601
137  493  0.999205
138  492  0.998776
139  491  0.999178
140  490  0.995702
141  488  0.102308
141  489  0.866802
142  487  0.204503
142  488  0.705017
143  486  0.304381
144  431  0.028454
144  485  0.284882
145  430  0.0514219
145  484  0.198193
145  485  0.0189826
146  429  0.0733462
146  484  0.0190292
146  487  0.0129582
147  428  0.0874844
147  486  0.0118383
148  426  0.998045
149  425  0.998897
150  424  0.998069
151  423  0.998953
152  422  0.999533
153  421  0.999519
154  420  0.998235
155  419  0.998335
156  418  0.999103
158  416  0.974059
159  415  0.980019
160  414  0.53461
161  414  0.0186475
162  412  0.0320762
162  414  0.395312
163  411  0.0193561
163  412  0.0136093
163  413  0.815457
164  411  0.0272664
164  412  0.380593
164  413  0.0142028
166  410  0.991862
167  409  0.993611
168  408  0.9964
169  407  0.990043
170  406  0.915323
171  359  0.243036
171  404  0.0837562
171  405  0.386903
172  355  0.0261203
172  358  0.243177
172  403  0.0721973
173  354  0.0328006
173  357  0.233721
173  403  0.0486308
174  353  0.0345391
174  359  0.267575
174  402  0.0197331
175  352  0.0336397
175  401  0.0149004
177  356  0.045228
179  354  0.870056
180  349  0.0349663
180  353  0.959378
181  348  0.0349944
181  352  0.959373
182  347  0.0340422
182  351  0.957236
184  345  0.0256702
184  349  0.954997
185  344  0.0229063
185  348  0.955156
186  347  0.948702
187  263  0.955874
188  262  0.972352
189  261  0.991267
190  260  0.991319
191  259  0.99124
192  258  0.915608
193  236  0.0440042
193  257  0.653608
194  235  0.0499831
195  235  0.160357
195  256  0.0724833
196  234  0.618656
196  255  0.0634038
197  233  0.842039
197  254  0.0300171
198  232  0.973387
199  231  0.97319
200  230  0.969572
201  229  0.966369
202  227  0.49957
202  228  0.484425
203  226  0.985393
204  225  0.984927
205  224  0.985301
206  223  0.830111
207  223  0.0146822
208  221  0.3638
209  221  0.415251
210  220  0.739082
210  222  0.0386781
211  218  0.014991
211  219  0.726551
211  220  0.192247
212  218  0.676414
212  219  0.185059
213  218  0.14168
234  253  0.29462
235  252  0.737075
236  251  0.734172
238  248  0.0115943
238  252  0.0164866
238  255  0.0175755
239  254  0.018413
240  247  0.87285
241  246  0.853546
241  252  0.0995024
242  251  0.100155
243  250  0.0929859
262  280  0.0100205
262  346  0.0114526
263  279  0.0102996
263  345  0.0114481
264  277  0.0691391
265  276  0.0809998
266  275  0.0822673
266  295  0.843888
267  274  0.0823802
267  294  0.893201
268  273  0.0766693
268  293  0.876277
270  291  0.899014
271  290  0.911799
272  289  0.912086
273  288  0.902437
274  284  0.0140015
274  287  0.522035
275  283  0.0154077
276  282  0.0149064
276  285  0.832293
277  284  0.870197
278  283  0.835191
282  289  0.0101265
288  346  0.0349617
290  345  0.066921
291  344  0.0670094
292  343  0.0634287
294  342  0.0104021
295  341  0.0114887
297  339  0.874381
298  338  0.999345
299  337  0.99912
300  336  0.998846
301  335  0.996843
302  333  0.105461
302  334  0.886204
303  332  0.207786
303  333  0.768788
304  331  0.310125
304  332  0.391361
304  333  0.0137871
305  332  0.0196345
306  330  0.536636
306  331  0.0210334
307  328  0.721572
307  329  0.273334
308  327  0.991755
309  326  0.989188
312  322  0.986532
313  321  0.996464
314  320  0.907828
315  319  0.52723
357  405  0.16697
358  404  0.267127
360  402  0.973752
361  401  0.980641
362  400  0.996001
363  399  0.997167
364  398  0.996601
365  397  0.997248
366  396  0.998921
367  395  0.999389
368  394  0.998658
370  393  0.997651
371  392  0.999542
372  391  0.998688
373  390  0.997799
374  389  0.999005
375  388  0.999935
376  387  0.999529
377  386  0.997597
378  385  0.939804
427  486  0.0703801
428  484  0.0581693
428  485  0.0707776
428  487  0.020108
429  483  0.0737597
429  486  0.0203251
430  482  0.0671363
430  483  0.102003
431  481  0.0405991
431  482  0.0984785
431  483  0.594523
432  481  0.0786025
432  482  0.577039
433  481  0.344233
433  482  0.0162544
434  481  0.0284193
436  480  0.909344
436  481  0.0510459
437  480  0.067579
438  478  0.963834
438  479  0.0348988
439  477  0.997351
440  476  0.996167
441  475  0.999441
442  474  0.999749
443  473  0.997655
444  472  0.997631
445  471  0.999717
446  470  0.999114
447  469  0.997533
450  457  0.0175327
450  459  0.0183631
450  466  0.747749
451  464  0.0430897
451  465  0.621063
453  459  0.125189
453  462  0.780553
453  468  0.0279571
454  458  0.0797393
454  461  0.799375
454  467  0.0290496
455  460  0.787775
455  466  0.0290486
456  465  0.0286358
460  467  0.168921
461  466  0.170578
515  527  0.0210964
516  526  0.0232015
517  525  0.0239411
518  524  0.0240546
525  573  0.0147712
526  572  0.46146
526  574  0.118746
527  571  0.417984
527  573  0.116773
528  570  0.180873
530  570  0.668656
531  569  0.780585
532  566  0.117699
532  568  0.789809
532  585  0.0316693
533  565  0.118546
533  567  0.415668
533  584  0.0321486
534  564  0.071034
534  567  0.376641
534  583  0.0148663
535  563  0.070621
535  566  0.748946
535  582  0.0154773
536  562  0.0847517
536  565  0.732058
536  581  0.0334739
537  562  0.166944
537  564  0.62288
537  580  0.0334752
538  561  0.288592
538  563  0.225482
538  579  0.033583
539  578  0.0335845
540  560  0.892605
540  577  0.0333117
541  559  0.920331
541  576  0.0320639
542  558  0.920735
543  557  0.915119
543  574  0.0281271
545  572  0.0299601
546  553  0.687506
546  571  0.0298034
547  554  0.0410631
547  555  0.0167317
548  553  0.0398793
548  554  0.0186693
549  553  0.0110068
556  570  0.0264444
557  569  0.0287538
557  734  0.0276771
558  568  0.0287226
558  733  0.028128
559  732  0.0282304
560  731  0.0282207
561  729  0.0134126
561  730  0.0150346
562  728  0.0265707
563  727  0.026546
564  726  0.0265881
565  724  0.0109668
566  723  0.0108634
568  594  0.04005
569  593  0.0416376
570  592  0.0174869
571  591  0.0244524
572  590  0.0497947
573  589  0.0504651
574  588  0.0504665
575  587  0.0504206
576  586  0.0500685
578  585  0.0235506
590  648  0.0920498
592  647  0.161319
593  603  0.0123948
593  646  0.164676
594  601  0.0392908
594  602  0.0220388
594  645  0.15538
594  648  0.0188189
595  600  0.0357021
595  601  0.029315
595  644  0.134287
595  645  0.33601
595  647  0.0183702
595  648  0.0238522
596  600  0.0181808
596  644  0.351455
596  645  0.0154943
596  647  0.0239525
597  642  0.0122531
597  643  0.345182
597  646  0.0232679
597  723  0.0104284
598  722  0.021101
599  641  0.560218
599  721  0.0256622
600  640  0.572349
600  720  0.0260461
601  639  0.572392
601  719  0.0259994
602  638  0.571833
602  649  0.30019
603  637  0.571397
603  648  0.397662
604  635  0.415086
604  647  0.397814
605  618  0.0901729
605  634  0.411184
605  646  0.397758
606  617  0.573699
606  645  0.392337
607  616  0.573903
608  615  0.573559
608  644  0.0970493
609  614  0.572223
609  645  0.014487
610  644  0.0174986
611  642  0.392235
611  643  0.011849
612  641  0.416997
613  640  0.42498
614  639  0.424991
615  638  0.424747
616  637  0.424682
618  635  0.49115
619  635  0.0277151
620  633  0.994077
621  632  0.995102
622  631  0.996239
623  630  0.996581
624  629  0.994136
651  718  0.0146183
652  717  0.0158716
653  716  0.0153257
655  683  0.0150664
656  682  0.0151331
657  669  0.0101041
657  681  0.0153238
657  725  0.0146573
658  668  0.0111279
658  680  0.0154584
658  724  0.0434448
659  667  0.0107683
659  679  0.0154533
659  723  0.0444898
659  734  0.0230789
660  722  0.0444762
660  733  0.0229711
661  678  0.0130885
661  721  0.043342
662  677  0.0130933
662  720  0.0421986
663  676  0.0130372
663  719  0.0422593
663  730  0.0256511
664  718  0.0421578
664  729  0.0257381
665  673  0.0148495
665  727  0.0177971
666  672  0.0241948
666  726  0.032557
667  671  0.014994
667  680  0.0262924
667  724  0.519474
668  679  0.0265043
668  723  0.532516
669  722  0.532448
670  677  0.0254929
670  721  0.525909
671  676  0.0245453
671  719  0.0256822
671  720  0.508084
672  718  0.0437631
672  719  0.487555
673  680  0.106655
673  717  0.0596431
675  715  0.0920001
675  718  0.0330522
676  714  0.0871789
676  717  0.028202
677  685  0.0358971
678  684  0.0382033
679  683  0.0313146
679  706  0.0114799
679  710  0.0431875
679  717  0.266432
679  724  0.0160501
680  705  0.0114902
680  709  0.0434272
680  716  0.267487
680  723  0.0171124
680  729  0.0176559
680  734  0.300071
681  704  0.0107912
681  708  0.0433512
681  722  0.0169087
681  728  0.017624
681  733  0.302562
682  687  0.0111253
682  706  0.0433871
682  714  0.164747
682  717  0.158531
682  731  0.0117157
682  732  0.297082
683  705  0.0433445
683  716  0.15855
683  720  0.0168915
683  730  0.299497
684  712  0.307405
684  715  0.136601
684  719  0.0169908
684  729  0.286474
685  711  0.345279
685  725  0.295557
686  710  0.350796
686  724  0.341921
687  697  0.0216447
687  709  0.351494
687  716  0.0168818
687  723  0.344489
688  696  0.021773
688  708  0.35066
688  722  0.343395
689  695  0.0215535
689  698  0.0381536
689  707  0.34932
689  712  0.214915
689  721  0.340275
690  697  0.0404146
690  705  0.340175
690  711  0.225196
690  720  0.339132
691  696  0.0383753
691  704  0.337734
691  710  0.226168
692  709  0.226099
692  718  0.0943775
692  719  0.0895068
693  701  0.0135173
693  702  0.278895
693  703  0.0722083
693  708  0.197016
693  717  0.0644502
694  701  0.405458
694  702  0.116775
694  717  0.0573408
695  701  0.128097
695  706  0.281555
695  714  0.012095
696  700  0.0489616
696  705  0.126372
696  707  0.0107006
696  713  0.0121278
696  715  0.0483787
697  704  0.0955142
697  706  0.0111324
697  714  0.0478308
698  703  0.236675
700  710  0.0619538
701  709  0.0622723
703  719  0.0655309
704  718  0.130059
705  717  0.2163
706  716  0.216408
708  715  0.257046
709  714  0.291718
720  732  0.0104108
721  731  0.0103244
