1  640  0.739236
2  639  0.909957
3  232  0.0299083
3  638  0.95837
4  231  0.0299267
4  637  0.958304
5  230  0.0299257
5  596  0.0858322
5  636  0.777192
6  229  0.0298998
6  595  0.0861542
7  594  0.0821156
8  227  0.0192083
8  596  0.0299703
9  226  0.0185589
9  595  0.0297836
10  225  0.0138515
10  594  0.0268804
12  590  0.0467585
12  596  0.837461
13  589  0.0473402
13  591  0.0176142
13  595  0.837617
14  220  0.0126054
14  590  0.0183452
14  594  0.829693
15  219  0.0129914
15  588  0.0593901
15  589  0.0125357
15  591  0.0217026
15  593  0.820859
16  218  0.0130405
16  587  0.0676198
16  590  0.026329
17  217  0.0130369
17  586  0.0579563
17  589  0.0286193
17  592  0.817807
18  216  0.0130232
18  219  0.0145821
18  586  0.012704
18  588  0.0284656
18  591  0.829426
19  218  0.0146882
19  584  0.112286
19  590  0.83604
20  217  0.0147192
20  583  0.116495
20  589  0.837588
21  216  0.0147094
21  582  0.116743
21  588  0.837701
22  215  0.0118611
22  587  0.800304
23  581  0.29792
23  586  0.556396
24  580  0.464147
24  586  0.0104589
25  584  0.0772627
25  585  0.0177031
26  578  0.816019
27  577  0.863235
27  578  0.0429447
28  577  0.0442042
29  207  0.0224547
29  575  0.960918
30  206  0.0226101
30  574  0.961157
31  205  0.0226942
31  573  0.961326
32  204  0.0185486
32  572  0.960796
33  571  0.960962
34  570  0.959271
37  164  0.0425472
37  567  0.937646
38  163  0.0493956
38  566  0.938013
39  162  0.0495013
39  565  0.937603
40  161  0.0503705
40  549  0.0460491
40  564  0.443998
41  159  0.897988
41  160  0.0253076
41  548  0.0432684
41  562  0.0124745
42  158  0.978758
43  157  0.995401
44  156  0.995508
45  155  0.994934
48  72  0.883685
49  71  0.970129
50  70  0.999319
51  69  0.998574
52  68  0.998847
53  67  0.999765
54  66  0.999664
55  65  0.998345
56  64  0.995576
57  63  0.753556
72  152  0.0128427
75  149  0.868871
76  148  0.916629
77  147  0.925892
80  143  0.94632
81  142  0.992014
82  141  0.993261
84  140  0.995157
85  139  0.995147
86  138  0.982184
87  137  0.808926
89  134  0.842686
89  135  0.0475147
90  133  0.963163
91  133  0.0252987
92  131  0.992239
93  130  0.988534
94  129  0.988424
95  128  0.0290587
96  127  0.0147454
96  128  0.96766
97  127  0.981907
98  126  0.995982
99  125  0.980759
101  123  0.30057
102  124  0.502926
103  123  0.508642
105  122  0.997915
106  121  0.999032
107  120  0.997614
108  119  0.997251
109  118  0.459873
110  117  0.455275
111  116  0.928613
160  538  0.184141
160  551  0.606982
161  537  0.184673
161  550  0.713414
162  536  0.185012
162  549  0.749872
163  535  0.184987
163  548  0.749887
164  534  0.164024
164  547  0.74186
165  533  0.0243145
165  567  0.015932
166  566  0.0152647
168  544  0.70092
168  565  0.0148504
169  543  0.746134
169  564  0.0149538
170  542  0.752057
170  563  0.0151773
171  541  0.752097
171  562  0.0151922
172  561  0.0144105
173  560  0.0119401
174  201  0.853495
175  200  0.977633
176  199  0.98726
177  198  0.988139
178  197  0.988143
179  196  0.984409
180  194  0.0140701
180  195  0.905244
181  192  0.563404
181  194  0.378339
181  198  0.0115645
182  191  0.626949
182  192  0.0148711
182  197  0.0115755
183  190  0.649891
184  192  0.300669
184  195  0.0132701
185  191  0.284476
185  194  0.0325727
186  190  0.165201
186  193  0.0376853
187  192  0.0381084
205  533  0.881916
205  536  0.0496996
206  532  0.892567
206  535  0.0495567
207  531  0.878207
208  530  0.202045
208  533  0.0381342
209  530  0.0174933
210  530  0.680468
211  529  0.948144
212  528  0.948268
213  527  0.948021
214  525  0.0105372
214  526  0.946439
215  525  0.940211
216  523  0.89657
216  524  0.0275433
217  522  0.903306
218  521  0.877119
219  519  0.171577
219  520  0.560212
220  518  0.15937
221  518  0.0158898
225  456  0.0118983
226  455  0.821687
226  519  0.0117163
227  454  0.822167
227  518  0.01164
228  452  0.866185
229  451  0.957028
230  450  0.957082
231  449  0.960235
232  448  0.960236
233  447  0.960243
233  638  0.0301579
234  446  0.960239
234  637  0.0301811
235  445  0.955993
235  636  0.0302101
236  444  0.918368
236  635  0.0301952
237  437  0.0123067
237  443  0.735223
237  634  0.0301579
238  436  0.0231544
238  633  0.0302058
239  435  0.0231833
239  632  0.0301699
240  254  0.632813
240  434  0.0231576
240  631  0.0301637
241  253  0.762455
241  265  0.0272038
241  433  0.0230685
241  630  0.0301651
242  252  0.762204
242  259  0.0774402
242  264  0.0276671
242  432  0.0200879
242  629  0.0246525
243  251  0.754338
243  258  0.106043
243  263  0.0279739
243  415  0.026057
243  609  0.0298277
244  251  0.0127634
244  257  0.105579
244  262  0.0279353
244  414  0.0263833
244  608  0.0298906
245  250  0.013443
245  256  0.105135
245  261  0.0235625
245  413  0.0267284
245  607  0.0299182
246  412  0.0267535
246  606  0.0298724
247  255  0.105787
247  258  0.0222816
247  411  0.026716
247  605  0.0295309
248  254  0.0857319
248  257  0.0205894
248  410  0.0248244
249  381  0.0236633
250  380  0.0304788
250  587  0.023563
251  379  0.0330724
251  586  0.0268957
252  378  0.0331353
252  585  0.0273939
253  377  0.0332424
253  584  0.0273945
254  583  0.0271739
255  376  0.0320131
255  582  0.0267618
256  375  0.0332319
257  374  0.0332366
257  442  0.0177711
258  373  0.0332231
259  440  0.207476
260  439  0.216668
260  440  0.0910999
261  439  0.0992927
262  335  0.0206443
262  437  0.884886
262  580  0.0168237
263  334  0.0206745
263  436  0.89424
263  579  0.0180753
264  435  0.893036
264  578  0.0180606
265  330  0.0381386
265  434  0.893927
265  577  0.0180528
266  329  0.0381935
266  433  0.894917
266  576  0.0176825
267  328  0.0381642
267  431  0.447392
267  432  0.448722
268  327  0.0382774
268  430  0.892542
269  326  0.0382336
269  429  0.890539
270  325  0.038074
270  427  0.0500704
270  428  0.839792
270  439  0.020614
270  575  0.0170681
271  324  0.0238161
271  426  0.0973514
271  427  0.785168
271  438  0.0290428
271  574  0.0171351
272  277  0.0281953
272  437  0.0290833
272  573  0.0171321
273  424  0.720939
273  436  0.0290462
273  572  0.015023
274  423  0.84384
274  435  0.0289866
275  422  0.858518
275  434  0.0290136
276  421  0.858752
276  433  0.028985
276  579  0.0105808
277  420  0.409834
277  578  0.0105517
278  322  0.716265
278  577  0.0105736
279  321  0.737322
279  418  0.0864388
279  576  0.0105554
281  319  0.829583
281  430  0.0182772
282  318  0.962823
282  429  0.0183787
282  573  0.0100875
283  317  0.966138
283  572  0.0102305
284  316  0.968207
284  427  0.0197792
284  571  0.0102477
285  315  0.966781
285  426  0.0198582
285  570  0.0102476
286  314  0.968188
286  425  0.0199037
286  569  0.0102335
287  313  0.966672
287  424  0.0196762
288  312  0.950537
288  423  0.0186172
289  422  0.0178935
290  421  0.0146237
291  302  0.172651
291  313  0.011647
292  301  0.239398
292  309  0.210553
292  310  0.46864
292  311  0.0132642
292  312  0.0146424
293  300  0.239762
293  308  0.211097
293  309  0.509915
293  311  0.0146936
294  299  0.237275
295  307  0.757322
296  306  0.757842
297  305  0.758525
298  304  0.757973
299  303  0.46948
304  309  0.0703584
304  311  0.143604
305  310  0.0946534
318  410  0.0133838
318  411  0.0115478
319  409  0.161476
320  408  0.174814
320  418  0.0232492
321  407  0.18308
321  417  0.0262921
322  406  0.168356
323  414  0.0129206
323  420  0.213958
324  413  0.0173121
324  419  0.303498
325  418  0.310024
326  383  0.130862
326  412  0.349537
327  382  0.534696
327  411  0.392467
327  571  0.0191302
328  381  0.270273
328  410  0.392484
328  570  0.0191511
329  380  0.278074
329  409  0.393728
329  569  0.0191495
330  379  0.546789
330  408  0.393365
331  378  0.717489
331  407  0.202269
331  567  0.0191657
332  377  0.922259
332  380  0.0111617
332  566  0.019167
333  376  0.92255
333  379  0.011959
333  565  0.0191631
334  375  0.892862
334  378  0.0119703
334  564  0.0169346
335  377  0.0119556
336  372  0.916035
337  371  0.973871
338  370  0.975717
338  560  0.0135051
339  369  0.449698
339  559  0.0149359
340  368  0.447672
340  558  0.0150078
341  367  0.975583
341  557  0.0150064
342  366  0.959904
342  556  0.0149411
343  555  0.0146691
344  364  0.853152
345  363  0.972658
346  362  0.975152
346  553  0.010373
348  361  0.975685
349  360  0.975167
350  359  0.944839
352  357  0.552985
354  373  0.0116533
355  372  0.0167717
356  371  0.0172531
357  370  0.0188985
358  369  0.0188484
359  366  0.0146099
360  365  0.0189528
374  551  0.0119815
375  550  0.0161923
376  549  0.0168877
377  548  0.0168855
378  405  0.0102496
378  547  0.0138818
379  404  0.0124149
379  407  0.153887
380  406  0.153821
381  405  0.135307
383  401  0.772852
384  400  0.968405
385  399  0.98999
386  398  0.989976
387  397  0.989806
388  396  0.962993
390  395  0.0263732
404  424  0.0202474
405  423  0.0238185
406  422  0.024311
407  421  0.0244289
408  420  0.0241902
408  549  0.0126779
409  548  0.0126818
410  419  0.0336557
410  547  0.0109043
411  418  0.0352735
412  544  0.0294823
413  543  0.034053
414  542  0.0346267
415  541  0.0346807
416  540  0.0339786
417  429  0.0131112
418  428  0.0129177
418  538  0.026824
420  537  0.0290187
421  536  0.0293369
422  535  0.0292664
423  534  0.0269102
425  532  0.0290938
426  531  0.029056
427  526  0.0370434
428  525  0.0376311
429  524  0.0375654
430  523  0.0376331
431  522  0.0375168
432  520  0.037363
433  519  0.0374888
434  518  0.0283719
436  516  0.0374423
437  515  0.0374716
438  514  0.0374489
445  460  0.0362018
446  459  0.0374175
447  458  0.0374182
448  457  0.0374369
449  456  0.0374339
450  455  0.0368929
452  517  0.0152218
452  519  0.0669053
453  518  0.0680698
454  515  0.057048
454  517  0.0683567
455  514  0.0574821
456  513  0.0634403
456  515  0.701393
456  519  0.167773
457  512  0.0634444
457  514  0.706144
457  518  0.168075
458  511  0.0620571
458  513  0.707276
458  517  0.168066
458  519  0.0212436
459  512  0.707207
459  518  0.0212651
460  509  0.0400972
460  511  0.670688
460  516  0.169531
460  517  0.0196725
461  507  0.409213
461  510  0.383796
461  515  0.171124
461  516  0.0180325
462  506  0.650432
462  514  0.172274
463  472  0.0107228
463  505  0.683146
463  509  0.0873001
463  513  0.110015
463  515  0.0126539
464  504  0.649365
465  481  0.861043
465  507  0.0134245
465  513  0.0314204
466  480  0.861463
466  506  0.0133147
466  512  0.0340915
467  479  0.859588
468  499  0.0103689
468  510  0.054489
468  511  0.0243912
469  477  0.820597
469  496  0.0131537
469  498  0.0105555
469  509  0.054454
469  510  0.0243098
470  476  0.826123
470  495  0.0167531
471  475  0.480128
471  494  0.0233032
471  508  0.0164511
472  493  0.0238423
472  506  0.068908
473  492  0.0236166
473  505  0.0698957
475  504  0.0702054
476  503  0.0704136
477  502  0.0710062
478  488  0.0202583
478  501  0.0687747
479  487  0.0193894
479  500  0.0597512
480  499  0.0348575
482  499  0.0252899
482  500  0.489417
483  499  0.614794
484  492  0.0135426
484  497  0.144965
484  498  0.660266
485  491  0.0121096
485  496  0.381354
485  497  0.458359
486  495  0.585234
486  496  0.255126
487  494  0.788214
488  493  0.77363
492  506  0.0841579
493  505  0.115566
494  504  0.115403
495  503  0.114584
496  502  0.107987
506  513  0.0437545
507  512  0.0428574
548  566  0.0125223
549  565  0.0128312
550  564  0.0160749
552  563  0.504163
553  562  0.55614
554  561  0.517795
576  584  0.046188
577  583  0.0468733
578  582  0.0178635
579  585  0.313226
580  584  0.194282
580  585  0.0121655
588  603  0.0125342
590  602  0.01989
591  601  0.0298922
592  600  0.0298971
593  599  0.027236
594  598  0.0158178
599  635  0.88145
600  634  0.959426
601  633  0.960977
602  632  0.954032
604  631  0.957287
605  630  0.96292
606  629  0.962552
608  628  0.956033
609  627  0.955211
611  625  0.792488
613  623  0.986963
614  622  0.998451
615  621  0.997312
616  620  0.617686
