1  640  0.0112668
2  639  0.0121102
3  16  0.71877
4  15  0.719262
5  12  0.0108975
5  14  0.714346
11  367  0.110882
12  366  0.184126
14  365  0.248655
15  364  0.249676
16  363  0.249792
17  362  0.249853
17  637  0.730366
18  361  0.249825
18  636  0.730813
19  360  0.231434
19  635  0.639338
20  323  0.0220292
21  73  0.0268936
21  322  0.0279486
21  358  0.10418
22  67  0.71149
22  72  0.0274194
22  321  0.0292518
22  356  0.107649
23  66  0.711669
23  71  0.0273342
23  320  0.0288378
23  355  0.106886
24  65  0.71095
24  91  0.0203494
25  64  0.567788
25  69  0.0270967
25  90  0.0202382
25  92  0.0142805
26  63  0.284837
26  68  0.0290651
26  89  0.0177429
26  91  0.01528
27  62  0.181933
27  67  0.029214
28  62  0.0242593
29  61  0.0204126
29  64  0.0576449
29  88  0.0452748
30  61  0.0666931
30  63  0.308142
30  87  0.0560126
31  60  0.0853532
31  62  0.430927
31  86  0.0574221
32  59  0.0436143
32  61  0.42734
32  64  0.0150436
32  85  0.057531
32  109  0.141265
33  59  0.543734
33  61  0.115329
33  63  0.0153848
33  84  0.0574954
33  108  0.141961
34  58  0.60616
34  60  0.137211
34  62  0.0151822
34  83  0.0263836
34  106  0.119275
34  107  0.0712057
35  57  0.610289
35  59  0.138013
35  61  0.0151514
35  105  0.19056
36  58  0.139923
36  60  0.0142062
36  104  0.190689
37  56  0.687625
37  57  0.0934539
37  59  0.0107259
37  103  0.190693
38  55  0.744944
38  56  0.0467515
38  102  0.190536
39  54  0.808114
39  101  0.190391
40  53  0.808411
40  100  0.187972
41  52  0.808518
41  96  0.0785227
42  51  0.807514
42  95  0.0772208
43  50  0.637378
44  96  0.0412931
45  49  0.0149227
45  95  0.0114483
46  91  0.0965687
46  94  0.0403878
47  90  0.102624
47  93  0.0812688
48  89  0.104656
48  92  0.0832159
49  88  0.105238
49  91  0.0833759
50  87  0.104982
50  89  0.033258
50  90  0.0501854
51  88  0.064682
52  86  0.185482
53  85  0.187106
54  84  0.187143
55  83  0.142691
56  82  0.0875526
56  83  0.0502099
57  82  0.0953806
58  81  0.138974
59  80  0.13859
59  82  0.0639987
60  79  0.133548
60  81  0.0945444
61  78  0.126819
61  80  0.106941
62  79  0.0507986
63  77  0.136075
63  78  0.052521
64  76  0.136144
64  77  0.109428
65  76  0.10625
67  73  0.148337
68  72  0.0566095
71  634  0.681401
72  633  0.681383
73  632  0.683244
74  630  0.066392
74  631  0.611604
75  629  0.128274
75  630  0.41431
76  628  0.189214
77  358  0.0433393
77  594  0.685777
78  357  0.0438847
78  593  0.695668
79  356  0.0439841
79  592  0.698638
80  355  0.0383913
80  591  0.69864
81  590  0.69831
82  109  0.0117647
82  589  0.698618
83  108  0.0118298
83  588  0.697717
84  107  0.0118883
84  354  0.0364066
84  587  0.686634
85  106  0.0118682
85  353  0.0365188
85  571  0.0141715
85  586  0.683044
86  105  0.0105014
86  352  0.036459
86  570  0.0142316
86  585  0.682143
87  351  0.0355199
87  569  0.0142345
87  584  0.668448
88  568  0.0141274
90  581  0.600272
91  580  0.602463
93  347  0.0359348
94  100  0.0411122
94  104  0.022397
94  106  0.0530089
94  346  0.0365387
94  575  0.0115614
94  577  0.432799
94  634  0.0488664
95  99  0.0157909
95  102  0.0124171
95  103  0.0179221
95  105  0.0531556
95  345  0.0365101
95  574  0.0114057
95  576  0.421845
95  578  0.0230388
95  633  0.0488974
96  101  0.0309749
96  104  0.0539662
96  344  0.0363895
96  575  0.184426
96  577  0.0250803
96  632  0.0497121
97  343  0.0303479
97  631  0.0496822
98  315  0.0125061
98  342  0.0127903
98  630  0.049526
99  314  0.0138208
99  629  0.049591
100  313  0.0143121
100  628  0.0474827
101  312  0.0144707
101  582  0.0638578
102  311  0.0146414
102  324  0.0313032
102  569  0.388466
102  581  0.0651203
103  310  0.0146638
103  323  0.0357601
103  567  0.0135799
103  568  0.418409
103  580  0.0656296
103  626  0.0480222
104  309  0.0146528
104  322  0.0361654
104  579  0.0656091
104  625  0.0482166
105  321  0.0364165
105  566  0.402707
105  567  0.0206732
105  577  0.0488257
105  624  0.0481724
106  320  0.0357513
106  576  0.0485375
106  623  0.0482159
107  355  0.0218475
107  564  0.664016
107  622  0.048163
108  116  0.0528045
108  318  0.0110888
108  354  0.0461077
108  563  0.682281
109  115  0.0501406
109  353  0.0455555
109  562  0.6811
110  318  0.0187248
110  561  0.54427
112  316  0.927628
113  315  0.931945
114  314  0.932696
115  313  0.933834
116  312  0.933819
117  311  0.920575
118  155  0.0732762
118  310  0.875649
118  618  0.0431493
119  154  0.0814166
119  309  0.861476
119  617  0.0444234
120  153  0.114504
120  159  0.0142169
120  616  0.0444381
121  152  0.116281
121  157  0.0169061
121  158  0.204514
121  307  0.343305
122  151  0.115963
123  150  0.110991
123  155  0.081754
123  157  0.345231
123  158  0.300173
123  613  0.0430231
124  154  0.0910143
124  156  0.205625
124  612  0.0444344
125  153  0.0907392
125  154  0.0297024
125  156  0.529783
125  611  0.0444174
126  155  0.673614
126  610  0.0331914
127  153  0.0310549
127  154  0.672321
129  151  0.037906
132  148  0.92701
132  600  0.0422486
133  147  0.935071
133  599  0.0422703
134  145  0.949683
134  598  0.0422699
135  144  0.952025
135  597  0.0421945
136  143  0.949674
136  596  0.0422585
137  142  0.551246
137  595  0.0421764
138  594  0.0416695
141  591  0.0329802
142  590  0.0329985
143  589  0.0300429
145  157  0.0113182
147  586  0.013245
148  154  0.0129249
148  585  0.012693
151  583  0.0156238
152  367  0.0101241
152  582  0.0164506
153  366  0.0101671
153  581  0.0162424
154  365  0.010167
154  580  0.0162529
156  310  0.0563543
156  577  0.0117652
157  309  0.0562823
157  576  0.0116277
159  306  0.968906
160  305  0.988694
161  304  0.991706
162  303  0.990218
164  301  0.0373105
165  299  0.997503
166  298  0.998425
167  297  0.998421
168  296  0.998471
169  295  0.99849
170  294  0.99751
171  293  0.997818
172  291  0.937591
173  290  0.934937
174  290  0.0626237
175  288  0.930531
175  289  0.0668181
176  287  0.92922
176  288  0.066283
178  282  0.984238
179  281  0.995311
180  280  0.99422
181  279  0.992698
182  278  0.975809
185  278  0.0151308
186  277  0.132263
187  276  0.90008
188  275  0.967727
189  274  0.97419
190  273  0.97395
191  272  0.769263
192  196  0.0176257
192  270  0.267371
193  199  0.575714
194  198  0.219335
196  274  0.0100167
197  272  0.129506
198  271  0.376192
199  270  0.377922
202  267  0.934654
203  266  0.988901
204  265  0.988897
205  264  0.989523
207  263  0.986617
208  262  0.987139
209  261  0.986875
210  215  0.010862
210  260  0.709614
211  258  0.0207247
212  258  0.479261
213  258  0.341235
214  256  0.302342
214  257  0.563986
215  255  0.302669
215  258  0.0326846
216  256  0.67146
216  257  0.0187044
217  255  0.685792
219  253  0.994342
220  252  0.995111
221  251  0.981145
222  250  0.899204
224  249  0.145206
224  250  0.0238818
225  249  0.0466039
226  247  0.987508
227  246  0.997842
228  245  0.997902
229  244  0.997864
230  243  0.995738
231  242  0.98624
232  241  0.945735
234  239  0.0752068
307  358  0.0138348
308  357  0.0139655
309  356  0.0140103
310  355  0.0133962
312  354  0.0140523
312  567  0.0343033
313  353  0.0140532
313  566  0.0355715
314  352  0.0138942
314  565  0.0361462
315  564  0.0362012
316  563  0.036406
318  348  0.111769
319  347  0.129064
319  561  0.140909
320  346  0.132086
320  353  0.0528743
320  560  0.736398
321  345  0.132085
321  352  0.0535369
321  559  0.737032
322  344  0.128188
322  351  0.0534623
322  558  0.737256
323  350  0.0514227
323  557  0.736492
324  349  0.0480442
324  556  0.735794
325  555  0.73571
326  554  0.735777
327  345  0.0301788
327  553  0.735054
328  343  0.763352
329  342  0.941572
330  341  0.988016
331  340  0.988636
332  339  0.98675
333  338  0.716093
345  353  0.0159892
345  356  0.0146607
345  540  0.0178644
345  549  0.0199854
346  352  0.0162798
346  355  0.0145689
346  539  0.0178711
346  548  0.0199758
347  538  0.0178553
347  547  0.0166335
348  537  0.013035
348  552  0.0214265
351  533  0.0146841
351  550  0.57153
352  532  0.0161918
352  549  0.686904
353  531  0.0161989
353  548  0.686242
354  377  0.0113815
354  547  0.677431
355  376  0.0314167
355  529  0.0158301
355  546  0.440168
356  375  0.031311
356  528  0.0158296
356  547  0.0123729
357  374  0.0226363
357  544  0.357574
357  546  0.0396576
358  373  0.0144476
358  520  0.20182
358  543  0.353656
358  545  0.0500301
359  519  0.102036
359  544  0.0465514
360  374  0.0372588
360  519  0.439746
361  373  0.0502091
361  518  0.663494
362  372  0.0524388
362  517  0.663647
363  371  0.0507198
363  516  0.66225
365  515  0.662103
366  514  0.662053
367  513  0.620799
368  512  0.43207
370  512  0.16645
371  511  0.412445
372  486  0.0414891
372  510  0.29742
372  637  0.250956
373  485  0.0427977
373  636  0.251111
374  484  0.0432171
374  508  0.58469
374  635  0.250979
375  483  0.0433695
375  507  0.605027
375  634  0.25112
376  482  0.0433983
376  506  0.605036
376  633  0.251115
377  481  0.0428751
377  505  0.591161
377  525  0.0124336
377  632  0.251098
378  631  0.250636
379  501  0.586576
379  630  0.245689
380  500  0.600787
380  629  0.234054
381  478  0.0431142
381  499  0.605752
381  628  0.217409
382  477  0.0461601
382  498  0.606529
382  518  0.057201
382  627  0.0111747
383  476  0.0460083
383  497  0.59861
383  517  0.0586731
383  625  0.0120161
383  628  0.0108185
384  424  0.243267
384  516  0.0588226
384  624  0.0117717
385  423  0.243369
385  496  0.20963
385  515  0.0587473
385  623  0.0116078
386  422  0.243236
386  493  0.533772
386  495  0.101945
386  514  0.0426419
387  420  0.0623998
387  421  0.183384
387  492  0.734331
388  419  0.122385
388  420  0.122046
388  491  0.737328
389  418  0.181815
389  490  0.737254
390  488  0.0255825
390  489  0.637289
391  414  0.0143706
391  486  0.0156022
392  413  0.0147859
392  415  0.0219565
392  486  0.370728
393  412  0.0129046
393  484  0.0426538
393  485  0.350726
393  487  0.011723
394  414  0.0318722
394  483  0.022076
394  486  0.0126833
395  413  0.0335245
395  483  0.679452
396  411  0.15018
396  412  0.0242324
396  482  0.725574
397  409  0.0437165
397  410  0.157572
397  481  0.714085
398  408  0.0439467
398  409  0.157999
398  417  0.348855
398  480  0.439371
399  407  0.0425083
399  408  0.156262
399  416  0.414191
399  479  0.373313
400  415  0.488319
401  414  0.501152
402  413  0.503423
403  412  0.500452
404  411  0.40726
406  413  0.0854624
407  412  0.104746
409  423  0.0174282
410  422  0.0247346
411  417  0.149788
411  420  0.0170122
411  421  0.0251296
412  416  0.0929282
412  419  0.0200379
412  420  0.022498
413  418  0.0125989
418  477  0.694437
419  476  0.690103
420  475  0.683623
421  475  0.0107071
422  473  0.11908
423  472  0.047119
423  473  0.0322477
423  477  0.0263691
424  476  0.026439
425  472  0.793203
426  471  0.976663
427  470  0.998688
428  469  0.998555
429  468  0.999135
430  466  0.0215762
430  467  0.977096
431  465  0.0785693
431  466  0.916517
432  463  0.117393
434  462  0.862159
435  461  0.985583
436  460  0.987172
436  463  0.01078
437  459  0.987233
437  462  0.0117763
438  458  0.985895
438  461  0.0114014
439  457  0.909692
440  454  0.023145
441  453  0.0491476
441  455  0.0487384
441  457  0.0544325
441  460  0.0112392
442  452  0.0490227
442  456  0.103754
442  459  0.0112815
443  454  0.700921
443  455  0.0756686
444  453  0.806156
444  454  0.0421091
444  457  0.0180141
445  451  0.0549673
445  452  0.821208
445  456  0.0275732
446  455  0.0274802
447  454  0.026751
475  627  0.191095
476  626  0.193544
477  625  0.193556
478  624  0.193447
479  623  0.191909
480  622  0.189605
483  619  0.0139462
484  618  0.0132242
490  498  0.189882
491  497  0.189945
491  612  0.010014
492  496  0.117652
492  611  0.0100043
496  513  0.12138
496  627  0.0379945
497  512  0.124114
497  626  0.0385673
498  511  0.127012
498  625  0.0385681
499  510  0.13341
499  624  0.0354789
500  509  0.134191
500  602  0.174956
500  623  0.0261926
501  508  0.134613
501  601  0.197916
501  622  0.0178992
502  507  0.134035
502  600  0.238508
503  599  0.238569
504  598  0.239308
505  597  0.23927
506  596  0.221938
507  594  0.138593
511  566  0.243072
512  565  0.246792
513  564  0.247583
514  563  0.24791
515  562  0.247704
517  560  0.247241
518  559  0.246495
522  557  0.0135227
523  556  0.0154591
524  554  0.217564
525  553  0.229576
526  542  0.724976
526  552  0.221601
527  541  0.728828
527  551  0.205806
528  540  0.966373
529  539  0.966566
530  538  0.965192
531  537  0.934995
541  549  0.240579
542  548  0.240573
543  547  0.149007
547  552  0.0265077
568  594  0.0327334
569  593  0.0330803
571  576  0.0140529
571  591  0.0408909
572  590  0.0405404
575  593  0.0874176
576  586  0.0198389
576  592  0.105142
577  585  0.0198597
577  588  0.147544
577  591  0.101882
578  584  0.0186782
578  587  0.169493
578  590  0.0837016
579  586  0.184048
580  585  0.182155
580  588  0.0610687
580  589  0.0161373
581  588  0.0145427
595  629  0.188096
596  628  0.219316
597  627  0.150452
598  626  0.0769416
598  627  0.546565
599  626  0.620614
600  625  0.694024
601  609  0.0308108
601  624  0.668308
602  608  0.0250175
605  620  0.776402
605  621  0.0103203
606  619  0.903905
607  618  0.922656
608  617  0.923584
609  616  0.921062
610  615  0.835127
