3  9  0.0290279
4  8  0.0110927
5  543  0.135263
6  542  0.232574
7  541  0.242952
8  540  0.24189
9  539  0.241774
10  538  0.220136
10  542  0.0899614
11  541  0.100779
12  540  0.0928244
13  539  0.0832612
13  543  0.250937
14  538  0.0705678
14  542  0.467487
15  541  0.491366
16  538  0.018112
16  539  0.0202511
16  540  0.490431
17  536  0.0498543
18  538  0.0924999
18  539  0.0323083
19  534  0.965376
19  537  0.0187715
20  533  0.990264
21  532  0.994572
22  531  0.99228
23  530  0.992338
24  529  0.994731
25  528  0.993733
26  526  0.0124004
26  527  0.887851
27  525  0.0236508
30  87  0.0150179
31  86  0.0258613
32  86  0.597931
33  85  0.644559
34  84  0.423185
35  84  0.541483
36  83  0.990044
37  82  0.993551
38  81  0.993704
39  80  0.993752
40  79  0.993768
41  78  0.990305
42  77  0.930164
47  56  0.0473968
48  55  0.0559289
49  57  0.0299989
49  59  0.801688
50  56  0.0235987
50  58  0.845394
51  57  0.857792
52  56  0.326554
61  76  0.895725
62  75  0.898937
63  74  0.895432
64  73  0.876985
66  71  0.0227074
67  76  0.036138
68  75  0.0325646
69  74  0.0265266
87  526  0.747157
88  525  0.933235
89  524  0.97376
90  523  0.973756
91  521  0.236547
91  522  0.733208
92  520  0.471775
92  521  0.483332
93  519  0.708575
94  518  0.706627
94  519  0.0152788
95  207  0.0131714
95  517  0.667884
95  520  0.0103631
96  206  0.0234175
96  518  0.0144957
96  519  0.0142943
97  205  0.0250089
97  518  0.0139745
98  204  0.0264706
98  514  0.845425
98  516  0.0635521
99  203  0.0264556
99  513  0.845539
99  515  0.0632283
100  202  0.0239354
100  512  0.751824
102  168  0.118438
102  218  0.434247
103  167  0.118974
103  217  0.436887
103  508  0.0167537
103  509  0.0144258
104  166  0.118718
104  216  0.437156
104  507  0.0195658
104  508  0.0136941
104  511  0.140128
105  165  0.110146
105  215  0.429953
105  506  0.0184308
105  510  0.139407
106  214  0.317467
106  509  0.122099
107  211  0.0785485
107  212  0.0256256
107  219  0.125527
108  133  0.0659375
108  163  0.0165455
108  210  0.0808495
108  505  0.078023
109  117  0.155856
109  132  0.065944
109  162  0.016565
109  209  0.0799583
109  211  0.0628505
109  212  0.111293
109  218  0.308107
109  504  0.0782097
110  116  0.176298
110  161  0.0148319
110  205  0.0164094
110  210  0.0568914
110  217  0.31981
110  503  0.0695089
111  115  0.109217
111  130  0.0667502
111  160  0.0148839
111  204  0.0176393
111  210  0.118563
111  216  0.320073
111  502  0.0659478
112  129  0.066776
112  159  0.0164232
112  203  0.0175356
112  208  0.0224573
112  209  0.121444
113  126  0.0274808
113  128  0.0600978
113  158  0.0156406
113  214  0.344431
114  125  0.0412522
114  127  0.0424102
114  209  0.0266297
114  213  0.379587
114  224  0.0428483
115  124  0.0439407
115  203  0.0110035
115  208  0.153674
115  212  0.380597
115  223  0.0452164
116  124  0.0160411
116  202  0.0110511
116  207  0.157825
116  211  0.380434
116  222  0.0452337
117  123  0.0109359
117  206  0.147027
117  210  0.356696
117  221  0.0433346
118  205  0.134287
119  174  0.0280034
120  173  0.0300509
121  168  0.0160604
121  172  0.0304278
121  202  0.0508083
121  207  0.15775
121  208  0.0291356
121  218  0.0333649
122  167  0.0156171
122  201  0.0143379
122  206  0.121815
122  217  0.0280787
123  170  0.0120017
124  166  0.013445
124  204  0.0262939
124  216  0.0109871
128  164  0.744718
129  163  0.898971
130  162  0.899512
131  161  0.897732
132  160  0.898602
133  159  0.899477
134  158  0.886619
134  214  0.0377085
135  152  0.706497
135  157  0.189757
135  213  0.0725913
136  151  0.904427
136  212  0.0752052
137  150  0.415265
137  211  0.0751127
138  149  0.417662
138  210  0.0752837
139  148  0.905306
139  209  0.0752739
140  147  0.870097
140  208  0.0696307
141  146  0.727259
141  207  0.066713
142  206  0.0531355
143  205  0.0262767
146  206  0.0162319
147  205  0.0362893
148  204  0.0432958
149  203  0.0421371
151  161  0.0117834
151  201  0.0403549
152  160  0.0130553
152  200  0.0415515
153  159  0.0153885
153  199  0.0413999
157  183  0.0114599
158  182  0.0141712
159  181  0.0312277
160  179  0.0151258
160  180  0.0242376
161  178  0.0195935
161  179  0.0193004
162  177  0.0324606
163  175  0.0528497
164  174  0.0606044
165  173  0.0651392
166  172  0.0649433
166  208  0.0702118
166  209  0.0631548
166  212  0.0875647
167  207  0.0292633
167  208  0.0625963
167  211  0.0880162
168  206  0.0248559
168  210  0.0952302
169  201  0.0123552
169  205  0.0628935
169  206  0.0679921
170  200  0.0147465
170  205  0.0686787
171  178  0.0630317
171  182  0.0117272
171  199  0.0160613
171  207  0.107721
171  211  0.0235062
171  515  0.0257597
172  177  0.0649832
172  181  0.0141093
172  198  0.014946
172  204  0.279715
172  206  0.0896678
172  210  0.0299816
172  514  0.0781809
173  180  0.0133978
173  197  0.013674
173  203  0.258843
173  208  0.0390458
173  209  0.0216532
173  513  0.0781375
174  202  0.0290352
174  208  0.015686
174  512  0.0782128
175  201  0.0464335
175  204  0.146615
175  206  0.0149677
175  511  0.0781474
176  200  0.2724
176  205  0.0519691
176  206  0.0115294
177  199  0.269078
177  202  0.0394535
177  203  0.372318
177  207  0.0152267
177  219  0.0179528
178  198  0.261497
178  201  0.0189309
178  206  0.0156924
179  188  0.014248
179  200  0.0131912
179  201  0.529201
179  205  0.0156819
179  217  0.0189554
180  187  0.015208
180  200  0.574694
180  204  0.0153983
180  216  0.0191002
181  186  0.0150565
181  199  0.596822
181  203  0.0136589
182  198  0.63325
183  197  0.0156157
183  213  0.0205752
184  197  0.91117
184  212  0.020689
185  196  0.934747
185  211  0.0206882
186  195  0.944919
186  210  0.0206156
187  194  0.939689
187  209  0.0204811
188  208  0.0192107
194  204  0.0153599
195  203  0.0152377
203  221  0.0176448
203  475  0.0102589
203  505  0.0170675
204  220  0.0178698
204  474  0.0102733
204  504  0.0168279
205  219  0.0162506
206  504  0.0266506
207  503  0.0786371
208  216  0.0180215
208  502  0.0788724
209  501  0.0788115
209  516  0.0137118
210  515  0.0137477
211  499  0.0551154
211  514  0.0132129
212  498  0.0834753
213  497  0.0832054
214  496  0.0794988
215  386  0.016831
215  495  0.0608202
216  385  0.0536224
216  465  0.0207578
216  513  0.0182916
217  384  0.0206222
217  512  0.0188755
218  383  0.0210005
218  503  0.0165577
218  511  0.0193745
219  382  0.0542095
219  462  0.0209219
219  502  0.0167254
220  381  0.0542049
220  461  0.0208989
220  501  0.0166761
220  505  0.793555
221  380  0.0541493
221  460  0.02091
221  469  0.0106281
221  504  0.796051
222  358  0.0164625
222  379  0.0189189
222  459  0.0132246
222  468  0.0111594
222  499  0.0113692
222  503  0.795861
223  236  0.0124449
223  357  0.0169826
223  498  0.0169848
223  502  0.789042
224  235  0.0180073
224  356  0.016819
224  497  0.0161476
225  234  0.0198744
225  355  0.0138997
225  378  0.0151547
226  233  0.0199898
226  377  0.0168155
226  464  0.123658
226  469  0.0338387
227  351  0.0231281
227  376  0.0119089
227  463  0.127286
227  468  0.0365594
227  489  0.147897
227  499  0.0402703
227  501  0.490401
228  350  0.0230988
228  462  0.127933
228  488  0.147998
228  498  0.0437245
228  500  0.492041
229  330  0.0381091
229  461  0.127663
229  487  0.148052
229  497  0.0432417
229  499  0.426456
230  329  0.0429962
230  460  0.112706
230  465  0.0369457
230  485  0.0264563
230  486  0.131202
230  491  0.0150577
230  496  0.034881
231  328  0.043673
231  460  0.0112046
231  484  0.0446647
231  485  0.110067
231  490  0.0186202
232  327  0.0449617
232  459  0.019066
232  483  0.0603122
232  489  0.0190404
232  498  0.42352
233  326  0.0449676
233  458  0.0243277
233  462  0.0371329
233  481  0.0547453
233  483  0.0478979
233  488  0.0113823
233  495  0.0355718
233  497  0.429992
234  325  0.0442511
234  457  0.028494
234  460  0.0140907
234  480  0.0481409
234  482  0.0403065
234  494  0.0358143
234  496  0.413423
235  456  0.0257961
235  457  0.175904
235  493  0.0338181
236  321  0.0380217
236  455  0.0223148
236  456  0.195672
236  492  0.030282
236  494  0.416
237  320  0.0411428
237  454  0.0170682
237  455  0.208367
237  457  0.161979
237  493  0.457307
238  319  0.041368
238  454  0.212092
238  456  0.179015
238  492  0.45885
239  318  0.0410671
239  455  0.17158
239  491  0.422485
240  317  0.0402036
240  454  0.149446
240  490  0.339173
241  316  0.0376331
242  252  0.0475082
242  397  0.906555
243  251  0.0489007
243  396  0.911735
244  250  0.0475236
244  395  0.921308
245  394  0.921106
246  393  0.921121
247  389  0.0114605
247  392  0.88034
248  388  0.0376393
249  387  0.0199437
250  387  0.892369
251  386  0.930046
252  385  0.931704
253  315  0.0289654
253  384  0.931715
254  383  0.930932
255  313  0.0590798
255  382  0.931325
256  312  0.0594031
256  381  0.931014
257  311  0.0595428
257  380  0.621701
258  306  0.363223
258  310  0.0597618
258  379  0.200821
259  305  0.440011
259  309  0.0597316
259  378  0.450245
260  304  0.643338
260  308  0.0596886
260  377  0.188116
261  298  0.0202688
261  303  0.692788
261  307  0.0595227
261  377  0.0128708
262  297  0.0202661
262  302  0.686763
263  296  0.0201494
263  301  0.620463
263  304  0.128881
263  374  0.0245018
264  295  0.0190183
264  299  0.0950919
264  303  0.137462
264  373  0.0245801
267  299  0.0628735
268  295  0.102294
268  298  0.0594845
268  299  0.747988
269  294  0.103155
269  295  0.0224776
269  298  0.755251
270  294  0.0226286
270  296  0.0186072
270  297  0.716084
271  293  0.0195871
273  294  0.312509
275  292  0.956914
276  291  0.989522
277  290  0.989123
278  289  0.989383
279  288  0.98608
280  286  0.0713892
281  286  0.693832
294  358  0.0233076
295  357  0.023343
296  356  0.0231552
297  355  0.021749
298  354  0.017872
299  335  0.0242699
300  334  0.0243406
301  333  0.0241263
302  332  0.021544
304  330  0.0197857
305  329  0.0215635
306  328  0.0216361
306  377  0.183853
307  327  0.0205546
307  376  0.906694
308  375  0.907178
309  374  0.907613
310  373  0.908094
311  322  0.0203919
311  372  0.890144
312  321  0.021392
312  371  0.885988
313  361  0.177837
314  319  0.0370195
314  359  0.808841
315  358  0.904356
316  357  0.904704
317  356  0.903687
318  355  0.901278
319  354  0.896885
320  333  0.541438
321  326  0.0291477
321  327  0.0172545
321  330  0.0121692
321  332  0.620277
321  335  0.0715692
321  350  0.0134602
322  329  0.012541
322  331  0.662935
322  334  0.0712681
322  349  0.0109702
323  330  0.660395
323  333  0.0642547
324  329  0.590584
324  331  0.0117785
325  335  0.0667316
326  334  0.0641738
331  343  0.010645
332  342  0.0106102
332  349  0.0852741
332  353  0.0136373
333  341  0.0101678
333  348  0.042889
333  352  0.0242124
334  347  0.134016
334  350  0.0716924
334  351  0.0371725
335  346  0.179495
335  348  0.16009
336  344  0.173754
336  346  0.395078
336  348  0.356544
337  343  0.172863
337  345  0.416855
337  347  0.35993
338  342  0.125555
338  344  0.414355
338  346  0.35816
354  366  0.0157616
355  365  0.0157968
356  364  0.0158225
358  363  0.0115288
358  373  0.0296026
359  372  0.0884599
360  371  0.0893597
361  370  0.592708
362  369  0.552677
363  370  0.358664
364  369  0.235723
386  490  0.0316521
387  489  0.0537435
388  488  0.0534585
390  486  0.0513767
391  485  0.0548053
392  484  0.0552526
393  483  0.0550451
394  457  0.014893
394  482  0.0487106
395  456  0.0179316
396  481  0.0425024
397  454  0.0411384
397  480  0.0419886
398  453  0.989716
399  452  0.992104
400  451  0.991527
401  450  0.990631
402  449  0.991023
403  448  0.991726
404  447  0.992079
405  446  0.992567
406  445  0.993339
407  444  0.979915
409  420  0.0235997
409  421  0.0705142
409  442  0.82793
410  419  0.0238267
410  425  0.0221232
410  441  0.825405
411  420  0.340597
411  424  0.192659
411  439  0.210344
411  440  0.218241
412  419  0.342149
412  423  0.192756
412  438  0.420534
413  418  0.211863
413  422  0.174448
413  437  0.418147
414  436  0.397056
417  433  0.386535
418  432  0.385856
419  431  0.366884
420  426  0.222172
421  425  0.137988
421  426  0.0116023
421  433  0.0207068
421  436  0.0614932
422  432  0.0209115
423  428  0.0355929
423  431  0.0200397
423  442  0.134881
424  433  0.1792
424  441  0.134934
425  432  0.193062
425  440  0.108763
426  431  0.193675
426  439  0.0797916
426  440  0.236403
427  439  0.272434
428  438  0.285889
430  437  0.350909
431  436  0.347956
454  483  0.0142102
454  489  0.186403
454  500  0.0186965
455  488  0.183609
455  499  0.0188497
456  481  0.0258982
456  483  0.034986
456  487  0.149378
456  489  0.0157184
456  498  0.019101
457  488  0.014398
457  497  0.0188401
458  470  0.060639
458  485  0.0928798
458  496  0.0142993
459  469  0.0673398
459  480  0.25319
459  484  0.0959205
460  468  0.0776326
460  479  0.602513
460  483  0.0867745
461  467  0.0770574
461  473  0.0304987
461  478  0.611029
461  482  0.0482508
461  493  0.0115731
462  466  0.0660514
462  472  0.0412862
462  477  0.616979
462  492  0.0122514
463  471  0.0403359
463  476  0.615603
463  480  0.0270919
463  491  0.0117149
464  475  0.603271
464  479  0.029721
465  501  0.0934883
466  475  0.0173521
466  500  0.0938469
467  499  0.0865966
468  474  0.064607
469  489  0.0252989
469  498  0.0630432
470  488  0.0252633
470  497  0.0594693
471  487  0.0240537
472  483  0.0736253
474  481  0.290454
475  480  0.283897
483  492  0.0157171
486  495  0.0627288
487  494  0.0715604
488  493  0.069119
491  499  0.0841289
492  498  0.138407
492  500  0.0411809
493  497  0.0527352
493  499  0.035446
513  526  0.0107921
514  525  0.0119928
515  524  0.0133424
516  523  0.0131798
