1  11  0.0314026
1  23  0.0419685
1  252  0.164186
2  7  0.0193522
2  10  0.0360367
2  22  0.0724183
2  251  0.201595
3  9  0.0399805
3  21  0.0847701
3  24  0.0205942
3  250  0.207338
4  20  0.0719533
4  23  0.0190129
4  249  0.201881
5  248  0.155823
8  201  0.0363794
8  245  0.0105947
9  200  0.0392042
9  244  0.0109825
10  17  0.135405
10  21  0.0110422
10  24  0.0111843
10  199  0.0375675
10  252  0.191186
11  16  0.0991204
11  251  0.205442
12  197  0.0224856
12  250  0.205913
13  196  0.022478
13  249  0.196118
14  195  0.0177937
14  248  0.148725
22  35  0.0118668
22  248  0.132967
23  34  0.0185743
23  247  0.196241
24  33  0.0195099
25  32  0.0378501
25  242  0.035095
25  245  0.376083
26  31  0.0373057
26  241  0.0351119
26  244  0.535612
27  202  0.261007
27  240  0.0345685
27  243  0.535614
28  201  0.372597
28  239  0.0333479
28  242  0.535928
29  200  0.377721
29  222  0.0127975
29  241  0.535505
30  199  0.396811
30  221  0.0326021
30  239  0.0355117
31  198  0.395532
31  220  0.0317571
31  239  0.0413178
33  194  0.97375
34  193  0.976788
35  192  0.977355
36  191  0.976107
37  190  0.965447
38  189  0.887808
41  186  0.949138
41  188  0.0494117
42  185  0.937827
42  187  0.0495393
43  184  0.014258
43  185  0.0614784
44  184  0.985394
45  183  0.992644
46  182  0.998965
47  181  0.996466
49  179  0.999537
50  178  0.999932
51  177  0.998109
52  176  0.992643
53  175  0.913881
54  174  0.836242
55  164  0.465546
55  173  0.526696
56  163  0.467144
56  172  0.521956
57  162  0.467227
58  161  0.466028
59  160  0.464788
60  159  0.462102
61  154  0.0142358
61  158  0.268573
61  169  0.435321
62  153  0.087357
62  168  0.498192
63  152  0.093347
63  158  0.146086
63  167  0.512564
64  157  0.306813
64  166  0.515779
65  150  0.105051
65  154  0.010518
65  156  0.307117
65  165  0.512847
66  83  0.780111
66  149  0.105809
66  161  0.0265982
66  164  0.0555288
67  82  0.782795
67  148  0.106091
67  160  0.0791179
68  81  0.784169
68  147  0.105986
68  159  0.0793412
69  80  0.783579
69  158  0.0793998
70  79  0.779975
70  145  0.0874763
70  157  0.0794549
71  144  0.10515
71  155  0.0308458
71  156  0.0370199
72  143  0.104939
72  154  0.0424197
72  156  0.011411
75  140  0.0830526
76  86  0.0167328
76  139  0.0830802
77  85  0.0162755
77  152  0.0841907
78  84  0.0136157
78  137  0.0133041
78  151  0.0872625
79  150  0.0899319
80  149  0.0900013
81  134  0.0943852
81  148  0.0900148
82  133  0.094937
82  147  0.0772533
83  132  0.0949702
84  145  0.0368062
86  129  0.0922776
86  143  0.0781366
86  154  0.0277252
87  96  0.061222
87  128  0.0567628
87  164  0.446191
88  95  0.0625939
88  127  0.0558811
88  142  0.148144
88  151  0.272857
88  163  0.446374
89  94  0.0628877
89  141  0.148811
89  150  0.27512
89  162  0.446338
90  140  0.149032
90  149  0.274644
90  161  0.440607
91  139  0.14909
91  146  0.0103079
91  148  0.273094
91  160  0.421901
92  138  0.141331
94  100  0.033527
94  113  0.0132973
94  145  0.0396119
94  146  0.0413321
95  111  0.0902363
95  134  0.0102049
95  145  0.0393024
95  157  0.350956
96  110  0.0924579
96  132  0.0137805
96  142  0.0568209
96  143  0.246453
96  151  0.0191179
96  156  0.349498
97  109  0.0926581
97  131  0.0137435
97  141  0.0580006
97  142  0.245345
97  150  0.0223314
97  154  0.238642
98  140  0.0451429
98  149  0.0175005
99  107  0.0917451
100  106  0.091905
100  150  0.0726463
100  151  0.0595612
101  149  0.0568098
105  149  0.0330021
106  126  0.831468
106  148  0.0336526
107  125  0.829498
108  147  0.0327947
109  123  0.228048
109  146  0.0355361
110  122  0.858911
110  145  0.0352928
111  121  0.858421
111  144  0.0350118
112  120  0.858883
113  119  0.845187
116  133  0.042438
116  142  0.0460329
117  132  0.0461475
117  141  0.051942
118  140  0.0516836
119  139  0.050571
120  129  0.0501759
121  128  0.127442
122  127  0.127415
127  148  0.287413
127  157  0.0231125
128  141  0.143399
128  147  0.287842
128  156  0.023116
129  134  0.365707
129  140  0.146368
129  146  0.285554
130  139  0.147019
130  145  0.276119
131  138  0.133277
131  140  0.0175926
132  139  0.020426
133  138  0.0118889
134  141  0.260979
134  142  0.0117686
135  140  0.189948
138  152  0.0817051
139  151  0.086316
140  150  0.0333909
141  149  0.0332123
142  148  0.0856856
147  157  0.0417027
147  160  0.024269
148  156  0.0417028
148  159  0.0255199
149  155  0.0377566
149  158  0.0257951
150  157  0.0256281
165  173  0.465606
166  172  0.460925
196  238  0.353615
197  237  0.489253
198  218  0.0361827
198  236  0.499428
199  217  0.0408913
199  235  0.499432
200  216  0.0422582
200  227  0.022172
200  234  0.456829
201  226  0.0226278
201  233  0.42032
202  225  0.0229501
202  248  0.0624978
203  214  0.395842
203  224  0.0228259
203  247  0.338467
204  213  0.525767
204  223  0.0222514
204  246  0.414574
205  212  0.539755
205  245  0.423908
206  211  0.531976
206  244  0.424856
207  243  0.42104
209  218  0.0232027
209  241  0.421607
210  217  0.0230047
210  240  0.424745
211  216  0.0198415
211  239  0.424683
212  238  0.392735
215  235  0.0388178
215  236  0.116859
216  222  0.0142041
216  235  0.11731
217  228  0.633694
217  229  0.0295632
217  232  0.142722
217  234  0.0749731
218  227  0.640388
218  228  0.0254205
218  231  0.140835
219  226  0.445197
219  237  0.0120371
220  236  0.0125838
221  235  0.0123606
222  227  0.0269423
222  228  0.0340662
222  229  0.0361106
222  231  0.0594161
223  230  0.0501473
227  236  0.0108411
228  236  0.0492386
229  235  0.0557657
229  236  0.0106979
230  237  0.217487
231  236  0.233367
