2  283  0.0538408
2  289  0.542251
2  293  0.024872
3  282  0.0714126
3  284  0.188149
3  288  0.653518
3  292  0.028326
4  281  0.0675294
4  283  0.186261
4  287  0.644875
4  291  0.0257552
5  280  0.0418607
5  286  0.570089
5  290  0.0224752
5  291  0.0174803
6  281  0.286821
6  289  0.016768
6  290  0.0249008
7  278  0.0443034
7  280  0.318382
7  283  0.0130022
7  289  0.0288436
8  279  0.336937
8  282  0.0139311
8  284  0.537234
8  288  0.031864
9  276  0.0457023
9  278  0.33673
9  281  0.0105906
9  283  0.539737
9  287  0.0256501
10  275  0.0461158
10  282  0.539875
10  284  0.049398
11  274  0.0428398
11  276  0.336767
11  280  0.0592858
11  281  0.461196
11  283  0.0505349
12  275  0.336538
12  279  0.165192
12  282  0.0503518
14  278  0.0356666
15  127  0.763901
15  277  0.0295177
16  126  0.901628
16  276  0.0205939
17  125  0.935935
17  128  0.0131379
18  124  0.943227
18  127  0.0447144
19  123  0.943671
19  126  0.0470734
20  122  0.91488
20  125  0.0419415
22  119  0.275032
23  31  0.0410252
23  118  0.506094
23  119  0.0130782
23  122  0.0678145
24  30  0.0406157
24  117  0.514624
24  121  0.070823
25  114  0.0238639
25  119  0.189213
26  31  0.0122702
26  113  0.0255634
26  115  0.196191
26  118  0.219043
27  117  0.220049
28  114  0.141689
29  114  0.0938163
30  112  0.843299
30  113  0.0823474
31  111  0.864994
32  112  0.044403
33  110  0.969278
33  111  0.0152842
34  109  0.999328
35  108  0.999527
36  107  0.999843
37  106  0.999781
38  104  0.242508
38  105  0.754076
39  103  0.484226
39  104  0.510222
40  102  0.728864
40  103  0.267252
41  101  0.973335
42  100  0.973037
42  101  0.0234234
43  99  0.937886
43  100  0.0184932
45  97  0.0203161
45  98  0.827465
46  96  0.0163474
46  97  0.835934
47  96  0.84422
48  95  0.828775
49  79  0.0108423
49  94  0.735605
50  78  0.753284
51  67  0.0311118
51  77  0.830064
52  66  0.0525424
52  76  0.902115
53  65  0.0526191
53  75  0.0416625
54  64  0.0524952
54  75  0.891276
55  74  0.938589
56  73  0.935976
57  72  0.929597
58  71  0.924632
59  70  0.914322
60  69  0.868512
71  99  0.0146445
72  98  0.0375502
73  97  0.0430463
74  96  0.0435085
75  95  0.0407036
76  93  0.0458782
77  92  0.0476509
79  91  0.981089
80  90  0.98954
81  89  0.9967
82  88  0.997482
83  87  0.617796
128  272  0.805234
129  271  0.982423
130  270  0.998307
131  269  0.998909
132  268  0.999781
133  267  0.99957
134  266  0.997806
136  264  0.718544
136  265  0.193462
137  228  0.0502461
137  262  0.0514142
137  264  0.1706
138  227  0.0815976
138  231  0.0301083
138  261  0.0312887
138  263  0.16606
139  226  0.0814847
139  230  0.0300982
139  261  0.826358
140  260  0.849228
141  225  0.0136807
141  228  0.0264158
141  259  0.846499
142  227  0.0254041
142  258  0.82936
143  224  0.857677
143  226  0.0138149
143  257  0.10622
144  223  0.973474
145  222  0.980705
146  221  0.980061
147  220  0.97572
148  218  0.0459685
149  217  0.0349661
149  218  0.0583526
150  217  0.038934
151  218  0.0313437
152  217  0.0192499
152  218  0.332091
153  217  0.395147
154  196  0.021883
154  216  0.412091
155  196  0.343085
155  215  0.318778
156  195  0.976297
156  214  0.0138116
157  194  0.977088
158  193  0.960917
160  191  0.861636
161  190  0.984199
162  189  0.989557
163  188  0.991289
164  187  0.991293
165  186  0.98919
166  184  0.0257836
167  180  0.0107227
168  181  0.0218107
168  183  0.0544962
169  179  0.0681205
169  180  0.0197532
170  177  0.151166
170  178  0.0667334
170  182  0.43772
170  183  0.0115626
171  176  0.199699
171  177  0.0534189
171  181  0.503136
171  182  0.0121042
172  180  0.51082
173  179  0.476052
173  180  0.0179668
174  179  0.015206
177  184  0.0335657
178  184  0.0505548
179  183  0.0193059
191  206  0.0121134
192  205  0.0199317
193  204  0.0208227
194  203  0.0210152
195  202  0.020802
198  214  0.963601
199  213  0.96418
200  212  0.942713
201  208  0.0452664
201  211  0.87081
201  212  0.0140435
202  207  0.0607239
202  210  0.808614
202  211  0.0250866
202  221  0.0106137
203  210  0.048576
203  220  0.0106519
204  209  0.0693128
204  219  0.0104459
206  217  0.0109616
207  216  0.0113448
228  260  0.0126626
229  259  0.0196053
231  259  0.0127316
232  256  0.690132
232  257  0.156423
232  258  0.0117491
233  255  0.85829
233  256  0.106007
234  254  0.934585
234  255  0.053893
235  253  0.996527
236  252  0.993627
237  251  0.980332
238  249  0.97434
239  248  0.987691
240  247  0.999714
241  246  0.982728
257  265  0.0114432
258  264  0.0111983
