1  21  0.0116852
1  940  0.154917
2  17  0.0160756
2  20  0.0145831
2  939  0.190437
2  942  0.0808714
3  19  0.0149607
3  932  0.0149033
3  938  0.19903
4  15  0.368957
4  21  0.0206404
4  936  0.0114965
4  940  0.235513
5  10  0.0103043
5  14  0.418573
5  20  0.0235024
5  933  0.0122298
5  939  0.254711
6  12  0.0115121
6  13  0.426186
6  19  0.024314
6  932  0.0171135
6  938  0.258935
7  12  0.410254
7  932  0.0151627
8  936  0.137482
11  906  0.0124495
12  905  0.0142536
13  904  0.0145105
14  903  0.0143498
15  902  0.0133183
19  933  0.0264265
19  937  0.166123
19  941  0.252935
20  936  0.163104
20  940  0.245147
21  30  0.0157704
21  904  0.0117855
21  935  0.142892
21  939  0.213324
22  29  0.0224677
22  903  0.0134896
22  906  0.706437
23  28  0.0232731
23  902  0.0136035
23  905  0.880144
24  904  0.921241
25  903  0.926176
26  902  0.925757
27  851  0.872474
28  850  0.96723
29  849  0.967681
30  848  0.968383
31  847  0.968331
32  845  0.213207
32  846  0.746739
33  844  0.877073
34  843  0.875707
34  845  0.0208333
35  65  0.390044
36  64  0.951558
37  63  0.953424
38  62  0.934898
39  58  0.615865
39  61  0.335166
40  57  0.905471
40  60  0.0722066
41  56  0.91255
42  56  0.0132395
43  54  0.980726
44  53  0.989512
45  52  0.968397
46  51  0.636085
65  841  0.0272432
65  844  0.0578688
65  932  0.014984
66  843  0.0543622
66  931  0.0150118
67  930  0.0150186
68  840  0.938216
68  929  0.014879
69  839  0.969492
69  928  0.0114183
70  838  0.988844
71  837  0.988553
72  836  0.987079
73  835  0.988168
74  834  0.988152
75  833  0.979038
76  831  0.0135261
77  691  0.0180678
78  690  0.0287867
78  691  0.0726664
79  690  0.0716487
80  689  0.0548542
81  205  0.989732
82  204  0.996521
83  203  0.998287
84  202  0.276229
85  201  0.276282
86  200  0.99834
87  199  0.996865
88  198  0.994932
89  197  0.991657
92  195  0.667726
93  194  0.63951
93  196  0.0108796
94  193  0.558137
94  194  0.0133864
94  195  0.0155333
95  192  0.151518
95  193  0.0141676
95  194  0.0161955
96  193  0.0158888
97  172  0.990391
98  171  0.997068
99  170  0.998763
100  169  0.998999
101  168  0.999001
102  167  0.998699
103  166  0.995423
104  165  0.986517
105  164  0.981543
106  162  0.933457
107  158  0.0110076
107  161  0.930755
107  162  0.0537743
108  157  0.0116682
108  160  0.981705
109  156  0.0120069
109  159  0.980837
110  155  0.0121013
111  153  0.0121489
111  156  0.0143108
111  157  0.887459
112  156  0.608393
112  157  0.0283652
113  153  0.0252523
113  156  0.295323
114  150  0.11611
114  152  0.0125384
114  155  0.293017
115  149  0.138455
115  153  0.746514
116  148  0.142649
116  152  0.735318
116  154  0.0365552
117  147  0.137484
117  153  0.0345383
118  146  0.114772
119  149  0.700686
120  148  0.740385
122  146  0.340476
123  145  0.989579
124  144  0.997528
125  143  0.997615
126  142  0.997993
127  140  0.499169
127  141  0.498928
128  139  0.998186
129  138  0.998327
130  137  0.979396
146  155  0.0167609
147  154  0.0246591
148  153  0.0235967
149  158  0.0120379
150  157  0.0114714
153  158  0.0109664
173  192  0.791923
174  191  0.992289
175  190  0.991569
176  188  0.0178192
176  189  0.643487
177  186  0.984765
178  185  0.995171
179  184  0.968167
207  691  0.0984389
208  690  0.16027
208  691  0.524401
209  687  0.0114048
209  690  0.54271
209  832  0.0192459
210  686  0.0128047
210  688  0.939048
210  689  0.0271502
211  685  0.0129073
211  687  0.962928
212  684  0.0115613
212  686  0.957512
213  654  0.0106934
213  685  0.95462
214  653  0.0176658
215  652  0.0186475
215  655  0.882737
216  651  0.0191032
216  654  0.963465
217  650  0.0191291
217  653  0.963942
218  649  0.0191214
218  652  0.964284
219  648  0.0176822
219  651  0.963946
220  647  0.0100113
221  637  0.0199575
221  650  0.640562
222  648  0.0150173
222  649  0.640064
223  635  0.843068
223  647  0.0102988
224  634  0.915105
225  633  0.949137
226  632  0.949087
226  643  0.0135356
227  631  0.682311
227  642  0.014233
228  601  0.0236441
228  641  0.0142231
229  240  0.0321982
229  599  0.642856
229  600  0.274732
230  239  0.0325151
230  598  0.650854
230  599  0.266775
231  238  0.024645
231  597  0.614955
233  583  0.0149183
234  582  0.0150539
234  594  0.144745
235  581  0.015027
235  593  0.142425
236  580  0.01498
236  592  0.112766
237  579  0.0149211
238  269  0.0210162
239  268  0.0117581
239  577  0.0107659
240  268  0.836164
240  576  0.0103684
241  267  0.999385
242  266  0.999602
243  265  0.999786
244  264  0.999806
245  263  0.999536
247  261  0.999682
248  260  0.999736
249  259  0.999381
250  258  0.979364
251  257  0.910424
268  591  0.0534404
269  585  0.0306862
269  589  0.0253639
269  590  0.0979858
269  591  0.0239855
270  584  0.0345142
271  583  0.0348037
271  588  0.893964
272  582  0.0305151
272  587  0.9158
273  581  0.0209296
273  586  0.921251
274  578  0.0102255
274  585  0.91525
275  577  0.0106587
275  584  0.887349
276  310  0.0721169
276  576  0.0109598
276  583  0.874919
277  309  0.937227
277  575  0.0115799
278  309  0.0194719
278  574  0.0115772
279  307  0.960944
279  573  0.0115642
280  306  0.975966
281  305  0.977551
282  304  0.980856
283  303  0.980345
284  302  0.980348
285  301  0.980843
286  300  0.980663
287  299  0.977904
289  297  0.0651815
289  298  0.904141
289  517  0.0101148
290  296  0.0497965
290  297  0.775578
290  516  0.0100789
298  510  0.017983
299  509  0.0187784
300  508  0.0188342
301  507  0.018846
302  506  0.018831
303  505  0.018541
306  502  0.0204477
307  501  0.0222808
308  500  0.022294
309  499  0.0222932
310  498  0.0217302
310  585  0.0138148
311  497  0.0186817
311  584  0.0355535
312  583  0.0417302
313  473  0.0260228
313  582  0.0475439
313  584  0.0139659
314  472  0.0274855
314  583  0.0185818
315  471  0.0274642
315  581  0.735579
315  582  0.0152067
316  470  0.0274808
316  580  0.947353
317  469  0.0275015
317  579  0.969629
318  468  0.0274384
318  578  0.969402
319  467  0.0274411
319  577  0.969843
320  466  0.0272569
320  576  0.969751
321  335  0.0268085
321  574  0.390147
321  575  0.537379
322  334  0.0268643
322  573  0.779909
323  333  0.0260077
325  331  0.0350407
325  510  0.0929452
326  509  0.115558
326  521  0.0105672
327  508  0.118586
327  520  0.0121989
328  507  0.12198
328  516  0.0329993
328  517  0.23245
328  519  0.0145297
329  506  0.121953
330  505  0.0571245
330  515  0.0520167
331  504  0.0560711
332  503  0.119961
332  513  0.756125
333  502  0.115261
333  512  0.794687
334  482  0.0155048
334  500  0.0189273
334  501  0.0752818
334  511  0.829043
335  481  0.0172954
335  499  0.0376509
335  510  0.8291
336  499  0.0112169
336  508  0.110246
336  509  0.718164
337  444  0.0258481
337  479  0.0156816
337  498  0.0119621
337  507  0.451327
338  443  0.0248459
338  478  0.0227243
338  506  0.39449
339  477  0.023061
339  506  0.431103
340  476  0.0231694
340  505  0.485458
341  475  0.0230321
341  503  0.549229
341  504  0.242065
342  390  0.018853
342  439  0.0372893
342  474  0.0215692
342  502  0.835867
343  389  0.0250282
343  393  0.010924
343  438  0.0795761
343  501  0.847297
344  388  0.0248955
344  392  0.0109286
344  437  0.0799368
344  500  0.847412
345  436  0.0799698
345  499  0.841987
346  391  0.0106703
346  435  0.0741006
347  390  0.0109567
347  391  0.0134147
347  433  0.0116324
347  434  0.0678977
348  390  0.0160998
348  432  0.0163741
348  433  0.0611731
349  386  0.212551
349  431  0.0220581
349  432  0.0473402
350  385  0.233063
350  430  0.0273454
351  384  0.228663
351  430  0.0324441
352  386  0.546899
352  429  0.0140371
353  385  0.590673
354  384  0.646028
355  383  0.913277
356  382  0.972669
357  381  0.981602
358  380  0.982486
359  379  0.982541
360  378  0.982202
361  377  0.716949
362  377  0.13737
363  376  0.20913
364  375  0.107904
365  375  0.877593
366  374  0.979697
367  373  0.979614
368  372  0.606739
384  394  0.0223828
385  393  0.0219765
394  499  0.027904
395  428  0.0733536
395  498  0.904632
396  427  0.073356
396  497  0.904798
397  426  0.0734893
397  496  0.91214
398  425  0.0731645
398  495  0.912212
399  494  0.91218
400  493  0.91209
401  492  0.853802
402  421  0.169254
402  441  0.0767452
402  491  0.64648
403  413  0.0469845
403  420  0.169836
403  440  0.0936633
403  473  0.0732158
403  490  0.498787
404  412  0.0578875
404  439  0.0990845
404  472  0.0906665
404  488  0.246983
405  411  0.0575525
405  419  0.689506
406  410  0.0452737
406  418  0.763895
406  437  0.0348855
406  489  0.0161579
407  417  0.763995
407  436  0.0347211
407  488  0.015915
408  416  0.75675
408  476  0.0188968
409  415  0.572843
409  418  0.0104336
409  437  0.0195443
409  475  0.0367068
410  417  0.0104267
410  430  0.0152398
410  433  0.0200324
410  436  0.0212123
410  472  0.0157455
410  474  0.0367108
411  429  0.0152981
411  432  0.0197831
411  435  0.0209191
411  471  0.0138644
411  473  0.032779
412  428  0.0152761
415  427  0.0106288
415  439  0.0946396
416  426  0.0207917
416  438  0.156506
417  425  0.0200965
417  428  0.03206
417  437  0.15659
418  427  0.0332546
418  436  0.156471
419  435  0.144768
421  433  0.0833767
421  472  0.0141155
421  481  0.0195628
422  480  0.0204795
423  479  0.0205704
424  478  0.0195527
425  439  0.0546901
426  439  0.0183678
426  476  0.0225785
427  437  0.177279
427  438  0.0112982
427  475  0.0240986
427  482  0.376691
427  489  0.0148161
428  436  0.185254
428  474  0.0240812
428  481  0.380801
428  488  0.0148051
429  480  0.378028
430  479  0.372779
431  478  0.36692
432  477  0.319266
433  438  0.0163586
435  478  0.0106343
436  475  0.374252
436  477  0.012735
437  474  0.369128
437  476  0.0118423
438  472  0.241454
438  474  0.0130166
438  476  0.0103826
439  475  0.0124515
441  471  0.033081
441  472  0.0346198
443  470  0.91304
444  469  0.956292
445  468  0.957861
446  467  0.958854
447  466  0.958751
448  464  0.966961
449  463  0.972632
450  462  0.981751
451  461  0.980012
452  460  0.868115
454  458  0.0148748
474  489  0.494989
475  488  0.495592
476  487  0.520821
477  486  0.517501
478  485  0.490733
479  484  0.340809
480  490  0.0192189
481  489  0.0315276
482  488  0.030514
487  499  0.0164329
488  498  0.0193725
489  497  0.0192265
508  575  0.0106055
510  574  0.0402651
511  573  0.0430884
512  572  0.0492717
513  571  0.0470512
518  569  0.915227
518  574  0.0237916
519  568  0.915317
519  573  0.0239598
520  566  0.0113121
520  567  0.584611
520  569  0.0107623
520  572  0.0235125
521  567  0.103447
522  567  0.0138677
523  565  0.984736
524  564  0.996223
525  563  0.997833
526  562  0.997028
527  561  0.996458
529  560  0.984992
530  559  0.987931
531  558  0.994229
532  557  0.994156
533  556  0.984019
534  553  0.972169
535  552  0.977476
536  551  0.97267
537  550  0.755532
537  552  0.0163286
539  549  0.109239
539  550  0.230609
540  549  0.471586
541  548  0.425723
542  548  0.0258422
543  548  0.0259827
588  595  0.0144448
588  639  0.0175446
589  638  0.0186795
590  637  0.0190757
591  636  0.0191949
592  635  0.0190051
595  632  0.0176891
596  631  0.0172578
598  634  0.0127411
599  633  0.0129087
600  632  0.0129109
601  627  0.945468
602  626  0.946751
603  625  0.945843
604  623  0.0291929
605  622  0.0246938
605  624  0.151359
606  621  0.0189955
606  622  0.928259
607  621  0.934589
607  626  0.0368891
608  620  0.928785
608  625  0.0438722
609  619  0.425404
609  624  0.0440623
610  623  0.0441416
611  618  0.070196
611  619  0.466461
611  622  0.0441761
612  618  0.516794
612  621  0.0437226
613  617  0.218296
639  648  0.95088
640  647  0.964382
641  646  0.967784
656  683  0.0120958
658  681  0.990943
659  680  0.991683
660  679  0.992336
661  678  0.991913
663  676  0.444622
663  677  0.020662
664  675  0.971045
664  676  0.0166067
665  674  0.970114
666  675  0.0210618
667  674  0.0211395
668  673  0.0162891
691  831  0.0447963
692  830  0.0406158
692  832  0.481828
693  829  0.0319712
693  830  0.933148
694  828  0.0232331
694  829  0.952096
695  828  0.961227
696  826  0.0129083
696  827  0.967601
697  826  0.968111
699  820  0.96827
700  819  0.99102
701  818  0.990239
702  817  0.992069
703  816  0.991801
705  814  0.990218
706  813  0.990862
707  811  0.152707
707  812  0.83625
708  810  0.399637
708  811  0.587647
709  809  0.692447
709  810  0.297193
710  808  0.98457
711  807  0.607308
713  805  0.984939
714  804  0.993401
715  803  0.992505
716  802  0.992502
717  801  0.990841
719  799  0.364403
719  800  0.0373301
721  798  0.0337718
723  795  0.624285
724  794  0.624629
724  795  0.0126712
725  796  0.0457565
726  793  0.606161
726  794  0.0216328
726  795  0.0491134
727  792  0.607467
727  793  0.0105719
727  794  0.0490578
728  793  0.0498816
729  791  0.999263
730  790  0.999526
731  789  0.997782
732  788  0.999519
733  787  0.999476
734  786  0.986462
735  785  0.804078
736  778  0.99499
737  777  0.998767
738  776  0.999729
739  775  0.999706
740  774  0.999311
741  773  0.975256
743  770  0.842878
744  769  0.982992
745  768  0.993944
746  767  0.97702
750  762  0.985111
751  761  0.996803
752  760  0.996737
753  759  0.901859
779  784  0.980106
793  800  0.268148
794  799  0.264774
794  800  0.0132093
840  906  0.0139745
841  905  0.0145439
842  904  0.0146051
843  903  0.0146262
844  902  0.0146294
853  866  0.993965
854  865  0.994933
855  864  0.994412
856  863  0.777657
867  901  0.984121
868  900  0.986478
869  899  0.986512
870  898  0.98631
871  897  0.913969
872  897  0.0196076
874  895  0.046141
875  894  0.0247931
876  894  0.0525208
877  893  0.076253
877  895  0.913339
878  894  0.913684
879  892  0.107952
879  893  0.88736
880  891  0.134562
880  892  0.856191
881  890  0.158732
882  891  0.783557
905  932  0.0733518
906  931  0.0744507
907  930  0.0747321
907  931  0.753831
908  929  0.0729086
908  930  0.839305
911  927  0.937819
912  926  0.989105
913  925  0.995624
914  924  0.995549
915  923  0.996491
916  922  0.984077
917  921  0.374622
