1  718  0.476021
2  17  0.0308302
2  388  0.0103872
2  716  0.0607577
2  717  0.584857
3  16  0.0375661
3  387  0.012907
3  715  0.0990274
4  14  0.0570241
4  386  0.0133224
4  715  0.768727
4  718  0.0219174
5  13  0.0570388
5  385  0.0132592
5  713  0.0978959
5  714  0.765235
5  717  0.0236074
6  12  0.0532128
6  384  0.0131606
6  712  0.105578
6  713  0.757211
6  716  0.0236887
8  710  0.0799944
8  711  0.0859056
9  710  0.093515
10  707  0.126012
10  708  0.278111
11  707  0.313441
12  22  0.0168518
12  705  0.88209
13  21  0.018612
13  704  0.884084
14  20  0.0186912
14  703  0.88375
17  699  0.0287814
17  700  0.0340201
17  701  0.0853012
18  699  0.0410223
18  700  0.0883923
19  699  0.0523455
20  696  0.894358
20  715  0.0393018
21  695  0.9107
21  714  0.0392537
22  83  0.0103868
22  694  0.91094
22  713  0.0389588
23  82  0.0120893
23  693  0.911789
23  712  0.0385841
24  73  0.0347971
24  81  0.0121423
24  692  0.912818
25  72  0.04659
25  80  0.0116678
25  691  0.912776
26  71  0.046659
26  690  0.912718
27  70  0.0465561
27  689  0.910153
28  69  0.0463637
28  688  0.911072
29  230  0.0102303
29  687  0.846341
30  229  0.0103392
30  684  0.100469
30  686  0.775164
31  65  0.0414929
31  228  0.0103764
31  683  0.221727
31  685  0.617242
32  64  0.0432842
32  227  0.0104573
32  682  0.353395
32  684  0.438629
33  42  0.0492914
33  63  0.043489
33  148  0.010472
33  226  0.0104792
33  681  0.383694
34  43  0.0453997
34  72  0.0225035
34  77  0.0118015
34  147  0.0105452
34  679  0.175203
35  40  0.345754
35  42  0.0462557
35  62  0.0419193
35  71  0.0225483
35  146  0.010556
35  224  0.0104332
35  678  0.175135
35  681  0.237324
36  45  0.0439007
36  61  0.0419058
36  70  0.0221996
36  76  0.270793
36  145  0.0105061
36  223  0.0104198
37  60  0.0419854
37  69  0.0219859
37  75  0.274046
37  222  0.0104407
38  59  0.0372839
38  74  0.274613
38  221  0.0103119
39  61  0.0155292
39  73  0.272308
40  57  0.0164565
40  60  0.0177158
40  72  0.269551
41  51  0.0244421
41  59  0.0134794
41  61  0.0541937
41  138  0.0107978
42  50  0.0277208
42  59  0.125996
42  60  0.0636217
42  137  0.0109073
42  157  0.0203956
43  49  0.0279957
43  54  0.0198529
43  58  0.229138
43  136  0.0109022
43  156  0.0204069
44  48  0.0163253
44  57  0.232849
44  135  0.0108934
44  154  0.0132946
44  155  0.0103833
45  52  0.209471
45  56  0.230548
45  134  0.0108782
45  153  0.0254937
46  51  0.18491
46  66  0.0143758
46  152  0.0247561
47  54  0.0944021
47  55  0.029875
47  65  0.016079
47  151  0.0228287
48  53  0.0834176
48  54  0.0274399
48  58  0.0107698
48  64  0.0158787
48  150  0.0142057
49  57  0.0117688
50  56  0.0107796
50  115  0.0330831
51  114  0.043448
52  60  0.0305045
52  113  0.0460994
53  59  0.0247719
53  112  0.0460694
54  111  0.045944
55  110  0.0460236
56  109  0.0460111
56  679  0.580563
57  108  0.0441634
57  678  0.581011
58  677  0.580569
59  107  0.0224298
59  676  0.581623
60  106  0.0224051
60  675  0.581863
61  71  0.0819872
61  674  0.580392
62  70  0.261812
62  76  0.022199
62  673  0.579719
63  69  0.248871
63  75  0.0227083
63  672  0.575487
64  74  0.0221423
64  666  0.0144034
65  73  0.0201311
65  665  0.0150862
66  183  0.0183661
66  664  0.014943
66  668  0.0546575
67  182  0.0310477
67  667  0.0537206
68  181  0.0336584
68  666  0.0457514
69  180  0.0342932
69  659  0.128923
69  663  0.0379279
69  669  0.0594229
70  179  0.0342517
70  402  0.0191677
70  658  0.227261
70  661  0.0843974
70  668  0.0595637
71  105  0.0127778
71  177  0.0149353
71  401  0.0195171
71  657  0.228914
71  660  0.0868008
71  667  0.0266543
72  104  0.013033
72  176  0.0154173
72  400  0.0195432
72  656  0.228918
72  659  0.0866117
73  175  0.0115007
73  399  0.0195016
73  655  0.181352
73  658  0.0636958
74  85  0.474572
74  398  0.0194751
74  654  0.0400121
75  84  0.603824
75  397  0.0193288
75  713  0.0133214
76  83  0.605567
76  712  0.0140672
77  82  0.563583
77  678  0.0139002
77  711  0.0150489
78  227  0.033985
78  676  0.0109501
78  710  0.0139961
79  226  0.0364986
80  225  0.0365408
80  675  0.253634
81  97  0.0360725
81  224  0.0361089
81  674  0.25955
82  96  0.0460685
82  223  0.0351841
82  673  0.263697
83  95  0.0460832
83  222  0.0352057
83  672  0.263642
83  705  0.0219071
84  94  0.045858
84  221  0.0341282
84  670  0.0304518
84  704  0.0219365
85  220  0.0307547
85  657  0.0446175
86  93  0.0407092
86  176  0.0194557
86  654  0.111123
86  656  0.073016
86  668  0.0533919
86  669  0.249547
86  703  0.0263341
86  711  0.0150307
87  175  0.0218551
87  653  0.109651
87  655  0.0729086
87  668  0.229082
87  702  0.0265212
87  710  0.0131807
88  174  0.023712
88  665  0.268829
88  667  0.114235
88  701  0.0265164
89  102  0.0201865
89  173  0.0239213
89  653  0.109566
89  664  0.409104
90  101  0.0271349
90  172  0.0237968
90  215  0.0248568
90  652  0.0756746
90  653  0.0104465
90  663  0.434539
91  100  0.0279599
91  171  0.0227842
91  214  0.0272371
91  652  0.010895
91  662  0.441832
91  698  0.0268111
92  99  0.0283627
92  170  0.0184009
92  650  0.327549
92  661  0.443296
93  98  0.0283701
93  167  0.012883
93  169  0.0157093
93  212  0.0102634
93  649  0.352792
93  660  0.445581
94  166  0.0131004
94  211  0.0279679
94  648  0.352867
94  659  0.444779
94  695  0.0269279
95  165  0.0125774
95  210  0.0276893
95  647  0.353061
95  658  0.441538
95  694  0.0269287
96  106  0.421456
96  161  0.0109134
96  166  0.0118524
96  646  0.352459
96  693  0.0269273
97  105  0.431704
97  160  0.0148978
97  167  0.0198745
97  260  0.0285974
97  600  0.117728
97  642  0.0498567
97  645  0.0778707
97  691  0.0134012
97  692  0.0135616
98  104  0.427883
98  159  0.0149113
98  165  0.0430516
98  166  0.0110415
98  258  0.0144436
98  259  0.0233353
98  599  0.117816
98  641  0.0508393
98  690  0.0266782
99  164  0.0538544
99  257  0.0197814
99  598  0.117221
99  643  0.0416981
99  689  0.0266415
100  113  0.0713905
100  163  0.0541326
100  256  0.0195927
100  619  0.0881633
100  642  0.039773
100  688  0.0266297
101  112  0.0712826
101  162  0.027857
101  596  0.116538
101  618  0.0879689
101  687  0.0252018
102  111  0.0676412
102  162  0.028292
102  595  0.116936
103  161  0.0546495
103  235  0.0223749
103  594  0.116984
103  616  0.114113
104  109  0.0793131
104  160  0.0541546
104  216  0.0119919
104  234  0.0236678
104  411  0.0427315
104  593  0.0708929
104  615  0.115273
105  114  0.010777
105  159  0.0492841
105  215  0.0127762
105  410  0.0427755
105  591  0.0113742
105  592  0.0544653
105  614  0.11492
106  113  0.0297614
106  233  0.0222165
106  409  0.0427958
106  590  0.0227071
106  613  0.113207
107  112  0.0195724
107  155  0.0388925
107  232  0.0220897
107  408  0.0408891
107  589  0.0205031
108  152  0.0218403
108  154  0.0398067
108  212  0.0206243
108  231  0.0191093
108  589  0.0202478
108  657  0.415024
109  151  0.0226558
109  153  0.0399574
109  211  0.0212281
109  379  0.0107487
109  588  0.0206244
109  608  0.0555213
109  656  0.447412
110  150  0.0217032
110  151  0.028728
110  210  0.0212946
110  227  0.0623979
110  378  0.0107209
110  607  0.0561269
110  655  0.447812
111  149  0.0203754
111  150  0.0296065
111  209  0.0217503
111  226  0.0298829
111  377  0.0107045
111  606  0.0568905
111  654  0.446892
112  148  0.0174311
112  149  0.0312995
112  208  0.0219815
112  225  0.031811
112  376  0.0106861
112  605  0.0574546
112  653  0.447619
113  124  0.019654
113  148  0.031755
113  207  0.0219677
113  224  0.0805831
113  375  0.0106576
113  588  0.0260094
113  604  0.0575984
113  652  0.448012
114  123  0.0201986
114  223  0.0814594
114  587  0.0274569
114  603  0.0437037
114  651  0.382252
115  122  0.0160081
115  157  0.0314099
115  190  0.191203
115  222  0.0814522
115  586  0.0275303
115  649  0.0211754
116  155  0.0620018
116  189  0.190742
116  220  0.0129156
116  221  0.0687942
117  154  0.0651889
117  188  0.179627
117  219  0.0248591
117  220  0.0474662
118  153  0.0643054
118  184  0.148241
118  187  0.0827147
118  218  0.0366803
118  647  0.0494489
118  648  0.0143076
119  153  0.0130249
119  183  0.225013
119  217  0.0364431
119  646  0.048414
119  647  0.016297
120  152  0.0163223
120  182  0.233081
120  216  0.0327232
120  645  0.0366823
121  181  0.234493
122  150  0.29755
122  180  0.220611
122  205  0.0100369
122  617  0.012228
123  149  0.362969
123  179  0.0277246
123  204  0.0137601
123  583  0.0107418
123  616  0.012617
123  644  0.120265
124  178  0.0439749
124  203  0.0182747
124  582  0.0110447
124  615  0.0129694
124  643  0.135315
125  133  0.0109812
125  147  0.508558
125  177  0.236033
125  202  0.018259
125  613  0.01467
125  642  0.136497
126  132  0.0109923
126  146  0.531735
126  176  0.235806
126  201  0.0182325
126  612  0.0147153
126  641  0.136488
127  145  0.553739
127  157  0.284377
127  640  0.124987
128  144  0.553552
128  156  0.28497
129  143  0.552574
129  155  0.284805
130  142  0.548856
130  154  0.284984
131  141  0.548562
131  148  0.0160268
131  153  0.28463
132  140  0.527194
132  147  0.0187225
132  152  0.281521
132  639  0.109061
133  146  0.0191637
133  151  0.280748
133  638  0.117108
134  145  0.0203476
134  637  0.117474
135  144  0.0202067
135  148  0.0306558
135  149  0.0109474
135  636  0.11744
136  143  0.0171019
136  147  0.0473361
136  635  0.118665
137  146  0.0477095
137  148  0.0258243
137  634  0.119161
138  148  0.17728
138  633  0.111517
139  147  0.226565
140  146  0.227605
140  628  0.120173
141  145  0.141058
141  627  0.121603
142  626  0.121077
143  624  0.12066
144  623  0.122005
145  622  0.123111
147  620  0.125005
148  576  0.0587108
148  619  0.125852
149  575  0.0589392
149  618  0.119289
150  257  0.0211581
150  574  0.0589682
151  186  0.0121771
151  256  0.030876
151  518  0.0114126
151  520  0.0150406
151  573  0.0591716
151  615  0.136491
151  651  0.0114835
152  199  0.0134084
152  255  0.0309917
152  517  0.0114582
152  519  0.0150605
152  572  0.0574644
152  601  0.0405944
152  614  0.136603
152  650  0.0165732
153  185  0.0195038
153  198  0.0171226
153  254  0.0310736
153  516  0.0114719
153  518  0.0156151
153  600  0.0508483
153  613  0.136575
153  649  0.018449
154  184  0.0198769
154  197  0.0158027
154  214  0.0633981
154  253  0.0300367
154  517  0.0155552
154  599  0.0254289
154  612  0.120606
154  648  0.0180929
155  183  0.0192113
155  196  0.0151087
155  213  0.073335
155  252  0.0279615
155  515  0.0248594
155  599  0.0314683
155  647  0.0152804
156  195  0.0136172
156  212  0.0770788
156  514  0.031463
156  598  0.0618635
157  179  0.0708856
157  211  0.0771642
157  250  0.0187258
157  513  0.0317251
157  570  0.0705749
157  597  0.0626478
158  178  0.0743396
158  512  0.0316567
158  569  0.071264
158  596  0.0625902
159  177  0.0749578
159  511  0.0316411
159  568  0.0714237
159  595  0.0626612
159  611  0.230709
159  679  0.0325907
160  175  0.27053
160  176  0.0375719
160  207  0.117438
160  510  0.0315306
160  567  0.0714226
160  594  0.062725
160  610  0.230941
160  678  0.032607
161  174  0.313336
161  206  0.131427
161  566  0.0713842
161  593  0.0625054
161  609  0.231524
161  677  0.0325526
162  173  0.314333
162  205  0.131424
162  565  0.0706258
162  592  0.0238236
162  608  0.23106
162  676  0.0325998
163  172  0.314514
163  204  0.128056
163  357  0.0228078
163  564  0.0701334
163  591  0.0230971
163  592  0.0386334
163  607  0.231018
163  675  0.0326094
164  171  0.279052
164  356  0.0236414
164  591  0.0392334
164  606  0.227488
164  674  0.0324834
165  178  0.0242126
165  203  0.105414
165  355  0.0241182
165  562  0.0673697
165  590  0.0564224
165  673  0.0321847
166  177  0.0276873
166  202  0.105417
166  354  0.0212874
166  561  0.0670528
166  589  0.0563882
166  600  0.217223
166  672  0.0296719
167  176  0.0274163
167  201  0.105199
167  353  0.0204253
167  560  0.0670651
167  588  0.0564177
167  599  0.217645
167  604  0.023198
168  181  0.0125423
168  587  0.0393496
168  598  0.217485
168  603  0.0232257
169  175  0.0655103
169  180  0.0225234
169  250  0.0124631
169  364  0.0658116
169  541  0.0241415
169  549  0.0183609
169  597  0.217453
169  602  0.0231575
170  174  0.0252174
170  249  0.0158874
170  363  0.0720896
170  540  0.0573642
170  548  0.0235321
170  596  0.195924
171  178  0.0249138
171  248  0.0160917
171  539  0.0573695
171  595  0.173644
172  177  0.0244253
172  193  0.0108259
172  246  0.0157022
172  247  0.0110923
172  361  0.0776107
172  538  0.0572845
172  547  0.0259944
173  245  0.0207039
173  360  0.0775301
173  537  0.0573342
173  546  0.0260081
173  645  0.0107653
174  191  0.0194085
174  199  0.0161574
174  204  0.0124582
174  244  0.0202305
174  359  0.0771415
174  536  0.0569782
174  544  0.0177169
174  545  0.0130195
174  644  0.0126838
175  190  0.0215806
175  198  0.0170809
175  203  0.0274876
175  243  0.0176632
175  358  0.0432687
175  535  0.0551657
175  543  0.0313038
175  643  0.0131812
176  189  0.0100538
176  198  0.305642
176  202  0.0276569
176  358  0.0342245
176  534  0.0542539
176  542  0.0313033
176  642  0.01328
177  196  0.0143172
177  197  0.308229
177  201  0.0276519
177  357  0.0657506
177  541  0.0312655
177  641  0.0132657
178  187  0.0237184
178  196  0.272974
178  200  0.0248007
178  356  0.0575403
179  186  0.0257993
179  195  0.272227
179  203  0.206579
180  185  0.0250164
180  193  0.391753
180  202  0.207209
181  192  0.396519
181  200  0.0327261
181  201  0.188692
182  191  0.398714
182  199  0.0683373
182  200  0.168309
183  190  0.3992
183  198  0.0912225
183  529  0.0133327
184  189  0.247167
184  528  0.0134064
185  197  0.247768
185  527  0.0134262
185  647  0.012948
185  669  0.0272347
186  196  0.248001
186  526  0.0134231
186  646  0.0129768
186  668  0.0275266
187  195  0.242754
187  525  0.0126058
187  645  0.011193
187  667  0.0251671
188  194  0.212235
189  664  0.0175003
190  663  0.0181585
193  646  0.277493
194  645  0.286031
195  644  0.287184
196  203  0.0122238
196  643  0.28792
197  202  0.0120585
197  600  0.0123417
197  642  0.288249
198  513  0.0100885
198  599  0.0125738
198  641  0.287946
199  239  0.0528329
199  598  0.012452
200  238  0.057308
200  512  0.0776655
201  237  0.0594403
201  511  0.0929558
201  593  0.421353
202  236  0.0597118
202  510  0.0927098
202  592  0.421664
203  235  0.0597029
203  509  0.0923497
203  591  0.421663
204  234  0.0487878
204  355  0.184948
204  532  0.0817027
204  590  0.421684
204  640  0.0230234
205  212  0.0480512
205  354  0.185208
205  531  0.0818219
205  589  0.421461
205  639  0.023048
206  211  0.0523289
206  353  0.185193
206  530  0.0818623
206  588  0.420774
206  638  0.0230593
207  222  0.019894
207  352  0.116745
207  423  0.0103614
207  529  0.0808599
207  586  0.0185259
207  587  0.224647
207  637  0.0208166
208  221  0.0194643
208  249  0.295201
208  351  0.111182
208  422  0.0115624
208  528  0.0710421
209  220  0.018856
209  248  0.326527
209  350  0.0790711
209  421  0.0118176
210  219  0.0178259
210  246  0.0117537
210  247  0.342743
210  257  0.0698579
210  344  0.0147667
210  345  0.0105177
210  349  0.0181129
210  420  0.0119348
210  543  0.0420171
210  580  0.0177805
211  245  0.0126508
211  246  0.341403
211  256  0.0804948
211  342  0.129561
211  344  0.0100344
211  419  0.0118407
211  542  0.0420631
211  579  0.0178314
211  582  0.0830084
212  244  0.0587018
212  255  0.080592
212  341  0.130856
212  418  0.011127
212  541  0.0420241
212  578  0.0175034
212  581  0.0827592
213  222  0.0395504
213  243  0.0535196
213  254  0.0801498
213  340  0.138975
213  540  0.0419957
213  580  0.0796985
214  221  0.0394896
214  339  0.140951
214  539  0.039221
215  220  0.0365256
215  243  0.0214507
215  245  0.0203049
215  338  0.142963
215  538  0.0279293
216  240  0.160122
216  242  0.0205331
216  244  0.028258
216  337  0.143036
217  239  0.172224
217  243  0.0257542
217  336  0.140923
218  238  0.166566
218  243  0.0130659
218  335  0.129119
219  241  0.0250789
219  242  0.0160843
219  253  0.0705831
219  684  0.0120187
220  240  0.027678
220  241  0.0159022
220  252  0.0871579
220  331  0.0239479
220  683  0.0144906
221  240  0.0112089
221  251  0.0913746
221  682  0.0151496
222  236  0.485387
222  250  0.0914893
222  681  0.0152397
223  235  0.488485
223  328  0.0506801
223  680  0.0151788
224  231  0.0577129
224  234  0.496798
224  248  0.0591699
224  327  0.0530918
224  329  0.0310446
224  580  0.0101723
224  679  0.0148044
225  230  0.093983
225  233  0.492118
225  234  0.0334252
225  247  0.0850727
225  326  0.0527134
225  327  0.071507
226  232  0.453534
226  233  0.0356457
226  246  0.0849715
226  325  0.0518521
226  326  0.0717419
227  231  0.29842
227  232  0.0248077
227  239  0.0162375
227  245  0.0706259
227  324  0.0504955
227  325  0.0714644
228  238  0.0694662
228  323  0.0421282
228  324  0.06759
229  237  0.0721079
229  323  0.0519248
229  380  0.0383522
230  236  0.0723197
230  379  0.0422412
230  553  0.0244109
231  235  0.0275339
231  252  0.019058
231  378  0.0423133
231  552  0.0251666
232  251  0.0247098
232  269  0.0101542
232  377  0.0423892
232  551  0.026257
232  676  0.0254947
233  250  0.0249996
233  259  0.0387755
233  268  0.0111336
233  376  0.0424245
233  550  0.0263709
233  675  0.0276354
234  258  0.0468276
234  267  0.0111439
234  375  0.0423547
234  391  0.0112711
234  549  0.0264179
234  674  0.0276575
235  246  0.0109284
235  247  0.0342196
235  254  0.0134623
235  256  0.0131785
235  257  0.0476421
235  266  0.0111058
235  390  0.0127207
235  548  0.0262952
235  673  0.0276735
236  245  0.0112599
236  246  0.0335006
236  247  0.0121919
236  254  0.0548122
236  256  0.047548
236  265  0.0111178
236  389  0.0126959
236  547  0.0248038
236  672  0.0276529
237  244  0.0141213
237  252  0.0790453
237  253  0.0488301
237  255  0.0376372
237  264  0.0107653
237  388  0.0102528
237  671  0.0270382
238  251  0.125059
238  252  0.0423553
238  669  0.0226997
239  250  0.135129
239  251  0.0321577
239  668  0.0229548
240  249  0.140487
240  667  0.0233579
241  248  0.125696
241  249  0.0149188
241  666  0.0230227
242  248  0.0147005
242  514  0.0129566
242  665  0.0220715
243  513  0.0139945
243  664  0.0196509
244  512  0.0139304
245  510  0.0179882
246  509  0.0261517
247  508  0.0263365
247  663  0.0197065
248  507  0.0253771
248  662  0.0220517
249  506  0.0230471
249  533  0.0188281
249  661  0.0220305
250  326  0.0154395
250  352  0.10786
250  532  0.0259587
250  576  0.240814
250  640  0.0167295
250  660  0.0217985
251  325  0.0159233
251  351  0.10927
251  531  0.025472
251  575  0.239506
251  639  0.016716
252  324  0.0157293
252  350  0.109656
252  574  0.220884
253  323  0.0138258
253  349  0.110061
254  348  0.109947
254  527  0.0104599
254  572  0.149727
254  636  0.0300456
254  658  0.0195715
255  321  0.0111517
255  528  0.0180127
255  561  0.0120403
255  635  0.0303183
255  657  0.0195825
256  346  0.067196
256  357  0.0351572
256  527  0.0197832
256  560  0.0143453
256  571  0.300748
256  634  0.0303441
256  656  0.0195781
257  319  0.0712347
257  346  0.0287973
257  356  0.0357415
257  526  0.0169815
257  559  0.0159171
257  570  0.114966
257  633  0.0280125
257  655  0.0173905
258  284  0.0142764
258  318  0.0872405
258  345  0.167883
258  350  0.0183744
258  355  0.0359846
258  558  0.0161886
258  569  0.116737
258  632  0.0177616
258  640  0.0615407
259  283  0.0142996
259  315  0.0129088
259  317  0.0865911
259  344  0.168039
259  349  0.0795546
259  354  0.035953
259  522  0.0557367
259  556  0.0174113
259  568  0.303318
259  639  0.0619537
260  282  0.0142989
260  314  0.0232914
260  348  0.0860145
260  353  0.0359779
260  521  0.0586893
260  555  0.0174179
260  567  0.30331
260  638  0.0621031
261  281  0.0141579
261  313  0.0241831
261  315  0.0259135
261  342  0.173601
261  347  0.0879391
261  352  0.0357761
261  520  0.0598586
261  554  0.0176203
261  566  0.302971
261  637  0.0622556
261  642  0.0473532
262  280  0.0139192
262  312  0.024167
262  314  0.0819789
262  341  0.173629
262  346  0.0878779
262  519  0.0598593
262  553  0.0176191
262  565  0.295353
262  636  0.0622525
262  641  0.0474336
263  271  0.01451
263  308  0.0713518
263  313  0.0573829
263  340  0.17299
263  350  0.022115
263  518  0.0576105
263  562  0.291394
263  635  0.0214835
263  640  0.0484582
264  270  0.0109951
264  307  0.0676775
264  311  0.0251996
264  339  0.161894
264  349  0.0356124
264  561  0.293872
264  635  0.0415553
264  639  0.0483447
265  306  0.0632817
265  310  0.0276951
265  348  0.0355203
265  550  0.0209964
265  560  0.294357
265  634  0.0618049
265  638  0.0473734
266  285  0.0147563
266  309  0.0253641
266  319  0.0597255
266  328  0.0802806
266  337  0.0547638
266  549  0.0210145
266  559  0.277458
266  633  0.0598964
267  284  0.313401
267  318  0.0830406
267  327  0.115877
267  336  0.05247
267  548  0.021087
267  558  0.201434
267  632  0.0481373
268  283  0.321966
268  284  0.0117676
268  317  0.0828806
268  326  0.116787
268  335  0.0493807
268  409  0.124303
268  547  0.0210963
269  281  0.0178002
269  325  0.107253
269  334  0.0476591
269  408  0.124387
269  546  0.0209311
270  407  0.124292
270  545  0.0185095
270  629  0.045023
271  280  0.474338
271  314  0.0134768
271  406  0.123918
271  628  0.0451949
272  279  0.892747
273  278  0.944944
273  541  0.0187859
274  540  0.0189901
275  539  0.0187773
276  538  0.017223
278  534  0.0122046
279  314  0.029633
279  533  0.0121379
280  313  0.461557
280  405  0.0100206
280  532  0.0101207
281  312  0.208793
282  311  0.281646
282  404  0.015523
283  310  0.553692
283  403  0.0156101
284  309  0.555186
284  402  0.0156055
285  304  0.0517205
285  307  0.220996
285  308  0.568585
285  401  0.0125658
285  514  0.0627811
285  558  0.0164072
286  303  0.0518066
286  306  0.816255
286  400  0.0122841
286  513  0.0657435
286  557  0.0162044
287  302  0.0513924
287  305  0.852559
287  512  0.0658502
288  301  0.042557
288  304  0.858808
288  511  0.0659026
289  303  0.857441
289  510  0.0657498
290  299  0.0523801
290  509  0.0630979
291  298  0.0600733
291  508  0.0501859
292  297  0.049149
292  300  0.61374
292  301  0.0140319
293  299  0.584474
293  357  0.0347335
294  298  0.293395
294  299  0.0246821
294  356  0.0536752
295  308  0.0162642
295  355  0.0612532
296  307  0.0162745
296  354  0.0611676
297  306  0.0162121
297  353  0.0322655
298  305  0.0142149
299  351  0.0420064
302  348  0.0253364
303  347  0.0255935
303  349  0.0299072
304  346  0.0213437
304  348  0.0302716
306  347  0.0342511
308  346  0.0918744
309  345  0.39973
310  344  0.402236
311  343  0.402585
312  342  0.408605
313  341  0.408563
313  530  0.0108205
314  340  0.3992
314  389  0.029401
314  529  0.0147713
314  627  0.0358313
315  337  0.0278968
315  388  0.0352749
315  626  0.035419
316  336  0.0339419
316  338  0.0135391
316  387  0.0361545
316  528  0.0174604
316  625  0.033938
317  385  0.0656765
317  527  0.0179915
317  624  0.0317795
318  384  0.0676805
318  526  0.0179996
318  621  0.0101057
318  622  0.0109241
319  333  0.144345
319  335  0.0371661
319  336  0.0125114
319  339  0.0337542
319  383  0.0698432
319  525  0.0179266
320  332  0.169548
320  334  0.0396488
320  335  0.0133735
320  338  0.047058
320  524  0.0178019
321  331  0.174306
321  337  0.0495975
321  381  0.0767195
321  523  0.0175534
322  330  0.163145
322  332  0.0797491
322  336  0.0480701
322  380  0.111942
322  522  0.0161389
323  331  0.0815466
323  379  0.113083
324  331  0.0164117
324  378  0.116263
325  377  0.117149
326  376  0.11727
326  403  0.0251421
327  375  0.117111
327  402  0.0301542
328  401  0.0301587
329  400  0.0299786
330  337  0.0900816
330  399  0.023397
331  336  0.0987933
331  338  0.0229161
332  337  0.0293937
335  398  0.0221314
336  397  0.0230618
337  396  0.0235552
338  395  0.0233391
339  394  0.021765
341  345  0.0150739
341  382  0.0150766
341  392  0.0228565
341  637  0.0479449
342  381  0.0150949
342  391  0.0228609
342  636  0.0479626
343  380  0.0146955
343  635  0.0478995
344  376  0.0191458
344  634  0.0448356
345  375  0.0215475
345  521  0.0687117
345  557  0.0275867
346  373  0.261273
346  520  0.0941959
346  556  0.171397
347  372  0.261488
347  519  0.0942288
347  555  0.171656
348  371  0.262008
348  518  0.0942275
348  554  0.17271
348  632  0.0945127
349  370  0.26167
349  517  0.0925767
349  553  0.172489
349  631  0.0972531
350  369  0.259936
350  552  0.171703
350  630  0.107529
351  368  0.248824
351  513  0.0119578
351  551  0.17244
351  629  0.110252
352  513  0.0496534
352  550  0.172212
352  628  0.110514
353  366  0.0981657
353  386  0.0291698
353  511  0.256528
353  627  0.107153
354  365  0.261608
354  385  0.0293459
354  510  0.256493
354  626  0.102111
355  364  0.26098
355  384  0.0301531
355  509  0.256049
355  624  0.0114897
356  383  0.0343023
356  623  0.0111865
357  362  0.0317386
357  382  0.0349884
357  625  0.0899307
358  381  0.0349844
358  504  0.484805
358  621  0.0102627
358  624  0.0938106
359  380  0.0338258
359  503  0.49333
359  623  0.0934941
360  377  0.0182081
360  379  0.015095
360  502  0.496906
360  622  0.0739505
361  376  0.0264795
361  501  0.497685
361  621  0.0724793
361  622  0.0171344
362  375  0.026241
362  500  0.497695
362  621  0.0172606
363  372  0.0142536
363  499  0.497667
364  371  0.014085
364  373  0.0107599
364  498  0.487659
364  619  0.0146166
365  618  0.0146032
366  496  0.251474
366  617  0.014232
367  495  0.251294
368  494  0.197623
369  383  0.47169
370  382  0.550824
370  493  0.0107358
370  558  0.0567873
370  613  0.0123394
371  381  0.550901
371  557  0.0568131
371  612  0.0123704
372  380  0.55031
372  471  0.0388581
372  556  0.0568831
372  611  0.0123569
373  379  0.545026
373  470  0.0390392
373  555  0.0568428
373  610  0.0123496
375  390  0.021934
375  414  0.0521078
375  468  0.055963
375  577  0.0111492
376  389  0.02194
376  413  0.0516382
376  467  0.0560965
376  576  0.0128033
377  466  0.0553166
377  575  0.0128787
378  387  0.0225772
378  465  0.0442094
378  574  0.0127597
379  386  0.0228605
379  411  0.127545
379  573  0.0123187
380  385  0.0150111
380  410  0.128615
380  572  0.0121355
381  409  0.127291
383  394  0.0136242
383  406  0.130257
383  407  0.0125836
384  393  0.0178348
384  405  0.819801
385  392  0.0185776
385  404  0.821239
386  391  0.0180737
386  403  0.818193
387  402  0.813455
388  401  0.810584
389  400  0.799716
389  403  0.0459938
390  397  0.0175774
390  402  0.0658154
390  716  0.0135605
391  396  0.0106
391  401  0.0687613
391  404  0.0136833
391  715  0.0150771
392  397  0.68838
392  400  0.0692983
392  403  0.0138425
392  714  0.0150773
393  399  0.0609847
393  402  0.0136889
393  713  0.0149923
394  401  0.0113963
396  710  0.0169967
397  709  0.0174938
398  708  0.0116489
400  707  0.0117778
401  706  0.017639
402  705  0.0176889
403  670  0.0196498
403  704  0.0176926
404  622  0.0109823
404  669  0.0204857
404  703  0.0175747
405  621  0.011215
405  668  0.0205045
406  492  0.279295
406  493  0.0939211
406  619  0.144158
406  667  0.0136613
406  700  0.0120943
407  491  0.371626
407  492  0.0471492
407  618  0.144239
407  665  0.013553
407  699  0.0152562
408  490  0.433642
408  617  0.144239
408  664  0.0202736
408  698  0.018888
409  489  0.435008
409  616  0.144103
409  663  0.0202677
409  697  0.0189129
410  488  0.424824
410  595  0.125216
410  696  0.0188523
411  557  0.116429
411  594  0.152553
411  661  0.0203731
411  695  0.0187322
412  464  0.0837548
412  471  0.0124655
412  486  0.292864
412  556  0.132385
412  566  0.0119353
412  593  0.20028
412  609  0.0119701
412  660  0.0203785
413  463  0.0837755
413  470  0.0124723
413  485  0.422987
413  555  0.130786
413  565  0.0119367
413  592  0.200305
413  608  0.0119748
413  659  0.0203778
414  469  0.0124709
414  484  0.422937
414  564  0.0119348
414  591  0.200296
414  607  0.0119602
414  658  0.0203294
415  461  0.253896
415  468  0.0104
415  483  0.377051
415  590  0.199477
415  657  0.0150025
416  460  0.551808
416  589  0.19687
417  459  0.607472
417  588  0.178109
417  601  0.0138063
417  650  0.0125518
418  458  0.881343
418  464  0.0159019
418  600  0.0145404
418  649  0.0151346
419  457  0.88114
419  463  0.0158243
419  599  0.0145377
419  648  0.0151326
420  456  0.879957
420  597  0.0139611
420  647  0.0151173
421  646  0.0121162
423  459  0.016831
423  594  0.0152919
424  453  0.880118
424  458  0.0270299
424  573  0.0234885
424  593  0.021073
425  452  0.884934
425  457  0.0270413
425  572  0.0236478
425  592  0.0210816
426  451  0.881618
426  456  0.027046
426  571  0.0236535
426  591  0.0211462
427  450  0.773186
427  455  0.0165254
427  590  0.0210481
428  569  0.0236602
428  589  0.0195831
429  448  0.0131974
429  450  0.149198
429  453  0.0265061
429  568  0.0237139
430  449  0.164462
430  452  0.0264181
430  567  0.0236846
431  449  0.344063
431  451  0.0201049
432  447  0.09594
432  448  0.88905
433  446  0.0976822
433  447  0.891628
434  445  0.111728
434  446  0.848061
435  444  0.122959
436  444  0.469717
437  443  0.425321
449  642  0.0107383
450  641  0.0107556
451  574  0.0220057
451  640  0.0107954
452  566  0.024715
452  573  0.0288025
452  623  0.0189057
453  565  0.0251174
453  572  0.0288527
453  622  0.0204882
454  564  0.02511
454  571  0.0288596
454  621  0.0219667
455  570  0.0110999
455  620  0.0219682
456  562  0.0232225
456  569  0.0110061
456  619  0.0219558
457  558  0.0112336
457  561  0.0232149
457  568  0.028697
457  618  0.0218147
458  557  0.0129356
458  560  0.0232756
458  567  0.0286799
458  616  0.0216998
459  474  0.0241137
459  475  0.0184135
459  556  0.0145392
459  558  0.0402752
459  566  0.0135481
459  586  0.153966
459  615  0.021429
460  473  0.0163076
460  555  0.0118996
460  557  0.028611
460  565  0.01318
460  585  0.153718
460  614  0.0178624
461  473  0.214572
461  584  0.15059
462  472  0.308034
462  555  0.0550008
462  583  0.138375
463  471  0.336943
463  554  0.469907
464  470  0.335363
464  553  0.475237
465  469  0.127661
465  552  0.47512
466  551  0.475659
467  550  0.476054
467  694  0.0183136
468  477  0.0779075
468  549  0.476012
468  693  0.0184328
469  476  0.0852131
469  548  0.473422
469  692  0.0184394
470  475  0.0691424
470  547  0.459235
470  691  0.0184351
471  690  0.0184298
472  546  0.0239112
472  689  0.0151486
473  522  0.24895
474  521  0.266619
475  485  0.0537369
475  521  0.0142493
476  484  0.0551333
476  519  0.300306
476  521  0.0779177
477  483  0.0534323
477  518  0.324059
477  520  0.0879716
479  517  0.0773944
481  515  0.469511
482  514  0.496697
483  513  0.49896
484  512  0.49821
485  511  0.499095
486  510  0.496287
487  509  0.493964
488  505  0.0136729
488  508  0.473058
490  503  0.255969
491  502  0.276719
491  506  0.0703226
492  501  0.277935
492  502  0.127235
492  505  0.0837333
493  500  0.272924
493  501  0.130284
493  504  0.0840363
494  499  0.158481
494  500  0.117398
494  502  0.0187393
495  499  0.0287376
495  501  0.0177804
518  549  0.0476255
519  542  0.0999477
519  548  0.0489909
519  639  0.0572981
519  640  0.0178895
519  679  0.0250931
520  541  0.101179
520  549  0.105364
520  638  0.0798058
520  678  0.0251082
521  540  0.101547
521  547  0.0466527
521  548  0.111942
521  637  0.0833639
521  677  0.0249538
521  679  0.0192686
522  636  0.0833328
522  676  0.0248144
522  678  0.01929
523  538  0.0168589
523  546  0.406522
523  635  0.0835092
523  677  0.0193256
524  545  0.532757
524  634  0.0835249
524  675  0.0265949
524  676  0.016101
525  536  0.10099
525  544  0.568306
525  633  0.0832568
525  674  0.0344638
526  535  0.106298
526  543  0.578652
526  632  0.0814343
526  673  0.0466805
527  534  0.106772
527  542  0.57862
527  672  0.0467093
528  533  0.0619818
528  541  0.167307
528  629  0.071332
528  671  0.0467021
529  541  0.366202
529  628  0.0842815
530  539  0.119685
530  540  0.370664
530  627  0.084377
530  670  0.0626609
531  626  0.0843393
531  669  0.0625971
532  624  0.0843379
532  668  0.0626007
533  623  0.0842963
533  667  0.0583416
534  622  0.0841484
535  621  0.0774462
536  665  0.0632858
537  552  0.010696
537  664  0.0668718
538  551  0.0128177
538  663  0.0671218
539  550  0.0130923
539  617  0.0428416
539  662  0.0673794
540  549  0.0132496
540  594  0.0157745
540  616  0.0434186
540  661  0.0674746
541  548  0.0118837
541  593  0.033777
541  615  0.0362989
541  660  0.0674824
541  670  0.016098
542  550  0.0396856
542  592  0.0337805
542  659  0.0674758
542  669  0.016159
543  549  0.038986
543  591  0.0336842
543  658  0.0668583
543  668  0.0161594
544  657  0.0506415
544  667  0.0117723
546  655  0.034992
546  664  0.0127298
547  654  0.0351528
547  663  0.0127139
548  652  0.0143179
548  661  0.0104941
549  577  0.148181
550  576  0.191218
551  575  0.191808
552  574  0.191863
552  643  0.010105
553  573  0.192085
553  613  0.0631738
553  642  0.0109802
554  572  0.190634
554  612  0.0633917
554  641  0.0109778
555  566  0.0132513
555  568  0.310137
555  573  0.0660479
555  611  0.063494
555  613  0.0436083
556  565  0.0132428
556  567  0.311004
556  571  0.0125807
556  572  0.0661665
556  610  0.0634893
556  612  0.0436503
557  566  0.317954
557  609  0.0631805
557  611  0.0437182
558  564  0.0104112
558  565  0.311946
558  570  0.0797793
558  608  0.0629583
558  610  0.043717
559  569  0.0799697
560  568  0.0800306
560  609  0.0448219
561  567  0.0573394
561  605  0.0503207
561  608  0.0445027
562  604  0.049985
562  607  0.0487386
563  606  0.0474119
565  600  0.0469147
566  599  0.0472637
566  604  0.0539375
567  598  0.0469236
567  603  0.0560059
568  597  0.0467804
568  602  0.0561693
569  581  0.0866363
569  601  0.0561305
570  580  0.13307
570  582  0.010038
570  595  0.0320924
570  600  0.0561133
571  579  0.132742
571  580  0.0332418
572  579  0.0315635
572  593  0.0367426
572  598  0.0543883
573  592  0.0366069
573  597  0.0552514
574  591  0.0311357
576  594  0.0106966
578  589  0.013393
579  588  0.0139772
579  592  0.0472507
579  659  0.0115919
580  588  0.0111929
580  591  0.0478445
580  658  0.0117629
581  589  0.0868336
581  657  0.0116684
582  588  0.0944089
582  656  0.0115291
583  587  0.0361707
586  647  0.0132062
587  650  0.0217922
588  649  0.0258314
589  644  0.0130354
589  648  0.0256645
590  647  0.0251377
591  643  0.0412566
592  642  0.0437067
593  641  0.0437353
594  618  0.170003
594  619  0.0396299
595  617  0.256007
596  616  0.264482
597  615  0.408575
598  614  0.408786
599  613  0.40911
600  612  0.409018
602  609  0.045504
602  611  0.370971
603  608  0.0298868
603  610  0.368168
604  609  0.328818
607  643  0.118185
608  642  0.13334
609  641  0.133695
610  640  0.128121
611  638  0.135904
612  625  0.0150001
612  637  0.137652
613  624  0.0201271
613  636  0.137654
614  623  0.0210287
614  635  0.137465
615  622  0.0208992
615  634  0.137226
618  629  0.047708
618  653  0.0189965
619  628  0.0500438
619  652  0.0195827
620  651  0.016311
621  627  0.0671865
621  640  0.400524
622  632  0.0150089
622  639  0.0934368
623  631  0.0145649
623  638  0.106761
624  637  0.453161
625  636  0.453145
626  635  0.457123
627  634  0.454987
641  649  0.0786787
642  648  0.078295
643  647  0.0298076
647  660  0.0372883
649  658  0.0417718
650  657  0.0480712
651  656  0.0508899
654  709  0.0353543
655  708  0.0353662
656  707  0.0354026
657  706  0.0355236
658  705  0.0355987
659  670  0.102624
659  704  0.0355997
660  668  0.0582912
660  669  0.106101
660  703  0.0355694
661  667  0.0555625
661  670  0.0211659
662  666  0.0366421
662  667  0.0229913
662  701  0.0228911
663  670  0.0463674
663  700  0.0247488
664  699  0.024962
665  698  0.0219647
666  697  0.014425
669  696  0.0150678
670  695  0.0163083
670  697  0.0178436
671  696  0.0188188
672  694  0.0199683
672  695  0.0187213
673  693  0.0201638
673  694  0.0185365
674  692  0.0201253
675  692  0.017116
678  691  0.0311322
679  690  0.0402597
680  689  0.04179
681  688  0.0423783
682  687  0.0278283
703  715  0.0201991
704  714  0.0201182
705  713  0.0195842
