1  582  0.014638
1  598  0.0400169
1  605  0.474393
2  581  0.0145483
2  597  0.040194
2  604  0.474366
2  606  0.0163674
2  611  0.0129795
3  596  0.0399268
3  603  0.465218
3  605  0.0291161
3  610  0.0110946
4  18  0.0455237
4  610  0.0180242
5  17  0.0573886
5  30  0.0710841
6  16  0.0602751
6  29  0.0807763
6  608  0.246146
7  15  0.0586617
7  28  0.0933681
7  594  0.035838
7  602  0.376034
7  607  0.281402
8  14  0.0489356
8  27  0.0265467
8  593  0.0374006
8  601  0.39141
8  606  0.285617
9  26  0.0274344
9  592  0.0376403
9  605  0.288124
10  25  0.0948489
10  599  0.415132
11  24  0.0937267
11  598  0.414054
11  603  0.0873503
12  23  0.0914604
13  597  0.0444318
13  600  0.15256
13  606  0.0159651
14  21  0.100941
14  587  0.0374018
14  596  0.0214938
14  598  0.0265082
14  599  0.180322
14  605  0.0250609
15  20  0.0990477
15  586  0.0385936
15  596  0.453659
15  598  0.182926
15  603  0.0565559
16  585  0.0385768
16  595  0.408849
16  597  0.0944711
16  602  0.0568422
17  584  0.0384721
17  594  0.406441
17  601  0.0542142
18  583  0.0384959
18  593  0.475644
18  597  0.206971
19  582  0.0379218
19  592  0.477422
19  596  0.380463
20  591  0.451256
20  595  0.380953
21  589  0.329974
21  591  0.0259387
21  594  0.380902
22  589  0.021172
22  590  0.0514208
22  593  0.369854
23  589  0.0489367
24  585  0.363064
24  591  0.313441
25  584  0.415344
25  590  0.358022
26  583  0.425128
26  589  0.125204
27  579  0.0183471
27  582  0.424149
27  586  0.0137412
27  588  0.104311
28  578  0.0184754
28  587  0.32068
29  577  0.0128153
29  584  0.015096
29  585  0.024773
30  87  0.012061
30  538  0.0609409
30  583  0.0165857
30  584  0.0227269
30  585  0.0255934
31  86  0.0330659
31  537  0.93262
31  582  0.0110257
32  85  0.0331066
32  536  0.935444
33  84  0.0338083
33  535  0.942403
34  83  0.0334519
34  534  0.92808
35  82  0.0320253
35  533  0.863995
40  76  0.995833
41  75  0.999175
42  74  0.999855
43  73  0.999885
44  72  0.999815
45  70  0.259605
45  71  0.737169
46  69  0.518157
46  70  0.461257
47  66  0.0121007
47  68  0.941096
48  65  0.0121385
48  67  0.920787
49  62  0.394488
49  65  0.029315
50  61  0.42
51  60  0.414906
51  64  0.0616691
52  59  0.358153
52  62  0.53171
53  57  0.018373
53  61  0.552013
54  60  0.447386
77  532  0.893274
78  531  0.942385
80  529  0.95223
81  528  0.952358
82  527  0.95154
83  526  0.949771
84  525  0.948786
85  92  0.0106822
85  473  0.0109999
86  91  0.0115351
87  471  0.949437
88  470  0.950601
89  469  0.94843
90  468  0.950441
91  467  0.951689
92  466  0.48411
93  465  0.0165387
93  466  0.46804
93  602  0.0398494
94  464  0.0116921
94  465  0.935648
94  601  0.0453367
95  464  0.939844
95  600  0.0454932
96  463  0.928817
96  599  0.0461319
97  463  0.0124746
97  598  0.0464101
98  462  0.0225804
98  597  0.0463841
99  460  0.945073
99  596  0.0463841
100  459  0.947786
100  595  0.045972
101  458  0.934958
103  456  0.899719
104  455  0.904572
104  457  0.0484742
105  454  0.381973
105  456  0.0486933
105  593  0.0263364
106  453  0.379905
106  455  0.0488624
106  592  0.0276425
107  452  0.900792
107  454  0.0488517
107  591  0.0276304
108  418  0.0391498
108  453  0.0222031
108  579  0.018402
109  418  0.0183825
109  578  0.01833
110  416  0.791107
110  417  0.0103293
110  577  0.0162454
111  415  0.954232
111  573  0.0184978
112  414  0.954338
112  572  0.0187107
113  413  0.953503
114  412  0.953449
114  571  0.030409
115  398  0.0235618
115  411  0.911289
115  570  0.0305001
116  410  0.730538
116  569  0.0312301
117  396  0.866488
117  568  0.0312726
118  395  0.908075
118  567  0.0312119
119  394  0.93196
120  393  0.940426
120  566  0.0317137
121  392  0.940342
121  565  0.031715
122  391  0.937322
122  564  0.0316863
125  390  0.013806
127  441  0.0144292
128  389  0.935229
128  440  0.0166555
129  388  0.937534
129  439  0.0165664
130  387  0.937528
131  386  0.936895
132  385  0.936336
132  434  0.0134501
133  433  0.0133729
136  381  0.928991
136  428  0.0346028
137  380  0.932553
137  427  0.0390495
138  379  0.932522
138  426  0.040227
139  378  0.931926
139  425  0.0401899
140  377  0.929411
140  424  0.0402676
141  295  0.0290979
141  376  0.833278
141  423  0.040232
142  422  0.0402665
143  240  0.0103205
143  293  0.806209
143  372  0.0133725
143  421  0.0402453
144  238  0.026072
144  292  0.83957
144  420  0.0239033
145  237  0.069158
145  291  0.847256
146  236  0.0758754
146  290  0.847583
147  235  0.0758707
147  266  0.0320193
147  289  0.841335
148  265  0.046681
148  288  0.754054
149  161  0.0212015
149  206  0.012867
149  264  0.178276
149  285  0.0124241
149  287  0.293757
150  160  0.0211427
150  161  0.0271129
150  206  0.0110386
150  210  0.0246522
150  263  0.177604
151  159  0.0179502
151  160  0.0270414
151  176  0.0640337
151  231  0.292286
151  283  0.0260138
152  159  0.0199693
152  171  0.0252367
152  212  0.0730921
152  230  0.293412
152  282  0.0260385
152  285  0.104581
153  174  0.0783874
153  207  0.0116108
153  211  0.0736262
153  229  0.293416
153  281  0.0260137
153  284  0.106096
154  170  0.0982311
154  171  0.0145684
154  173  0.130255
154  210  0.0740878
154  228  0.291761
154  280  0.0209639
154  283  0.0379168
155  169  0.139077
155  172  0.130165
155  191  0.0185511
155  208  0.0179063
155  209  0.0413384
155  226  0.149514
155  227  0.14633
156  168  0.145045
156  190  0.0234811
156  207  0.0339777
156  225  0.295694
156  281  0.0363842
157  167  0.144696
157  171  0.387511
157  189  0.010945
157  205  0.0106162
157  206  0.0203401
157  224  0.294766
157  280  0.0365348
158  166  0.144035
158  170  0.388971
158  188  0.0105571
158  204  0.0174861
158  223  0.291973
158  279  0.0363782
159  165  0.128585
159  169  0.393744
159  203  0.0117908
159  222  0.260408
159  278  0.0339651
160  168  0.367421
160  200  0.0372002
161  168  0.0684033
161  199  0.0372922
162  167  0.0560302
162  198  0.0372572
162  219  0.121054
162  275  0.0313271
163  168  0.0209332
163  197  0.0368514
163  218  0.121683
163  274  0.0320102
164  273  0.0203025
166  191  0.0336762
166  221  0.0767071
167  190  0.037406
167  195  0.0239336
167  220  0.0790864
168  189  0.0408788
168  194  0.0273772
168  219  0.0684987
169  188  0.0407251
169  193  0.0273454
169  273  0.0143484
170  187  0.0379246
170  191  0.013726
170  192  0.0156845
170  217  0.257684
170  272  0.0315228
171  190  0.0249665
171  216  0.265257
171  271  0.0323669
172  188  0.0197381
172  215  0.264538
172  270  0.0324337
172  285  0.320248
173  214  0.264281
173  269  0.0324439
173  284  0.345422
174  186  0.171097
174  268  0.02849
174  283  0.418547
175  185  0.225542
175  212  0.221131
175  282  0.418738
176  184  0.225735
176  211  0.22107
176  225  0.025186
176  281  0.418725
177  183  0.225233
177  205  0.0852036
177  210  0.199906
177  224  0.0277768
177  280  0.417883
178  182  0.0857468
178  204  0.0942519
178  223  0.0277597
178  279  0.411149
179  203  0.096512
179  217  0.0113307
179  222  0.0265525
179  278  0.335428
180  202  0.0972131
180  216  0.0134653
180  221  0.0219809
180  274  0.257003
181  201  0.0972971
181  215  0.0139555
181  273  0.314638
182  191  0.191427
182  200  0.0972079
182  214  0.0140157
182  217  0.0223211
182  272  0.320813
183  190  0.20195
183  199  0.0972999
183  213  0.0140742
183  216  0.0234836
183  271  0.321279
183  274  0.0237749
184  189  0.153462
184  198  0.0971929
184  212  0.0140791
184  215  0.0232546
184  219  0.0722118
184  244  0.0107888
184  270  0.283814
184  275  0.0138207
185  197  0.0966754
185  211  0.0137392
185  214  0.0231537
185  218  0.0780218
185  243  0.0103914
185  269  0.282802
185  274  0.0143698
186  196  0.0768369
186  213  0.0179452
186  216  0.180369
186  217  0.0492089
186  243  0.0103827
187  215  0.288138
187  242  0.0290932
187  273  0.019841
188  214  0.295522
188  226  0.0571038
188  241  0.0324297
188  272  0.0203462
189  195  0.0341104
189  211  0.020011
189  213  0.341096
189  225  0.0614251
189  240  0.0327335
189  271  0.0204195
190  194  0.0226912
190  210  0.0237852
190  212  0.3454
190  224  0.0592937
190  239  0.0326928
190  270  0.0192359
191  223  0.0561144
191  238  0.0327106
192  237  0.0326137
193  208  0.741921
193  236  0.0305767
193  267  0.0161839
194  207  0.784019
194  235  0.0304873
194  265  0.0100894
194  266  0.0161736
195  206  0.787841
195  234  0.0199377
195  264  0.0104526
196  205  0.787745
196  234  0.0142099
196  263  0.0102101
196  264  0.0158994
197  204  0.781635
197  233  0.0297455
197  263  0.0158076
198  203  0.764457
198  232  0.0428843
199  231  0.0439396
199  261  0.0173696
200  230  0.0439417
200  260  0.0173548
201  229  0.0437825
201  259  0.0160688
202  228  0.037669
204  226  0.0119911
205  214  0.0249852
206  213  0.0269863
206  225  0.0104316
206  240  0.0140104
207  212  0.0253451
207  224  0.0142904
207  239  0.0160708
208  223  0.0137081
208  238  0.0163638
209  219  0.0175505
209  237  0.0166444
209  287  0.0110858
210  218  0.0187155
210  236  0.0167566
211  219  0.0519552
211  285  0.126576
212  218  0.0532751
212  225  0.0125772
212  235  0.0174295
212  284  0.13838
213  224  0.0161187
213  234  0.0169508
213  283  0.2137
214  223  0.0162159
214  233  0.0174626
214  282  0.213775
215  222  0.016281
215  225  0.0173483
215  232  0.019607
215  281  0.213558
216  224  0.040842
216  231  0.0200822
216  280  0.213756
217  223  0.0384885
217  279  0.178017
218  230  0.0210127
218  279  0.0414149
219  229  0.0206143
219  278  0.143198
220  228  0.0183316
220  277  0.147932
221  276  0.148155
222  273  0.130709
222  275  0.14419
223  272  0.145874
223  274  0.125644
224  271  0.147446
224  274  0.0105306
225  270  0.12295
227  270  0.199041
228  267  0.0122844
228  269  0.21313
229  268  0.334105
230  266  0.589898
231  265  0.589408
235  261  0.814614
235  264  0.01313
236  260  0.815827
236  263  0.0131215
237  259  0.553886
238  258  0.289294
238  259  0.287544
239  258  0.558841
240  256  0.0185467
240  257  0.825784
241  255  0.0252682
241  256  0.820966
242  258  0.0157139
242  416  0.0341343
243  254  0.850308
243  257  0.0222097
243  415  0.0401095
244  253  0.847713
244  372  0.0158737
244  414  0.040115
245  255  0.0438604
245  371  0.0164352
245  413  0.0398346
246  254  0.0514726
246  370  0.0162792
246  412  0.0395791
247  253  0.046627
247  411  0.0367343
248  252  0.0129204
253  297  0.0234593
254  296  0.0241856
254  400  0.014283
255  295  0.0241812
255  399  0.0143502
256  294  0.0241489
256  398  0.0143802
257  293  0.024178
257  397  0.0143922
258  292  0.023518
258  396  0.0142144
259  395  0.0118879
259  410  0.0321862
260  266  0.010341
260  290  0.0162007
260  392  0.0143749
260  409  0.0362327
261  289  0.0158095
261  391  0.014437
261  408  0.0362749
262  288  0.0133301
262  374  0.0130835
262  390  0.0144347
262  407  0.0359033
263  373  0.0141069
263  388  0.0147727
264  284  0.015736
264  372  0.0141166
264  387  0.0147834
264  405  0.0360425
265  283  0.0306901
265  287  0.0127169
265  371  0.0141123
265  386  0.0146518
265  404  0.0363375
266  282  0.0293928
266  370  0.0141213
266  385  0.014579
266  403  0.036328
267  285  0.136989
267  369  0.0104446
267  402  0.035663
268  281  0.0217651
268  284  0.144967
268  400  0.0194263
269  280  0.0204858
269  282  0.124805
269  283  0.0734211
270  278  0.0110351
270  281  0.199442
270  397  0.0160599
271  277  0.010656
271  280  0.205687
271  369  0.0155075
271  396  0.0339848
272  279  0.194475
272  368  0.028821
272  395  0.0354826
273  278  0.152934
273  367  0.0299204
273  394  0.0357534
274  366  0.0300944
274  393  0.0357963
275  365  0.0300894
275  392  0.0316634
276  364  0.0299392
276  391  0.0289235
277  363  0.0295235
277  390  0.0272413
278  362  0.0230955
281  291  0.0313708
281  389  0.0365144
282  290  0.03174
282  388  0.0365962
283  289  0.0311516
283  387  0.0365678
284  386  0.0234021
287  384  0.0329559
288  383  0.0585178
289  382  0.0585829
290  381  0.058584
291  380  0.0585827
292  379  0.0583683
293  371  0.0352472
293  378  0.0575723
294  370  0.400164
294  377  0.0488627
295  369  0.400016
296  368  0.390525
297  367  0.363805
298  361  0.978017
299  360  0.989271
300  359  0.989044
301  358  0.98857
302  357  0.98944
303  356  0.99012
304  355  0.990133
305  354  0.990073
306  353  0.988972
308  351  0.0475332
308  352  0.735628
311  349  0.906531
311  350  0.0435606
311  351  0.0265585
312  348  0.906636
312  349  0.0432476
312  350  0.0264379
313  347  0.812299
314  334  0.0825335
314  336  0.854616
315  333  0.0825647
315  335  0.891611
316  334  0.898297
319  331  0.98363
320  330  0.98308
321  328  0.0343033
321  329  0.942172
322  327  0.0443722
335  344  0.0689551
337  343  0.012986
338  343  0.0242088
338  347  0.0424514
339  345  0.0203852
339  346  0.0669464
339  348  0.0282006
340  347  0.0484894
341  346  0.0539401
344  349  0.0105874
363  370  0.05731
364  369  0.0377439
372  377  0.0110431
395  406  0.0118701
396  405  0.0157063
397  403  0.0369569
397  404  0.0578838
398  402  0.0142908
401  410  0.0646724
402  409  0.0884414
403  408  0.0726682
403  409  0.157306
404  408  0.0994273
404  409  0.579706
417  453  0.0101318
420  450  0.793625
421  449  0.952711
422  448  0.952768
424  446  0.941097
424  447  0.012075
425  445  0.938187
425  446  0.0117902
426  444  0.917204
427  444  0.0137096
428  442  0.900645
429  441  0.957645
430  440  0.968123
431  439  0.966876
432  438  0.956623
433  437  0.364214
444  561  0.0334696
445  560  0.0383846
446  559  0.0383897
448  557  0.0386891
449  556  0.0386913
450  555  0.0386715
451  553  0.0100693
451  554  0.0295564
452  552  0.0192083
452  553  0.0203154
453  551  0.0282149
454  550  0.0267378
455  545  0.030595
456  544  0.0314552
457  543  0.0300774
459  542  0.0319059
460  541  0.0319094
461  540  0.0318955
462  539  0.0319077
463  538  0.0318856
464  529  0.014558
464  537  0.0270773
465  528  0.014757
466  527  0.0142657
471  525  0.0277969
472  524  0.907591
473  523  0.973477
474  522  0.995884
475  521  0.995518
476  520  0.99492
477  519  0.383019
478  495  0.899804
478  518  0.0946728
479  494  0.905026
479  516  0.0827314
480  493  0.907299
480  515  0.0826371
481  492  0.908083
481  514  0.0828727
482  491  0.896176
483  512  0.0475006
484  511  0.0458082
485  510  0.0373469
489  507  0.0309326
490  498  0.0543733
491  497  0.0543986
492  504  0.031557
493  503  0.0309296
494  502  0.0283145
496  519  0.534472
497  518  0.880165
498  513  0.0116752
498  517  0.880033
499  512  0.0105363
499  516  0.742242
500  512  0.510368
501  511  0.554808
501  512  0.0160843
502  510  0.56713
502  511  0.014901
503  509  0.577466
503  514  0.26597
503  515  0.0220775
504  508  0.495269
504  513  0.320034
504  514  0.0192643
505  512  0.300471
506  511  0.218326
525  535  0.0175498
526  534  0.0192729
527  533  0.0198504
528  532  0.0170498
538  576  0.818939
539  575  0.933747
540  574  0.951309
541  573  0.95532
542  572  0.955356
543  571  0.955341
544  570  0.955273
545  550  0.089532
545  568  0.0167728
545  569  0.837554
546  567  0.0314157
547  567  0.0800845
551  567  0.0830454
553  565  0.939274
554  564  0.950176
555  563  0.954654
556  562  0.954688
557  561  0.774819
579  589  0.0103465
582  589  0.0303502
583  588  0.0200939
591  610  0.0160242
592  609  0.0165243
593  608  0.0163426
595  605  0.0187914
596  604  0.0186988
