2  22  0.485925
3  21  0.915834
3  763  0.0125086
4  20  0.915467
5  19  0.914426
5  661  0.0337574
5  762  0.0189075
5  783  0.0155531
6  18  0.916025
6  660  0.0337735
6  761  0.0189883
6  782  0.0155239
7  17  0.916894
7  659  0.0337769
7  760  0.0189999
7  781  0.0153126
8  16  0.915722
8  658  0.0336816
8  759  0.0190083
9  14  0.145374
9  15  0.625439
9  657  0.0279165
9  758  0.0185483
9  780  0.0163021
10  656  0.0242604
10  757  0.018026
10  779  0.0162548
11  756  0.014767
11  778  0.0161062
12  777  0.0148901
13  753  0.0179276
14  752  0.0179369
15  751  0.0179048
16  654  0.023452
16  750  0.0178187
17  653  0.0291664
17  749  0.0175287
18  652  0.03076
18  748  0.014796
19  651  0.030816
19  747  0.0112737
20  650  0.0309619
21  649  0.0309562
22  280  0.0140275
22  630  0.081606
22  655  0.0220395
22  783  0.0412119
23  279  0.0131433
23  629  0.0866531
23  654  0.0220501
23  782  0.0390418
24  628  0.0936943
24  653  0.0219546
24  777  0.0376667
25  275  0.0144541
25  627  0.0953002
25  652  0.0214927
25  776  0.0427298
26  274  0.015355
26  626  0.0952884
26  651  0.0206811
26  775  0.0437899
26  810  0.0923094
27  273  0.0156758
27  624  0.194024
27  650  0.0180333
27  774  0.042971
27  809  0.170585
28  272  0.0156877
28  623  0.215659
28  773  0.0381128
28  808  0.178556
29  271  0.0154784
29  622  0.220563
29  807  0.17615
30  270  0.0152219
30  621  0.22275
30  806  0.161556
30  809  0.175241
31  269  0.0133369
31  620  0.222931
31  808  0.189871
32  619  0.222645
32  807  0.181141
33  618  0.223196
33  803  0.0988285
34  207  0.010951
34  617  0.223507
34  785  0.0343802
34  802  0.0987859
34  805  0.450912
35  205  0.0188941
35  616  0.223376
35  784  0.0343831
35  801  0.0987258
35  804  0.45098
36  62  0.632915
36  204  0.0200252
36  259  0.228675
36  800  0.0561853
37  61  0.634112
37  203  0.020026
37  258  0.229236
37  592  0.0152184
37  799  0.0509199
38  60  0.633796
38  202  0.019993
38  257  0.229437
38  591  0.0153362
39  56  0.200328
39  59  0.431237
39  256  0.228674
39  590  0.0148949
39  797  0.0145328
39  798  0.0106741
40  55  0.635785
40  255  0.210392
40  589  0.0141961
40  796  0.0114102
41  54  0.303651
41  588  0.0132973
41  788  0.0115006
41  790  0.0115752
41  796  0.0183125
42  53  0.322922
42  193  0.0337601
42  253  0.194135
42  787  0.0132701
42  789  0.0121383
42  795  0.0198057
43  52  0.670114
43  192  0.033862
43  252  0.228943
43  786  0.0132683
43  788  0.0123568
43  794  0.0198007
44  51  0.671818
44  191  0.0347317
44  251  0.229048
44  785  0.0134037
44  787  0.0125637
44  793  0.0193707
45  50  0.671596
45  190  0.0347323
45  250  0.228878
45  784  0.0134028
45  786  0.0125595
46  164  0.281705
47  163  0.306362
48  162  0.320176
49  161  0.326899
50  160  0.326924
51  159  0.326872
52  158  0.326455
54  157  0.321349
55  156  0.32042
57  268  0.0231298
58  153  0.326393
58  267  0.0240196
59  152  0.326959
59  266  0.0261087
60  151  0.327179
60  265  0.0267025
61  150  0.327173
61  264  0.026205
62  149  0.327
63  83  0.0771452
63  148  0.1935
63  771  0.0978308
64  82  0.123056
64  770  0.125323
64  786  0.0125043
65  78  0.0326259
65  81  0.314903
65  769  0.133099
65  785  0.476694
66  77  0.0332344
66  80  0.315006
66  768  0.133098
66  784  0.476994
67  76  0.0327305
67  79  0.307433
67  767  0.12389
67  783  0.477466
68  782  0.45228
69  74  0.0173213
70  78  0.286023
70  690  0.608712
71  77  0.284343
71  669  0.0246525
71  689  0.609089
72  668  0.024859
72  688  0.608416
73  667  0.024877
73  687  0.607733
74  666  0.0248827
74  686  0.609005
75  665  0.0249569
75  685  0.609362
76  664  0.0249566
76  684  0.608948
77  663  0.0249193
77  679  0.0433261
77  682  0.0465835
77  683  0.44278
78  662  0.024681
78  678  0.0223255
79  658  0.0127897
79  678  0.281841
80  657  0.0130058
80  677  0.306798
80  679  0.298601
81  656  0.0130063
81  676  0.30673
81  678  0.299235
82  147  0.195191
82  655  0.0128703
82  675  0.186796
82  677  0.282321
83  146  0.194017
83  654  0.0120324
83  675  0.01729
84  143  0.415126
84  145  0.154662
84  674  0.0107574
85  142  0.717186
85  144  0.121903
86  141  0.869045
86  143  0.0749539
87  140  0.947543
87  142  0.0306704
88  139  0.968603
89  138  0.966137
89  139  0.028151
90  138  0.0298135
91  136  0.978804
91  137  0.0156684
92  135  0.999142
93  134  0.999224
94  133  0.99671
96  131  0.985167
97  130  0.99424
98  129  0.993207
99  128  0.975807
100  105  0.0224332
103  124  0.0398476
104  125  0.489593
105  124  0.498223
106  121  0.535764
106  123  0.406748
106  126  0.0370724
107  120  0.578685
107  122  0.360171
107  125  0.0403718
108  119  0.637559
108  124  0.0407239
109  118  0.629242
109  120  0.0115942
109  121  0.26263
109  123  0.0407992
110  120  0.160771
110  122  0.0396622
111  120  0.141556
112  117  0.0561568
112  119  0.22764
143  673  0.352649
144  672  0.542802
145  671  0.58903
146  262  0.0265463
146  670  0.608887
147  261  0.0403131
147  669  0.610503
148  260  0.0414172
148  668  0.609211
149  259  0.041729
149  667  0.609814
150  258  0.0417301
150  666  0.608832
151  257  0.041722
151  665  0.606626
152  256  0.0346932
153  663  0.129971
154  169  0.502811
154  662  0.128702
155  168  0.510269
155  177  0.0110499
156  167  0.514586
157  166  0.515751
157  174  0.130805
158  165  0.486861
158  173  0.138412
159  164  0.382682
159  172  0.146286
160  171  0.140902
161  169  0.126982
162  168  0.115257
162  170  0.0108839
163  167  0.0577132
163  169  0.0103969
166  238  0.0115543
166  244  0.0264024
166  245  0.0132426
167  237  0.0113989
167  243  0.03257
167  244  0.011056
168  242  0.0355221
169  189  0.0468376
169  241  0.0379653
170  188  0.0467099
170  234  0.0126141
170  240  0.0356963
171  233  0.0119478
171  251  0.0420896
171  663  0.45725
171  787  0.022784
172  186  0.125797
172  232  0.0106232
172  250  0.0421118
172  662  0.457254
172  786  0.02278
173  185  0.570002
173  249  0.0282045
174  184  0.636915
174  249  0.15024
175  182  0.0252163
175  183  0.619899
175  248  0.188386
176  181  0.0418538
176  182  0.59243
176  247  0.190121
177  246  0.193232
178  245  0.193242
179  244  0.192756
180  243  0.190447
181  242  0.162303
182  234  0.0103164
183  233  0.0105564
183  240  0.155758
184  232  0.0105357
184  239  0.154564
185  236  0.011627
185  662  0.011315
186  235  0.0131042
186  238  0.0715917
186  661  0.658061
187  231  0.153368
187  237  0.0663649
187  660  0.660401
188  230  0.181317
188  236  0.0474371
188  659  0.662907
189  229  0.204831
189  232  0.0176597
189  658  0.663484
190  228  0.207909
190  231  0.0175607
190  233  0.025355
190  657  0.662445
190  769  0.0138712
191  205  0.0307799
191  227  0.206381
191  230  0.017326
191  232  0.0278052
191  656  0.658334
191  768  0.0138768
192  204  0.873817
192  231  0.0264707
192  655  0.0421974
192  767  0.0138731
193  203  0.876022
193  230  0.0264786
193  766  0.0138495
194  202  0.874859
194  229  0.0253522
194  709  0.0107756
195  201  0.884292
195  228  0.0202619
195  653  0.0395384
195  708  0.0215363
196  200  0.336692
196  227  0.0185434
196  652  0.0404135
196  707  0.0215207
197  651  0.0404119
197  706  0.0214305
198  650  0.0403962
198  705  0.0150502
199  649  0.0399196
200  648  0.0328967
200  703  0.0208547
201  702  0.0211455
202  207  0.0548523
202  701  0.0106552
203  228  0.0144833
203  701  0.0114625
204  227  0.0145909
204  700  0.021954
205  226  0.0295321
205  228  0.013113
205  655  0.0395124
205  699  0.021898
206  654  0.0380744
206  698  0.021914
207  649  0.203781
207  697  0.0218209
208  225  0.199692
208  647  0.583461
209  224  0.275831
209  646  0.690565
210  223  0.27609
210  645  0.710367
211  222  0.276938
211  644  0.7105
212  221  0.273247
212  643  0.710511
213  642  0.708034
214  220  0.0135225
214  641  0.681346
215  640  0.607982
216  621  0.508263
216  639  0.112523
217  620  0.656512
218  619  0.670632
219  618  0.675982
220  259  0.0113618
220  617  0.678354
221  258  0.0113522
221  262  0.0139796
221  616  0.655216
222  257  0.0108992
222  261  0.0140537
222  616  0.0221462
223  614  0.363703
223  615  0.0401356
224  613  0.338285
226  257  0.0517813
226  611  0.161403
226  613  0.328472
227  256  0.054442
227  259  0.0103353
227  612  0.393586
228  239  0.0101185
228  258  0.0103966
228  611  0.393874
229  238  0.0137261
229  254  0.0110444
229  609  0.557449
230  237  0.0133457
230  253  0.0628016
230  256  0.0100783
230  608  0.557764
231  236  0.0115826
231  252  0.0630466
231  255  0.0101373
231  607  0.557502
232  238  0.0502718
232  251  0.0630787
232  606  0.557131
233  250  0.0531462
233  593  0.0459432
233  605  0.414786
234  592  0.0450479
235  250  0.0201182
235  591  0.0481221
235  603  0.450696
236  249  0.0698643
236  590  0.0549968
236  602  0.46194
237  248  0.0846436
237  589  0.0551708
237  592  0.011345
238  247  0.0853555
238  588  0.0551746
238  591  0.0155603
238  600  0.542825
239  246  0.0792924
239  590  0.0158832
239  599  0.541556
240  581  0.0685723
240  589  0.0159426
240  598  0.514681
241  580  0.0773455
241  588  0.015964
241  597  0.480289
242  579  0.0590775
242  580  0.0721409
242  587  0.012157
243  578  0.040661
243  579  0.145823
243  594  0.295116
244  263  0.0202154
244  577  0.0220375
244  578  0.179394
244  593  0.375525
245  262  0.0223409
245  576  0.0213869
245  577  0.199443
245  592  0.379109
246  261  0.0223337
246  576  0.199395
246  591  0.378746
247  260  0.0117366
247  272  0.268123
247  575  0.0118205
247  590  0.157593
248  271  0.294832
249  270  0.162481
249  273  0.0109952
249  587  0.0105596
250  259  0.0375874
250  269  0.169762
250  271  0.169945
251  258  0.0369626
251  268  0.304892
251  270  0.195989
251  588  0.0112738
252  269  0.195276
253  268  0.172769
254  267  0.167628
256  266  0.561773
257  265  0.582914
258  264  0.553186
258  612  0.0378304
259  611  0.0378618
260  610  0.0379618
261  609  0.0380085
262  608  0.0377903
264  592  0.254321
265  591  0.255616
265  637  0.0380993
266  590  0.25071
266  636  0.0384995
267  586  0.145487
267  635  0.0385197
268  585  0.149613
268  586  0.0313783
268  634  0.0383766
269  584  0.147045
269  587  0.151473
270  283  0.0114973
270  586  0.14991
270  633  0.0371179
271  282  0.0114338
271  582  0.106206
271  584  0.0197985
271  632  0.0364716
272  581  0.126213
272  583  0.0166329
272  631  0.033178
278  575  0.823323
279  574  0.912581
280  573  0.919629
281  572  0.921008
282  571  0.923136
283  570  0.921064
285  568  0.42372
286  353  0.0104103
286  567  0.922922
287  352  0.0105241
287  566  0.923291
287  805  0.0336182
288  351  0.0106107
288  565  0.923174
288  804  0.0337022
289  350  0.010604
289  803  0.0345878
290  349  0.0106021
290  384  0.843732
290  528  0.0771973
290  802  0.0347368
291  348  0.0105439
291  383  0.843988
291  385  0.0100869
291  527  0.0757392
291  801  0.0145886
292  382  0.846117
292  384  0.010152
292  800  0.0146033
293  381  0.846123
293  383  0.0101445
293  523  0.081487
293  799  0.0347507
294  380  0.790221
294  522  0.07803
294  798  0.0324534
295  308  0.0168226
295  379  0.7952
295  521  0.0777836
295  797  0.0325912
296  307  0.0173232
296  378  0.846713
296  520  0.0612502
296  796  0.0346765
297  306  0.0181365
297  377  0.844135
297  795  0.0343048
298  305  0.0182398
298  376  0.841611
298  518  0.0769889
298  794  0.0300001
299  304  0.0157885
299  375  0.839464
299  517  0.0777665
300  374  0.582678
300  516  0.0776725
301  376  0.011952
301  515  0.0771453
301  791  0.0157692
302  375  0.0142435
302  514  0.0770269
302  790  0.0189814
303  374  0.0604997
303  512  0.0283544
303  513  0.0490344
303  789  0.0187591
304  344  0.584639
304  347  0.0305561
304  373  0.109312
304  511  0.0562603
304  512  0.0201624
305  343  0.584456
305  346  0.0337008
305  510  0.0560824
305  511  0.0177758
305  787  0.0347246
306  342  0.563993
306  345  0.033573
306  371  0.11133
306  509  0.0506939
306  786  0.0347973
307  326  0.59591
307  344  0.0290615
307  346  0.0908586
307  370  0.111844
307  382  0.0473459
307  384  0.0128348
307  785  0.0348502
308  325  0.596714
308  345  0.0910529
308  369  0.111833
308  381  0.0473714
308  383  0.0130199
308  784  0.0348512
309  324  0.633596
309  344  0.0820807
309  368  0.105159
309  380  0.0440078
309  522  0.0146562
309  783  0.0348344
310  319  0.0315463
310  323  0.306892
310  343  0.0741393
310  379  0.0423255
310  382  0.0175198
310  521  0.0171227
310  782  0.0346357
311  318  0.0326917
311  322  0.040058
311  342  0.0692788
311  378  0.0404554
311  381  0.0227348
311  520  0.0171226
311  781  0.0327073
312  321  0.369118
312  519  0.0172124
313  320  0.561173
313  376  0.0332284
313  518  0.017314
313  779  0.029457
314  375  0.0344461
314  378  0.0288106
314  517  0.0173276
314  778  0.0333363
315  339  0.020973
315  359  0.017815
315  374  0.0271845
315  377  0.0316709
315  516  0.0173134
315  777  0.0332384
316  338  0.0206461
316  358  0.0186485
316  376  0.0322104
316  515  0.0172747
316  776  0.0301407
317  337  0.0130357
317  357  0.0187135
317  375  0.0318617
317  514  0.0167248
317  775  0.0256251
318  356  0.0187245
318  374  0.0251182
318  513  0.0165165
319  337  0.0210715
319  355  0.018439
320  336  0.0384173
320  341  0.0242906
320  365  0.0729572
320  512  0.017042
321  335  0.038732
321  340  0.0258532
321  347  0.119329
321  353  0.0186687
321  364  0.0730917
321  511  0.0172949
322  334  0.0388797
322  339  0.0302048
322  346  0.132452
322  352  0.01744
322  363  0.0715706
322  377  0.0101095
322  510  0.0173467
323  338  0.0334193
323  345  0.112676
323  351  0.0160469
323  376  0.0109
323  509  0.0173732
324  332  0.0371518
324  337  0.0334721
324  345  0.011153
324  375  0.0109585
324  508  0.0173583
325  331  0.0325138
325  336  0.0333628
325  343  0.317652
326  342  0.326287
327  334  0.033688
327  341  0.878229
328  333  0.0221378
328  340  0.910966
329  339  0.917209
330  338  0.921887
331  337  0.921394
332  336  0.570714
344  357  0.0818944
345  356  0.0848759
345  373  0.475632
346  355  0.0850381
346  372  0.476093
347  354  0.0836365
347  371  0.475838
348  353  0.0634218
348  370  0.476089
348  373  0.379865
349  369  0.466483
349  372  0.380482
350  367  0.0321577
350  371  0.380323
351  366  0.0269883
351  368  0.200083
351  370  0.380564
351  491  0.010131
352  369  0.372134
352  490  0.0101315
353  489  0.0101285
354  364  0.123986
354  365  0.649915
354  366  0.0363224
354  368  0.0134382
355  363  0.122266
355  364  0.648482
355  365  0.0397635
355  368  0.0205695
356  367  0.0213181
357  363  0.553108
357  364  0.0132378
357  366  0.0196748
358  362  0.210646
379  771  0.0258954
380  770  0.0322087
381  769  0.0347778
382  768  0.0347782
383  767  0.0347781
384  505  0.0614595
384  766  0.0347763
385  504  0.0656971
385  765  0.0325361
386  503  0.0615319
386  563  0.611541
386  764  0.0231157
387  562  0.732945
388  501  0.0484563
388  561  0.764443
389  500  0.0670533
389  560  0.738448
390  499  0.0667025
391  498  0.0642702
391  556  0.587927
391  558  0.147375
392  496  0.0245479
392  555  0.672731
392  557  0.138707
393  494  0.083923
393  495  0.0124711
393  554  0.756063
393  556  0.0566999
393  740  0.0388596
394  493  0.099119
394  553  0.81648
394  739  0.041179
395  492  0.0991635
395  552  0.816642
395  738  0.0412389
396  491  0.0972985
396  551  0.804265
396  737  0.0411305
397  550  0.797775
397  736  0.04111
398  548  0.015846
398  735  0.0404501
399  489  0.5161
399  549  0.0149126
399  734  0.0332856
400  488  0.800847
400  491  0.0370367
401  487  0.802175
402  486  0.803092
402  489  0.137045
403  485  0.797096
403  488  0.145458
404  409  0.0107112
404  487  0.142728
410  484  0.986298
411  483  0.998173
412  482  0.999084
413  481  0.998541
414  480  0.999056
415  479  0.996975
416  478  0.962182
420  474  0.959927
421  473  0.999544
422  472  0.999655
423  471  0.99747
424  470  0.993336
425  469  0.995375
426  468  0.997587
427  467  0.997875
428  466  0.998758
429  465  0.999381
431  463  0.941983
432  462  0.937402
433  461  0.687115
436  446  0.0381917
437  445  0.0403295
437  460  0.898596
438  444  0.0402863
438  459  0.948001
439  443  0.0153363
439  458  0.94534
440  457  0.58991
442  455  0.945818
443  454  0.958823
444  453  0.956103
445  452  0.589455
448  464  0.0393181
449  463  0.0394943
450  462  0.0395166
451  461  0.0395496
452  460  0.03948
453  459  0.0368184
485  576  0.0111288
486  575  0.0111997
487  574  0.0112235
488  573  0.0112268
489  572  0.0101052
490  543  0.813483
490  571  0.0101701
491  542  0.814974
491  570  0.0112227
492  541  0.815677
492  569  0.0109344
493  540  0.814999
494  539  0.771109
495  733  0.0373396
496  505  0.128756
496  508  0.496234
496  523  0.0107181
496  732  0.0402852
497  507  0.480117
497  731  0.0402968
498  521  0.0313983
498  730  0.0403246
499  505  0.0385517
499  506  0.0744713
499  507  0.0221346
499  508  0.0287461
499  520  0.0314817
499  729  0.0402468
500  505  0.0709939
500  506  0.0275001
500  507  0.0366967
500  508  0.0172068
500  519  0.0314681
500  728  0.0400535
501  505  0.0167847
501  506  0.032229
501  507  0.0172308
501  508  0.0108195
501  518  0.0316217
501  727  0.0283553
502  517  0.0316432
503  516  0.0316259
503  725  0.0381709
504  515  0.031535
504  724  0.039828
505  723  0.0400582
506  513  0.0310076
506  722  0.0397447
507  512  0.0289969
507  721  0.0370848
508  720  0.025384
509  536  0.759388
510  535  0.813897
511  534  0.817789
512  533  0.817648
513  532  0.226068
513  624  0.0276222
514  531  0.225788
514  623  0.0385739
515  530  0.817197
515  622  0.0406122
516  529  0.816203
516  621  0.0432581
517  528  0.795093
517  620  0.0438599
518  619  0.043899
519  525  0.0180923
519  618  0.0439398
520  525  0.0210351
520  617  0.0439962
521  616  0.0439702
522  615  0.0381101
525  603  0.0124532
526  602  0.0141451
527  601  0.0143263
528  600  0.0143564
530  563  0.136172
531  562  0.164017
532  561  0.174483
533  560  0.174403
534  559  0.174385
535  557  0.152083
536  556  0.151835
537  555  0.0775325
538  555  0.0969018
539  554  0.173628
540  553  0.173968
541  552  0.173946
542  550  0.168257
542  551  0.0102951
543  549  0.175052
544  548  0.0666761
564  596  0.0162914
565  595  0.0190067
566  592  0.0235984
566  594  0.0188061
567  591  0.0238158
569  591  0.0216044
570  590  0.0216624
571  588  0.0281939
571  589  0.0215616
572  587  0.0450496
573  586  0.0567235
574  585  0.0566202
575  584  0.0563812
577  586  0.039621
578  585  0.03117
580  586  0.0447102
580  630  0.0130758
581  585  0.0170531
581  629  0.0128938
582  628  0.0109076
585  592  0.0141228
585  593  0.0352345
585  598  0.019877
586  591  0.0170078
586  592  0.0363081
586  597  0.0628621
587  596  0.0793648
588  595  0.0801486
588  623  0.0360362
589  622  0.0386516
590  621  0.0392878
591  620  0.0343713
592  619  0.0344579
593  618  0.0393528
594  612  0.334571
594  617  0.0390222
595  611  0.33491
595  616  0.0389188
596  610  0.33515
596  615  0.0368922
597  609  0.335378
598  606  0.0377956
598  608  0.332524
599  605  0.040175
599  613  0.0316586
600  604  0.0249583
600  606  0.326497
600  612  0.0318312
601  605  0.124328
601  611  0.0306068
602  610  0.0240544
604  613  0.0185503
605  612  0.023967
606  611  0.0234122
626  673  0.037561
627  672  0.0393346
628  639  0.491998
629  638  0.667117
629  670  0.151609
630  637  0.67839
630  669  0.178194
631  636  0.49251
631  668  0.208579
632  667  0.211897
633  666  0.212674
634  665  0.212553
635  664  0.211758
637  655  0.154108
638  654  0.15399
639  646  0.016098
639  653  0.152074
640  645  0.0178862
640  661  0.0609244
641  660  0.0610778
642  650  0.144301
642  659  0.0612079
643  649  0.143283
643  658  0.060736
645  656  0.0270254
647  654  0.0114173
648  656  0.0113711
649  655  0.0365602
650  654  0.0139426
653  693  0.0177394
654  692  0.0231154
655  691  0.0235017
656  663  0.159656
656  690  0.0235439
656  805  0.0237215
657  662  0.158081
657  689  0.0235433
657  804  0.0237257
658  688  0.0234895
658  803  0.0126263
659  687  0.023493
660  686  0.0232954
661  685  0.023019
662  785  0.0974889
663  684  0.0145978
663  784  0.0975365
664  683  0.0102704
664  783  0.0983217
665  782  0.0974387
666  682  0.0121669
666  780  0.0846955
667  681  0.0164585
667  779  0.0840092
668  680  0.0164443
668  778  0.0837374
669  679  0.0162484
669  777  0.0478667
670  777  0.0996525
671  707  0.0160635
671  775  0.010716
671  776  0.152788
672  706  0.0198317
672  774  0.0117755
672  775  0.157997
673  705  0.0198101
673  774  0.15865
674  704  0.0198655
674  773  0.151408
675  770  0.224542
675  772  0.0453331
676  703  0.0443815
676  769  0.299063
677  702  0.0476893
677  768  0.299987
678  701  0.0514178
678  767  0.299996
679  700  0.0514208
679  766  0.299973
680  699  0.051397
680  765  0.249032
681  698  0.051387
681  765  0.0352842
682  697  0.051203
682  739  0.040414
682  764  0.0670477
683  695  0.0442497
683  738  0.0406076
683  764  0.0910081
684  694  0.0441296
684  737  0.0416224
684  763  0.255092
685  736  0.0416209
685  762  0.255029
686  735  0.0408974
686  761  0.225777
687  734  0.0329909
687  760  0.151449
688  702  0.0468569
688  759  0.107918
689  701  0.191246
690  697  0.0124534
690  700  0.191331
691  696  0.0161369
691  699  0.184589
691  769  0.034141
691  780  0.0131975
692  698  0.169833
694  766  0.160339
695  765  0.16256
696  709  0.0879774
696  764  0.162264
697  708  0.104249
697  763  0.130641
697  773  0.018106
698  707  0.103238
698  715  0.0194116
698  771  0.316825
698  772  0.0129651
699  706  0.0949756
699  714  0.023649
699  770  0.393984
700  713  0.0218217
700  769  0.418783
701  709  0.107445
701  768  0.418798
702  708  0.118127
702  711  0.0224336
702  730  0.0651699
702  767  0.415903
703  707  0.0449836
703  710  0.0290056
703  715  0.0244041
703  729  0.0653012
703  766  0.368096
704  709  0.028479
704  714  0.0418122
704  728  0.0651674
705  713  0.0447071
705  762  0.0101989
706  712  0.0433327
706  718  0.0267548
706  726  0.0655843
707  711  0.0217448
707  717  0.0329875
707  725  0.0659604
707  765  0.310721
708  716  0.0378638
708  724  0.0660726
708  764  0.344976
709  723  0.066049
709  762  0.0213211
709  763  0.330283
710  722  0.0639911
710  761  0.0275807
711  760  0.0182642
712  759  0.0114939
713  719  0.0389574
714  718  0.0227249
716  761  0.515892
716  762  0.0198154
717  760  0.681818
718  759  0.749051
719  758  0.858685
720  757  0.881342
721  756  0.886721
722  755  0.891163
723  754  0.892
724  753  0.892023
725  752  0.891088
726  751  0.890121
727  750  0.891797
728  749  0.871612
730  747  0.531847
732  745  0.449663
732  746  0.344672
734  744  0.809939
734  745  0.0592385
735  743  0.811324
736  742  0.276917
737  742  0.598574
737  747  0.0186082
738  746  0.0244788
739  745  0.0238106
745  764  0.0101677
747  762  0.0721607
748  761  0.0750439
749  760  0.0760126
750  759  0.0761012
751  758  0.0708197
764  789  0.0150902
765  788  0.016737
766  787  0.0178313
766  805  0.0103241
767  786  0.0178333
767  804  0.0103191
768  785  0.027596
769  784  0.0272638
784  802  0.0391801
784  805  0.24029
785  801  0.0392925
785  804  0.240388
786  800  0.0452462
786  802  0.789631
786  803  0.0106014
787  799  0.0455673
787  801  0.801273
788  798  0.0386467
788  800  0.801847
789  796  0.0101778
789  799  0.800165
790  798  0.785683
791  797  0.688828
792  800  0.0127254
793  799  0.0133088
