2  832  0.0858534
2  850  0.0167216
3  831  0.143166
3  849  0.0197533
4  830  0.143137
5  829  0.142533
6  14  0.0151642
6  828  0.141981
6  853  0.0374586
7  13  0.0195029
7  811  0.0145573
7  827  0.139646
7  852  0.0401672
8  810  0.0141434
9  809  0.0119101
12  190  0.0127093
12  788  0.018249
13  189  0.0184584
13  787  0.0142773
13  849  0.329345
14  188  0.0184594
14  786  0.0917256
14  847  0.525006
14  848  0.115558
15  187  0.0189514
15  774  0.0102393
15  785  0.196595
15  846  0.718663
16  186  0.0189508
16  773  0.0106126
16  784  0.196665
16  845  0.717214
17  185  0.0187632
17  783  0.181354
17  844  0.575844
18  184  0.0173668
18  334  0.0116014
18  782  0.110563
19  770  0.0105995
20  182  0.0178182
20  332  0.908705
20  769  0.0106098
21  181  0.0178298
21  331  0.945587
21  768  0.0105877
22  330  0.945817
23  329  0.945806
24  328  0.912521
25  168  0.0129326
26  167  0.0135558
26  326  0.929351
27  166  0.0135526
27  325  0.954685
28  324  0.962453
29  323  0.962241
30  322  0.962442
31  321  0.958216
32  253  0.0118346
32  320  0.944781
33  252  0.0139891
33  316  0.0236547
33  319  0.917815
34  251  0.0230611
34  315  0.0581552
34  318  0.624572
35  125  0.0209755
35  250  0.0242095
35  314  0.169941
36  124  0.0226843
36  249  0.0244225
36  313  0.174928
36  316  0.119747
37  123  0.028436
37  307  0.057108
37  312  0.14419
37  315  0.0565832
37  317  0.225748
38  122  0.0284309
38  306  0.05326
38  316  0.226173
39  121  0.0283392
39  315  0.213504
40  106  0.0281202
40  114  0.737623
40  120  0.0275635
40  314  0.145187
40  317  0.0124779
41  105  0.0281386
41  113  0.738598
41  313  0.144987
41  316  0.0124843
42  104  0.0233291
42  112  0.752564
43  111  0.751816
44  110  0.751673
45  109  0.748689
45  163  0.0375385
45  302  0.0221124
46  89  0.0124057
46  108  0.718445
46  162  0.0451991
46  301  0.0264491
47  88  0.0120568
47  161  0.0407471
47  300  0.0263848
48  85  0.891252
48  299  0.025822
49  84  0.896902
49  258  0.022466
50  257  0.0227267
51  82  0.59072
51  106  0.0212012
51  256  0.0228155
52  81  0.897898
52  105  0.0211496
52  255  0.0227098
53  79  0.967218
54  78  0.999
55  77  0.998128
56  76  0.998492
57  75  0.999157
58  74  0.997564
59  73  0.998859
60  72  0.999303
61  71  0.999838
62  70  0.997832
63  69  0.991888
64  68  0.377613
80  102  0.0154066
80  178  0.0156208
81  101  0.0314109
81  177  0.0196959
81  186  0.0175316
81  310  0.010342
82  100  0.0284357
82  176  0.0196963
82  185  0.0183712
82  309  0.0104205
83  184  0.0185092
83  308  0.010553
84  183  0.0185735
84  307  0.0105611
85  97  0.0320067
85  162  0.0105264
85  173  0.0176162
85  182  0.0183191
86  96  0.0164967
86  161  0.0106419
86  172  0.0188713
87  96  0.0162336
87  171  0.0136603
88  95  0.0320215
88  105  0.0273165
89  94  0.0314604
89  105  0.038017
89  117  0.144803
90  103  0.463923
90  116  0.158417
91  102  0.505604
91  107  0.180434
91  115  0.15951
92  101  0.510586
92  106  0.222767
92  108  0.0298926
92  114  0.160501
92  317  0.0162776
93  100  0.504696
93  105  0.222738
93  107  0.0308016
93  113  0.160494
93  316  0.0162949
94  104  0.0773261
94  106  0.0309687
94  112  0.158802
94  315  0.0161914
95  104  0.174852
95  111  0.154995
95  314  0.0161485
96  103  0.250088
97  102  0.245551
99  311  0.0226678
100  108  0.152593
100  310  0.0228271
101  107  0.15376
101  309  0.0228955
102  106  0.0952496
102  170  0.011608
103  169  0.0115837
105  167  0.0147091
106  166  0.0147443
107  114  0.0254538
107  317  0.0251504
108  113  0.0251049
108  316  0.0251777
109  315  0.0226248
113  310  0.0258371
113  314  0.0149815
114  309  0.0260149
114  313  0.0164157
115  162  0.382046
115  191  0.0759135
115  311  0.0292121
115  312  0.103403
116  161  0.382048
116  190  0.0764836
116  318  0.098453
117  160  0.380274
117  189  0.076659
117  310  0.19645
117  317  0.154069
118  159  0.376275
118  188  0.0766291
118  309  0.197323
118  316  0.15411
119  158  0.265622
119  160  0.0624628
119  314  0.027918
119  315  0.100334
120  157  0.175252
120  159  0.0730591
120  313  0.0550305
121  132  0.0209569
121  159  0.289844
122  131  0.0252591
122  158  0.623442
122  314  0.0278965
123  130  0.0253476
123  157  0.755941
123  313  0.0293359
124  129  0.016607
124  156  0.908627
124  312  0.0282143
125  155  0.9086
126  154  0.896962
127  153  0.78216
128  309  0.0503559
129  308  0.0517761
130  149  0.0495109
130  150  0.155358
130  151  0.0274895
130  307  0.0520121
131  148  0.0600974
131  306  0.0509362
132  147  0.0303344
132  305  0.0379355
133  147  0.9414
134  146  0.999004
135  145  0.999389
136  144  0.999249
137  143  0.987398
138  142  0.776052
151  304  0.0327453
152  303  0.0334543
153  302  0.0306025
155  300  0.0245942
156  299  0.0249772
158  178  0.042384
159  177  0.111755
159  295  0.0201175
159  307  0.011621
160  176  0.0812618
160  294  0.0215938
161  175  0.0379596
161  176  0.151728
161  293  0.0215594
162  175  0.196196
162  292  0.0214422
163  173  0.0483402
163  174  0.194501
164  172  0.0557034
164  173  0.190702
165  171  0.0581874
165  172  0.174094
166  170  0.0478166
166  171  0.136054
166  267  0.0103906
166  305  0.60785
167  266  0.0103942
167  304  0.608306
168  265  0.010273
168  303  0.607858
169  176  0.0228714
169  257  0.0142231
169  302  0.444998
170  175  0.0262774
170  255  0.0254874
171  254  0.0163732
171  255  0.210413
172  254  0.370837
172  299  0.0613462
173  253  0.416679
173  298  0.062524
174  252  0.119212
174  297  0.0630008
174  302  0.0148615
175  251  0.124247
175  296  0.0624438
175  301  0.0262154
176  250  0.42608
176  300  0.0262221
177  249  0.425642
177  299  0.0261602
180  190  0.199087
181  189  0.278228
181  256  0.089623
181  267  0.090458
181  305  0.188808
182  188  0.269246
182  255  0.0887917
182  266  0.0910219
182  304  0.189611
183  252  0.0913465
183  265  0.0910093
183  303  0.18941
184  251  0.0931262
184  264  0.0870535
185  250  0.0920001
185  263  0.0702491
186  217  0.0298002
186  249  0.0903922
186  252  0.032896
186  258  0.0225284
187  216  0.0300807
188  215  0.0287335
188  219  0.014404
188  250  0.0526436
188  256  0.244634
189  218  0.0159713
189  249  0.0655657
189  255  0.244726
189  258  0.0130277
190  213  0.0189797
190  218  0.0123046
190  248  0.0628084
190  253  0.0313407
190  254  0.180374
190  257  0.0118114
191  212  0.0189367
191  217  0.0357269
191  218  0.145263
191  247  0.0511327
191  252  0.0614384
192  211  0.0187398
192  216  0.0357836
192  217  0.149779
192  218  0.180773
192  246  0.0385481
192  252  0.0623561
193  216  0.116451
193  217  0.165237
193  218  0.235052
193  334  0.0177503
194  216  0.192665
194  217  0.436963
194  218  0.0589241
194  333  0.0207998
195  216  0.438091
195  217  0.0607678
195  331  0.0288445
196  330  0.0293455
197  213  0.910571
197  329  0.0295834
198  212  0.942569
198  328  0.0296269
199  211  0.942812
199  327  0.029627
200  210  0.942019
200  326  0.0295393
201  209  0.928489
201  325  0.0294295
207  293  0.0287004
208  292  0.0302461
209  291  0.0303718
210  290  0.03036
211  289  0.0303668
212  288  0.0302986
213  287  0.0303005
214  286  0.0293537
215  283  0.0193432
215  313  0.0366025
216  282  0.0197141
216  312  0.0451778
217  281  0.0178147
217  311  0.045167
218  310  0.0404944
219  247  0.882266
219  309  0.0311503
220  246  0.949601
221  245  0.973559
222  244  0.989997
223  243  0.989928
224  242  0.978511
225  241  0.888932
226  240  0.860961
227  239  0.667076
230  241  0.0971658
231  240  0.13087
232  239  0.148321
233  238  0.21123
248  261  0.0222921
249  260  0.0263673
249  267  0.0166718
250  259  0.0261215
250  266  0.0153721
251  258  0.0246636
252  307  0.0101574
253  262  0.0116372
253  263  0.016429
254  261  0.0145049
254  262  0.014751
254  318  0.0199746
255  260  0.0156774
255  261  0.0121256
255  305  0.0484446
255  317  0.0256578
256  304  0.0482303
256  316  0.0256629
257  315  0.0207099
258  301  0.813754
259  300  0.81471
260  299  0.811679
261  298  0.708533
262  297  0.396454
263  298  0.112415
264  297  0.377259
265  296  0.47704
266  295  0.462368
267  292  0.837212
268  281  0.0378835
268  291  0.936217
269  280  0.0431994
269  290  0.936037
270  279  0.0448034
270  289  0.936456
271  278  0.0351635
271  288  0.930929
272  287  0.909141
275  284  0.79327
276  283  0.724551
278  284  0.025724
279  283  0.0231048
285  292  0.0116673
286  291  0.0118873
303  311  0.0541138
303  324  0.0292129
304  310  0.0547506
304  323  0.0293169
305  309  0.0448314
305  322  0.0294697
306  321  0.0294714
307  319  0.0420337
308  318  0.0933331
309  317  0.126862
310  316  0.122595
334  843  0.630564
335  782  0.107033
335  842  0.722275
336  781  0.197412
336  841  0.735079
337  780  0.232676
337  840  0.741548
338  779  0.2344
338  839  0.741207
339  778  0.235132
339  838  0.741316
340  777  0.226385
340  837  0.726336
341  775  0.0101626
341  776  0.139067
341  836  0.673012
342  773  0.973803
343  772  0.978422
344  771  0.978416
345  770  0.976435
346  769  0.978016
347  768  0.977929
348  719  0.0236998
348  766  0.0342666
348  767  0.830484
349  718  0.0238793
349  765  0.0665387
350  717  0.0259849
350  765  0.11844
351  716  0.0299793
351  765  0.0150062
352  708  0.0183597
352  715  0.0301535
352  765  0.0489354
354  762  0.33213
355  706  0.251065
355  761  0.407924
355  763  0.0804094
356  704  0.268009
356  705  0.188603
356  760  0.407762
356  762  0.0804183
357  703  0.345427
357  704  0.125559
358  702  0.890042
358  703  0.0628833
359  701  0.989164
360  700  0.989234
361  699  0.989235
362  698  0.988693
363  697  0.989204
364  696  0.988929
365  695  0.987757
366  694  0.694386
368  662  0.0337459
368  692  0.938208
369  661  0.0371896
369  691  0.950346
370  660  0.0373458
370  690  0.948418
371  382  0.0105181
371  659  0.0372479
371  663  0.213489
372  381  0.0160872
372  393  0.0107167
372  658  0.0365184
372  662  0.523104
373  380  0.0177802
373  392  0.0107268
374  379  0.0134767
374  391  0.0106846
374  660  0.727078
374  678  0.0136308
375  390  0.0104329
375  659  0.808661
375  677  0.0153376
376  658  0.828708
376  676  0.0166161
377  657  0.426103
378  657  0.434342
379  386  0.0109304
379  656  0.847499
379  674  0.0916725
380  385  0.0109077
380  655  0.424809
380  673  0.0918076
381  655  0.452268
381  672  0.0917314
382  654  0.935448
382  671  0.02445
383  653  0.953052
384  652  0.973633
385  635  0.0128673
385  651  0.973601
386  634  0.0130273
386  650  0.974357
387  633  0.0129052
387  649  0.974689
388  648  0.971203
391  645  0.969999
392  644  0.974799
393  643  0.974782
394  626  0.0104699
394  642  0.973596
395  625  0.010334
395  641  0.967089
396  622  0.0142404
396  636  0.142169
397  621  0.0321299
397  635  0.159758
397  638  0.725716
398  620  0.0321505
398  634  0.159804
398  637  0.727278
399  408  0.0116675
399  465  0.140145
399  619  0.0804254
399  633  0.149172
399  639  0.0279823
400  408  0.0133316
400  463  0.0138262
400  464  0.124625
400  618  0.0804601
400  635  0.0414287
400  638  0.0297949
401  407  0.0116199
401  460  0.0156245
401  461  0.04122
401  462  0.0140943
401  617  0.0800806
401  631  0.117791
401  634  0.0382352
401  637  0.0288678
402  616  0.0669609
402  630  0.105672
403  459  0.585911
403  629  0.0625323
404  458  0.675616
405  457  0.685805
406  456  0.687508
406  629  0.044041
407  455  0.689402
407  628  0.063104
408  454  0.69035
408  475  0.0418788
408  499  0.0769944
408  627  0.065299
409  453  0.685573
409  459  0.0127766
409  474  0.0457774
409  498  0.149393
409  626  0.0169617
409  633  0.0307807
410  458  0.0145069
410  473  0.0457197
410  497  0.117958
410  632  0.0308196
411  457  0.0146602
411  472  0.0472594
411  631  0.0307979
412  450  0.029484
412  456  0.0143699
412  495  0.136631
412  630  0.02877
413  450  0.0770596
413  455  0.0142061
413  494  0.154054
413  629  0.0253605
414  450  0.0184948
414  453  0.0165167
414  493  0.157031
414  628  0.0162708
415  452  0.0160331
415  492  0.153841
416  491  0.125937
417  447  0.826349
418  445  0.0196356
418  446  0.888697
419  444  0.0195906
419  445  0.888668
419  489  0.042637
420  443  0.0114318
420  488  0.0444521
421  444  0.142558
421  487  0.044358
422  443  0.095282
422  464  0.0144098
423  443  0.811063
423  463  0.0208146
424  442  0.921067
424  462  0.0222455
425  441  0.920945
425  461  0.0226751
426  440  0.927623
426  460  0.0228019
427  439  0.930504
427  459  0.0228787
428  438  0.927778
428  458  0.0229066
429  437  0.91671
429  457  0.0229109
430  456  0.0217274
431  447  0.0379446
432  446  0.0401081
433  445  0.0429445
434  444  0.0428413
435  443  0.040103
439  631  0.0153308
440  630  0.015925
441  629  0.0163111
442  628  0.0166831
443  627  0.017347
444  626  0.0249417
445  625  0.0249501
446  624  0.0241255
447  623  0.0224604
452  470  0.099531
452  482  0.109419
453  469  0.104555
453  481  0.115511
454  480  0.115835
455  467  0.128869
455  479  0.115701
456  466  0.142381
456  478  0.115626
457  465  0.146595
457  477  0.115547
458  464  0.137804
463  471  0.120318
464  470  0.125841
464  632  0.0129
465  469  0.108245
465  631  0.0217428
466  630  0.0216145
467  629  0.0207669
467  640  0.0197469
468  628  0.0174191
468  639  0.0244827
469  625  0.0250453
469  638  0.0264161
470  624  0.0251711
471  630  0.0143348
472  629  0.0165833
473  621  0.0955648
473  628  0.0207135
473  635  0.64791
474  481  0.0412251
474  620  0.0960647
474  627  0.0233026
474  634  0.650122
475  480  0.0557916
475  619  0.0962637
475  626  0.0229747
475  633  0.650463
476  498  0.0514564
476  618  0.0962573
476  633  0.0112088
477  497  0.0515133
477  617  0.0962444
477  631  0.647783
477  632  0.0114753
478  496  0.051282
478  616  0.0790948
478  629  0.217382
478  630  0.43735
479  495  0.0484932
479  628  0.4331
479  629  0.223154
480  499  0.0255309
480  627  0.643138
481  493  0.054278
481  496  0.0120138
481  498  0.0277173
481  502  0.0211381
481  626  0.601613
482  492  0.0526891
482  495  0.0126759
482  501  0.020247
483  491  0.0468012
483  494  0.0114274
484  496  0.100406
485  492  0.0148741
485  495  0.116642
486  491  0.0177836
486  494  0.120384
487  493  0.120424
487  498  0.603808
488  497  0.227918
489  496  0.206316
489  502  0.0181972
490  495  0.573983
490  501  0.0181919
491  500  0.0170967
492  499  0.0138089
497  626  0.0142138
499  625  0.803154
500  624  0.813097
501  623  0.814921
502  622  0.815478
503  613  0.177793
503  621  0.815486
504  612  0.177935
504  620  0.815483
505  611  0.178385
505  619  0.813232
506  610  0.179461
506  618  0.807575
507  556  0.0138028
507  609  0.179462
507  614  0.143421
507  617  0.638199
508  519  0.0273807
508  555  0.107244
508  608  0.179509
508  613  0.422526
508  616  0.0811689
509  518  0.0274186
509  554  0.107339
509  607  0.179266
509  612  0.423149
510  517  0.0215811
510  553  0.105616
510  614  0.0329046
511  551  0.086293
512  550  0.0794785
513  518  0.0223394
513  548  0.0214099
513  564  0.482648
514  547  0.0109669
514  548  0.158841
514  563  0.487962
515  547  0.296497
515  562  0.48967
516  546  0.366684
516  561  0.489689
517  545  0.404627
517  560  0.260153
518  544  0.416824
519  543  0.416719
520  541  0.345471
521  540  0.355374
522  538  0.517517
522  539  0.236383
523  537  0.993111
524  536  0.993381
525  535  0.993691
526  534  0.991511
527  533  0.986507
528  532  0.71682
539  560  0.067213
540  559  0.0878353
541  557  0.294091
541  558  0.0451886
542  556  0.477486
542  609  0.0394807
543  555  0.519387
543  608  0.0501089
544  554  0.519428
544  607  0.0501137
545  553  0.518941
545  605  0.0592042
546  552  0.512075
546  604  0.0914749
547  551  0.194962
547  603  0.0924957
548  555  0.102995
548  602  0.049006
548  613  0.0129127
549  554  0.103358
549  564  0.125025
549  600  0.011685
549  612  0.012035
550  563  0.157089
551  562  0.166048
552  561  0.1668
553  560  0.15525
554  604  0.0216075
554  613  0.0202862
555  612  0.020294
556  611  0.0155239
557  601  0.216415
558  600  0.251313
559  599  0.258569
560  598  0.259469
560  614  0.0122043
561  597  0.265077
561  613  0.0147774
564  594  0.34729
565  593  0.349339
566  592  0.348523
567  591  0.347143
567  611  0.550732
568  590  0.344977
568  610  0.63126
569  589  0.331043
569  609  0.631351
570  608  0.631821
571  607  0.445294
572  586  0.356202
573  585  0.356755
573  605  0.586299
574  584  0.361311
574  603  0.060434
574  604  0.572018
575  583  0.360953
575  602  0.0830342
575  603  0.547985
576  582  0.292948
576  601  0.102082
578  599  0.0219541
579  598  0.0205293
579  600  0.207863
580  596  0.014125
580  601  0.171922
581  595  0.0140698
581  598  0.429411
581  600  0.178587
582  594  0.0126335
582  597  0.432644
582  599  0.178435
583  598  0.156717
584  595  0.525404
584  598  0.0216818
585  594  0.528973
585  597  0.0424931
586  593  0.491912
587  595  0.0678173
588  594  0.0819617
589  593  0.0312226
595  608  0.02582
597  607  0.0386484
598  606  0.052533
599  605  0.0519468
600  604  0.0408492
607  613  0.0188576
608  612  0.0153116
620  635  0.0465771
621  634  0.0465909
622  633  0.0458581
624  632  0.0120009
625  632  0.0330629
626  631  0.0305047
637  689  0.018734
638  688  0.0187352
639  687  0.0183582
641  683  0.0202631
642  682  0.020325
643  681  0.0203446
644  680  0.0203407
645  679  0.0190436
647  676  0.0142845
648  675  0.0143557
650  674  0.0207856
651  673  0.0208246
652  672  0.0209058
653  671  0.020974
655  670  0.117833
656  669  0.1181
657  668  0.118628
658  667  0.118799
659  666  0.118491
660  665  0.114738
664  689  0.873185
665  688  0.875143
666  687  0.865426
667  686  0.555155
669  684  0.756914
670  683  0.878862
671  682  0.878211
672  681  0.881363
673  680  0.88127
674  679  0.860667
679  689  0.0849145
680  688  0.0849603
681  687  0.0822168
682  686  0.0313013
703  755  0.509626
704  754  0.514016
704  767  0.0153431
705  719  0.0238636
705  753  0.514618
705  766  0.0298984
706  718  0.0238732
706  752  0.517357
706  765  0.029846
707  717  0.023073
707  751  0.292215
708  750  0.287978
709  716  0.0104459
709  749  0.4856
710  715  0.0104269
710  748  0.436098
710  749  0.0245385
711  746  0.26159
711  748  0.0667143
712  745  0.266282
712  747  0.10792
713  744  0.279447
713  746  0.10513
714  743  0.276507
714  744  0.0274782
715  766  0.0647953
715  767  0.0196502
717  764  0.366996
718  740  0.027125
718  763  0.411269
719  739  0.0271211
719  741  0.492256
719  762  0.411331
720  738  0.0231442
720  740  0.501052
720  761  0.41123
720  766  0.0458621
721  739  0.501034
721  760  0.408188
721  765  0.0461971
722  738  0.483355
722  764  0.0452612
723  734  0.492091
723  737  0.101456
724  733  0.611535
724  762  0.0387543
725  732  0.611866
725  760  0.0479712
726  731  0.608044
726  755  0.325387
726  759  0.0600261
727  754  0.326453
727  758  0.0600496
728  753  0.326333
728  757  0.0595576
729  752  0.0210095
729  756  0.0457878
730  751  0.0162951
730  752  0.360612
731  751  0.365213
732  750  0.363401
735  747  0.437259
736  746  0.443542
737  745  0.442016
738  744  0.434019
748  758  0.0327641
749  757  0.0335778
750  756  0.0334535
751  755  0.0263144
751  759  0.0413146
752  758  0.0402323
778  832  0.0258546
778  835  0.0585555
779  832  0.357853
779  834  0.0429589
780  831  0.730662
781  830  0.736315
782  829  0.738208
783  821  0.0233883
783  828  0.740212
784  820  0.0243578
784  827  0.742289
785  819  0.0243545
785  826  0.741596
786  806  0.0122756
786  818  0.0132979
787  803  0.0111732
787  805  0.0119001
787  824  0.490514
787  825  0.0254114
788  802  0.0151439
788  815  0.0639314
788  823  0.510909
788  824  0.0221149
789  801  0.0155039
789  814  0.0683026
789  820  0.010602
789  822  0.510384
790  819  0.0107195
790  820  0.0502308
790  826  0.0174798
791  799  0.0163954
791  802  0.0151576
791  812  0.0830991
791  819  0.0171904
791  820  0.200356
791  823  0.267955
791  825  0.0136342
792  798  0.0164339
792  801  0.0160529
792  811  0.0850576
792  819  0.384779
792  820  0.0125481
792  822  0.28586
793  800  0.0125702
793  810  0.0825158
793  818  0.301499
793  821  0.2499
794  809  0.0461138
794  821  0.128479
795  806  0.482468
796  805  0.481353
796  819  0.416315
797  818  0.423636
798  806  0.0138189
798  817  0.425898
799  816  0.423477
800  805  0.0120349
800  815  0.408026
802  813  0.265529
803  810  0.0534464
804  809  0.0528001
804  810  0.0144764
804  813  0.0116221
805  810  0.0376247
806  811  0.0685126
807  817  0.404526
808  816  0.40304
809  815  0.389693
810  814  0.226514
817  822  0.0104586
817  848  0.0817036
818  847  0.0906698
819  846  0.0936566
820  845  0.0936608
821  844  0.0929469
822  843  0.0827934
826  839  0.0928623
827  838  0.0941004
828  837  0.0931965
829  836  0.090118
830  835  0.0704765
838  848  0.144411
839  847  0.147351
840  846  0.148352
841  845  0.0918849
