1  35  0.471528
2  25  0.0245362
2  34  0.679005
3  24  0.0297563
3  33  0.869621
3  287  0.0100368
3  768  0.0154124
4  23  0.0297598
4  32  0.869979
4  286  0.0101738
4  767  0.015474
4  907  0.0298101
5  22  0.029784
5  31  0.869923
5  285  0.0105178
5  766  0.0154806
5  906  0.0310693
6  21  0.0292598
6  30  0.856374
6  284  0.0105128
6  765  0.0152865
6  905  0.0280786
7  32  0.0126522
7  283  0.0105192
7  861  0.0119226
8  31  0.0126755
8  763  0.0169875
8  860  0.0119311
9  18  0.0206267
9  762  0.0170106
9  859  0.0119242
11  26  0.0648446
11  27  0.0746223
11  28  0.0791232
11  902  0.0188688
12  25  0.0662045
12  26  0.07598
12  27  0.0774626
12  901  0.0195464
13  900  0.0195467
14  899  0.0188553
15  25  0.0117951
15  898  0.0163895
16  23  0.878348
17  22  0.951826
27  870  0.0129667
28  869  0.0142602
29  868  0.0141604
31  761  0.0160551
32  760  0.0177569
32  865  0.0558077
33  759  0.0178974
33  864  0.0563026
34  758  0.017895
34  863  0.0577511
35  757  0.0174901
35  862  0.0476933
35  902  0.0241437
36  756  0.0159262
36  901  0.0370267
36  908  0.0289894
37  52  0.0114177
37  900  0.0336339
37  907  0.0282375
38  51  0.0148577
38  764  0.832446
39  50  0.0148334
39  763  0.886364
40  49  0.0146623
40  762  0.887082
41  48  0.0132893
41  760  0.889223
41  865  0.0351499
42  759  0.889225
42  864  0.0354816
43  734  0.0312883
43  758  0.867395
43  863  0.0347241
44  733  0.158291
44  757  0.713838
44  862  0.0177892
45  732  0.375067
45  756  0.494189
45  862  0.0142693
46  731  0.907917
46  861  0.0284646
47  730  0.908179
47  860  0.02816
48  694  0.0312847
48  695  0.058297
48  729  0.775668
48  856  0.0164992
49  59  0.0100527
49  60  0.0977252
49  693  0.0344594
49  694  0.0609817
49  695  0.0939614
49  698  0.195571
49  855  0.0165648
50  59  0.0961582
50  692  0.0344166
50  693  0.055198
50  694  0.0933925
50  697  0.199517
50  854  0.0164355
51  696  0.154774
52  64  0.0110178
53  63  0.0106388
54  696  0.0749144
55  60  0.303364
55  695  0.143475
55  698  0.262222
56  694  0.14327
56  697  0.266301
57  696  0.248143
58  708  0.0134491
59  707  0.0171772
60  706  0.0176414
61  187  0.0101861
61  696  0.0653409
61  705  0.0175882
62  186  0.0112972
62  692  0.0136018
62  693  0.60284
62  694  0.0904655
62  695  0.113916
62  704  0.0174265
63  692  0.607148
63  693  0.0906773
63  694  0.112956
65  183  0.0133125
65  690  0.0941342
65  691  0.0123653
66  182  0.0145963
67  181  0.0144137
67  688  0.884725
68  687  0.946257
69  179  0.0151101
69  686  0.965326
70  178  0.0200054
70  685  0.965381
71  177  0.0200301
71  684  0.965312
72  176  0.0199949
72  683  0.963669
73  175  0.02003
73  682  0.965368
74  174  0.020018
74  681  0.965322
75  680  0.963326
76  173  0.0117999
76  679  0.964778
77  172  0.0179673
77  678  0.965174
78  171  0.0166947
78  677  0.914997
79  170  0.0151505
81  101  0.809262
82  100  0.930373
82  555  0.0148129
83  99  0.465915
83  554  0.0148198
84  99  0.511495
84  553  0.0148027
85  98  0.984078
86  97  0.990822
87  96  0.989703
89  94  0.994266
99  549  0.014798
100  548  0.014793
102  159  0.0197804
102  676  0.938632
103  158  0.0197893
103  544  0.0148539
103  675  0.941717
104  157  0.0197806
104  543  0.0148614
104  674  0.941735
105  156  0.0168273
105  542  0.0148475
105  673  0.925906
106  541  0.0147753
108  538  0.0120375
108  670  0.918946
109  155  0.017775
109  537  0.0144063
109  669  0.924339
110  154  0.0178155
110  536  0.0143656
110  668  0.922003
111  153  0.0178715
111  166  0.0113571
111  535  0.0143221
111  667  0.911888
112  152  0.0184641
112  162  0.0104532
112  164  0.0354755
112  165  0.0127218
113  161  0.0109329
114  151  0.01694
114  163  0.104838
115  150  0.0175041
115  162  0.113375
116  149  0.0178182
116  156  0.0126444
116  161  0.11437
117  155  0.0134116
117  159  0.488664
117  555  0.0368557
118  154  0.0134129
118  158  0.488927
118  554  0.0368756
119  146  0.0318524
119  153  0.0133471
119  157  0.488831
119  553  0.036681
120  145  0.0340647
120  156  0.461405
121  144  0.0342218
121  154  0.0136758
122  143  0.030485
122  153  0.0106875
122  154  0.148781
122  548  0.0208735
122  564  0.337531
123  547  0.0266737
123  563  0.372942
124  141  0.0347847
124  546  0.0275404
124  562  0.376268
125  140  0.0383067
125  153  0.132975
125  207  0.0174151
125  545  0.0277409
125  561  0.377744
126  139  0.0388978
126  206  0.0209942
126  544  0.0277267
126  560  0.378841
127  138  0.0389364
127  151  0.492837
127  205  0.0212949
127  543  0.0277458
127  559  0.378938
128  137  0.035083
128  150  0.502094
128  204  0.021271
128  542  0.0254309
128  558  0.281838
129  149  0.503181
129  203  0.0211946
129  257  0.0388032
129  557  0.0807849
130  148  0.504519
130  202  0.0210474
130  256  0.0427644
130  258  0.0467267
130  556  0.0220895
131  147  0.505174
131  201  0.0196387
131  255  0.0441911
131  257  0.0519374
131  539  0.0247764
131  557  0.201157
132  146  0.504792
132  254  0.0444242
132  256  0.0523756
132  538  0.0283084
132  556  0.256264
133  145  0.502001
133  155  0.0130858
133  198  0.0159383
133  253  0.0433349
133  255  0.0521458
133  537  0.0283742
133  555  0.266027
134  143  0.233542
134  144  0.267521
134  154  0.0132139
134  197  0.0151997
134  252  0.0361104
134  536  0.0283383
134  554  0.265319
135  142  0.463244
135  153  0.0137553
135  254  0.0528065
135  535  0.0283101
135  553  0.26299
136  141  0.304364
136  152  0.0140094
136  198  0.013083
136  213  0.0232196
136  253  0.0555044
136  298  0.0712918
136  534  0.0241683
137  193  0.0380875
137  197  0.0127514
137  212  0.0232808
137  252  0.053959
137  297  0.108012
137  533  0.0211936
138  191  0.0362908
138  192  0.0244955
138  211  0.0228982
138  295  0.0122633
138  296  0.121159
138  532  0.011629
139  149  0.0104798
139  190  0.0182595
140  190  0.100662
140  294  0.137564
141  189  0.136293
141  293  0.0701302
142  188  0.140693
142  292  0.0769957
143  187  0.137713
143  291  0.152333
144  290  0.152399
145  185  0.128471
145  189  0.0112546
145  289  0.152376
146  164  0.0145432
146  184  0.13087
146  188  0.0113669
146  244  0.0729021
146  288  0.131566
147  163  0.0145956
147  183  0.0713271
147  243  0.0730523
148  162  0.014141
148  242  0.0731983
148  286  0.143982
149  241  0.0732731
149  285  0.151649
150  160  0.014613
150  183  0.088533
150  240  0.0734109
150  284  0.151868
150  302  0.0149873
151  159  0.0148135
151  182  0.17243
151  239  0.0735035
151  283  0.151578
151  301  0.0317229
152  158  0.0146683
152  238  0.0734488
152  282  0.149601
152  300  0.031817
153  180  0.157473
153  281  0.0353039
153  299  0.0320218
154  179  0.396025
154  298  0.0320102
155  178  0.415314
156  177  0.158717
156  297  0.0249556
157  176  0.160074
157  296  0.0248955
158  175  0.417243
158  295  0.024646
159  174  0.417165
159  293  0.0271304
160  173  0.411446
160  292  0.0262517
161  172  0.378769
163  170  0.0480318
166  287  0.0188403
167  286  0.0156176
169  286  0.0234591
170  285  0.0329413
171  284  0.0429619
171  533  0.0146386
171  666  0.276673
172  283  0.043961
172  532  0.0241796
172  665  0.47895
173  282  0.018475
173  531  0.0282679
173  664  0.478868
174  281  0.0184796
174  530  0.0296996
174  663  0.47973
175  280  0.0439646
175  529  0.0284114
175  662  0.47974
176  279  0.0382597
176  661  0.477225
177  528  0.0297508
177  659  0.0336075
177  660  0.431529
178  527  0.0297624
178  658  0.0672429
178  659  0.306396
179  259  0.0575812
179  526  0.0298213
179  657  0.0442635
180  258  0.113344
180  525  0.0296075
180  657  0.348536
181  257  0.12839
181  524  0.0296261
181  656  0.382822
182  256  0.129742
182  280  0.0103625
182  523  0.0295767
182  655  0.382006
183  255  0.129692
183  257  0.0217541
183  522  0.0243614
183  524  0.0139784
184  254  0.12953
184  256  0.0235499
184  523  0.015631
184  525  0.0118452
184  574  0.264189
185  255  0.0235725
185  281  0.0593631
185  522  0.0145784
185  524  0.0139394
185  573  0.265614
186  254  0.0235097
186  280  0.0646417
186  523  0.0132015
186  525  0.0107604
186  572  0.265837
187  206  0.0542312
187  278  0.0594837
187  279  0.0323987
187  521  0.024781
187  571  0.263996
187  575  0.0423316
188  205  0.0583865
188  277  0.0939488
188  520  0.0249865
188  523  0.111073
188  570  0.263329
188  574  0.0455836
189  204  0.0541209
189  276  0.0943282
189  522  0.115467
189  546  0.0197589
189  573  0.0455637
190  206  0.0149174
190  236  0.0162389
190  275  0.0943179
190  521  0.116972
190  545  0.0276294
190  572  0.0454384
191  205  0.0157833
191  235  0.0167094
191  274  0.0938704
191  520  0.11677
191  544  0.0282404
191  571  0.0453714
192  234  0.0156857
192  543  0.0257663
192  570  0.0408981
193  233  0.011993
194  228  0.0347952
195  227  0.0376884
196  226  0.0383399
197  225  0.0387273
197  281  0.029512
198  205  0.0179189
198  224  0.038948
198  280  0.0404715
199  206  0.095796
199  223  0.0339214
199  279  0.0392044
200  205  0.102361
201  220  0.332876
201  277  0.0217909
202  219  0.4003
202  276  0.040743
203  218  0.411946
203  267  0.0111563
203  275  0.040755
203  551  0.103014
204  217  0.116038
204  266  0.0152175
204  274  0.0138978
204  550  0.123118
205  216  0.115027
205  265  0.0161417
205  273  0.0116305
205  549  0.127319
206  215  0.410736
206  264  0.0118986
206  272  0.0368711
207  214  0.366115
207  547  0.0593058
208  546  0.0593515
210  247  0.291076
210  544  0.153079
211  246  0.292568
211  543  0.153425
212  245  0.282953
212  542  0.0884783
213  243  0.173596
213  541  0.0834159
214  552  0.0110443
215  241  0.286913
215  551  0.012863
216  240  0.307289
216  538  0.0193127
216  550  0.0128807
217  239  0.316185
217  537  0.0126417
219  237  0.0418888
221  235  0.928068
221  247  0.0183583
222  234  0.934629
222  246  0.0184633
223  233  0.93423
223  245  0.018452
224  232  0.934301
224  244  0.0184574
225  231  0.834867
225  243  0.0134308
226  230  0.417896
227  241  0.0161857
228  240  0.0177034
229  239  0.0174268
236  273  0.0338222
237  272  0.0364266
237  519  0.138175
238  271  0.0377401
238  518  0.166269
238  537  0.0349798
238  542  0.0995836
238  549  0.156559
239  270  0.0377274
239  517  0.166253
239  536  0.0343649
239  541  0.111279
239  548  0.15695
240  269  0.0321663
240  516  0.142572
240  540  0.133836
240  547  0.155656
241  515  0.0234854
241  532  0.0433797
241  539  0.137683
241  546  0.150955
242  531  0.0479426
242  538  0.139964
242  545  0.1349
243  515  0.139367
243  530  0.0486757
243  537  0.142374
244  514  0.162887
244  529  0.0486191
244  536  0.142266
245  266  0.0103153
245  297  0.115623
245  513  0.165618
245  535  0.123045
246  265  0.0108278
246  296  0.169355
246  309  0.0179131
246  512  0.252345
246  534  0.0338922
247  295  0.169356
247  308  0.0204335
247  511  0.251698
248  294  0.163198
249  292  0.0220664
250  291  0.0214384
250  292  0.0434798
251  290  0.0198851
251  291  0.0441185
252  264  0.279569
252  286  0.0184721
252  290  0.0186005
252  305  0.090163
253  263  0.540311
253  285  0.020504
253  304  0.0955368
253  666  0.0142468
254  262  0.565489
254  303  0.0961164
254  665  0.0147658
255  261  0.543278
255  284  0.0341629
255  302  0.0960652
255  664  0.014752
256  283  0.0365039
256  301  0.0960263
256  663  0.0147339
257  282  0.0364742
257  300  0.0933442
257  662  0.0142075
258  281  0.0359663
260  558  0.0558117
261  557  0.0808134
262  277  0.29261
262  556  0.0928445
263  276  0.298899
263  555  0.0946816
264  275  0.300082
264  509  0.202053
264  554  0.0945039
265  274  0.300295
265  508  0.273178
265  553  0.094137
266  273  0.278992
266  507  0.27362
267  272  0.20277
267  286  0.182353
267  506  0.273713
268  285  0.218673
268  505  0.27384
269  284  0.218938
269  504  0.251926
270  281  0.0157313
270  283  0.21897
270  503  0.0870652
271  280  0.0188415
271  282  0.217565
271  327  0.0251077
271  328  0.12312
272  279  0.0200866
272  280  0.0433298
272  326  0.0126249
272  327  0.211878
273  278  0.0182311
273  279  0.0408892
273  280  0.0212832
273  326  0.271629
274  325  0.297887
275  324  0.297817
276  323  0.297391
277  322  0.297882
278  321  0.293718
278  660  0.0168841
279  320  0.261423
279  659  0.0198348
280  296  0.0755044
280  298  0.0122586
280  658  0.0219767
281  297  0.0123271
281  317  0.25434
281  318  0.0377789
281  550  0.0363619
281  657  0.0218907
282  294  0.0315019
282  316  0.293971
282  549  0.095839
282  656  0.0213976
283  293  0.0918485
283  315  0.293903
283  548  0.0960043
283  655  0.02136
284  292  0.0908982
284  309  0.0648858
284  314  0.224457
284  547  0.0957955
285  291  0.088704
285  308  0.130737
285  546  0.095578
286  307  0.131553
286  545  0.0957276
287  306  0.128846
287  544  0.0955861
288  313  0.0177124
288  543  0.0943702
289  305  0.100647
289  311  0.0469899
289  312  0.0224537
289  542  0.0935009
290  304  0.0765964
290  310  0.0437518
290  541  0.0880981
290  552  0.0642729
290  576  0.0195515
291  310  0.0112706
291  551  0.0776725
291  575  0.0228526
292  302  0.123576
292  538  0.0691183
292  550  0.0811714
293  301  0.12768
293  308  0.157523
293  537  0.0820726
293  549  0.0828864
294  300  0.0942807
294  307  0.158115
294  536  0.0590223
294  545  0.0133904
294  548  0.076756
294  572  0.0159457
295  306  0.0926472
295  535  0.0567331
295  536  0.0291694
295  544  0.0160185
295  571  0.023099
296  304  0.0198471
296  306  0.103545
296  535  0.0293806
296  543  0.0160392
296  570  0.0230849
297  305  0.169277
297  356  0.0455108
297  542  0.0159876
298  304  0.160133
298  355  0.0497837
298  541  0.0151663
298  544  0.342184
299  354  0.0498966
299  543  0.369622
300  353  0.049807
300  542  0.370063
300  549  0.0266686
301  352  0.0460305
301  541  0.370424
301  548  0.0266538
302  539  0.186512
302  540  0.191499
302  547  0.0194944
302  656  0.0225417
303  538  0.36366
303  543  0.0275163
303  655  0.0254958
304  351  0.0233618
304  537  0.361293
304  542  0.0267949
304  654  0.0285604
305  350  0.0235148
305  536  0.286077
305  653  0.0285403
306  321  0.0156741
306  349  0.0230109
306  537  0.0185689
306  652  0.0285193
307  320  0.0196769
307  534  0.186599
307  539  0.0285405
307  651  0.0285195
308  319  0.0224768
308  347  0.012658
308  535  0.0422305
308  536  0.0878003
308  538  0.0274756
308  544  0.0106159
308  650  0.0283996
309  318  0.0213075
309  346  0.0121443
309  535  0.111793
309  543  0.0106153
310  534  0.117473
310  542  0.0105934
311  533  0.0600146
312  533  0.463056
313  532  0.55197
313  539  0.0101665
314  531  0.561066
314  538  0.0107052
315  342  0.0280956
315  524  0.0178872
315  530  0.564783
315  537  0.0108035
316  341  0.0282137
316  523  0.0185722
316  529  0.563864
316  536  0.0106725
317  522  0.015428
319  388  0.0345429
319  485  0.176322
319  511  0.282739
320  338  0.0295446
320  387  0.0348622
320  483  0.145574
320  484  0.117617
320  510  0.286977
321  337  0.0306431
321  386  0.0350406
321  482  0.224848
321  483  0.0588779
321  509  0.287705
322  336  0.0307728
322  385  0.0350803
322  481  0.285298
322  508  0.287525
323  335  0.0307951
323  349  0.0261849
323  384  0.0344945
323  480  0.284907
323  506  0.0168969
323  507  0.217278
323  861  0.0206118
324  334  0.0307721
324  348  0.0263484
324  383  0.0343891
324  479  0.285337
324  505  0.0334196
324  860  0.0206994
325  333  0.0307806
325  347  0.0262712
325  382  0.0343056
325  478  0.285427
325  504  0.049961
325  505  0.175351
325  859  0.0210353
326  332  0.0304178
326  477  0.284736
326  503  0.0532797
326  857  0.0136274
326  858  0.011523
327  331  0.0239073
327  344  0.0572833
327  476  0.241973
327  856  0.026085
328  343  0.0639205
328  475  0.243499
328  501  0.449656
328  855  0.026215
329  342  0.064298
329  474  0.283594
329  500  0.537082
329  501  0.0109806
329  854  0.0263222
330  341  0.0645409
330  473  0.201297
330  499  0.563445
330  853  0.0248874
331  340  0.0644559
331  473  0.0394885
331  498  0.564931
332  339  0.0619584
332  473  0.0338929
332  497  0.564643
332  848  0.0249785
333  343  0.0148851
333  472  0.282061
333  496  0.564934
333  847  0.0269246
334  342  0.014941
334  471  0.282894
334  495  0.56477
334  846  0.0269341
335  470  0.282879
335  494  0.564413
335  845  0.0270015
336  399  0.0138304
336  469  0.265494
336  844  0.0266347
337  398  0.0120826
337  399  0.0917701
337  843  0.0260954
338  398  0.0911868
338  492  0.029026
338  842  0.0184127
339  396  0.0103593
339  826  0.0239562
340  395  0.0102798
340  396  0.439438
340  490  0.269331
340  825  0.0319201
341  392  0.0392907
341  395  0.515568
341  489  0.274571
341  824  0.0319336
342  391  0.0393949
342  394  0.514006
342  488  0.275447
342  823  0.031934
343  390  0.0385422
343  391  0.519803
343  487  0.275409
343  822  0.0319334
344  390  0.526387
344  486  0.273895
344  821  0.0318958
345  367  0.0460518
345  389  0.567272
345  485  0.266203
345  820  0.0317426
346  351  0.0102378
346  365  0.0234481
346  366  0.057976
346  388  0.564973
346  389  0.143355
347  365  0.292908
347  388  0.143198
347  818  0.0168167
348  363  0.0545284
349  362  0.0563998
349  364  0.790342
349  385  0.0162983
350  361  0.0564054
350  363  0.807519
351  360  0.0562569
351  362  0.81103
351  799  0.0310546
352  359  0.0425464
352  361  0.810466
352  474  0.0253607
352  798  0.031954
353  360  0.802362
353  473  0.025471
353  797  0.0319535
354  359  0.433349
354  472  0.0253073
354  796  0.0318892
355  471  0.0243644
355  795  0.0319038
356  470  0.0198697
356  794  0.027274
357  392  0.0240872
358  391  0.023916
359  390  0.0244886
360  389  0.0284816
360  534  0.0409514
360  792  0.0276988
361  533  0.0476658
361  791  0.0313966
362  388  0.0294859
362  532  0.0486033
362  790  0.0315109
363  387  0.0292917
363  531  0.0487304
364  530  0.0487845
364  789  0.0316812
365  385  0.140274
365  529  0.0486292
365  788  0.0317012
366  383  0.816312
366  787  0.0316528
367  382  0.899666
367  786  0.0316129
368  381  0.930236
369  380  0.942145
369  701  0.0224014
370  379  0.94227
370  700  0.0312343
371  378  0.922111
371  699  0.0313332
372  377  0.605488
372  698  0.0329119
373  697  0.032944
375  696  0.0325164
376  695  0.0326264
378  694  0.0333875
379  693  0.0334062
380  692  0.0334076
381  691  0.0329906
384  478  0.0329439
385  477  0.0728691
386  476  0.0757844
386  507  0.0151259
387  475  0.0725544
387  506  0.0156013
388  505  0.0157299
388  685  0.0331997
389  473  0.0911501
389  504  0.0157162
389  520  0.0872205
389  684  0.0335376
390  407  0.0119016
390  472  0.135719
390  475  0.0852948
390  519  0.0898784
390  683  0.0334911
391  406  0.0119483
391  471  0.135701
391  474  0.109839
391  518  0.0904296
391  682  0.03355
392  405  0.0118936
392  470  0.0665563
392  473  0.0339293
392  517  0.0903825
392  681  0.0335304
393  404  0.0115885
393  516  0.0900262
393  680  0.0333863
394  403  0.0110167
394  468  0.0992658
394  471  0.111722
394  515  0.0903719
394  679  0.0334769
395  470  0.11159
395  514  0.0904614
395  678  0.0334709
396  513  0.0901728
397  467  0.382207
397  468  0.044624
397  512  0.0823382
397  676  0.0325911
398  466  0.490936
398  510  0.012393
398  675  0.0302108
399  465  0.500417
399  509  0.011411
399  674  0.028381
400  464  0.502393
400  673  0.0243714
401  462  0.395311
401  463  0.381915
401  510  0.0529213
402  461  0.611142
402  462  0.259543
402  509  0.0623752
403  460  0.686967
403  461  0.195089
403  508  0.0475171
404  459  0.816033
404  460  0.0744743
405  458  0.895082
405  506  0.077676
406  457  0.894982
406  505  0.0900156
407  456  0.894052
407  504  0.0900288
408  502  0.0984929
409  454  0.163494
409  501  0.102043
410  455  0.0233835
410  500  0.101206
411  499  0.0903076
412  453  0.987823
413  452  0.997033
414  451  0.997706
415  450  0.998339
416  449  0.998458
417  448  0.998034
418  447  0.999697
419  446  0.998787
420  445  0.998091
421  443  0.997711
422  442  0.997502
423  441  0.461029
424  440  0.458687
425  439  0.994926
426  438  0.985805
427  437  0.961277
429  436  0.708872
430  434  0.0120048
430  435  0.659208
454  498  0.102552
455  497  0.103175
456  496  0.103426
457  495  0.103425
458  494  0.103207
463  492  0.353104
464  491  0.390168
465  490  0.402184
466  489  0.402077
466  669  0.0271232
467  488  0.40159
467  668  0.0334427
468  487  0.402081
468  667  0.0337149
469  486  0.402026
469  666  0.0337205
470  485  0.395257
470  665  0.03372
471  664  0.0169023
472  481  0.0125134
472  664  0.0168185
473  663  0.0336359
474  481  0.345269
474  662  0.0336354
475  661  0.0331682
478  658  0.0243339
479  656  0.0314148
480  655  0.031465
481  654  0.0308566
483  652  0.0275327
484  651  0.0290065
485  650  0.0290991
486  512  0.0361264
486  649  0.0265533
487  511  0.0359286
487  512  0.0564211
487  528  0.204923
487  648  0.0140592
488  511  0.056707
488  527  0.206502
489  509  0.035272
489  510  0.0466405
489  526  0.208782
490  508  0.0426321
490  525  0.209007
490  645  0.0105437
491  507  0.0344637
491  524  0.2088
492  508  0.0512096
492  523  0.20824
493  507  0.0692102
493  522  0.204966
494  506  0.10631
495  505  0.110203
496  504  0.110181
496  520  0.205445
497  503  0.103617
497  519  0.206987
498  518  0.206829
501  514  0.0189551
503  513  0.199731
504  512  0.212963
505  511  0.211138
506  510  0.0803741
512  529  0.0305748
513  528  0.511623
514  527  0.512403
515  526  0.512396
516  525  0.177367
517  524  0.178485
518  523  0.510385
524  650  0.0481114
525  649  0.15384
526  648  0.154969
527  646  0.0488586
527  647  0.141736
528  645  0.0632069
528  646  0.128267
529  644  0.0834556
530  643  0.0847026
530  645  0.12298
531  642  0.0841912
531  644  0.122649
532  643  0.122352
533  641  0.147423
533  642  0.0613461
534  640  0.210674
535  639  0.214158
536  638  0.215381
537  637  0.215381
538  636  0.214094
541  633  0.024638
542  631  0.175872
542  632  0.012811
543  630  0.192568
543  635  0.0184602
544  629  0.193143
544  634  0.0232439
545  628  0.189304
545  633  0.0232987
546  627  0.15603
546  632  0.0230227
547  631  0.0219691
548  625  0.017672
548  630  0.0119568
549  624  0.0176713
549  627  0.0112591
553  569  0.563075
554  568  0.564444
555  567  0.564445
556  566  0.564398
556  676  0.0153025
557  565  0.55403
557  675  0.0142401
558  564  0.466425
559  563  0.272017
560  672  0.0153693
561  671  0.0148726
562  670  0.0141727
565  665  0.431849
566  664  0.432414
567  663  0.432873
568  662  0.432842
570  660  0.0351861
571  626  0.194633
571  659  0.432766
572  625  0.195574
572  658  0.432911
573  624  0.195817
573  657  0.429219
574  623  0.189452
574  656  0.299791
577  621  0.111213
577  652  0.403548
578  620  0.207482
578  651  0.474485
578  656  0.201962
579  619  0.213884
579  650  0.47988
579  655  0.231424
580  618  0.213208
580  649  0.479831
580  654  0.286629
581  617  0.213444
581  653  0.286349
582  648  0.474689
582  652  0.277493
583  616  0.218274
583  647  0.47502
584  615  0.218295
584  646  0.473974
584  650  0.283276
585  614  0.217814
585  629  0.013783
585  634  0.212602
585  649  0.282817
586  628  0.0138071
586  633  0.212816
586  644  0.203849
586  648  0.261367
587  613  0.054545
587  627  0.0136651
587  631  0.33361
587  632  0.123671
587  643  0.0518331
587  647  0.0322711
588  626  0.0134005
588  630  0.47101
588  634  0.0197816
588  642  0.0359823
589  625  0.0131662
589  629  0.474918
589  633  0.0203268
589  641  0.188447
590  610  0.207676
590  624  0.0107785
590  632  0.0203808
590  640  0.104549
591  609  0.213037
591  627  0.430296
591  631  0.0195519
591  640  0.0969317
592  608  0.216706
592  626  0.538283
592  630  0.018557
592  639  0.197732
593  607  0.21657
593  625  0.538528
593  629  0.0182619
593  638  0.198198
594  606  0.206978
594  624  0.537987
594  637  0.198012
595  623  0.535067
595  636  0.19286
596  602  0.0111944
596  604  0.0293752
596  609  0.0316939
596  622  0.441279
597  608  0.0914605
597  621  0.0262103
597  626  0.0126686
597  634  0.127934
598  607  0.0918324
598  620  0.106026
598  625  0.0126891
598  633  0.126884
599  606  0.0773025
599  619  0.473485
599  624  0.0124455
599  631  0.0655168
599  632  0.0715439
600  618  0.473081
600  630  0.119883
601  629  0.1198
602  628  0.110738
605  618  0.013331
607  615  0.0985908
607  616  0.409121
608  613  0.250788
608  615  0.410635
609  614  0.379187
609  629  0.0188078
610  628  0.018677
612  621  0.0131406
612  630  0.0102896
613  620  0.0156387
613  623  0.0187789
613  625  0.0237705
613  628  0.0213417
613  629  0.0115332
614  619  0.0152219
614  622  0.0187804
614  624  0.024078
614  627  0.120272
615  621  0.0155324
615  623  0.0237621
615  626  0.132177
615  630  0.0176529
616  625  0.130619
616  629  0.0230914
617  628  0.0241956
618  624  0.0244294
618  627  0.0268944
619  623  0.0135357
619  626  0.0263036
634  647  0.247129
635  646  0.2739
636  645  0.553117
637  644  0.562305
638  643  0.557194
692  701  0.0138889
693  700  0.0139921
694  699  0.0119794
698  727  0.442524
699  726  0.923935
700  725  0.924349
701  723  0.947416
702  722  0.956844
703  721  0.967048
704  720  0.967057
705  719  0.965039
706  718  0.95877
707  716  0.115434
707  717  0.781974
707  849  0.0105919
708  714  0.016658
708  715  0.224224
708  848  0.0139609
709  847  0.0269471
710  846  0.0269554
711  845  0.0269135
712  844  0.026947
713  843  0.0268382
714  842  0.0258251
715  835  0.0266084
716  834  0.0275717
717  833  0.0280884
718  832  0.02815
719  831  0.028079
720  830  0.028052
721  829  0.0280166
722  763  0.0222552
723  762  0.0410439
724  761  0.0418395
725  760  0.0419125
725  782  0.0127577
726  759  0.0419103
726  781  0.0128015
727  758  0.0404603
730  742  0.0388461
731  741  0.0390719
731  777  0.0155968
732  740  0.0323998
732  776  0.0141275
734  749  0.724891
735  748  0.806006
735  773  0.0298853
736  747  0.870915
736  772  0.0347576
737  746  0.865345
737  771  0.0347459
738  745  0.802884
738  770  0.0346682
739  769  0.0337327
741  767  0.0344585
742  766  0.0345114
743  765  0.0329493
745  761  0.0313427
746  755  0.0643177
746  760  0.0332129
747  754  0.0678525
747  759  0.0335844
748  758  0.0316829
766  861  0.0834157
766  897  0.794902
767  782  0.0559562
767  860  0.0834446
767  896  0.795308
768  781  0.0566604
768  859  0.083193
768  895  0.795314
769  780  0.0556348
769  894  0.794388
770  893  0.793271
771  778  0.127362
771  892  0.793608
772  777  0.130708
772  891  0.792967
774  850  0.3249
775  849  0.354285
776  781  0.0232697
776  848  0.359404
776  862  0.0936503
777  847  0.360753
777  861  0.121032
778  846  0.336779
779  858  0.405162
780  831  0.15711
780  857  0.439927
781  830  0.196896
781  855  0.020088
781  856  0.453097
782  854  0.0208933
782  855  0.451114
783  828  0.693588
783  854  0.186006
784  827  0.767732
785  826  0.783517
786  825  0.791081
786  828  0.0206896
786  882  0.0354291
787  827  0.019445
787  881  0.0373384
788  824  0.806475
788  840  0.0174199
788  880  0.0382317
789  823  0.805495
789  839  0.0187118
789  879  0.0382416
790  822  0.626028
790  838  0.0185427
790  878  0.0382219
791  849  0.0127078
791  877  0.0284267
792  821  0.0511684
792  845  0.0100491
792  848  0.0152568
793  820  0.0489341
793  825  0.0100088
793  844  0.012149
793  847  0.015776
794  843  0.0114537
794  846  0.015296
795  819  0.0258869
795  822  0.317526
795  845  0.0108714
796  821  0.884133
797  820  0.906511
798  819  0.906287
799  818  0.903751
800  816  0.986441
801  815  0.986427
802  814  0.985139
803  813  0.980456
804  812  0.934776
826  866  0.0176561
827  839  0.0336797
827  865  0.020232
828  838  0.0582518
828  864  0.0214226
829  837  0.0822529
829  847  0.0863935
829  852  0.292371
829  863  0.0220354
830  836  0.0745583
830  851  0.291401
830  862  0.0181697
831  845  0.198429
831  850  0.279646
832  844  0.525267
832  849  0.243616
833  843  0.525031
834  842  0.522655
835  841  0.507903
835  848  0.0110265
836  840  0.295299
836  846  0.280555
837  845  0.304601
838  844  0.296998
839  843  0.113094
845  852  0.0259786
845  861  0.0366646
846  851  0.0161182
846  860  0.0367792
847  859  0.0370081
848  858  0.0344249
852  883  0.146843
853  882  0.139196
854  879  0.0288982
855  878  0.0289087
855  879  0.100475
856  878  0.101802
856  879  0.106008
856  883  0.0101931
856  886  0.0760428
857  878  0.073825
857  885  0.0749621
858  884  0.0530405
859  876  0.294613
859  880  0.014752
859  881  0.239402
860  875  0.29512
860  880  0.293246
861  874  0.291434
861  878  0.0166103
861  879  0.292439
862  877  0.0177857
863  878  0.261326
863  889  0.0222087
864  876  0.0711597
864  877  0.246837
865  870  0.0171747
865  875  0.0689539
865  876  0.244609
868  873  0.0466758
868  885  0.0461026
868  886  0.023984
868  887  0.0128427
868  903  0.0981258
869  884  0.0516728
869  885  0.0308854
869  886  0.0138378
869  902  0.13674
870  883  0.0523798
870  884  0.0291684
870  885  0.0108598
870  901  0.147222
871  882  0.0357542
871  900  0.14902
872  881  0.0190155
872  882  0.100652
872  899  0.141791
873  881  0.12421
874  880  0.14226
874  897  0.192906
875  879  0.115461
875  896  0.193049
876  895  0.193012
877  894  0.187838
878  893  0.0762348
880  889  0.0494239
880  891  0.171057
881  888  0.0481632
881  890  0.171831
882  887  0.0415066
882  889  0.163124
898  907  0.0166894
899  906  0.0176445
900  905  0.0113601
