1  728  0.0412405
1  915  0.011137
2  727  0.0671203
2  782  0.0503134
2  914  0.0152561
3  723  0.018058
3  726  0.074411
3  781  0.0614063
3  913  0.0170104
3  918  0.0705258
4  725  0.0737378
4  780  0.0602131
4  917  0.0551686
5  721  0.0693589
5  724  0.0383134
5  779  0.0510246
5  917  0.0433259
6  720  0.0851843
6  916  0.0577259
7  719  0.0834326
7  720  0.0595394
7  722  0.0275628
7  777  0.0134875
7  915  0.052493
8  718  0.0701682
8  719  0.0640167
8  776  0.0121402
8  916  0.0107463
9  718  0.0620067
9  911  0.0159393
9  915  0.011571
10  717  0.0458208
10  910  0.0187084
10  914  0.0102423
11  503  0.010893
11  909  0.0182406
12  502  0.530966
12  908  0.0119984
12  910  0.0139283
13  501  0.629544
14  500  0.646969
14  908  0.107763
15  499  0.653887
15  907  0.130657
16  498  0.655237
16  906  0.131932
17  497  0.65288
17  574  0.0148607
18  496  0.652688
18  573  0.0174313
19  138  0.178045
19  572  0.0176722
20  137  0.183531
20  495  0.663406
20  571  0.0177156
20  903  0.0942171
21  136  0.185698
21  494  0.663011
21  902  0.0951235
22  135  0.186548
22  493  0.663342
22  570  0.0169367
22  901  0.0951156
23  134  0.272002
23  492  0.663085
23  569  0.0177576
24  133  0.274583
24  491  0.663681
24  568  0.0177423
25  132  0.273072
25  490  0.66251
26  44  0.0204764
26  489  0.663592
27  43  0.0205087
27  131  0.280717
27  488  0.663129
27  565  0.0109907
28  42  0.0198633
28  130  0.282006
28  487  0.663511
28  563  0.0177321
29  129  0.282154
29  486  0.662064
29  562  0.0177392
30  41  0.0246624
30  128  0.282223
30  485  0.661273
30  561  0.017748
31  40  0.024777
31  127  0.279612
31  484  0.657408
31  560  0.0176584
32  39  0.0244443
32  237  0.0391968
32  553  0.0142182
33  38  0.022531
33  47  0.312027
33  236  0.0419158
33  482  0.496559
33  552  0.0175374
34  44  0.0119585
34  46  0.358493
34  235  0.0432351
34  481  0.49976
34  551  0.0178485
35  42  0.0214665
35  45  0.358476
35  234  0.0433983
35  479  0.0108956
35  480  0.450279
35  550  0.0178498
36  41  0.0447817
36  44  0.352585
36  147  0.0172713
36  160  0.0258509
36  233  0.043449
36  478  0.0206904
36  549  0.0178398
37  146  0.0173034
37  159  0.0253571
37  232  0.0432666
37  477  0.020175
37  478  0.113722
37  548  0.0173936
38  43  0.0156355
38  145  0.0166227
38  158  0.0177953
38  231  0.0391843
38  476  0.0167679
39  476  0.0277665
40  227  0.0421789
40  480  0.0505684
41  148  0.0121539
41  226  0.042216
41  474  0.0658002
41  479  0.0976632
41  543  0.0175039
42  147  0.0141569
42  225  0.0418694
42  473  0.058922
42  478  0.0997777
42  542  0.0177784
43  146  0.0135802
43  224  0.0382986
43  472  0.0493611
43  477  0.0976843
43  541  0.0178281
44  153  0.0336975
44  540  0.0178392
45  140  0.0604897
45  152  0.0348842
45  475  0.129285
45  481  0.0224618
45  539  0.0178352
46  139  0.0609922
46  151  0.0348761
46  474  0.128835
46  480  0.0225212
46  538  0.0178156
47  138  0.0609017
47  150  0.0306463
47  479  0.0215505
47  537  0.0141899
48  137  0.0608482
48  478  0.0176266
49  136  0.0582947
50  135  0.0480411
51  58  0.0126108
51  145  0.0125763
52  57  0.0135299
52  144  0.0129278
53  132  0.0489216
53  143  0.0123835
54  131  0.0577644
55  130  0.0592031
56  129  0.0536643
57  138  0.0117229
58  137  0.0183745
59  136  0.0198865
60  135  0.0200444
61  134  0.0201095
62  133  0.0200793
62  535  0.0100835
63  123  0.0142692
63  132  0.0173307
63  158  0.425824
63  534  0.0102354
64  122  0.0162229
64  157  0.505738
64  533  0.0101313
65  156  0.518976
66  118  0.0205327
66  155  0.522425
67  79  0.0145792
67  118  0.0142354
67  154  0.524935
68  78  0.0159351
68  116  0.362942
68  153  0.525415
69  77  0.0159465
69  115  0.419226
69  152  0.523849
70  76  0.0155457
70  114  0.41888
70  150  0.0605662
70  151  0.432877
71  113  0.418839
71  149  0.121094
71  150  0.334489
72  112  0.418185
72  148  0.181303
72  151  0.0264504
73  149  0.199032
73  150  0.0363335
74  148  0.130417
74  149  0.0428856
74  523  0.0145391
75  145  0.145104
75  148  0.0403819
75  522  0.0151056
76  144  0.145423
76  146  0.289575
76  521  0.0152673
77  143  0.132713
77  145  0.309141
77  148  0.0213945
77  520  0.0153207
78  144  0.285846
78  147  0.0346041
78  519  0.0153354
79  146  0.0344999
79  518  0.0149014
80  118  0.0263708
80  142  0.407914
80  145  0.0305336
81  89  0.406647
81  117  0.0319229
81  141  0.448338
81  144  0.0253916
81  511  0.0176766
82  88  0.406246
82  116  0.0322339
82  510  0.0177078
83  87  0.251693
83  89  0.0147511
83  115  0.0315978
83  140  0.496088
83  509  0.0177098
84  88  0.0119905
84  139  0.496366
84  508  0.0177098
85  138  0.495511
85  507  0.017702
86  136  0.374525
86  506  0.0151694
87  116  0.0208456
87  135  0.373706
87  505  0.0151168
88  115  0.0245547
88  134  0.273498
88  504  0.0143276
89  112  0.267812
89  133  0.264171
89  503  0.0139731
90  111  0.929167
91  110  0.929811
92  109  0.93022
92  130  0.01117
93  101  0.043815
93  108  0.93329
94  100  0.0438451
94  107  0.926986
95  99  0.0271846
95  104  0.0725147
95  105  0.0956672
96  103  0.116185
96  104  0.0942974
96  105  0.206085
97  102  0.11487
97  103  0.0868927
97  104  0.199834
97  105  0.0126826
98  102  0.0513264
98  103  0.163611
98  104  0.014931
107  130  0.0101838
109  128  0.0636716
110  127  0.0637731
111  126  0.0637686
112  125  0.0647533
112  128  0.0151925
115  126  0.0532966
115  502  0.0126228
116  124  0.095734
116  125  0.0548682
116  127  0.0257541
116  501  0.0126987
117  123  0.0942262
117  126  0.0240284
117  135  0.0985076
117  500  0.0123026
118  122  0.0547958
118  134  0.211924
119  130  0.0255691
119  133  0.228187
119  498  0.0113943
120  129  0.0232668
120  132  0.230595
120  497  0.0110046
121  131  0.229247
122  130  0.215692
122  493  0.0136196
123  492  0.0145173
124  491  0.0145886
125  130  0.0193185
125  490  0.0145906
126  140  0.0591564
126  481  0.0249046
126  489  0.0145896
127  139  0.059752
127  480  0.0249508
127  488  0.0145691
128  138  0.0597043
128  479  0.0249536
128  487  0.0145324
129  137  0.0569976
129  478  0.0221953
130  473  0.0284601
131  472  0.0346876
132  471  0.0353041
133  470  0.0357416
134  469  0.0359703
135  468  0.0359988
135  900  0.10543
136  467  0.0359774
136  899  0.105681
137  466  0.0359343
137  898  0.106006
138  482  0.0205166
138  897  0.0964449
139  464  0.0359301
139  481  0.0293629
139  798  0.137728
139  886  0.0193592
139  896  0.105779
140  463  0.0357344
140  480  0.0294034
140  797  0.137908
140  885  0.0181585
140  895  0.11661
141  479  0.0310835
141  796  0.137906
141  894  0.11654
142  461  0.0330127
142  478  0.030774
142  795  0.133236
143  460  0.0347136
143  477  0.0296368
143  884  0.127753
144  459  0.0347521
144  476  0.026296
144  793  0.102232
144  883  0.140272
145  458  0.0338387
145  792  0.106542
145  882  0.14243
146  154  0.0142563
146  457  0.032621
146  881  0.143267
147  153  0.0151188
147  456  0.0324517
147  479  0.0181184
147  790  0.131287
147  880  0.143379
148  258  0.0121993
148  478  0.020465
148  789  0.131968
148  879  0.142601
149  257  0.010619
149  477  0.0201604
149  788  0.101956
149  878  0.133844
150  787  0.0644137
150  788  0.0294536
150  792  0.0938109
151  475  0.0648227
151  787  0.0586714
151  791  0.151466
152  255  0.0135383
152  474  0.0648543
152  786  0.0878187
152  790  0.156029
153  160  0.0380558
153  254  0.013753
153  473  0.0584906
153  785  0.0374716
153  789  0.156522
154  159  0.025029
154  253  0.0122069
154  472  0.0577613
154  788  0.147248
155  471  0.0488317
155  787  0.115151
156  470  0.0368436
156  787  0.0150089
157  166  0.0151996
157  469  0.0255373
157  786  0.0220195
158  165  0.0169477
158  171  0.0524755
158  222  0.0109272
158  467  0.0155651
158  785  0.0168204
159  170  0.255238
159  221  0.0319436
159  466  0.0156233
159  480  0.0134148
160  169  0.270692
160  220  0.0337065
160  465  0.0156362
160  474  0.0181183
160  479  0.0980767
161  168  0.257038
161  171  0.0184084
161  219  0.0336092
161  473  0.0199272
161  477  0.0252482
161  478  0.0909113
162  167  0.202303
162  170  0.0395293
162  218  0.0334165
162  476  0.038384
163  169  0.0410114
163  217  0.0331981
163  474  0.179659
166  471  0.433354
167  179  0.0313487
167  470  0.506636
168  178  0.0410924
168  469  0.543707
168  782  0.0267113
169  177  0.0435663
169  468  0.557977
169  781  0.0325884
170  176  0.0396921
170  467  0.557849
171  175  0.0230525
171  466  0.558477
171  780  0.248822
172  227  0.0124625
172  465  0.555913
172  779  0.302613
173  226  0.0125803
173  463  0.497119
173  778  0.30314
174  225  0.0121983
174  462  0.370397
174  777  0.30249
175  458  0.358737
175  461  0.215864
175  776  0.302688
176  221  0.0114195
176  457  0.580734
176  775  0.302485
177  220  0.0123156
177  456  0.600475
177  774  0.301575
178  219  0.011912
178  455  0.603625
179  215  0.013532
179  454  0.60466
179  724  0.0304241
180  214  0.0304491
180  453  0.605662
180  723  0.260212
181  452  0.605278
181  722  0.265135
182  451  0.604082
182  721  0.26788
183  720  0.202736
183  722  0.0175528
184  210  0.582892
184  721  0.0273874
185  209  0.605028
185  718  0.0199032
185  719  0.0182469
185  720  0.0253925
186  208  0.615323
186  718  0.0162404
186  719  0.0170971
187  206  0.0253169
187  207  0.553208
187  502  0.246078
187  717  0.0109777
188  501  0.296712
189  204  0.535503
189  500  0.307502
190  203  0.644117
190  499  0.311592
191  202  0.660685
191  498  0.312126
192  201  0.6627
192  402  0.01045
192  497  0.312973
193  200  0.658497
193  401  0.0107229
193  496  0.312894
194  199  0.596956
194  400  0.010769
194  495  0.313073
195  399  0.010763
195  494  0.31307
196  493  0.31268
197  492  0.312724
198  491  0.312573
199  490  0.311197
200  226  0.146847
201  225  0.27285
201  489  0.0153159
202  224  0.272631
203  223  0.269715
204  222  0.255899
205  220  0.0254946
206  219  0.0127832
207  219  0.260128
207  429  0.0103933
208  218  0.273962
208  397  0.0142283
208  428  0.0108941
208  487  0.0315825
209  217  0.27341
209  396  0.0140176
209  427  0.0107657
209  444  0.0281506
209  486  0.0316733
210  216  0.271486
210  395  0.0122196
210  426  0.0104928
210  443  0.0567181
210  485  0.031877
211  429  0.0394661
211  440  0.145013
211  442  0.0618528
211  484  0.0318778
212  396  0.020029
212  428  0.0421235
212  439  0.145016
212  483  0.0318516
213  395  0.0216703
213  434  0.0105337
213  438  0.0946054
213  440  0.0798617
213  481  0.01495
214  393  0.348691
214  433  0.0107216
214  435  0.0909677
214  436  0.0117058
214  439  0.0796579
214  480  0.0155074
215  235  0.0116492
215  392  0.370817
215  434  0.0984079
215  437  0.0262357
215  438  0.0461117
216  234  0.0153547
216  391  0.37848
216  412  0.0155105
216  433  0.0986233
216  436  0.0450132
217  233  0.0158488
217  390  0.381674
217  411  0.243281
217  443  0.0167325
218  232  0.0158103
218  389  0.381605
218  410  0.243544
218  442  0.0167429
219  231  0.0158255
219  388  0.37487
219  409  0.243366
219  441  0.0166529
220  225  0.0410923
220  230  0.0105567
220  387  0.269863
220  440  0.0155635
221  228  0.0104071
221  387  0.0348222
221  407  0.242353
222  386  0.0648041
222  406  0.24036
223  405  0.238283
224  386  0.0191865
224  403  0.240766
225  402  0.250089
226  385  0.346655
226  401  0.250401
227  384  0.376245
227  400  0.250949
227  489  0.251698
228  383  0.374967
228  398  0.06099
228  399  0.194124
228  488  0.252088
229  381  0.0114766
229  382  0.37094
229  397  0.132754
229  398  0.138344
229  487  0.252206
230  380  0.0155594
230  381  0.364711
230  396  0.188816
230  397  0.0813656
230  486  0.251961
231  249  0.136488
231  257  0.0950181
231  379  0.0167346
231  395  0.244738
232  248  0.189419
232  256  0.117622
232  263  0.063522
232  378  0.01008
232  394  0.244712
233  247  0.193271
233  255  0.14087
233  262  0.0699422
233  380  0.0339581
233  393  0.244919
234  249  0.0163326
234  254  0.145949
234  258  0.0100316
234  261  0.0652384
234  264  0.0140633
234  367  0.0581144
234  372  0.0403885
234  379  0.0409931
234  392  0.0481308
235  245  0.0132797
235  246  0.17352
235  248  0.020708
235  260  0.0591032
235  263  0.0135697
235  366  0.0565032
235  371  0.0400617
235  378  0.0404599
236  244  0.0135611
236  245  0.185868
236  247  0.0209492
236  256  0.0235191
236  259  0.0406985
236  262  0.0122961
236  365  0.0542664
236  370  0.0389194
236  377  0.0359951
237  244  0.194441
237  246  0.0198639
237  251  0.129573
237  364  0.0474162
237  369  0.0351627
237  376  0.0283559
238  243  0.159288
238  250  0.121451
239  249  0.0987871
239  250  0.0252117
239  253  0.0675431
239  362  0.0235029
240  249  0.0344656
240  252  0.0789016
240  361  0.025449
241  247  0.0245291
241  248  0.0394948
241  251  0.0826438
241  360  0.0222114
242  250  0.080857
242  252  0.0218588
243  251  0.0261698
244  250  0.0253803
245  249  0.012766
247  254  0.163505
247  258  0.145932
247  264  0.0102154
248  253  0.143505
248  257  0.145768
249  256  0.140264
249  263  0.0135313
250  255  0.0703567
250  262  0.0142033
250  363  0.0111417
251  261  0.0143237
251  362  0.0107187
252  260  0.0141615
253  259  0.011867
254  358  0.0506213
254  391  0.01301
254  483  0.229655
255  265  0.0425291
255  357  0.106214
255  375  0.0174487
255  385  0.0502703
255  390  0.0199381
255  482  0.270402
256  264  0.0816403
256  356  0.106258
256  374  0.0173265
256  384  0.0575966
256  389  0.0197466
256  481  0.278225
257  263  0.0815219
257  373  0.0141847
257  383  0.0578264
257  388  0.0176752
257  480  0.278165
258  262  0.0699433
258  267  0.0106934
258  355  0.102729
258  382  0.0577716
258  479  0.279099
259  266  0.0101307
259  354  0.106645
259  478  0.270347
260  353  0.106548
260  455  0.0594436
260  477  0.235898
261  352  0.106676
261  454  0.0860336
261  476  0.216381
262  351  0.106785
262  453  0.100967
262  475  0.207061
263  350  0.106889
263  379  0.0229864
263  452  0.101007
264  349  0.106932
264  380  0.0168051
264  451  0.100891
264  474  0.0458331
265  347  0.105623
265  369  0.0102612
265  377  0.348229
265  450  0.0639493
266  346  0.0132821
266  368  0.013848
266  376  0.535471
266  469  0.184827
267  345  0.0150436
267  367  0.0141845
267  375  0.59768
267  468  0.188911
268  344  0.107044
268  367  0.0250317
268  372  0.0124574
268  374  0.596601
268  467  0.188058
269  343  0.105854
269  366  0.0252432
269  371  0.0129552
269  373  0.469608
269  466  0.188033
270  365  0.0234219
270  368  0.0172463
270  370  0.0141979
270  373  0.0424036
270  465  0.187128
271  338  0.522926
271  367  0.0171678
271  372  0.0802978
271  464  0.18313
272  337  0.8104
272  463  0.168781
273  336  0.870545
273  462  0.0784225
274  335  0.894814
275  334  0.97159
276  333  0.991282
277  332  0.991322
278  331  0.990857
279  330  0.824464
280  328  0.032856
281  303  0.0327879
281  304  0.0347673
281  327  0.0256149
281  328  0.085937
282  302  0.0351714
282  303  0.881005
282  327  0.0200357
283  301  0.0373225
283  302  0.953423
284  300  0.0373457
284  301  0.954039
285  300  0.953538
286  298  0.847911
286  299  0.124886
287  297  0.885436
288  296  0.868144
288  297  0.0580044
289  295  0.727784
289  296  0.055042
304  326  0.930559
305  325  0.99261
306  324  0.993664
307  323  0.993621
308  322  0.993149
309  320  0.144736
309  321  0.796114
310  319  0.285012
310  320  0.560501
312  317  0.0928046
334  375  0.0210075
335  367  0.058194
335  374  0.0233517
336  366  0.0579066
336  368  0.0107556
336  373  0.0235652
337  367  0.0206312
337  372  0.0238192
338  364  0.343774
338  366  0.0173327
338  371  0.0200781
339  363  0.814694
340  362  0.874718
341  361  0.886248
342  360  0.890249
343  359  0.891766
344  358  0.852658
345  358  0.0391578
346  357  0.892346
347  356  0.892399
348  355  0.88974
349  354  0.778596
366  434  0.0232313
367  433  0.026726
367  456  0.0198036
368  432  0.0274353
368  455  0.0167568
369  431  0.0274472
370  430  0.0274693
371  429  0.0275219
372  428  0.0274957
372  456  0.0383169
373  455  0.0289813
374  381  0.133954
374  397  0.0198212
375  380  0.131489
375  396  0.0230015
375  463  0.0161941
376  395  0.021243
376  462  0.0371023
377  446  0.0744716
377  461  0.0419466
378  392  0.17715
378  445  0.0866801
378  460  0.043145
379  391  0.198109
379  444  0.091564
379  459  0.0435341
380  390  0.226102
380  443  0.092952
380  458  0.0429247
381  389  0.224977
381  442  0.0929268
382  453  0.180682
383  452  0.181042
384  439  0.075695
384  451  0.181183
385  450  0.180588
386  449  0.174686
388  437  0.0946439
389  436  0.0979148
390  435  0.0979382
391  434  0.0916326
391  448  0.168762
392  447  0.189709
393  446  0.209626
394  431  0.0926695
394  434  0.0207645
394  445  0.320918
395  427  0.205589
395  433  0.0126523
395  444  0.357368
396  426  0.246024
396  443  0.367431
397  425  0.2462
397  431  0.0124629
397  442  0.366598
397  443  0.0257473
398  424  0.246234
398  430  0.0193321
398  442  0.0264901
398  485  0.0135855
398  489  0.0226602
399  423  0.245688
399  429  0.0222893
399  440  0.366715
399  484  0.0136255
400  428  0.0243741
400  439  0.366315
400  483  0.0136135
400  487  0.0249773
401  421  0.232057
401  427  0.0236988
401  436  0.0673732
401  486  0.0257643
402  420  0.218577
402  426  0.0189123
402  437  0.192844
402  438  0.0236518
402  481  0.0128417
402  485  0.0268625
403  419  0.220324
403  425  0.0185606
403  434  0.134906
403  437  0.0238858
403  440  0.0267006
403  484  0.026867
404  418  0.242041
404  433  0.143787
404  435  0.219817
404  436  0.0238978
404  439  0.027082
404  479  0.0134421
404  483  0.0268532
405  417  0.228488
405  420  0.0128727
405  432  0.138148
405  434  0.219128
405  438  0.0269887
405  478  0.013714
405  482  0.0219487
406  416  0.206778
406  419  0.0149976
406  431  0.135618
406  432  0.0135452
406  437  0.0267534
406  477  0.013645
407  415  0.186512
407  436  0.0258359
407  476  0.0133247
408  417  0.0190361
408  430  0.389943
408  475  0.0109007
408  481  0.0136511
409  416  0.0473315
409  429  0.407597
409  434  0.0146903
410  415  0.0533557
410  428  0.411506
410  433  0.0143745
410  480  0.0204768
411  479  0.0204799
412  425  0.0279911
412  426  0.684428
413  424  0.0361291
413  425  0.686692
414  423  0.0366383
414  424  0.686433
415  422  0.0364397
415  423  0.672978
416  421  0.0593192
428  475  0.0483993
429  474  0.0482416
433  445  0.0752506
433  470  0.0667901
434  444  0.0936799
434  469  0.0732874
435  443  0.115976
435  468  0.083787
436  442  0.115066
436  467  0.0837677
437  441  0.0438033
437  466  0.0838698
438  465  0.0837825
439  464  0.0841453
440  463  0.0841252
441  462  0.0788177
445  457  0.0108386
446  456  0.0109081
446  459  0.0740829
447  455  0.0107602
447  458  0.0774809
448  457  0.077783
449  456  0.0771988
450  455  0.070107
462  476  0.0619053
463  475  0.0930586
464  474  0.0931325
465  473  0.0924134
466  472  0.0905799
503  716  0.949749
504  715  0.95634
505  714  0.977125
506  713  0.977465
507  712  0.977439
508  711  0.97657
509  710  0.972411
510  683  0.0632418
511  682  0.0632057
511  708  0.756454
511  709  0.06233
512  708  0.0490457
513  704  0.176654
513  706  0.215416
514  703  0.177103
514  705  0.203413
515  702  0.140227
515  703  0.0117897
516  703  0.0105165
517  635  0.0559142
518  634  0.0671812
519  633  0.0680473
521  577  0.0641182
522  567  0.812685
522  576  0.0789422
523  566  0.866287
523  575  0.0799429
524  565  0.887745
524  574  0.0800351
525  564  0.89073
525  573  0.0799387
526  563  0.889517
526  572  0.0404869
527  562  0.889926
527  572  0.0412033
528  561  0.88597
528  571  0.0830961
529  570  0.0831062
530  559  0.887162
530  568  0.0840396
531  558  0.892206
531  567  0.0851293
532  557  0.891008
532  566  0.0852568
533  556  0.879076
533  565  0.0852181
534  555  0.762642
534  564  0.0846481
535  555  0.016715
536  554  0.0331864
536  562  0.0853987
537  552  0.769331
537  553  0.0168035
537  561  0.0854858
538  551  0.880681
538  560  0.085487
539  550  0.881522
539  559  0.0854798
540  549  0.870945
540  558  0.0845446
542  556  0.0519623
543  551  0.0117574
543  555  0.0531285
544  554  0.0487107
546  552  0.0110598
568  697  0.879118
569  696  0.881101
570  695  0.880272
571  694  0.880768
572  691  0.0286947
572  693  0.702117
573  690  0.0419485
574  689  0.0381612
575  634  0.197923
575  690  0.042129
576  633  0.0535288
576  687  0.0126077
576  690  0.0120712
577  686  0.0107215
577  688  0.0182038
577  689  0.0119922
578  631  0.965741
578  687  0.0113397
579  630  0.9976
580  629  0.998119
581  628  0.998881
583  627  0.999883
584  626  0.999926
585  625  0.999718
588  622  0.977942
589  621  0.997019
590  620  0.997168
591  619  0.996795
592  618  0.984875
593  611  0.0290376
594  610  0.0311222
594  616  0.909883
595  609  0.0310977
595  615  0.957143
596  614  0.957521
597  607  0.0378413
597  613  0.94322
598  606  0.040366
598  612  0.931942
599  605  0.0328197
599  611  0.882494
601  610  0.0207213
601  611  0.0102196
602  610  0.0136518
632  637  0.0118731
632  687  0.0306996
633  683  0.0223517
633  685  0.597237
634  684  0.586507
636  681  0.014679
636  686  0.0222506
637  680  0.0146631
637  681  0.812185
637  685  0.0250721
637  693  0.0844676
638  679  0.0136148
638  680  0.850645
638  684  0.0245778
638  692  0.0854417
639  679  0.851782
639  683  0.0246417
639  691  0.0854124
640  678  0.842341
640  682  0.0242224
640  690  0.0812373
641  677  0.72071
642  688  0.0655786
643  687  0.0659216
645  675  0.0103739
646  673  0.859234
647  672  0.899572
647  717  0.0109351
648  669  0.0334443
648  671  0.903536
648  683  0.0101867
648  716  0.0117364
649  670  0.902971
649  682  0.0101877
649  715  0.0117373
650  667  0.178313
650  669  0.784374
650  714  0.0116789
651  666  0.399904
651  667  0.186016
651  671  0.012005
651  713  0.0112841
652  665  0.644778
652  670  0.0133698
653  664  0.640351
653  669  0.0134937
653  712  0.0108479
654  661  0.0129203
654  662  0.0551641
654  667  0.32333
654  711  0.0107124
655  660  0.0188613
655  661  0.0541632
655  662  0.0625999
655  666  0.321348
656  665  0.292098
657  665  0.0143307
670  683  0.074434
671  682  0.0745119
672  681  0.068703
691  710  0.0195915
692  709  0.0950496
693  708  0.0956267
694  707  0.0954832
695  706  0.0950672
696  705  0.0902858
717  777  0.0164237
717  911  0.0159983
718  908  0.0420138
718  910  0.0220255
719  775  0.0853321
719  907  0.0508763
719  909  0.0221193
720  774  0.0955524
720  906  0.0518575
720  908  0.0219371
721  905  0.0481627
721  918  0.0171157
722  772  0.269202
722  907  0.0784179
722  917  0.0116412
722  921  0.014088
723  771  0.407987
723  906  0.0822401
723  920  0.0173687
724  770  0.641571
724  873  0.193863
725  769  0.642051
725  872  0.195359
726  768  0.641981
726  871  0.195555
727  767  0.599404
727  870  0.195123
728  869  0.193919
729  868  0.19157
730  867  0.170368
731  812  0.0344566
732  811  0.0458365
733  746  0.0287879
733  765  0.592904
733  810  0.048082
733  865  0.043613
734  745  0.0335969
734  764  0.60434
734  772  0.0891975
734  809  0.0241918
734  811  0.0437336
734  864  0.0448128
735  744  0.0335712
735  763  0.60427
735  771  0.0898109
735  809  0.148518
735  920  0.0582106
736  743  0.0303805
736  762  0.550666
736  770  0.0899332
736  808  0.194125
736  919  0.0598742
737  762  0.0284249
737  769  0.0899219
737  807  0.194148
737  918  0.0603469
738  761  0.0552041
738  768  0.088045
738  806  0.193932
738  917  0.0589565
739  761  0.0146444
739  805  0.193916
740  763  0.0115039
740  764  0.0675101
740  804  0.193189
741  763  0.0650555
742  758  0.63426
742  762  0.0360528
742  802  0.168916
742  915  0.0557782
743  757  0.68545
743  761  0.0119792
743  801  0.17522
743  914  0.0568832
744  756  0.700152
744  800  0.173271
744  913  0.0567667
745  755  0.700262
745  912  0.0561952
746  754  0.686539
746  910  0.0371647
747  753  0.621546
747  909  0.0326096
749  907  0.0551725
750  906  0.0566164
751  905  0.0504329
752  767  0.248057
753  766  0.284271
754  765  0.29449
755  764  0.297546
756  763  0.295504
757  762  0.194097
767  799  0.0178669
768  798  0.251752
769  797  0.25195
770  796  0.251931
771  795  0.246576
772  905  0.036485
773  904  0.0369081
773  913  0.240344
774  792  0.214586
774  903  0.0365341
774  912  0.240778
775  791  0.215552
775  911  0.239726
776  790  0.107973
776  902  0.0265417
776  910  0.221922
777  790  0.17539
777  901  0.0270136
777  906  0.0122946
777  909  0.188602
778  789  0.501688
778  900  0.0238633
778  905  0.0171053
778  913  0.0157786
779  788  0.503829
779  899  0.0162234
779  900  0.0213649
779  904  0.0168835
779  912  0.0157788
780  787  0.508768
780  899  0.0246428
780  911  0.014847
781  786  0.501889
782  897  0.0444267
783  896  0.0515792
784  895  0.0519483
785  894  0.0512999
786  893  0.0506974
787  892  0.0458311
787  908  0.0292442
788  907  0.0346147
788  921  0.0456681
789  894  0.0120044
789  906  0.0356591
789  920  0.056564
790  893  0.0393613
790  905  0.0377965
790  918  0.0144414
790  919  0.0496409
791  890  0.0100216
791  892  0.038365
792  877  0.0581174
792  890  0.0140262
792  917  0.0778384
793  876  0.238569
793  916  0.09249
794  875  0.256786
794  889  0.105949
794  915  0.0927967
795  874  0.264457
795  888  0.131117
795  906  0.0460296
795  914  0.0929672
796  873  0.263513
796  887  0.134864
796  905  0.0758889
796  913  0.0931731
797  872  0.230956
797  873  0.0192657
797  886  0.135563
797  904  0.0726618
797  912  0.087792
798  871  0.203009
798  885  0.135565
799  870  0.0850277
799  872  0.4337
799  884  0.134845
800  871  0.465463
800  883  0.134966
801  870  0.566222
801  882  0.134839
802  869  0.652166
802  881  0.134777
803  868  0.663939
803  880  0.134654
804  867  0.666396
804  879  0.134903
805  866  0.666303
805  878  0.0917236
806  865  0.665911
806  878  0.0427076
807  864  0.658314
807  877  0.0849091
809  860  0.457693
809  862  0.0171594
809  875  0.112292
810  859  0.510514
810  874  0.128602
811  858  0.515665
811  873  0.127586
812  824  0.812666
813  823  0.870041
813  871  0.0121104
814  822  0.868803
815  821  0.845337
819  864  0.0365434
822  861  0.0547737
823  858  0.0358085
823  860  0.0610875
824  859  0.0637755
825  857  0.902014
825  858  0.0425381
826  856  0.934448
827  855  0.934622
828  853  0.357364
828  854  0.625402
829  852  0.676725
829  853  0.316581
830  851  0.990823
831  850  0.997201
832  848  0.99745
833  847  0.344271
834  846  0.344976
835  845  0.999502
836  844  0.999836
837  843  0.989242
838  842  0.376572
858  871  0.0482731
859  870  0.0498443
860  869  0.0497905
861  868  0.0464489
877  903  0.67912
878  902  0.69801
879  901  0.700029
880  900  0.700795
881  899  0.70004
882  898  0.690151
883  897  0.639054
884  894  0.401525
885  893  0.746927
885  896  0.0679055
886  892  0.744056
886  895  0.0683724
887  894  0.0537459
892  905  0.0126282
892  915  0.0363536
893  914  0.0401628
894  904  0.0419796
894  905  0.0127653
894  913  0.0412219
895  903  0.0431046
895  904  0.0116821
895  912  0.0408133
896  902  0.0409906
896  910  0.0309181
897  901  0.0238073
897  909  0.0272102
899  907  0.0527686
900  906  0.0542963
901  905  0.0338256
905  914  0.040889
906  913  0.0460615
