3  171  0.0230283
4  170  0.0215118
5  172  0.0277316
6  171  0.0314785
8  168  0.0325495
8  172  0.150318
9  171  0.166353
10  170  0.162553
11  165  0.982082
12  164  0.986939
13  163  0.987477
14  162  0.988048
15  161  0.975218
16  23  0.0148958
17  22  0.016232
17  159  0.839688
18  127  0.027848
18  128  0.216723
18  158  0.662751
19  126  0.0296343
19  127  0.799466
20  125  0.0275038
20  126  0.791883
21  125  0.661652
22  108  0.969614
23  107  0.971007
24  106  0.971977
24  144  0.0119534
25  105  0.967631
26  51  0.0177301
26  104  0.928471
27  50  0.024598
27  102  0.921458
27  141  0.017727
28  49  0.0246273
28  101  0.930325
28  140  0.0181091
29  100  0.926573
29  139  0.0181455
30  48  0.0426264
30  99  0.923756
30  138  0.0181428
31  47  0.0647754
31  92  0.745262
31  137  0.0156878
32  46  0.0713283
32  91  0.917117
33  45  0.0713831
33  90  0.920864
34  44  0.0715038
34  89  0.920884
35  43  0.0715337
35  88  0.92083
36  42  0.0707836
36  87  0.9192
37  85  0.249982
38  83  0.752976
38  84  0.126096
39  82  0.91699
40  81  0.916682
43  78  0.0395408
43  79  0.863084
45  77  0.919957
46  76  0.921045
47  75  0.91825
48  74  0.906537
48  91  0.0145161
49  73  0.906189
49  90  0.0145279
49  100  0.0114168
50  72  0.905569
50  89  0.0144801
50  99  0.0114107
51  71  0.903761
52  70  0.899862
52  74  0.0675413
53  69  0.902745
53  73  0.093673
54  68  0.892284
54  72  0.0943484
55  66  0.877986
55  68  0.0114701
55  71  0.095085
56  65  0.877098
56  67  0.0228759
56  70  0.0953558
57  64  0.63662
57  69  0.0957912
58  66  0.0253649
58  68  0.0958918
59  65  0.0247149
59  67  0.0959005
60  66  0.0778357
78  91  0.0489853
79  90  0.0490417
81  88  0.0610544
82  87  0.0596609
93  98  0.0151518
97  125  0.0135562
98  124  0.0211346
99  123  0.0225121
100  122  0.0225118
101  121  0.0220899
104  118  0.0227621
105  117  0.022855
106  116  0.0221242
110  123  0.962561
111  122  0.96297
112  121  0.956292
113  120  0.803884
114  120  0.0368639
128  157  0.34065
129  156  0.509825
130  155  0.529638
131  154  0.537525
132  153  0.539687
132  157  0.420408
133  152  0.512449
133  156  0.427852
134  151  0.409625
134  152  0.0222995
134  155  0.427715
135  151  0.0394222
135  154  0.428925
136  153  0.429118
137  149  0.447814
137  152  0.364784
138  148  0.832223
138  151  0.0523401
139  147  0.868823
140  146  0.84546
140  149  0.0114316
140  151  0.0610614
141  150  0.0806616
142  149  0.0816958
143  148  0.0785148
145  160  0.0132704
146  159  0.0145632
147  158  0.0148573
148  157  0.0137521
