1  131  0.201079
2  130  0.814574
3  129  0.991555
4  128  0.984918
6  126  0.969576
7  125  0.975398
8  123  0.511805
8  124  0.488097
9  122  0.999947
10  121  0.9994
11  120  0.999955
12  119  0.999645
13  118  0.999937
14  117  0.999424
15  116  0.99499
17  114  0.964169
18  113  0.957945
19  112  0.94996
21  113  0.0398342
22  30  0.0202805
22  112  0.0481456
23  29  0.0203215
23  108  0.80917
23  111  0.0501637
24  107  0.650409
24  108  0.0721236
24  109  0.0506169
24  110  0.0286827
25  106  0.636556
25  107  0.250031
25  108  0.0699461
26  106  0.251486
26  107  0.0657379
27  104  0.103576
27  105  0.298372
28  103  0.0878463
28  104  0.272766
29  100  0.477952
29  103  0.208533
30  99  0.478291
30  101  0.0257406
30  106  0.0476039
31  98  0.44851
31  105  0.0531911
32  97  0.367518
32  104  0.0531499
32  105  0.0115445
33  95  0.0147762
33  96  0.277845
33  103  0.0485964
33  104  0.0126524
34  94  0.0193015
34  95  0.109657
34  100  0.420217
34  103  0.0134489
35  99  0.21947
35  102  0.0135363
36  99  0.27417
37  97  0.0219913
37  98  0.508196
38  96  0.0279744
38  97  0.57571
39  95  0.0319405
39  96  0.649513
40  94  0.0302391
40  95  0.76263
41  93  0.0142362
41  94  0.789867
42  93  0.78673
43  59  0.152599
43  92  0.763426
44  58  0.222256
44  91  0.761727
45  57  0.245955
45  84  0.0891155
45  90  0.614079
46  83  0.0865882
47  56  0.754692
47  82  0.0523341
48  55  0.985271
49  54  0.979883
57  85  0.571609
58  84  0.595437
59  81  0.272821
59  83  0.525119
60  80  0.888919
61  79  0.993222
62  78  0.996122
63  77  0.997157
64  76  0.997051
65  75  0.986881
67  73  0.976957
68  72  0.794258
82  93  0.129167
83  92  0.223894
84  91  0.233079
85  90  0.357365
131  361  0.631725
132  360  0.911261
133  359  0.980314
134  358  0.999876
135  357  0.999891
136  356  0.998809
137  355  0.995491
138  354  0.987316
139  353  0.960657
140  342  0.0481265
140  344  0.0252827
140  352  0.75628
141  341  0.0907432
141  342  0.0323827
141  343  0.054168
142  341  0.0378802
142  342  0.091548
143  339  0.544335
143  341  0.0970988
143  349  0.0611225
144  184  0.0140873
144  338  0.70336
144  340  0.0978297
144  348  0.0527436
144  351  0.019838
145  183  0.0187809
145  337  0.699851
145  350  0.0182683
146  182  0.020055
146  336  0.692661
147  181  0.0201535
147  303  0.702488
147  335  0.252891
147  338  0.0134582
148  180  0.0199845
148  302  0.703629
148  334  0.239479
148  337  0.0136344
149  301  0.703241
149  331  0.0259215
149  336  0.0136825
150  175  0.29131
150  250  0.571844
150  330  0.0121668
150  335  0.01355
151  172  0.0131021
151  174  0.291861
151  249  0.572092
151  334  0.0132815
152  171  0.013312
152  173  0.291611
152  248  0.531235
152  331  0.0207509
153  170  0.391401
153  172  0.290583
153  330  0.0258541
154  329  0.0256947
155  169  0.870005
155  307  0.0611433
155  328  0.0214936
156  168  0.880825
156  306  0.0654996
157  167  0.926189
157  305  0.0694815
158  166  0.926076
158  304  0.0693499
159  165  0.926182
159  303  0.0687825
160  164  0.57364
160  302  0.0687041
161  301  0.0654618
168  250  0.034592
168  303  0.0392632
169  246  0.0210496
169  249  0.0344256
169  302  0.0400694
170  245  0.0213595
170  301  0.0401229
171  244  0.021348
171  246  0.670429
172  243  0.0170672
172  245  0.670826
174  243  0.675907
175  242  0.680294
176  241  0.673709
177  240  0.613275
179  238  0.313823
179  245  0.062583
179  307  0.0125956
180  243  0.168092
180  306  0.0124083
180  307  0.0807823
181  242  0.172351
181  306  0.0815885
182  191  0.0499864
182  234  0.593496
182  241  0.172977
182  305  0.0392801
183  190  0.0494977
183  233  0.59692
183  240  0.174752
183  304  0.0228004
184  189  0.0449834
184  232  0.595245
184  239  0.175198
185  231  0.591252
185  238  0.170906
186  230  0.57526
186  237  0.0959442
187  198  0.0141809
187  226  0.0131601
187  232  0.0104849
188  197  0.0152414
188  231  0.0105191
188  235  0.0654457
189  196  0.0154732
189  227  0.528248
189  230  0.0101798
189  234  0.0661153
190  225  0.0407033
191  223  0.44311
191  226  0.0165891
192  221  0.941566
193  220  0.9687
194  219  0.968736
195  217  0.101284
195  218  0.86766
196  216  0.536955
196  217  0.434113
197  215  0.970341
198  214  0.971065
199  213  0.971178
200  212  0.970146
201  211  0.963424
203  209  0.713569
210  237  0.0133693
211  236  0.0171052
212  235  0.0205927
213  234  0.0214796
214  232  0.0285734
215  231  0.0286595
216  230  0.0250673
217  229  0.0265274
218  228  0.0308132
219  227  0.0310568
220  226  0.0306706
221  225  0.0116884
223  230  0.0164927
223  237  0.184071
224  229  0.0175259
224  236  0.219886
225  235  0.231826
226  234  0.234326
227  232  0.185727
233  329  0.0108159
234  328  0.0133459
235  327  0.01224
241  304  0.0733392
242  303  0.114234
243  302  0.114296
244  301  0.113968
245  250  0.0263248
245  300  0.0645314
246  331  0.0417502
247  299  0.0231312
247  330  0.0428778
248  329  0.042632
249  297  0.0574828
249  328  0.0415622
250  296  0.057585
251  295  0.0531157
251  301  0.0289718
252  300  0.925541
253  299  0.934834
254  265  0.012361
254  293  0.0248952
254  298  0.936271
255  264  0.0128266
255  292  0.0261909
255  297  0.936922
256  262  0.0110106
256  264  0.0157644
256  291  0.0194522
256  296  0.936342
257  263  0.0169086
257  265  0.0107029
257  295  0.906519
258  262  0.010294
258  264  0.0148224
258  294  0.860507
260  267  0.013797
261  267  0.0315943
262  269  0.0177762
264  269  0.0128569
267  293  0.625243
269  291  0.941406
270  290  0.992813
271  289  0.995391
272  288  0.994276
273  287  0.997068
274  286  0.998908
275  285  0.998931
276  284  0.99648
304  337  0.203914
305  331  0.0151558
305  336  0.253901
306  330  0.0147391
306  335  0.660344
307  329  0.0133492
307  334  0.660364
308  330  0.0102819
308  333  0.602506
309  329  0.0406542
309  330  0.148962
310  327  0.0931382
310  329  0.162461
310  330  0.117717
311  327  0.0641795
311  329  0.105258
311  330  0.0618025
312  325  0.979593
312  329  0.0183717
313  324  0.981877
313  328  0.0179377
314  323  0.98228
314  326  0.016954
315  322  0.982898
315  325  0.0169679
316  321  0.968663
316  324  0.0168404
327  332  0.0142022
343  351  0.700652
344  350  0.568265
