1  619  0.0219904
2  389  0.557006
2  618  0.0252478
3  388  0.974414
3  617  0.0214483
4  387  0.974674
4  616  0.0214305
5  386  0.975251
5  615  0.0210781
6  385  0.96611
7  103  0.0695419
8  102  0.0731844
8  381  0.0761722
8  383  0.0662216
8  612  0.0130368
9  22  0.010361
9  101  0.0737546
9  273  0.0723738
9  346  0.0380527
9  378  0.0206093
9  380  0.0800726
9  383  0.0116581
9  611  0.0126932
10  100  0.0728776
10  272  0.0690607
10  345  0.0380975
10  352  0.0100297
10  377  0.0205439
10  382  0.011859
11  99  0.0630659
11  271  0.0652809
11  272  0.0112313
11  344  0.0385663
11  376  0.017303
12  270  0.0610972
12  271  0.0179014
12  343  0.0382999
12  377  0.0281721
13  269  0.0557892
13  270  0.022189
13  342  0.0370556
13  376  0.0243529
14  95  0.0236547
14  268  0.0497739
14  269  0.0258579
14  341  0.0103954
15  267  0.0409816
15  268  0.0294139
15  377  0.0157578
15  607  0.0102383
16  267  0.0328221
16  376  0.0184604
16  606  0.0106119
17  92  0.0678217
17  266  0.0351468
17  375  0.0163824
17  605  0.0111395
18  31  0.0140034
18  91  0.0694233
18  264  0.0104107
18  265  0.0284889
18  604  0.0111501
19  30  0.0170592
19  90  0.0661792
19  263  0.0127092
19  603  0.0111126
20  29  0.0148621
20  314  0.0181939
21  28  0.0101989
21  29  0.0422289
21  88  0.0733216
21  268  0.011959
21  313  0.0218291
21  344  0.0179679
22  28  0.0484562
22  87  0.073867
22  260  0.0139445
22  267  0.0123048
22  312  0.0219919
22  367  0.0129197
22  369  0.0305298
23  27  0.0185325
23  86  0.0738241
23  266  0.0120866
23  368  0.0237828
24  85  0.0736126
24  265  0.0105968
24  310  0.0224551
24  341  0.678693
25  84  0.07369
25  309  0.0226037
25  340  0.727081
26  83  0.0736074
26  308  0.0225475
26  339  0.728254
27  36  0.0109372
27  70  0.0102842
27  82  0.0502774
27  338  0.727215
28  35  0.0182214
28  37  0.0104873
28  69  0.0561368
28  81  0.0146416
28  337  0.724465
28  384  0.022477
29  68  0.0561402
29  383  0.0228341
30  67  0.0550725
30  336  0.462648
30  382  0.0225597
31  262  0.0288857
31  335  0.460085
31  381  0.0200767
32  261  0.0380667
32  334  0.464685
33  260  0.0406958
33  284  0.0236811
33  333  0.456436
34  64  0.267487
34  180  0.0101904
34  283  0.0240803
35  63  0.269471
35  282  0.0241343
36  62  0.269156
36  256  0.0242257
36  330  0.0337373
37  61  0.264758
37  177  0.051832
37  244  0.251122
37  255  0.0304059
37  329  0.0343734
38  176  0.0525932
38  243  0.252782
39  175  0.0527447
39  242  0.253473
39  254  0.324861
39  327  0.0181234
39  337  0.0115842
40  174  0.0527194
40  241  0.253753
40  253  0.325176
40  326  0.0181212
40  336  0.0116017
41  240  0.23724
41  252  0.325053
41  335  0.0115233
41  395  0.0112798
42  239  0.171706
42  251  0.325117
42  334  0.0113287
42  394  0.0122919
43  60  0.376974
43  250  0.325383
43  333  0.0109617
43  393  0.0124899
44  59  0.652405
44  249  0.313622
44  392  0.0125121
45  58  0.652677
45  248  0.294144
45  391  0.0125028
46  57  0.655559
46  390  0.0125108
47  56  0.655663
47  188  0.0199569
47  247  0.0106152
47  389  0.0125022
48  55  0.646376
48  187  0.0292589
48  388  0.0124956
49  186  0.0292626
49  246  0.274584
49  387  0.0114524
50  185  0.0292162
50  245  0.284397
51  184  0.0291738
51  244  0.284737
51  336  0.0113282
52  243  0.283971
52  335  0.0126519
53  242  0.282761
53  334  0.0127799
54  181  0.0297205
54  241  0.26366
55  180  0.0298939
55  201  0.0766937
55  241  0.0166451
55  333  0.0119103
56  200  0.0799948
56  232  0.0138208
56  239  0.0428077
56  240  0.0313854
56  332  0.0201377
57  179  0.0401276
57  199  0.0799518
57  200  0.0204915
57  227  0.0110288
57  231  0.0156475
57  238  0.0367806
57  239  0.024748
57  331  0.0206372
58  178  0.0401579
58  198  0.0698431
58  199  0.0279264
58  230  0.0156358
58  236  0.0109041
58  238  0.0153952
58  330  0.0208927
59  177  0.0401577
59  220  0.0361793
59  228  0.0139152
59  329  0.0209705
60  172  0.049703
60  176  0.0392822
60  193  0.0474009
60  198  0.0542979
60  219  0.0402645
60  227  0.0121058
60  231  0.228256
60  281  0.0171751
60  328  0.0235197
61  171  0.0509307
61  175  0.0393306
61  192  0.0520447
61  197  0.0638655
61  218  0.0442584
61  223  0.0172993
61  230  0.23758
61  234  0.0207833
61  238  0.0190746
61  280  0.0175077
61  327  0.0234959
62  170  0.0508567
62  173  0.0273731
62  174  0.0148504
62  191  0.047213
62  196  0.064714
62  222  0.016832
62  229  0.233521
62  233  0.023536
62  237  0.0220823
62  279  0.0174718
62  326  0.0233396
63  169  0.0504675
63  172  0.0406681
63  189  0.014556
63  195  0.0562631
63  217  0.10331
63  218  0.0166219
63  231  0.0169538
63  232  0.0209934
63  236  0.0227688
63  278  0.0167541
63  325  0.0214178
64  168  0.0459377
64  171  0.0404852
64  189  0.0261491
64  194  0.0554671
64  216  0.193212
64  217  0.0114553
64  227  0.178662
64  230  0.016482
64  231  0.0200772
64  235  0.0132143
65  124  0.0264371
65  167  0.0352566
65  193  0.0626889
65  215  0.25097
65  226  0.176001
65  332  0.191132
66  123  0.0379227
66  169  0.0199406
66  187  0.0966845
66  192  0.0354392
66  214  0.289268
66  225  0.169089
66  331  0.214481
67  168  0.0181648
67  186  0.113631
67  213  0.291666
67  224  0.15375
67  330  0.214416
68  122  0.0698347
68  185  0.113988
68  212  0.348449
68  221  0.036606
68  329  0.0160797
69  121  0.100998
69  184  0.114432
69  211  0.352318
69  220  0.0383547
69  329  0.200521
70  120  0.109912
70  183  0.113776
70  210  0.347642
70  219  0.0183469
70  328  0.211679
71  82  0.0109385
71  182  0.106673
71  209  0.345557
71  211  0.0246295
72  81  0.0492919
72  118  0.22985
72  208  0.330708
72  210  0.11015
72  327  0.216929
73  80  0.0488404
73  82  0.0120198
73  117  0.230082
73  206  0.247634
73  209  0.111343
73  326  0.216959
74  81  0.0173271
74  116  0.230699
74  197  0.0122958
74  205  0.167857
74  208  0.111053
74  325  0.214744
75  80  0.0132293
75  115  0.230452
75  196  0.0124778
75  204  0.1023
75  206  0.0322858
75  324  0.19986
76  114  0.205727
76  195  0.0125046
76  203  0.14058
76  205  0.0359488
77  194  0.0124867
77  205  0.0257591
78  112  0.226541
78  193  0.0124931
78  203  0.0310342
78  205  0.0148018
79  111  0.231425
79  192  0.0124254
79  203  0.0191474
79  281  0.21526
80  203  0.0137973
80  280  0.215425
81  109  0.231548
81  201  0.433342
81  279  0.215173
82  108  0.231663
82  200  0.465144
82  278  0.18029
83  98  0.0586347
83  107  0.231348
83  199  0.614339
84  97  0.059506
84  106  0.143244
84  198  0.614859
85  96  0.0595393
85  105  0.142901
85  197  0.614725
86  95  0.05977
86  104  0.227227
86  196  0.612692
87  94  0.0596163
87  97  0.010092
87  195  0.59523
88  93  0.0571469
88  96  0.0103426
88  102  0.182349
88  194  0.545989
89  95  0.0102756
89  100  0.235451
89  191  0.0769505
90  99  0.264463
90  190  0.108229
91  98  0.263083
91  101  0.0754465
91  189  0.109512
91  192  0.330204
92  100  0.073931
92  188  0.0920353
92  191  0.326096
93  99  0.0627438
93  190  0.276153
95  105  0.0113397
96  104  0.0164882
97  103  0.0163391
97  185  0.0169971
98  184  0.0168331
100  186  0.396065
101  185  0.435823
102  184  0.435002
102  188  0.127024
103  183  0.428432
103  187  0.187107
104  186  0.186794
105  182  0.0136094
105  185  0.17581
106  182  0.686501
106  184  0.0159865
107  181  0.759282
108  180  0.760173
109  179  0.760409
110  178  0.759482
111  177  0.756415
113  176  0.0231894
114  173  0.0197721
115  172  0.0185291
115  175  0.201902
115  176  0.0157689
116  174  0.201409
117  171  0.0203776
117  175  0.50769
118  170  0.0204921
118  174  0.50943
119  134  0.0217991
119  173  0.510944
119  181  0.0705586
120  133  0.0235052
120  177  0.0167555
120  180  0.102847
121  132  0.0229762
121  172  0.697796
121  176  0.0401869
121  179  0.104983
122  131  0.0170108
122  171  0.698289
122  175  0.0488266
122  178  0.104826
123  170  0.693706
123  174  0.0490261
123  177  0.104634
124  129  0.040142
124  130  0.0229734
124  133  0.0143874
124  173  0.0495691
125  132  0.0339207
125  167  0.136145
125  168  0.0116103
125  169  0.0622727
125  172  0.0470967
125  175  0.0858669
126  133  0.0266929
126  166  0.145147
126  174  0.0825418
127  132  0.0248435
127  165  0.14262
127  168  0.0120974
128  167  0.0104116
129  168  0.0736545
130  167  0.0920022
131  166  0.0916483
132  166  0.0101649
132  170  0.0386198
133  169  0.11618
134  165  0.0131234
134  168  0.114252
135  167  0.0621427
136  163  0.989658
137  162  0.991992
138  161  0.991524
139  160  0.989244
140  159  0.986047
141  158  0.866909
143  156  0.977343
144  155  0.993605
145  154  0.993763
146  153  0.989815
164  169  0.264845
164  171  0.0239929
165  170  0.0159237
179  333  0.015021
180  332  0.0326288
181  331  0.0358352
181  374  0.0102003
182  330  0.0360133
182  373  0.010418
183  329  0.0360469
184  328  0.035731
184  371  0.0902345
185  327  0.0349498
185  370  0.0903758
186  326  0.0249106
187  206  0.0193134
187  369  0.0881994
188  205  0.0229207
188  368  0.0916071
189  204  0.0232106
189  244  0.083767
189  367  0.0916481
190  203  0.0225862
190  243  0.0843697
190  366  0.0836476
191  242  0.0844533
192  201  0.0212912
192  241  0.0842559
195  361  0.0757579
196  360  0.0780299
197  359  0.0756299
198  358  0.0724908
199  359  0.0121303
200  237  0.115573
200  277  0.015907
200  358  0.0135903
201  235  0.0698378
201  236  0.16298
201  276  0.024539
201  357  0.0842511
202  234  0.14807
202  235  0.125958
202  238  0.0130395
202  356  0.0847107
203  233  0.19828
203  237  0.0147605
203  274  0.0309511
203  355  0.0847091
204  231  0.0874655
204  232  0.177671
204  236  0.0151588
204  273  0.0328443
204  354  0.0792203
205  272  0.0305065
205  352  0.0110204
206  230  0.419557
206  353  0.0562195
207  229  0.424711
207  352  0.0528268
208  228  0.425435
209  227  0.424365
209  348  0.0883995
210  347  0.0885992
211  218  0.0606813
211  223  0.0169717
211  225  0.412305
211  346  0.0877626
212  217  0.0533117
212  224  0.389043
213  221  0.433628
213  344  0.0388989
214  220  0.45476
215  221  0.0159136
215  342  0.0748615
216  341  0.0857923
217  229  0.013101
217  340  0.0865064
218  228  0.0153018
218  339  0.0870485
219  228  0.0558082
219  338  0.0871462
220  225  0.0157806
220  227  0.122821
220  337  0.0866747
221  226  0.0892576
221  335  0.0295447
222  334  0.0294755
223  333  0.0296301
226  245  0.0867444
227  244  0.0953296
228  236  0.0562668
228  243  0.0955838
229  235  0.0441833
229  242  0.095706
230  241  0.0905105
233  238  0.0162055
233  239  0.0146915
234  269  0.0552088
235  245  0.0364881
235  268  0.0668982
236  244  0.0437454
236  267  0.0679343
237  243  0.0412558
237  266  0.0678399
238  265  0.067027
239  264  0.0633151
241  249  0.0137151
242  248  0.0122195
243  260  0.0604149
244  259  0.0649656
245  258  0.0646058
246  336  0.105535
247  257  0.0669738
247  335  0.130499
248  256  0.0684105
248  334  0.133689
249  255  0.070346
249  333  0.134324
250  254  0.043616
250  276  0.570723
251  275  0.571477
252  274  0.572097
253  273  0.571856
255  273  0.0182645
255  276  0.0129384
255  278  0.0101214
256  270  0.6784
256  272  0.0166415
256  275  0.012457
257  269  0.71703
257  271  0.0110305
258  268  0.734281
259  267  0.736784
260  266  0.68708
260  273  0.0372911
261  265  0.476581
261  272  0.0373773
262  271  0.0370555
263  270  0.0331329
271  335  0.0270036
272  334  0.0294047
273  333  0.0300793
273  336  0.14326
274  332  0.0265015
274  335  0.150126
275  334  0.150803
275  368  0.0680261
276  333  0.150644
276  367  0.0741718
277  330  0.398097
277  332  0.0833294
277  366  0.0742674
278  329  0.518472
278  365  0.0743143
279  327  0.0231038
279  328  0.531189
279  330  0.0191632
279  364  0.074266
280  326  0.0203764
280  329  0.0273812
280  363  0.0729309
281  326  0.568594
282  325  0.620175
283  323  0.958182
284  322  0.960213
285  321  0.96121
286  320  0.589907
287  320  0.369106
288  319  0.73732
289  318  0.696826
291  317  0.14689
291  318  0.0952568
293  307  0.0273556
293  316  0.966554
294  306  0.0283463
294  315  0.969556
295  305  0.0283322
295  314  0.96845
296  304  0.0283596
296  313  0.968819
297  303  0.0283033
297  312  0.965025
298  302  0.0107758
299  310  0.952806
300  309  0.956471
301  308  0.949046
302  307  0.623139
315  375  0.0218524
316  374  0.024515
317  373  0.0246678
318  372  0.0246871
319  371  0.0247131
321  370  0.0247008
322  369  0.0244983
323  367  0.0243173
324  366  0.024318
325  365  0.0243234
326  360  0.0650834
326  364  0.0233495
327  359  0.0780607
327  363  0.0200901
328  358  0.079954
329  357  0.0794397
333  353  0.0124653
333  378  0.0120854
334  350  0.0835619
334  352  0.010548
334  377  0.0126185
335  349  0.096197
335  376  0.0127222
336  348  0.100091
337  347  0.09975
338  372  0.0400552
339  346  0.0705841
339  371  0.050566
340  370  0.0506242
343  368  0.0300041
345  366  0.65341
346  365  0.706147
347  364  0.720009
348  363  0.719849
349  362  0.605813
350  362  0.0396069
351  360  0.041335
352  360  0.611054
353  358  0.0104166
353  359  0.712199
354  358  0.441217
358  371  0.0640324
359  370  0.064149
360  369  0.0640631
361  368  0.0631937
362  367  0.0564322
367  378  0.0402788
368  377  0.0401748
389  612  0.304228
390  611  0.975435
391  610  0.976698
392  609  0.976138
394  607  0.0845943
394  608  0.0300034
395  606  0.080294
395  607  0.0279008
396  605  0.0802115
397  604  0.0795853
400  424  0.689832
400  425  0.135562
401  423  0.862442
401  424  0.0913031
402  422  0.938299
402  423  0.0461632
403  421  0.996984
404  420  0.997933
405  419  0.997
406  418  0.996544
407  417  0.995761
408  416  0.99754
409  415  0.990891
424  607  0.0126942
426  606  0.888293
427  605  0.902844
428  604  0.898249
430  602  0.971955
431  601  0.983682
432  600  0.983601
433  599  0.983671
434  598  0.754845
436  596  0.9389
437  595  0.984444
438  594  0.988454
439  593  0.987706
440  592  0.982218
443  589  0.98483
444  588  0.987676
446  586  0.988812
447  585  0.988704
448  513  0.0160746
448  584  0.776431
449  512  0.0275431
450  510  0.952402
451  509  0.986775
452  508  0.989033
453  507  0.988767
454  506  0.990017
455  505  0.988414
456  504  0.988625
457  503  0.99083
458  502  0.989669
459  501  0.981479
460  464  0.0225638
460  468  0.0188185
460  487  0.0225515
460  499  0.0224503
461  486  0.0156623
463  472  0.0412999
463  485  0.01644
463  493  0.183689
464  471  0.0561458
464  484  0.016485
464  492  0.242684
465  470  0.0587817
465  491  0.252693
465  499  0.0176788
466  490  0.255424
467  489  0.255187
468  488  0.251033
469  484  0.0128236
469  493  0.639208
470  475  0.0793706
470  484  0.0966562
470  492  0.646033
471  491  0.648566
472  490  0.650336
473  480  0.188666
473  489  0.639992
474  479  0.19554
475  487  0.593092
476  486  0.472519
478  486  0.0418727
479  483  0.0355835
479  484  0.0123942
479  485  0.0613793
480  484  0.0368503
480  494  0.0105548
483  491  0.019369
484  490  0.0207479
488  499  0.0251134
489  498  0.0243773
490  501  0.013009
491  496  0.0215131
491  500  0.0307665
492  499  0.0406577
493  499  0.0170654
516  583  0.640408
517  582  0.985106
518  581  0.991694
519  580  0.992654
520  579  0.991584
521  578  0.990771
522  576  0.497919
522  577  0.496032
523  575  0.997606
524  574  0.997663
525  573  0.998045
526  571  0.995663
527  570  0.995831
528  569  0.998854
529  568  0.999416
530  566  0.997851
531  565  0.998331
532  564  0.998506
533  563  0.997165
535  556  0.577272
536  555  0.575444
536  560  0.395914
537  554  0.510442
537  559  0.41442
538  558  0.408535
539  552  0.910244
540  551  0.994239
541  550  0.998321
542  549  0.996724
543  548  0.888928
