2  17  0.323876
2  110  0.0192282
2  875  0.0165838
3  16  0.398987
3  114  0.0142019
3  874  0.0187927
4  14  0.56159
4  108  0.320818
4  113  0.0133251
4  873  0.0188189
5  13  0.583558
5  107  0.361168
5  112  0.0119701
6  12  0.581697
6  106  0.361257
6  871  0.0189978
7  105  0.35259
7  870  0.0175931
8  104  0.324228
12  99  0.343233
13  98  0.343622
13  600  0.0300763
14  97  0.321143
14  599  0.0304818
15  96  0.291698
15  598  0.0308512
16  94  0.117236
16  97  0.0659077
16  597  0.0309137
17  93  0.104933
17  96  0.0709637
17  113  0.0236885
17  596  0.0304712
18  92  0.0545984
18  93  0.023183
18  112  0.0476393
18  114  0.0667818
18  595  0.0288939
19  92  0.0197638
19  113  0.0620524
19  594  0.0266405
21  93  0.683072
21  113  0.0210039
22  92  0.740612
22  112  0.0294334
23  91  0.0533066
23  111  0.0263961
24  90  0.27015
25  89  0.996712
26  88  0.996169
28  86  0.97233
29  85  0.999606
30  84  0.998798
31  83  0.999633
32  82  0.998918
34  81  0.997988
35  80  0.999553
36  79  0.999773
37  78  0.999821
38  77  0.999807
39  76  0.997615
40  55  0.991119
41  54  0.998704
42  53  0.99972
43  52  0.999821
44  51  0.995416
45  50  0.577543
59  74  0.829177
60  73  0.875362
61  72  0.855149
62  71  0.826149
62  72  0.0155362
63  69  0.0272523
63  71  0.0226555
64  70  0.0256632
64  74  0.0935886
65  73  0.0985201
91  112  0.0278167
92  111  0.0278763
93  110  0.0258826
94  114  0.0162314
94  592  0.0177858
95  113  0.0159148
95  576  0.0139423
95  591  0.0176921
96  109  0.46121
96  575  0.0226377
96  590  0.0166154
97  108  0.542838
97  574  0.0316973
97  589  0.0146933
98  107  0.586466
98  573  0.031752
99  106  0.585072
99  572  0.0316431
100  105  0.384134
104  119  0.0267369
104  584  0.0103989
105  118  0.0299093
106  117  0.0324518
107  116  0.0324332
107  581  0.0111005
108  115  0.0254867
114  575  0.735442
115  574  0.95877
116  573  0.95901
117  572  0.956023
120  569  0.969658
121  568  0.990958
122  567  0.991479
124  566  0.990908
125  565  0.990033
126  564  0.987441
127  562  0.0141848
127  563  0.125311
129  561  0.980435
130  560  0.99133
131  559  0.989644
132  551  0.0258591
132  558  0.96996
133  550  0.0433456
133  557  0.953494
134  549  0.0481705
134  556  0.944729
135  537  0.0313469
135  548  0.0578245
135  549  0.4582
136  536  0.0316009
136  548  0.466953
137  535  0.0315969
137  546  0.543637
138  534  0.0276485
138  545  0.545831
139  151  0.446142
139  544  0.546746
140  150  0.44668
140  543  0.546645
141  149  0.443041
142  148  0.393963
142  542  0.540453
143  147  0.197477
143  148  0.0285113
143  541  0.540446
144  540  0.542492
145  539  0.459599
148  539  0.0643306
149  182  0.105559
149  537  0.0877264
149  538  0.303079
150  181  0.111333
150  536  0.103551
150  537  0.309005
151  179  0.132198
151  535  0.104117
151  536  0.306552
152  178  0.563646
152  552  0.419394
153  177  0.574235
153  551  0.420357
154  176  0.576888
154  550  0.420494
155  175  0.576768
155  549  0.42007
156  174  0.577618
156  548  0.419314
157  173  0.576751
157  547  0.359093
158  172  0.568422
159  545  0.410667
160  171  0.51285
160  544  0.418777
161  170  0.523425
161  543  0.418783
162  169  0.563032
162  542  0.407863
163  168  0.558399
167  541  0.398513
168  540  0.410202
169  539  0.409985
170  538  0.409467
171  537  0.17358
172  536  0.171428
173  535  0.406346
174  186  0.0165972
175  185  0.0169598
175  531  0.0127241
176  530  0.0125854
176  533  0.0835935
177  184  0.056471
178  183  0.0658628
178  532  0.357751
179  531  0.621529
180  530  0.600259
180  532  0.0517517
181  531  0.0885234
183  528  0.758516
183  531  0.0626916
184  527  0.0185404
184  530  0.0595906
185  527  0.95307
186  526  0.972184
187  525  0.998322
188  524  0.998357
189  523  0.997822
190  522  0.998359
191  521  0.997232
192  520  0.994558
193  519  0.992868
198  518  0.021596
199  514  0.0370379
199  517  0.0232631
200  513  0.0373137
200  516  0.0229028
201  233  0.810785
202  232  0.95552
203  231  0.978427
204  230  0.979936
206  228  0.986448
207  227  0.989443
208  226  0.990377
209  225  0.988634
210  224  0.989987
211  223  0.936431
214  220  0.0716088
214  221  0.0375076
232  505  0.0277657
233  504  0.123726
234  503  0.606336
234  512  0.0590074
234  516  0.0797404
235  502  0.606219
235  511  0.05908
235  518  0.0693548
236  501  0.597849
236  510  0.0548164
236  514  0.101604
236  517  0.0854271
237  500  0.58688
237  503  0.0178538
237  512  0.0109902
237  513  0.111931
237  515  0.0209495
237  516  0.0868933
238  498  0.0150801
238  499  0.556567
238  502  0.0172429
238  511  0.0107937
238  514  0.0770327
239  276  0.0420335
239  497  0.0284554
239  503  0.032728
239  512  0.123168
239  513  0.0741442
240  273  0.0601695
240  502  0.0319015
240  511  0.117233
241  272  0.0833236
241  274  0.334337
242  271  0.0642052
242  273  0.403738
243  270  0.0399113
243  271  0.91048
244  270  0.943211
245  269  0.970894
246  268  0.91369
248  264  0.932202
249  263  0.985004
250  262  0.985873
252  261  0.996231
253  260  0.999324
254  259  0.999309
270  503  0.0138901
272  501  0.309525
273  500  0.400921
274  499  0.402352
275  498  0.198301
276  498  0.0114442
277  496  0.985218
277  497  0.0102193
278  495  0.99907
279  494  0.99986
280  493  0.999806
281  492  0.998094
282  491  0.999504
283  490  0.999529
284  489  0.990411
286  487  0.975217
287  486  0.971963
288  485  0.748062
289  484  0.163524
289  485  0.0102182
290  484  0.0100921
290  485  0.200813
291  484  0.790387
292  483  0.982111
293  482  0.989716
294  481  0.990057
295  480  0.989344
296  479  0.600022
297  478  0.588024
298  307  0.0102543
298  477  0.917607
299  306  0.0110745
299  477  0.014713
299  479  0.02137
300  305  0.0109613
300  475  0.904568
300  476  0.0261695
300  478  0.0257404
301  474  0.898178
301  477  0.0257472
302  473  0.896932
302  475  0.0369518
302  476  0.0153049
303  462  0.798134
303  471  0.0236166
303  474  0.047567
304  461  0.857412
304  470  0.0235955
304  473  0.0476556
305  460  0.862916
305  471  0.014494
305  472  0.0450956
306  313  0.0101585
306  459  0.862385
306  470  0.0590462
307  468  0.0190478
307  469  0.0519711
308  315  0.0187966
308  382  0.012691
308  457  0.784624
308  458  0.0168728
308  467  0.0391058
309  314  0.0173305
309  381  0.0127184
309  457  0.016778
309  466  0.0408395
309  467  0.0251482
310  465  0.0555692
310  466  0.0209102
311  379  0.0169933
311  454  0.814826
311  464  0.0596374
312  378  0.0186909
312  453  0.826079
312  463  0.0300697
313  377  0.0190352
313  399  0.0274937
313  452  0.830427
313  462  0.0243603
313  477  0.0142923
314  376  0.0190352
314  398  0.0269159
314  451  0.712294
314  461  0.0441262
314  476  0.0142994
315  375  0.0189963
315  398  0.0499468
315  451  0.118452
315  461  0.0202761
315  475  0.0143042
316  349  0.0191589
316  450  0.226462
316  460  0.045962
317  396  0.584901
317  449  0.172944
317  459  0.0231343
318  395  0.877276
318  458  0.0194878
318  472  0.0145613
319  346  0.0192965
319  394  0.877782
319  457  0.0418727
319  471  0.0135529
320  393  0.877733
321  392  0.876896
321  454  0.0160955
321  469  0.0145813
322  343  0.0192968
322  390  0.0174787
322  453  0.0179637
322  468  0.0145724
323  342  0.0193124
323  389  0.0171965
323  391  0.856453
323  399  0.0802253
323  452  0.0108924
324  341  0.0192783
324  390  0.856371
324  398  0.0805891
324  451  0.0107776
325  388  0.85613
325  397  0.0836009
326  387  0.855457
326  396  0.0844473
327  339  0.0178363
327  386  0.761293
327  395  0.0843518
328  338  0.0168834
328  385  0.765964
328  394  0.083618
329  384  0.873569
330  383  0.871348
330  390  0.0637115
330  448  0.0102197
331  338  0.660125
331  339  0.0272368
331  382  0.0699251
331  389  0.064888
331  447  0.0120209
332  337  0.541484
332  380  0.018273
332  388  0.0650074
332  446  0.0120108
333  341  0.0146579
333  379  0.0167641
333  387  0.0651263
333  445  0.0118363
334  340  0.0161355
334  386  0.0640478
335  342  0.0408908
335  385  0.0600571
336  341  0.0384703
337  342  0.0186676
337  345  0.0584776
337  384  0.0191448
337  443  0.0126057
338  344  0.0699158
338  383  0.0181703
338  442  0.0156402
339  343  0.0434594
339  441  0.0157402
340  440  0.0156331
341  384  0.0101963
341  439  0.0152211
342  383  0.0479629
343  382  0.883389
344  381  0.88854
345  380  0.872864
347  378  0.882934
348  377  0.907833
349  376  0.90747
350  375  0.851993
350  378  0.0520231
351  374  0.162904
351  377  0.0665444
352  375  0.0104022
352  376  0.0664334
353  375  0.0663397
354  373  0.995338
355  372  0.998249
356  371  0.999109
357  370  0.999922
358  369  0.999482
359  368  0.999938
360  367  0.991471
361  366  0.575487
383  412  0.0218999
384  411  0.0219303
385  410  0.0219348
386  409  0.0219336
387  408  0.0217982
388  407  0.0213113
389  406  0.0168786
391  403  0.0204806
392  402  0.0208858
393  401  0.0201414
398  450  0.28988
400  448  0.86057
400  453  0.0535953
401  447  0.903571
401  452  0.0599892
402  446  0.903188
402  451  0.059927
403  450  0.0599373
404  444  0.899881
405  443  0.899887
406  447  0.0617724
407  441  0.891296
407  446  0.0604346
408  440  0.902815
408  445  0.0409963
409  439  0.904676
409  444  0.0136855
410  438  0.800007
410  443  0.0264192
410  444  0.0294929
411  438  0.100756
411  443  0.0362706
412  436  0.284465
412  437  0.200309
412  442  0.0595462
413  435  0.247197
414  436  0.33723
414  440  0.0610978
415  433  0.0831052
415  434  0.0231519
415  435  0.513714
415  439  0.0609975
416  433  0.0231081
416  434  0.549789
416  438  0.0586439
417  431  0.351249
417  433  0.563571
418  430  0.376483
418  432  0.566636
419  429  0.381037
419  431  0.565825
419  433  0.0314826
420  428  0.38229
420  430  0.311557
420  432  0.033059
421  427  0.385172
421  429  0.309657
421  431  0.0334028
422  426  0.31263
422  428  0.548811
422  430  0.0331798
423  428  0.0314278
449  462  0.0512088
450  461  0.0548147
451  460  0.0599154
452  459  0.0595327
453  458  0.0430618
463  472  0.859137
464  471  0.842856
465  470  0.737829
531  536  0.0340619
539  549  0.0104668
540  548  0.0107453
542  550  0.0126145
543  549  0.0135733
548  555  0.0122953
549  555  0.0226492
576  875  0.843318
577  874  0.944432
578  873  0.956371
579  872  0.959853
580  871  0.959875
581  870  0.956594
582  869  0.92108
583  589  0.0191103
583  592  0.028064
583  867  0.012096
584  591  0.0220637
584  867  0.0245944
585  867  0.0219164
586  864  0.190426
586  867  0.0948696
587  862  0.0102176
587  863  0.202036
587  865  0.044362
587  866  0.0988111
588  862  0.191602
588  863  0.0163787
588  865  0.0837107
589  667  0.0110728
589  860  0.171214
590  662  0.0140422
590  859  0.103997
590  861  0.0176023
591  663  0.0141319
591  858  0.100203
591  862  0.0243815
592  857  0.0942887
592  860  0.398514
593  661  0.193973
593  662  0.131459
593  859  0.36012
594  660  0.166172
594  858  0.35926
595  660  0.131599
595  857  0.357923
596  856  0.333635
597  658  0.67835
597  676  0.0134422
597  855  0.229424
598  657  0.681
598  675  0.0134985
598  854  0.22323
599  656  0.682367
599  662  0.0104169
599  674  0.0137808
600  655  0.68231
600  673  0.0137357
600  852  0.220599
601  640  0.0135173
601  654  0.681786
601  851  0.226419
602  639  0.0129018
602  653  0.64647
602  671  0.0120001
602  850  0.202862
603  629  0.0136592
603  638  0.0129261
603  643  0.0253126
603  849  0.140273
603  850  0.0204867
604  627  0.313892
604  636  0.215289
604  642  0.0442597
604  648  0.0175766
604  651  0.0124413
604  661  0.0562991
604  764  0.0166528
604  849  0.0408328
605  626  0.322484
605  630  0.0110505
605  635  0.226132
605  641  0.0466829
605  647  0.0175326
605  649  0.0597447
605  660  0.0574361
605  668  0.0104789
605  763  0.0166597
605  848  0.0613054
606  625  0.32259
606  628  0.0118354
606  629  0.0102539
606  633  0.0252447
606  634  0.231703
606  640  0.0479719
606  648  0.0302405
606  659  0.0575678
606  762  0.0158813
606  847  0.0561796
607  624  0.322578
607  627  0.0118763
607  632  0.0381638
607  633  0.231013
607  639  0.045362
607  651  0.015336
607  658  0.0577422
607  846  0.0351652
608  623  0.319229
608  631  0.0745156
608  650  0.0153663
608  657  0.0391192
608  664  0.0447305
609  622  0.305389
609  626  0.0115578
609  630  0.0699491
609  635  0.0680001
609  649  0.014663
609  657  0.0207176
609  663  0.0537598
610  625  0.0209508
610  628  0.325518
610  634  0.100182
610  655  0.0175282
610  656  0.0398894
610  662  0.0579719
611  620  0.227805
611  624  0.0209444
611  627  0.326836
611  633  0.100273
611  654  0.017341
611  655  0.039757
611  661  0.0579567
612  619  0.0671512
612  623  0.0187005
612  626  0.328293
612  652  0.01794
612  660  0.0577265
613  625  0.328235
613  632  0.0217361
613  651  0.0179553
613  653  0.0167019
613  658  0.0549664
614  631  0.0235965
614  650  0.0168131
614  652  0.0359029
614  657  0.0557962
615  624  0.33162
615  651  0.0290323
615  656  0.0543826
616  621  0.0119577
616  623  0.329299
616  630  0.30968
617  629  0.313556
618  628  0.314673
619  627  0.314633
620  626  0.306882
621  625  0.166017
628  649  0.0299014
629  650  0.0183883
629  652  0.0153755
630  651  0.0178694
631  648  0.0447202
631  651  0.0185103
632  650  0.0165384
633  647  0.607706
634  646  0.648345
635  645  0.660014
636  644  0.655977
637  643  0.638368
637  645  0.0352893
638  644  0.0320568
638  771  0.0171777
638  773  0.0188119
639  647  0.0180056
639  650  0.0392204
639  770  0.0209689
639  772  0.0225034
640  646  0.0278142
640  649  0.0436594
640  769  0.0209212
640  848  0.0125149
641  645  0.017572
641  648  0.0358162
641  651  0.0107713
641  847  0.0114024
642  650  0.011604
642  769  0.0681074
643  649  0.0113989
643  768  0.127603
644  767  0.143518
645  660  0.0230755
645  766  0.144798
646  659  0.0313448
646  765  0.144628
647  658  0.0332266
647  764  0.144894
648  657  0.0333541
648  763  0.144756
649  656  0.032984
649  762  0.144571
650  761  0.143546
651  760  0.132239
653  688  0.0250164
654  687  0.0267305
655  683  0.0405396
655  686  0.0216067
655  687  0.027727
656  682  0.04584
656  686  0.0283949
657  681  0.0459453
657  685  0.024062
658  667  0.0213335
658  680  0.0459681
658  683  0.0202275
659  666  0.0207596
659  679  0.0458707
659  856  0.0342997
660  669  0.0771646
660  678  0.0458646
660  855  0.132838
661  668  0.0918234
661  677  0.0453966
661  680  0.0202007
661  854  0.132912
662  667  0.0909901
662  679  0.0201273
662  853  0.132815
663  852  0.0652242
665  850  0.0124557
666  849  0.0126759
666  861  0.150325
667  674  0.214681
668  673  0.210774
668  689  0.0722933
668  859  0.526448
669  688  0.0726319
669  858  0.531289
670  687  0.0725564
670  857  0.536281
671  686  0.0723649
671  856  0.560955
672  684  0.0956791
672  855  0.621472
673  683  0.0968006
673  854  0.621546
674  682  0.0967913
674  853  0.620969
675  681  0.0959068
675  846  0.0114268
675  849  0.0139566
675  852  0.173667
676  680  0.0696501
676  845  0.014183
676  848  0.0214108
677  767  0.801523
678  766  0.825606
679  765  0.830734
680  764  0.833073
681  763  0.832334
682  762  0.832642
683  761  0.832475
684  760  0.83359
685  759  0.823798
690  756  0.923608
691  755  0.998141
692  754  0.999074
693  753  0.999974
694  752  0.999975
695  751  0.99942
696  750  0.999921
697  749  0.995241
701  725  0.924509
702  724  0.994641
703  723  0.999865
704  722  0.997471
706  720  0.994822
707  719  0.999193
708  718  0.998792
709  717  0.816183
711  716  0.0306362
727  745  0.993776
728  744  0.99802
729  743  0.999965
730  742  0.999978
731  741  0.99905
732  740  0.999622
733  739  0.948565
768  852  0.43306
769  847  0.123564
769  851  0.672791
770  846  0.1224
770  850  0.670623
771  849  0.652627
774  846  0.0455
775  844  0.992063
776  843  0.992647
777  842  0.993072
778  841  0.993067
779  840  0.993118
780  839  0.991572
781  838  0.991203
782  837  0.990155
783  835  0.693608
783  836  0.291087
784  813  0.038185
784  834  0.95579
785  812  0.041428
785  833  0.953381
786  811  0.0414301
786  832  0.949881
787  810  0.0411506
788  809  0.0361026
788  830  0.916237
789  808  0.0226159
789  829  0.922994
790  807  0.0108267
790  828  0.863664
792  808  0.971889
793  807  0.986582
794  806  0.998237
795  805  0.99888
796  804  0.987618
797  803  0.931312
798  802  0.541906
809  825  0.896375
810  824  0.897257
811  822  0.0383487
811  823  0.864553
812  821  0.901345
812  827  0.0117965
813  820  0.893684
814  825  0.0714821
815  824  0.0717815
816  823  0.0717444
817  822  0.0471086
822  835  0.0162051
823  834  0.017739
824  833  0.0177444
825  832  0.0173095
