1  13  0.623198
1  17  0.091487
2  12  0.625751
2  16  0.122446
3  11  0.623235
3  15  0.133137
3  21  0.0118733
3  209  0.0263272
4  10  0.600102
4  14  0.110959
4  20  0.0117004
4  208  0.0264539
5  9  0.300698
5  19  0.011391
5  207  0.0264152
6  18  0.010788
6  206  0.0264731
7  205  0.0264795
7  308  0.0222613
8  204  0.0263948
8  307  0.0241563
9  203  0.0256857
9  306  0.0240491
10  305  0.0231906
11  304  0.0198073
12  200  0.0262686
13  199  0.0264805
14  198  0.0264091
14  301  0.0124177
15  197  0.0263761
15  300  0.012865
16  307  0.0357946
17  306  0.0328051
17  308  0.024678
18  305  0.0252739
18  306  0.444699
19  302  0.0100104
19  304  0.0156132
19  305  0.589647
19  306  0.155843
20  301  0.0105176
20  304  0.613913
20  305  0.201563
21  300  0.010401
21  303  0.630084
21  304  0.204157
22  302  0.612978
22  303  0.193523
23  301  0.571809
23  302  0.168679
25  252  0.136113
25  300  0.0264043
26  251  0.13863
27  250  0.139449
27  260  0.810001
28  249  0.13932
28  259  0.817921
29  248  0.129703
29  258  0.818456
30  257  0.818111
31  46  0.0117886
32  45  0.0125999
33  44  0.0106526
33  254  0.807664
34  44  0.121543
34  65  0.01878
34  253  0.811654
35  43  0.138071
35  64  0.0187896
35  252  0.807219
36  42  0.371424
36  48  0.103396
36  250  0.0146314
37  41  0.141463
37  47  0.208045
37  63  0.0176709
38  46  0.387647
38  62  0.0182118
39  45  0.399802
39  61  0.0189921
40  60  0.0178928
41  240  0.113017
42  57  0.0320044
42  239  0.124794
43  56  0.0524029
43  238  0.121335
43  249  0.145469
43  250  0.0143363
44  55  0.0531147
44  237  0.117846
44  248  0.14576
45  54  0.137195
45  250  0.0117519
46  53  0.134446
46  233  0.0118477
47  52  0.117657
47  232  0.0119227
47  246  0.474492
48  231  0.0114571
48  245  0.660354
49  244  0.754626
50  243  0.795539
51  242  0.800959
52  241  0.803266
53  240  0.802957
54  239  0.802095
55  228  0.623369
56  227  0.664385
57  226  0.95723
58  225  0.956698
59  224  0.953357
61  222  0.93114
62  221  0.957082
63  220  0.956112
64  219  0.956801
65  218  0.955485
66  100  0.0712961
66  196  0.0536843
66  217  0.713882
67  99  0.0770283
67  195  0.0537056
67  216  0.712967
68  98  0.0773221
68  194  0.0542852
69  76  0.167865
69  90  0.0132842
69  97  0.0771613
69  147  0.0399301
69  159  0.0149827
69  193  0.0540709
69  202  0.1593
70  75  0.110334
70  89  0.0161866
70  96  0.0685333
70  146  0.042849
70  158  0.0159453
70  201  0.158336
71  88  0.0253591
71  145  0.0443331
71  157  0.0163193
71  200  0.147726
71  204  0.0103717
72  87  0.025668
72  144  0.0447894
72  156  0.0164979
72  166  0.0110223
72  170  0.0146501
72  174  0.0265737
72  199  0.140973
72  203  0.0111393
73  86  0.0256945
73  94  0.0183162
73  104  0.0822625
73  143  0.0419558
73  165  0.0117979
73  169  0.01638
73  173  0.049546
73  177  0.0523386
73  189  0.0266754
74  93  0.0229104
74  142  0.0395173
74  164  0.0114588
74  168  0.0165061
74  172  0.0513861
74  176  0.0953122
74  188  0.0223027
75  85  0.0248989
75  92  0.0197418
75  103  0.0172388
75  141  0.0297417
75  167  0.0165324
75  171  0.0519246
75  175  0.112828
76  84  0.0249362
76  139  0.013613
76  166  0.0165271
76  170  0.0522435
76  174  0.115014
77  83  0.0200016
77  89  0.0438955
77  101  0.456964
77  169  0.0502081
77  173  0.113066
77  188  0.0408233
78  88  0.0537874
78  100  0.508792
78  168  0.04702
78  172  0.112083
78  187  0.0740048
79  87  0.055341
79  99  0.520112
79  167  0.0447817
79  171  0.110694
79  186  0.0779963
79  213  0.118785
80  98  0.541023
80  185  0.0785665
80  212  0.119282
81  86  0.219307
81  97  0.546367
81  184  0.0787524
81  211  0.11704
82  96  0.545608
82  183  0.0787539
82  210  0.114152
83  95  0.54528
83  182  0.0765959
84  94  0.539817
84  207  0.0742385
84  209  0.022718
85  93  0.502163
85  180  0.0786969
85  206  0.0822829
85  207  0.0102986
85  208  0.0187996
86  179  0.078673
86  205  0.0898241
87  178  0.0657498
87  204  0.0452268
89  175  0.117864
90  174  0.153779
91  173  0.197429
92  172  0.203558
93  171  0.19331
94  170  0.228542
95  169  0.238455
97  139  0.021396
97  167  0.309491
98  138  0.0223469
98  166  0.320751
99  137  0.0261278
99  165  0.337564
100  136  0.0237439
101  135  0.024582
101  163  0.359217
102  134  0.028554
102  162  0.385979
103  133  0.0287001
103  137  0.0196079
103  161  0.390228
103  215  0.0816399
103  217  0.200115
104  132  0.0286134
104  136  0.019123
104  160  0.389931
104  214  0.0815627
104  216  0.200547
105  131  0.0233426
105  133  0.391074
105  159  0.0298176
105  161  0.0104979
105  215  0.429423
106  132  0.430509
106  160  0.0105446
106  213  0.0405942
106  214  0.428669
107  131  0.430549
107  159  0.0103645
107  212  0.0206844
108  130  0.422421
108  212  0.457162
109  128  0.0786626
109  211  0.481117
110  126  0.437557
110  128  0.0116416
110  210  0.481092
111  125  0.437758
111  126  0.0571334
111  209  0.480853
112  124  0.436926
112  125  0.0572726
112  208  0.477697
113  123  0.437267
113  124  0.0559052
113  207  0.47114
114  122  0.437901
114  123  0.0544012
114  206  0.253686
115  121  0.431654
115  205  0.228593
116  120  0.25079
116  168  0.0502607
116  172  0.0125052
116  204  0.394452
117  167  0.0682596
117  171  0.017531
117  203  0.374458
118  166  0.0742891
118  170  0.0198473
118  203  0.015303
119  161  0.204504
119  165  0.0619753
119  169  0.0140757
119  202  0.0172602
120  160  0.20769
121  159  0.204575
121  164  0.0186497
122  163  0.0176835
123  156  0.0291951
124  155  0.037501
124  156  0.178106
125  154  0.0420795
125  155  0.179917
125  167  0.0166257
125  171  0.111846
126  153  0.0426138
126  154  0.178959
126  160  0.018804
126  166  0.0167065
126  170  0.113978
127  159  0.018326
127  169  0.0965925
127  172  0.0158296
128  135  0.202738
128  160  0.0237886
128  167  0.0156426
128  171  0.0184722
129  134  0.134001
129  157  0.0117523
129  159  0.0237926
129  168  0.0436469
130  156  0.0115399
130  167  0.0415981
131  153  0.0112904
131  166  0.041627
132  152  0.0168757
132  165  0.042191
132  168  0.0518282
133  151  0.0166381
133  155  0.21134
133  167  0.0534017
134  153  0.0102527
134  154  0.339796
134  163  0.026966
134  166  0.0528297
135  150  0.0190306
135  162  0.028055
135  165  0.0496696
136  149  0.0194588
136  152  0.873058
136  161  0.0280877
137  148  0.0194939
137  151  0.87947
137  160  0.0280818
138  147  0.019188
138  150  0.878673
138  159  0.0270419
139  146  0.0183276
139  149  0.88033
139  158  0.025043
140  148  0.875229
141  147  0.835664
142  154  0.0273244
143  153  0.0286631
144  152  0.0293454
145  151  0.0265561
148  215  0.0406268
149  214  0.0406098
150  213  0.0329825
151  212  0.0283507
152  213  0.0118552
153  211  0.0452638
153  212  0.0258817
154  210  0.0453288
154  211  0.0273203
155  162  0.0347164
155  165  0.0105178
155  209  0.0452668
155  210  0.0273301
156  161  0.0579396
156  164  0.0135601
156  208  0.0389781
156  209  0.0270682
157  163  0.0139256
159  205  0.0272443
160  168  0.0181102
160  172  0.0487088
160  204  0.0243722
160  206  0.0153075
160  215  0.0189923
161  167  0.0204
161  171  0.0551618
161  203  0.024257
161  205  0.0153973
161  214  0.0190033
162  170  0.0569425
162  213  0.0188541
163  169  0.0551823
163  172  0.0194591
163  212  0.0167905
164  171  0.0248306
165  170  0.020892
165  174  0.0107645
165  203  0.010824
166  173  0.0100376
166  202  0.0123073
166  210  0.0161461
167  209  0.0162104
167  215  0.010102
170  202  0.0142341
171  202  0.0189272
171  204  0.0198958
173  203  0.0437863
174  201  0.342706
174  202  0.194477
175  200  0.563261
175  201  0.0984229
176  199  0.722614
177  198  0.827731
178  197  0.873176
179  196  0.919101
180  195  0.42358
181  194  0.422129
182  193  0.919919
183  192  0.919902
184  191  0.906546
203  215  0.0136657
203  217  0.0505398
204  214  0.0107742
204  216  0.050585
205  215  0.196211
206  214  0.192275
207  213  0.160951
210  304  0.0244054
211  303  0.0246291
212  302  0.0238302
215  300  0.0261094
216  299  0.0262691
217  298  0.026264
219  297  0.0260047
220  296  0.0260467
221  295  0.0260466
222  294  0.0259865
223  293  0.0258369
224  292  0.0174288
226  291  0.0156084
227  238  0.27407
227  290  0.0118308
228  234  0.0128645
228  237  0.260383
229  233  0.0165872
237  263  0.0220039
238  262  0.0220145
239  261  0.0216393
241  252  0.0215988
242  251  0.129775
242  258  0.0164001
243  250  0.162423
243  257  0.0164635
244  249  0.144957
244  256  0.016215
245  255  0.0160257
246  254  0.0148702
253  304  0.0703121
254  303  0.0724794
255  302  0.0759093
256  301  0.0799207
257  300  0.0805142
259  298  0.0186782
259  300  0.0156739
260  298  0.0939423
261  297  0.114068
261  300  0.735622
262  296  0.123388
262  299  0.809292
263  295  0.121925
263  297  0.144866
263  298  0.680895
264  293  0.112375
264  296  0.274919
265  292  0.112362
266  291  0.108854
266  295  0.830022
267  294  0.835892
268  290  0.0719524
268  293  0.838503
269  289  0.0677081
269  292  0.838193
270  291  0.836058
271  286  0.644052
271  290  0.338564
272  285  0.832293
273  284  0.905556
273  288  0.0489351
274  283  0.90652
274  286  0.0771648
275  282  0.901506
275  285  0.0770469
277  283  0.0692732
278  282  0.0264169
282  299  0.0115217
283  298  0.0115335
284  297  0.0115417
285  296  0.0115457
286  295  0.011497
