1  19  0.474197
2  18  0.768594
3  17  0.853132
4  16  0.846495
6  14  0.854736
7  13  0.776999
11  737  0.0134022
12  735  0.0379395
13  732  0.0117856
13  734  0.0470916
14  731  0.0121342
14  733  0.0470053
15  730  0.0121027
15  731  0.0316194
16  729  0.0118577
16  730  0.0319512
16  738  0.015578
17  728  0.0110724
17  729  0.0324031
17  737  0.019268
18  736  0.0192397
19  735  0.0177741
23  731  0.0147885
23  737  0.0117127
24  730  0.0128915
25  730  0.0154408
25  738  0.0566092
26  729  0.0161418
26  737  0.0695145
27  728  0.0132382
27  729  0.0205054
28  728  0.0218801
29  694  0.0730427
29  727  0.0216185
29  734  0.843247
30  39  0.0104819
30  693  0.0730846
30  726  0.0215505
30  728  0.0114952
30  733  0.843794
31  38  0.0108383
31  692  0.0731243
31  727  0.0172921
31  732  0.842407
32  691  0.0731228
32  726  0.0173655
32  731  0.842717
33  690  0.0707388
33  725  0.0174944
33  730  0.780573
34  674  0.0164948
34  689  0.0587816
34  724  0.0171624
35  590  0.0384743
35  591  0.0309809
35  673  0.0167893
35  685  0.0319204
35  723  0.0153359
35  728  0.251079
35  729  0.017464
36  589  0.0447256
36  590  0.0413268
36  672  0.0168911
36  684  0.0389674
36  728  0.0133864
37  588  0.0436712
37  671  0.0167601
37  683  0.0398192
38  587  0.0424527
38  589  0.0412186
38  670  0.0163208
38  681  0.0286319
38  682  0.027563
38  728  0.0385824
39  588  0.020446
39  680  0.0413142
40  679  0.0390399
41  588  0.760881
42  587  0.834773
43  586  0.982676
44  585  0.996505
45  584  0.995183
46  583  0.997483
47  582  0.997676
48  581  0.997151
49  580  0.997687
50  579  0.996787
51  578  0.997381
52  577  0.996433
53  575  0.0183907
54  575  0.581273
55  573  0.0174444
55  574  0.703027
57  571  0.944179
58  570  0.997143
59  569  0.997221
60  568  0.995896
61  567  0.992017
62  554  0.266703
63  85  0.0152181
63  533  0.016531
63  553  0.339387
64  76  0.103178
64  84  0.173177
64  532  0.0187606
64  552  0.357181
65  75  0.103301
65  551  0.329635
66  74  0.102832
66  83  0.627426
67  73  0.0987553
67  82  0.732935
68  72  0.0574357
68  81  0.759235
69  80  0.767859
69  548  0.0631288
70  79  0.768809
70  547  0.0634338
71  78  0.744976
72  77  0.604958
74  201  0.0210222
75  200  0.024964
75  227  0.010326
76  87  0.0528082
76  199  0.0251847
76  226  0.0104332
77  86  0.0728046
77  198  0.0238703
77  225  0.0104505
77  556  0.0111814
77  563  0.0290893
77  565  0.0510036
78  85  0.0721142
78  224  0.0104394
78  555  0.0111485
78  562  0.0291156
78  564  0.0517999
79  84  0.0618756
79  196  0.0172894
79  223  0.0101753
79  561  0.0289915
79  563  0.0521568
80  195  0.0267439
80  560  0.0286553
81  194  0.0264471
81  553  0.011011
81  559  0.0264108
81  562  0.0513276
82  551  0.0109014
82  552  0.0138605
82  561  0.051853
83  192  0.0459529
83  550  0.0431247
83  551  0.0106394
83  560  0.0521247
84  191  0.0483559
84  524  0.0179943
84  549  0.0741675
84  559  0.0520397
85  190  0.0490936
85  192  0.0107279
85  523  0.0212407
85  525  0.0309383
85  550  0.103375
85  565  0.341003
86  189  0.0490721
86  191  0.0108365
86  522  0.021237
86  524  0.0309668
86  547  0.0895772
86  549  0.110803
86  558  0.0130617
86  564  0.344859
87  138  0.330429
87  190  0.0108518
87  521  0.0199877
87  523  0.0201246
87  563  0.174295
88  137  0.330902
88  189  0.0108519
88  520  0.0199611
88  522  0.0201022
88  546  0.459471
89  136  0.330375
89  188  0.0106729
89  520  0.0142574
89  545  0.463109
89  562  0.108533
90  135  0.339047
90  187  0.010149
90  519  0.0203141
90  544  0.464393
90  561  0.0980257
90  566  0.0116218
91  134  0.340157
91  518  0.0212867
91  543  0.464083
91  560  0.0992927
91  565  0.0116334
92  133  0.340694
92  514  0.0213304
92  517  0.0161801
92  542  0.464403
92  559  0.109544
92  564  0.0115673
93  132  0.340757
93  142  0.0158516
93  513  0.022983
93  541  0.462932
93  558  0.107659
94  131  0.338626
94  141  0.0220168
94  512  0.0225617
94  535  0.0308845
94  547  0.0264822
95  130  0.329484
95  140  0.0259137
95  534  0.0437617
95  546  0.0407885
95  554  0.0136466
96  129  0.322671
96  139  0.0275864
96  432  0.0329197
96  533  0.0530151
96  537  0.160626
96  545  0.047086
96  553  0.0143655
97  127  0.218274
97  128  0.0359175
97  138  0.0281038
97  431  0.0461104
97  509  0.0343664
97  532  0.0555064
97  536  0.0327628
97  544  0.0488238
97  552  0.0139547
98  137  0.0280852
98  430  0.0461445
98  508  0.0258421
98  531  0.0468741
98  535  0.0334878
98  542  0.0503931
99  125  0.338791
99  136  0.0281001
99  429  0.0461396
99  534  0.163712
99  535  0.0117012
99  541  0.0514711
100  124  0.339475
100  135  0.0280254
100  428  0.0377583
100  506  0.187989
100  511  0.0118463
100  540  0.0517285
101  123  0.339278
101  134  0.0280175
101  505  0.169957
101  510  0.0105714
101  539  0.0467519
102  122  0.336346
102  133  0.0279738
102  424  0.616428
103  121  0.261798
103  423  0.624661
104  120  0.142966
104  128  0.0271821
104  422  0.625693
105  121  0.0692713
105  127  0.0274246
105  421  0.626968
106  120  0.182439
106  126  0.0274065
106  420  0.626645
107  119  0.27225
107  419  0.626655
108  116  0.0479364
108  118  0.290464
108  125  0.0262286
108  418  0.626973
109  115  0.0461188
109  117  0.285098
109  124  0.0276322
109  417  0.626975
110  123  0.0275394
110  416  0.626827
111  116  0.0876325
111  122  0.0258261
111  415  0.626909
112  414  0.623916
113  334  0.622168
114  333  0.626764
115  332  0.627372
116  331  0.627403
117  330  0.627356
118  124  0.0179244
118  329  0.607833
120  325  0.0110286
120  328  0.486669
121  327  0.485914
122  323  0.0949177
122  326  0.492035
123  130  0.0156534
123  322  0.100509
123  325  0.408953
124  129  0.0261805
124  321  0.102816
125  320  0.102091
125  323  0.410304
125  329  0.012597
126  319  0.101654
126  322  0.414094
127  318  0.101051
127  321  0.41171
127  328  0.0249234
128  218  0.0142691
128  327  0.0258474
129  166  0.0119841
129  170  0.018565
129  171  0.0113808
129  326  0.0254302
130  169  0.0298316
130  170  0.012056
131  169  0.0111108
131  215  0.0749176
132  164  0.133166
132  214  0.0841318
132  324  0.109172
133  163  0.133333
133  166  0.182656
133  213  0.0841514
133  323  0.109998
134  162  0.132778
134  165  0.183309
134  212  0.0841247
134  322  0.109969
135  161  0.129223
135  211  0.0841234
135  321  0.109809
136  164  0.41824
136  210  0.0798996
137  159  0.0167423
137  163  0.418605
137  209  0.0667577
138  160  0.102862
138  162  0.416653
139  158  0.0103956
139  159  0.106634
139  207  0.0692597
140  157  0.0107191
140  158  0.108278
140  159  0.196681
140  206  0.0770539
141  157  0.0969416
141  158  0.20822
141  159  0.131843
141  205  0.0773657
141  507  0.010366
142  157  0.192829
142  158  0.121625
142  184  0.0270046
142  204  0.0774287
142  506  0.0119587
143  155  0.0148929
143  157  0.121154
143  183  0.0256032
143  203  0.0734512
143  505  0.0117894
144  155  0.612398
144  504  0.0111297
144  566  0.0155908
145  154  0.73762
145  155  0.0115752
146  153  0.766782
146  564  0.017914
147  152  0.759332
147  563  0.1321
148  562  0.125712
149  499  0.0117433
150  498  0.0139984
151  497  0.0161307
151  560  0.113121
152  496  0.0164531
152  558  0.0255961
152  559  0.120842
153  495  0.0164514
153  557  0.0202631
154  494  0.0149909
155  202  0.0169078
156  181  0.0643579
156  201  0.068185
156  556  0.259288
157  180  0.0647896
157  200  0.0725884
157  491  0.0164518
157  555  0.260465
158  179  0.064965
158  199  0.0617865
158  490  0.0123103
158  554  0.260377
159  178  0.0649718
159  553  0.261077
160  177  0.0649815
160  197  0.0406909
160  488  0.0134706
160  552  0.261387
161  196  0.0709584
161  487  0.0164718
161  551  0.131319
162  175  0.0651012
162  195  0.0735467
162  486  0.0164734
162  550  0.130627
163  174  0.0375234
163  194  0.0808606
163  485  0.0164738
163  549  0.258972
164  174  0.0297626
164  193  0.0808639
164  484  0.016473
164  547  0.0348657
165  173  0.0599377
165  192  0.0802656
165  483  0.016453
166  172  0.0600395
166  191  0.0801
166  482  0.0164502
166  546  0.218471
167  171  0.0228681
167  182  0.0606128
167  481  0.0139421
168  181  0.0673768
168  320  0.0219513
169  180  0.0675044
169  319  0.0121127
170  179  0.067548
170  319  0.604311
171  178  0.067499
171  318  0.335676
172  177  0.0659123
172  317  0.485703
173  316  0.828584
174  315  0.834504
175  314  0.835289
176  313  0.835705
177  312  0.835089
178  295  0.794341
178  311  0.0382777
179  294  0.794331
180  293  0.793969
181  292  0.794513
182  290  0.760136
183  289  0.760765
184  189  0.011593
184  288  0.766264
185  287  0.603843
186  287  0.121256
187  241  0.0159253
187  285  0.277334
187  286  0.222074
188  240  0.0165304
188  284  0.211047
189  239  0.0166318
189  242  0.0644813
190  216  0.0424635
190  226  0.593818
190  241  0.0645154
191  215  0.0435838
191  225  0.632603
191  237  0.0149065
191  239  0.056472
192  224  0.63156
192  238  0.0592605
193  214  0.14247
193  223  0.625439
193  234  0.0160676
193  237  0.057447
194  213  0.144781
194  222  0.621742
194  233  0.0160188
194  556  0.0113215
195  212  0.146163
195  219  0.0194841
196  211  0.145213
196  218  0.030491
196  219  0.271697
197  217  0.0317529
197  218  0.308759
197  219  0.22172
197  554  0.0134017
198  216  0.0307117
198  217  0.313584
198  218  0.212184
198  553  0.0167457
199  208  0.150941
199  215  0.0144386
199  231  0.0896127
199  552  0.0195654
200  207  0.140347
200  215  0.322375
200  230  0.0921384
200  551  0.0192762
201  229  0.0923151
202  228  0.0923178
203  212  0.550262
203  227  0.0922726
204  211  0.561456
204  226  0.092053
205  219  0.0816296
206  218  0.0899351
206  549  0.0324819
207  217  0.0940245
207  548  0.0460321
208  216  0.0942173
208  547  0.0476134
209  546  0.0476755
210  545  0.0479531
211  544  0.0482082
212  543  0.0481934
213  542  0.0471557
214  541  0.0460458
216  540  0.0391396
216  552  0.0109809
217  539  0.0369512
218  538  0.0307983
219  320  0.0166558
220  319  0.0189786
220  549  0.0128541
221  283  0.0855734
221  318  0.0186923
221  548  0.0129797
222  282  0.0946004
222  535  0.0300782
222  547  0.0130761
223  281  0.0947112
223  534  0.0299582
223  546  0.0130653
224  280  0.094367
224  315  0.0965024
225  279  0.0941945
225  314  0.103423
226  278  0.0707655
226  313  0.103822
228  285  0.317781
229  284  0.390968
230  283  0.423368
231  275  0.038305
231  282  0.422687
231  286  0.014486
231  310  0.165899
232  274  0.0382255
232  275  0.0167096
232  281  0.413871
232  285  0.0149702
232  309  0.176416
233  274  0.0167713
233  282  0.15584
233  308  0.17652
234  279  0.0363604
234  281  0.158158
234  307  0.176453
235  272  0.0104009
235  278  0.0227713
235  280  0.0811554
235  306  0.083841
236  278  0.0266828
236  280  0.431585
237  268  0.227731
237  277  0.0362929
237  279  0.530215
238  267  0.229344
238  278  0.529543
239  265  0.28444
239  277  0.527752
240  264  0.656756
241  260  0.122628
241  263  0.761582
242  259  0.122877
242  262  0.761607
242  285  0.0135464
243  258  0.122976
243  261  0.760905
243  284  0.013934
244  257  0.123204
244  260  0.75988
245  256  0.123238
245  259  0.759356
245  281  0.0984925
246  255  0.118915
246  257  0.582268
246  258  0.145762
246  280  0.105163
247  253  0.0920033
247  256  0.606699
247  279  0.105486
248  252  0.0350645
248  254  0.137695
248  278  0.105581
249  253  0.10005
249  256  0.0236004
249  277  0.105688
250  255  0.0192157
250  257  0.117524
250  276  0.105792
251  256  0.114582
251  275  0.105287
252  274  0.0881813
253  270  0.104812
254  269  0.107722
255  268  0.107868
256  266  0.102709
257  265  0.107373
258  264  0.106284
259  263  0.0835348
265  276  0.59514
266  275  0.595758
267  274  0.530697
269  306  0.0736603
270  304  0.0472221
270  305  0.0970018
270  336  0.0104734
271  304  0.0904097
271  305  0.0100137
271  335  0.0105391
272  304  0.0229861
272  334  0.0105449
273  301  0.135171
273  303  0.0294171
273  333  0.0105377
274  300  0.147186
274  302  0.0297285
275  299  0.147215
275  301  0.0162987
275  331  0.0106267
276  298  0.147152
276  330  0.0106277
277  297  0.135565
277  299  0.0353097
277  329  0.010626
278  296  0.130781
278  298  0.0192067
279  295  0.126529
279  297  0.0298179
280  296  0.0516297
281  293  0.0953196
281  295  0.0553623
282  294  0.0641391
283  291  0.106492
283  293  0.0670144
284  290  0.106156
284  292  0.0657424
285  291  0.0386858
298  311  0.809872
299  310  0.810392
300  309  0.810399
301  308  0.806568
302  307  0.751743
312  331  0.0146117
313  330  0.0146325
314  329  0.014608
315  328  0.0137135
320  545  0.231339
321  544  0.280829
322  543  0.280829
323  542  0.280929
324  541  0.280862
325  540  0.25006
326  342  0.0516788
327  341  0.0524807
327  526  0.0170538
327  538  0.0180363
327  539  0.128662
328  338  0.0323853
328  340  0.0522628
328  525  0.0222062
328  536  0.0245775
328  538  0.103548
329  337  0.0325167
329  524  0.0222302
329  535  0.025094
330  338  0.0535482
330  536  0.0717239
331  336  0.098106
331  337  0.0309213
331  535  0.142634
332  532  0.0191077
333  531  0.0174382
333  533  0.130253
334  527  0.0459181
334  532  0.116473
335  413  0.565764
335  526  0.161917
336  412  0.634126
336  525  0.167783
337  411  0.634237
337  523  0.235292
338  409  0.624098
338  522  0.235698
339  521  0.236859
340  407  0.650482
340  520  0.236496
341  406  0.654239
342  405  0.655654
342  518  0.224237
342  519  0.0133598
343  404  0.655642
343  518  0.0135435
343  538  0.0134817
344  402  0.219132
344  403  0.436535
344  516  0.233661
344  537  0.0152421
345  401  0.437592
345  402  0.218334
345  515  0.239795
346  400  0.656766
346  514  0.245019
346  535  0.0430025
347  399  0.656735
347  513  0.244584
347  534  0.0434665
348  398  0.650378
348  532  0.056536
349  397  0.647123
349  531  0.0563995
350  395  0.644722
350  530  0.0557101
351  394  0.649967
351  512  0.0167495
351  529  0.0514271
352  393  0.656317
352  510  0.208552
352  511  0.0223095
352  526  0.0108983
352  528  0.0295961
353  392  0.656294
353  509  0.245065
353  525  0.0138414
354  390  0.639519
354  508  0.245436
354  524  0.0138596
355  389  0.635412
355  507  0.184082
355  528  0.0340777
356  388  0.617172
356  389  0.017231
356  507  0.0372657
356  527  0.053203
357  388  0.0190076
357  507  0.0132232
357  526  0.0637532
358  386  0.0213365
358  505  0.181781
358  506  0.0213617
358  525  0.064569
359  386  0.0281938
359  504  0.250374
360  384  0.602072
360  385  0.0252859
360  503  0.143078
360  524  0.0661836
361  383  0.610395
361  502  0.145165
361  523  0.0683241
362  381  0.656524
362  501  0.260354
362  522  0.0683615
363  380  0.656274
363  500  0.260222
363  521  0.0683289
364  379  0.654968
364  499  0.260295
364  520  0.0681895
365  498  0.260169
366  377  0.662597
366  452  0.0119199
366  497  0.244894
366  518  0.0683823
367  376  0.661608
367  451  0.011917
367  496  0.244177
367  517  0.0684029
368  456  0.0185028
368  515  0.010422
368  516  0.0578116
369  455  0.0266695
369  514  0.0169082
369  515  0.0490256
370  454  0.0265833
370  513  0.03284
370  514  0.0324807
371  449  0.0280588
371  453  0.02665
371  512  0.0511438
371  513  0.0132822
372  448  0.0339894
372  452  0.026501
372  511  0.0556745
373  447  0.0355762
373  510  0.0503589
374  445  0.0884264
374  446  0.0224917
375  444  0.128069
376  443  0.142025
377  442  0.141923
379  439  0.327823
380  438  0.332102
381  437  0.337556
382  436  0.337478
383  435  0.337562
384  434  0.337389
385  433  0.337563
386  432  0.337393
387  431  0.337378
388  430  0.331378
389  427  0.015677
389  429  0.304601
390  426  0.0246768
390  428  0.132534
392  400  0.258406
392  425  0.0705292
393  399  0.256872
393  424  0.0706695
394  398  0.0977878
394  423  0.0680365
395  422  0.0558676
397  420  0.0596296
398  419  0.0645022
400  417  0.0633463
401  416  0.0283734
403  416  0.0382129
403  426  0.265525
404  415  0.0700355
404  425  0.265659
405  414  0.0707111
405  424  0.265632
406  413  0.0702704
406  422  0.0108891
406  423  0.246892
407  412  0.0637046
407  421  0.0202667
407  422  0.100425
408  418  0.260974
409  417  0.263715
410  416  0.261314
411  415  0.189726
411  547  0.0179243
412  546  0.0180729
413  545  0.0181212
414  544  0.0181538
417  541  0.0181542
418  540  0.0181317
419  539  0.0173283
421  535  0.0173436
422  534  0.0173765
423  533  0.0174904
424  532  0.0176776
425  502  0.550616
425  509  0.0213454
426  501  0.56781
426  508  0.021469
427  500  0.570856
427  507  0.0213871
428  499  0.561848
429  505  0.0138282
430  497  0.572387
430  504  0.0220713
431  496  0.572813
431  503  0.0223352
432  495  0.572575
432  502  0.0222824
433  494  0.572786
433  501  0.0203833
433  534  0.0218616
434  493  0.306479
434  533  0.021979
435  492  0.304852
435  532  0.0219673
436  491  0.564566
436  531  0.0180838
437  490  0.56431
437  496  0.0167434
437  498  0.0134281
438  489  0.402781
438  495  0.017035
438  497  0.0134625
438  536  0.016167
439  494  0.0169323
439  496  0.0133353
439  514  0.0119855
439  535  0.0172339
440  454  0.791135
440  513  0.0129037
440  534  0.0172379
441  453  0.803553
441  512  0.0107243
441  533  0.0163356
442  452  0.807803
442  509  0.0219081
442  532  0.0101976
443  451  0.807592
443  508  0.0246631
444  450  0.75944
444  507  0.0268259
445  506  0.0272691
446  505  0.0268736
448  503  0.023185
449  502  0.0264394
450  501  0.0146718
451  500  0.0147492
451  509  0.0750937
452  499  0.0257276
452  508  0.0752215
453  507  0.0755964
454  506  0.075707
455  505  0.0755888
455  551  0.0100506
456  483  0.0138538
456  504  0.0746497
456  550  0.0100835
457  482  0.0149061
457  493  0.289174
457  503  0.0724145
457  549  0.0100896
458  464  0.0304312
458  481  0.0146991
458  492  0.29874
458  502  0.0276216
459  463  0.0115948
459  480  0.0136545
459  491  0.299771
460  490  0.298955
460  546  0.0101006
461  499  0.0135329
461  545  0.0101036
462  487  0.825938
462  544  0.0101072
463  475  0.0189087
463  486  0.82812
463  497  0.0133343
463  500  0.0109963
463  502  0.0136402
463  543  0.0100402
464  474  0.0189973
464  485  0.828197
464  496  0.0137188
464  499  0.0119584
464  501  0.0159808
465  473  0.0197682
465  487  0.0133498
465  500  0.0161655
466  483  0.803643
466  486  0.0134326
466  497  0.012055
466  502  0.0376167
467  482  0.81694
467  485  0.0120186
467  496  0.0122884
467  498  0.0170968
467  501  0.0396458
468  481  0.737981
468  483  0.0106956
468  497  0.0172228
468  500  0.0412516
469  482  0.010613
469  496  0.0171501
469  499  0.041366
470  476  0.0139074
470  477  0.0152856
470  478  0.0116177
470  479  0.517218
470  480  0.0277495
470  498  0.0385415
471  475  0.0117217
471  497  0.015749
473  484  0.106512
474  483  0.110882
475  482  0.110905
476  481  0.0728807
485  495  0.0891015
486  494  0.0917065
487  493  0.091354
503  532  0.0307361
504  531  0.0303266
504  548  0.0131472
505  530  0.0264063
505  535  0.0302897
505  547  0.0148414
506  534  0.0455785
506  546  0.0157107
507  524  0.16011
507  533  0.045726
507  545  0.0155844
508  523  0.469987
508  532  0.0446953
508  536  0.011323
508  544  0.0143816
508  550  0.0158722
509  522  0.470374
509  535  0.0113507
509  549  0.016689
510  534  0.0102449
510  548  0.0167181
511  520  0.478534
511  541  0.0100141
511  547  0.0167151
512  519  0.478872
513  518  0.477863
513  540  0.0142563
514  528  0.0854568
514  539  0.0141386
514  544  0.0145364
515  527  0.0968586
515  538  0.0137905
515  543  0.0118652
516  526  0.0995222
516  536  0.0160945
517  525  0.100787
518  524  0.0995115
518  534  0.0283617
519  533  0.0306093
520  532  0.031333
520  538  0.0100019
521  531  0.0297433
521  537  0.011044
522  536  0.0115442
523  535  0.0115473
524  536  0.0794693
525  534  0.0176356
525  535  0.084971
526  533  0.0135357
526  534  0.0819008
527  533  0.0540255
534  540  0.0105638
534  566  0.0256146
535  540  0.014495
535  563  0.0289961
535  565  0.0254933
536  562  0.0295185
536  564  0.0198872
537  550  0.0104174
537  561  0.0297672
538  549  0.0109108
539  548  0.0111776
539  559  0.0274626
540  547  0.0110841
540  558  0.0456219
541  557  0.0459226
542  556  0.0460618
543  555  0.0431497
544  558  0.0130246
545  557  0.0135353
546  552  0.0150964
546  556  0.0136509
547  552  0.0315714
548  557  0.118391
549  556  0.133391
550  555  0.0876092
552  558  0.0119891
558  566  0.421875
559  565  0.420008
560  564  0.159885
587  676  0.0475669
587  724  0.0229191
588  675  0.0476629
588  723  0.0232038
589  674  0.0487704
589  722  0.0257243
590  721  0.0258046
591  720  0.0251247
592  604  0.0167191
592  671  0.0579509
592  719  0.0224658
592  727  0.839906
593  603  0.0167705
593  670  0.0592702
593  726  0.840781
594  602  0.0167673
594  669  0.059426
594  725  0.841765
595  601  0.0160365
595  667  0.0458478
595  668  0.0400018
595  724  0.828655
596  651  0.719193
596  666  0.0660796
596  667  0.0199463
596  724  0.0151079
597  650  0.765459
597  665  0.0859446
597  723  0.0255973
598  649  0.775637
598  664  0.086049
598  719  0.018382
598  722  0.0245813
599  648  0.756857
599  663  0.0860381
599  718  0.0163726
599  721  0.0205203
600  662  0.0860613
601  646  0.881041
601  661  0.0859363
602  645  0.894849
602  660  0.0754706
603  644  0.897907
603  659  0.0748794
604  643  0.899001
604  657  0.0760672
605  638  0.0163475
605  642  0.898447
605  656  0.0760431
606  637  0.0164035
606  641  0.899235
606  655  0.0761204
607  636  0.0164812
607  640  0.899165
607  654  0.0760604
608  635  0.0163458
608  638  0.833466
608  639  0.0653227
608  653  0.0439767
609  637  0.870975
610  651  0.0266912
611  636  0.0827958
611  650  0.0252544
613  634  0.877168
614  633  0.430857
614  646  0.0107558
615  632  0.488786
615  645  0.0279752
616  631  0.968704
616  644  0.029182
617  630  0.969938
617  643  0.0297126
618  629  0.970188
618  642  0.0296946
619  628  0.970203
619  641  0.0297221
620  627  0.9391
620  640  0.029707
621  639  0.0296341
622  638  0.0295431
627  635  0.0224877
628  634  0.0223989
629  633  0.0181965
633  648  0.027827
634  647  0.0383157
635  646  0.0416956
636  645  0.0376855
637  644  0.0379416
638  643  0.0414215
640  717  0.0169007
641  716  0.016974
642  715  0.0169597
643  714  0.0169848
644  713  0.0169666
645  712  0.0169499
646  711  0.0168568
647  710  0.0166039
648  709  0.0134294
654  717  0.891442
655  716  0.893723
656  715  0.892781
657  714  0.892737
659  713  0.890489
660  712  0.89183
661  711  0.896331
662  710  0.895191
663  686  0.0115433
663  709  0.896257
664  685  0.0115474
664  708  0.896517
665  707  0.896008
666  706  0.894084
667  682  0.891566
668  681  0.905532
669  680  0.90568
670  679  0.899797
671  678  0.85418
679  686  0.0108014
680  685  0.0109747
681  689  0.014867
682  688  0.0150709
687  703  0.0454958
687  704  0.0372762
688  702  0.0240327
689  702  0.876537
690  701  0.907282
691  700  0.908793
692  699  0.908234
693  698  0.810002
698  728  0.055339
699  727  0.0779008
700  726  0.0779112
701  725  0.0777992
702  724  0.0776321
703  722  0.0675202
704  721  0.0668563
705  720  0.0639922
706  716  0.0333773
706  719  0.0440025
707  715  0.0397127
708  714  0.0377776
708  717  0.0367619
