2  13  0.018075
2  166  0.120356
2  248  0.175219
2  316  0.0941975
3  12  0.0216961
3  163  0.0100227
3  165  0.202941
3  315  0.21022
4  164  0.202761
4  246  0.27487
4  314  0.210627
5  15  0.0715263
5  163  0.196996
5  245  0.290551
5  313  0.210922
6  13  0.019559
6  14  0.0630658
6  160  0.115892
6  161  0.0106491
6  244  0.297852
6  312  0.203552
7  12  0.0285336
7  159  0.215405
7  243  0.318136
8  158  0.215454
8  242  0.326304
9  157  0.169336
9  241  0.334438
9  309  0.0110649
10  240  0.338845
11  155  0.216207
11  239  0.339552
11  307  0.16968
12  154  0.216257
12  238  0.339496
12  306  0.169757
13  237  0.30593
13  325  0.0112287
14  126  0.151976
14  324  0.0123611
15  52  0.0311586
15  125  0.16296
15  235  0.152047
15  303  0.110169
15  323  0.0125799
16  51  0.029887
16  302  0.0926414
16  325  0.191187
17  48  0.0273282
17  50  0.018324
17  68  0.153336
17  124  0.0718698
17  321  0.0152245
17  324  0.22015
18  47  0.0141286
18  67  0.153736
18  122  0.268892
18  320  0.0152291
18  323  0.22289
19  47  0.270258
19  66  0.153475
19  121  0.269376
19  319  0.015121
19  322  0.222892
20  46  0.486162
20  65  0.0115994
20  120  0.269023
20  321  0.218252
21  45  0.486648
21  320  0.218034
22  44  0.486978
22  119  0.274319
22  319  0.217842
23  43  0.486096
23  118  0.277985
23  318  0.213351
24  42  0.486961
24  60  0.0100667
24  117  0.284672
24  317  0.203898
25  41  0.485004
25  116  0.284844
25  124  0.0740703
25  237  0.101924
26  38  0.0391903
26  40  0.416382
26  115  0.284748
26  123  0.0744795
26  236  0.108426
27  37  0.0698703
27  114  0.284703
27  122  0.074544
27  235  0.108977
28  36  0.0598458
28  38  0.0930572
28  39  0.0186482
28  49  0.0260545
28  113  0.245365
28  121  0.0744608
28  234  0.0805914
29  48  0.0521139
29  120  0.0744397
30  36  0.143659
30  37  0.164929
30  47  0.0543017
30  119  0.0743939
31  36  0.0954864
31  38  0.0442147
31  45  0.0466051
31  53  0.0119009
31  118  0.0514788
32  37  0.0452268
32  44  0.0472964
32  52  0.0126431
33  51  0.0120517
34  48  0.01269
35  43  0.340735
35  47  0.0151043
36  41  0.126968
36  42  0.337641
36  46  0.0148224
37  41  0.209137
42  175  0.0130864
43  174  0.0145968
44  112  0.317006
44  173  0.0145896
45  111  0.317528
46  66  0.0187671
46  110  0.317701
47  65  0.130909
47  109  0.315719
48  64  0.105779
48  108  0.291966
49  168  0.0137787
49  230  0.0117462
50  62  0.156048
50  108  0.0138958
50  167  0.0138341
50  229  0.01544
50  233  0.245433
51  61  0.176929
51  107  0.150004
51  113  0.0109466
51  166  0.0137959
51  228  0.0171143
51  232  0.29561
52  60  0.176936
52  105  0.0304775
52  106  0.15901
52  112  0.0142345
52  165  0.0135269
52  227  0.0175262
52  231  0.304623
53  104  0.0433798
53  105  0.141492
53  111  0.0142142
53  164  0.0131912
53  230  0.305429
54  61  0.0575446
54  101  0.0103344
54  103  0.0522329
54  107  0.0312902
54  110  0.0137755
54  228  0.0235116
54  229  0.288542
55  60  0.0683112
55  100  0.0101533
55  102  0.0454021
55  106  0.0319399
55  109  0.0128647
55  227  0.0320645
56  105  0.0314331
57  65  0.0596891
57  68  0.0532047
57  100  0.0825896
57  102  0.0113673
57  104  0.0238485
57  222  0.0229895
57  227  0.315724
57  258  0.0130577
57  324  0.0109075
58  64  0.0582267
58  67  0.0534043
58  99  0.0824649
58  101  0.0117777
58  221  0.0228954
58  224  0.0355488
58  226  0.316681
58  257  0.0130808
58  300  0.0109276
58  323  0.0110661
59  66  0.0510533
59  97  0.0553451
59  155  0.0133455
59  220  0.0225169
59  223  0.0354425
59  224  0.315332
59  256  0.013086
59  299  0.0110191
59  322  0.0109346
60  96  0.0552804
60  101  0.0100295
60  154  0.0133895
60  221  0.0230304
60  223  0.314747
60  255  0.0130741
60  298  0.0109751
61  95  0.0463528
62  142  0.0552849
63  141  0.0600972
64  98  0.0157264
64  100  0.183719
64  102  0.0764038
64  126  0.0236561
64  140  0.0625099
64  219  0.249929
65  91  0.0102561
65  94  0.0109898
65  97  0.0160982
65  99  0.183835
65  101  0.0804279
65  125  0.0244733
65  139  0.0629616
65  218  0.250045
66  98  0.107569
66  100  0.0840556
66  124  0.0246015
66  138  0.0605918
66  217  0.249554
67  93  0.0103088
67  95  0.0181067
67  98  0.199354
67  216  0.249925
68  92  0.0125133
68  94  0.0189183
68  96  0.0314231
68  97  0.280769
68  122  0.0149944
68  136  0.0578989
68  215  0.249382
69  91  0.0121721
69  94  0.0216297
69  96  0.281893
69  121  0.0151499
69  122  0.0295385
69  135  0.0576651
69  214  0.231385
69  300  0.158159
70  92  0.0192308
70  94  0.30898
70  96  0.0103842
70  121  0.0310475
70  122  0.0388298
70  131  0.064672
70  212  0.0102886
70  299  0.159317
71  91  0.0189494
71  92  0.454345
71  119  0.0433055
71  121  0.0392182
71  130  0.0667454
71  212  0.0132897
71  298  0.159068
72  91  0.46045
72  118  0.0381333
72  129  0.0653433
72  297  0.134842
73  90  0.608897
73  104  0.0309483
73  293  0.017653
74  89  0.609281
74  103  0.0411493
74  127  0.0645015
74  260  0.0112382
74  292  0.0173756
75  102  0.0431687
75  126  0.0694841
76  88  0.699996
76  101  0.043373
76  125  0.0695879
76  259  0.154584
77  87  0.714715
77  100  0.043394
77  124  0.063914
77  258  0.164334
78  86  0.710314
78  99  0.0433745
78  122  0.0525268
78  257  0.164351
79  85  0.663894
79  97  0.0387023
79  121  0.0524304
79  122  0.0104426
79  256  0.164507
80  96  0.0386613
80  119  0.046461
80  121  0.0104327
80  255  0.164379
81  94  0.0268796
81  118  0.0407011
81  232  0.0352033
81  254  0.101558
82  93  0.0266798
82  231  0.0444981
83  230  0.0449522
85  90  0.115283
85  159  0.0376118
86  158  0.0376266
86  227  0.059945
87  157  0.0376064
87  160  0.0131596
87  226  0.0600005
88  156  0.0204251
88  159  0.0264329
89  120  0.0205099
89  158  0.0264211
90  119  0.022005
90  154  0.0137802
90  155  0.0114607
90  157  0.0263296
90  201  0.0187109
90  223  0.0605383
91  117  0.35284
91  200  0.0190664
91  222  0.0603837
92  116  0.3561
92  199  0.0193434
93  115  0.356466
93  198  0.0169575
93  220  0.0600798
94  219  0.0606857
95  113  0.357817
95  195  0.0206019
95  218  0.0281164
96  112  0.358645
96  194  0.0249722
96  217  0.027737
97  111  0.083059
97  216  0.0604223
98  110  0.0812822
98  192  0.0256365
98  214  0.013094
98  215  0.0483244
99  109  0.361719
99  191  0.0259306
99  213  0.10149
100  108  0.360897
100  190  0.0259141
100  212  0.101531
100  214  0.0382592
101  106  0.0242669
101  109  0.0217438
101  182  0.0149608
101  211  0.0882064
101  213  0.0454277
102  108  0.0186336
102  181  0.0145308
102  210  0.0810415
102  212  0.0453706
103  211  0.0441872
104  177  0.0512347
104  203  0.0189218
104  210  0.0380663
105  176  0.0676045
105  202  0.0215117
105  209  0.0285738
106  175  0.0692037
106  201  0.02185
107  200  0.0214447
108  173  0.0745276
108  199  0.0200829
108  213  0.0252956
108  222  0.0594387
109  172  0.0860791
109  212  0.0253158
109  221  0.0593128
110  171  0.0870315
110  182  0.198083
111  170  0.0872452
111  181  0.19844
112  169  0.0872697
112  180  0.198548
113  168  0.0815745
113  179  0.198125
114  178  0.197045
116  122  0.0236796
116  166  0.0133687
117  121  0.0147532
117  147  0.0476965
117  175  0.018889
118  146  0.0481944
118  164  0.0229235
118  200  0.0181686
119  124  0.0108109
119  144  0.055568
119  162  0.0547844
119  163  0.0236712
119  199  0.0201434
120  143  0.0226408
120  161  0.0797542
120  175  0.010862
120  198  0.0199156
121  142  0.010455
121  174  0.012851
121  253  0.0192952
122  141  0.0533755
122  159  0.128929
122  173  0.0128269
122  252  0.012418
123  140  0.0654502
123  158  0.129243
123  251  0.0112287
124  139  0.0655215
124  157  0.129123
124  160  0.0177952
124  172  0.0119616
124  175  0.0111859
124  195  0.0250669
124  214  0.0166063
125  138  0.0654349
125  152  0.0139246
125  156  0.108585
125  159  0.0188524
125  171  0.0111859
125  194  0.024692
125  213  0.0449144
125  313  0.013136
126  137  0.0558918
126  151  0.0141767
126  155  0.0675104
126  157  0.0166089
126  170  0.0104122
126  193  0.0205863
126  212  0.0447183
126  312  0.0122368
127  150  0.0137553
127  156  0.0234292
127  211  0.0390077
129  146  0.0464601
130  145  0.051961
130  153  0.739751
131  144  0.0519773
131  152  0.746603
132  143  0.0519044
132  151  0.745303
133  142  0.0514919
133  150  0.722808
134  141  0.0479611
134  149  0.446043
135  140  0.0391507
135  146  0.642993
136  145  0.777333
137  144  0.777713
138  143  0.743875
141  310  0.0122342
142  309  0.0132491
143  222  0.0529878
143  308  0.0140573
143  321  0.0165037
144  221  0.0530152
144  307  0.0140743
144  320  0.0165214
145  220  0.0528176
145  306  0.0140748
145  319  0.0165261
146  305  0.0135329
146  318  0.0164448
147  317  0.0162541
149  310  0.051989
150  309  0.0619445
151  308  0.0633278
152  299  0.0128116
152  307  0.0634576
153  175  0.15297
153  298  0.0128118
153  306  0.0634437
154  174  0.409969
155  173  0.410269
156  172  0.245773
156  303  0.0560879
157  168  0.0900017
157  171  0.193858
157  302  0.0607695
158  167  0.10013
158  170  0.35377
158  301  0.0616804
159  166  0.103332
159  169  0.35029
159  300  0.0615162
160  165  0.107121
160  168  0.197019
160  252  0.16865
161  168  0.0928646
161  251  0.171548
162  167  0.134239
162  250  0.156989
164  248  0.202867
165  247  0.20872
166  246  0.208623
167  245  0.208789
168  244  0.208605
168  326  0.0895067
169  243  0.208641
169  325  0.101336
170  242  0.208114
170  324  0.101555
171  241  0.137687
171  322  0.113394
171  323  0.0508799
172  321  0.200181
172  324  0.0107863
173  196  0.0347838
173  239  0.205979
173  320  0.200221
173  323  0.0121624
174  195  0.0372211
174  238  0.205792
174  319  0.19998
174  322  0.0121825
175  194  0.0377619
175  237  0.153269
175  321  0.0111587
176  231  0.403727
177  230  0.427974
178  193  0.0747598
178  229  0.433383
179  192  0.0804442
179  228  0.43304
180  191  0.081545
180  227  0.431944
180  231  0.0115234
181  230  0.0119603
182  190  0.0832427
182  224  0.0160504
182  226  0.101633
182  229  0.0119585
183  189  0.0750293
184  188  0.0376363
187  204  0.219395
187  221  0.0719667
187  223  0.129413
188  203  0.218221
188  220  0.0363061
188  221  0.283748
189  202  0.218653
189  220  0.421825
190  219  0.580352
191  201  0.241987
191  218  0.580547
192  200  0.242018
192  217  0.580238
193  199  0.236568
193  216  0.580544
194  215  0.572033
195  213  0.0160674
196  213  0.535824
197  211  0.0201507
198  211  0.0370956
199  212  0.0129049
200  207  0.0326674
200  208  0.0395553
200  209  0.199734
200  210  0.0310725
211  318  0.0422079
212  317  0.0509488
213  316  0.0509602
214  231  0.0653046
215  230  0.0844786
216  229  0.086326
217  228  0.0871087
218  227  0.0887596
219  226  0.0884277
221  227  0.0106087
237  254  0.0453271
237  318  0.0981323
238  253  0.0690706
238  317  0.118324
239  252  0.0690637
239  315  0.361119
240  251  0.0648887
240  314  0.362277
241  313  0.360683
242  249  0.0210676
242  310  0.0656613
242  312  0.306958
243  248  0.0200933
243  309  0.236592
243  311  0.137322
244  308  0.341521
245  306  0.0112959
245  307  0.346443
245  310  0.0234879
246  305  0.0125374
246  306  0.334557
246  309  0.0240963
247  308  0.0240784
249  325  0.159666
250  302  0.46533
250  324  0.173751
251  301  0.483076
251  323  0.173274
252  300  0.484151
252  320  0.0175421
252  322  0.171766
252  323  0.0210513
253  289  0.12425
253  299  0.465429
253  319  0.0180225
253  320  0.112814
253  322  0.0213059
254  287  0.0192397
254  288  0.254841
255  286  0.026437
255  287  0.272626
256  286  0.277619
257  265  0.366335
257  293  0.123716
257  317  0.199409
258  264  0.365539
258  292  0.126627
258  294  0.0902593
258  316  0.200481
259  293  0.091468
259  315  0.199457
260  314  0.18055
261  289  0.302426
262  288  0.337658
263  287  0.342111
264  286  0.338643
264  293  0.0127941
265  292  0.0127745
266  283  0.987796
267  282  0.996844
268  281  0.999324
269  280  0.998436
270  279  0.994002
271  278  0.962312
272  277  0.783705
284  309  0.160109
285  308  0.180118
286  298  0.0129501
286  306  0.0148353
286  307  0.181229
287  297  0.0129561
287  305  0.0154912
287  306  0.179548
288  296  0.0128344
288  304  0.0153685
288  305  0.172872
290  302  0.0144518
291  302  0.0876243
292  317  0.0210948
293  298  0.499596
293  300  0.0151723
293  316  0.0210996
294  315  0.0210076
295  314  0.0170147
306  313  0.0124418
311  325  0.0471679
312  324  0.0516184
313  323  0.0519958
315  322  0.0615697
316  321  0.0764123
