1  667  0.0150531
2  75  0.012497
2  656  0.0125504
2  661  0.0458053
2  662  0.010312
2  665  0.277067
2  666  0.0157395
3  16  0.0379403
3  74  0.0167066
3  655  0.014875
3  660  0.0546701
3  664  0.333313
4  15  0.0381759
4  73  0.0166833
4  74  0.0111095
4  660  0.0165242
4  663  0.221479
4  664  0.0826265
5  14  0.0386144
5  72  0.0154131
5  73  0.0111376
5  655  0.0284334
5  660  0.35177
5  663  0.0809589
6  71  0.0103163
6  651  0.0167565
6  654  0.0257946
6  659  0.350101
6  661  0.025376
6  662  0.0748136
6  668  0.0355476
7  650  0.0192501
7  667  0.0390885
8  254  0.0103227
8  649  0.0193432
8  657  0.260476
8  658  0.0480045
8  659  0.0663791
8  666  0.0385408
9  648  0.0188875
9  656  0.254005
9  657  0.0534442
9  658  0.0711105
9  659  0.0250629
9  665  0.0304823
10  71  0.0170015
10  647  0.0168261
10  656  0.0559025
10  657  0.0665792
10  658  0.0271412
10  662  0.0439704
11  70  0.0231479
11  251  0.0112865
11  654  0.452774
11  656  0.0439455
11  657  0.0252193
11  661  0.04786
12  69  0.0271387
12  250  0.0113077
12  653  0.557307
12  656  0.021492
13  68  0.0282762
13  249  0.0113495
13  652  0.575664
13  659  0.138782
14  67  0.0282939
14  248  0.0113691
14  651  0.575441
14  654  0.0208312
14  658  0.146544
15  247  0.0113622
15  623  0.687924
15  657  0.139911
16  66  0.0300466
16  246  0.0113562
16  622  0.744385
17  65  0.0310931
17  621  0.75027
17  655  0.176218
18  64  0.0310937
18  620  0.750008
18  654  0.176373
19  63  0.0305013
19  440  0.0142793
19  619  0.535431
19  653  0.155621
20  62  0.0294968
20  439  0.0327376
20  452  0.177815
20  652  0.1341
21  61  0.0259683
21  438  0.042289
21  451  0.208046
21  651  0.114155
22  413  0.0178886
22  437  0.0580313
22  448  0.0190862
22  450  0.753728
22  621  0.0191102
22  650  0.0178831
23  58  0.0263549
23  412  0.0178979
23  436  0.0580416
23  449  0.754088
23  620  0.0190546
24  411  0.0178913
24  435  0.0575149
24  447  0.816519
25  422  0.0197183
25  434  0.0295302
25  446  0.841551
25  618  0.0130599
26  55  0.0291345
26  421  0.0210099
26  445  0.841117
26  455  0.0100074
27  54  0.0291857
27  357  0.0131761
27  420  0.0212389
27  433  0.0135167
27  444  0.83868
27  454  0.0228055
28  53  0.027436
28  419  0.0212088
28  453  0.0229502
29  355  0.813016
29  418  0.021177
29  452  0.0229785
30  49  0.0268641
30  354  0.857938
30  417  0.0211449
30  451  0.0229749
31  48  0.0293514
31  353  0.857941
31  416  0.0108464
31  429  0.0210142
31  441  0.0112416
31  450  0.022492
32  47  0.0265139
32  352  0.858827
32  428  0.0237551
32  440  0.0111909
32  449  0.021578
33  351  0.855166
33  427  0.0256484
34  416  0.015599
34  426  0.0167122
35  44  0.0283241
35  415  0.0273078
35  426  0.0102238
36  43  0.0320597
36  261  0.343585
36  348  0.39875
36  414  0.031692
36  425  0.019127
36  438  0.01778
37  42  0.0305245
37  260  0.457077
37  347  0.405675
37  413  0.0324551
37  424  0.0190082
37  437  0.0192683
38  259  0.457152
38  346  0.405694
38  412  0.0324564
38  436  0.0192694
39  258  0.456831
39  345  0.405396
39  411  0.0324246
39  435  0.0188117
40  257  0.178281
40  344  0.178964
40  422  0.0464397
41  421  0.0517126
42  342  0.0453175
42  420  0.0523337
43  255  0.0510487
43  339  0.0384638
43  419  0.0522952
44  59  0.0144646
44  68  0.088144
44  254  0.0591292
44  338  0.0431559
44  355  0.0163506
44  418  0.0523154
45  58  0.0150589
45  67  0.0924312
45  253  0.0593634
45  337  0.0433347
45  354  0.0168926
45  417  0.0523427
46  56  0.0187772
46  353  0.0140464
46  416  0.0521406
47  55  0.0192014
47  415  0.0493803
48  54  0.018949
48  64  0.0754381
48  66  0.167771
48  250  0.0323851
49  65  0.175596
49  260  0.0209493
49  413  0.0514186
50  60  0.378441
50  64  0.174058
50  246  0.0216512
50  248  0.031381
50  259  0.0208979
50  412  0.0508832
51  59  0.385521
51  61  0.0775417
51  63  0.0932767
51  68  0.215309
51  79  0.0176627
51  245  0.0216816
51  247  0.0313921
52  58  0.387519
52  60  0.122535
52  67  0.239268
52  78  0.0193198
52  244  0.0216919
52  246  0.0313949
52  411  0.0451261
53  57  0.16261
53  59  0.111175
53  61  0.0137842
53  66  0.239048
53  77  0.0193181
53  243  0.021146
53  245  0.0303869
53  410  0.0456283
54  65  0.240004
54  76  0.0192005
54  409  0.0454808
55  64  0.236364
55  75  0.0166737
55  241  0.0265478
55  243  0.0199673
55  408  0.0419514
56  63  0.178869
56  240  0.028514
56  242  0.0178655
56  407  0.0251004
57  239  0.029167
58  238  0.0291337
63  236  0.0271043
63  344  0.196244
64  191  0.0159449
64  235  0.0279756
64  343  0.320095
64  351  0.0345091
65  70  0.0218004
65  190  0.0159319
65  234  0.0279582
65  342  0.320246
65  350  0.0345073
66  74  0.0553171
66  341  0.309438
66  349  0.0255916
67  73  0.05545
68  72  0.0211111
69  257  0.267209
70  88  0.029562
70  256  0.424168
70  336  0.161856
71  87  0.0294812
71  255  0.424528
71  339  0.0159909
72  110  0.0218183
72  218  0.0145086
72  254  0.424864
72  335  0.340777
72  338  0.0160852
73  85  0.0334789
73  109  0.0230801
73  217  0.0153233
73  253  0.425121
73  334  0.350966
73  337  0.0158644
74  84  0.033466
74  108  0.0230573
74  216  0.0153166
74  252  0.42463
74  333  0.35077
75  83  0.0278254
75  107  0.0213622
75  128  0.199245
75  332  0.292689
76  84  0.0436838
76  108  0.0210367
76  127  0.213551
76  250  0.0415127
76  330  0.0328511
76  331  0.208547
77  83  0.0655309
77  107  0.0211824
77  329  0.0651433
78  82  0.0551454
78  88  0.0509949
78  328  0.0641328
79  87  0.0499603
80  86  0.0433838
80  123  0.317933
81  122  0.336463
81  323  0.0100127
81  332  0.0959771
82  102  0.0956748
82  121  0.340289
82  190  0.0121546
82  232  0.0142982
82  322  0.0101071
82  331  0.146338
83  101  0.0959958
83  120  0.130026
83  189  0.0122161
83  330  0.0780036
84  100  0.096159
84  119  0.129895
84  326  0.0113238
84  329  0.131995
85  99  0.0960488
85  118  0.340118
85  187  0.0323197
85  229  0.0148752
85  326  0.0382587
85  328  0.230242
85  625  0.0129983
86  117  0.324347
86  186  0.0324938
86  228  0.0148565
86  325  0.0208354
86  327  0.222343
86  624  0.0130924
87  97  0.0935072
87  109  0.0120252
87  185  0.032473
87  227  0.0148398
87  325  0.267647
87  623  0.0131264
88  96  0.0943139
88  108  0.0128522
88  184  0.0323992
88  226  0.0147834
88  324  0.290832
88  327  0.0356811
88  435  0.0135563
88  622  0.0131406
89  95  0.0880244
89  107  0.0141408
89  114  0.305568
89  191  0.0121118
89  323  0.290871
89  326  0.111378
89  434  0.0159811
89  621  0.0127255
90  94  0.0610611
90  97  0.0189524
90  106  0.014249
90  113  0.317913
90  325  0.111191
90  433  0.0159752
91  96  0.0198621
91  105  0.0142218
91  112  0.318577
91  322  0.0268261
91  324  0.109728
91  432  0.0166034
91  620  0.0119247
92  104  0.0138691
92  111  0.312893
92  188  0.0118306
92  320  0.344857
92  321  0.0248647
92  431  0.0166195
92  619  0.0121741
93  187  0.0122019
93  430  0.0166647
93  618  0.0121848
94  318  0.427187
94  429  0.0165867
94  617  0.0118558
95  101  0.0126117
95  109  0.0226204
95  317  0.439824
95  428  0.016405
95  616  0.0100612
96  316  0.439901
96  427  0.0163076
97  107  0.0310492
97  426  0.0154548
98  106  0.0324498
98  110  0.333197
98  314  0.468187
99  105  0.0318064
99  109  0.355867
99  313  0.479197
100  108  0.355763
100  312  0.480628
101  107  0.334411
101  311  0.480374
102  310  0.48022
103  309  0.479719
105  308  0.466312
106  307  0.465253
107  188  0.0374463
107  306  0.44697
108  187  0.0505197
108  302  0.0264219
109  302  0.0132482
110  303  0.0630293
111  299  0.372132
111  302  0.0428493
112  183  0.135485
112  298  0.382984
112  303  0.0116033
113  182  0.142216
113  297  0.381552
113  302  0.0126485
114  181  0.145011
114  296  0.362123
114  301  0.0125138
115  180  0.145614
116  179  0.145511
116  202  0.0434375
116  295  0.0664195
117  201  0.0406445
118  200  0.0402906
118  285  0.0122059
119  284  0.0123156
119  291  0.0141506
119  295  0.141004
120  145  0.0289178
120  283  0.0121492
120  290  0.0312736
120  294  0.226118
121  143  0.345225
121  289  0.0326389
121  293  0.226157
122  142  0.315328
122  288  0.0319473
122  292  0.22131
123  141  0.323417
123  287  0.0289558
123  291  0.191057
124  140  0.578189
125  139  0.578308
126  138  0.578365
126  290  0.0274011
127  137  0.579257
127  289  0.0296605
128  136  0.5715
128  288  0.0272268
129  135  0.509898
130  212  0.029286
130  250  0.129681
131  211  0.040669
131  229  0.0319789
132  210  0.0424217
132  228  0.0320846
132  248  0.223818
132  250  0.0122659
133  209  0.0430719
133  227  0.0320831
133  245  0.0111078
133  247  0.29517
133  249  0.0176142
134  208  0.0429649
134  226  0.0319494
134  244  0.011271
134  246  0.300506
134  248  0.0180313
135  243  0.0105646
135  245  0.299082
135  247  0.017545
136  206  0.0451459
137  205  0.0460838
137  244  0.0678667
138  204  0.045933
138  210  0.0222253
138  242  0.264795
138  243  0.0454195
139  203  0.0457264
139  209  0.0304872
139  241  0.30828
139  242  0.0229123
140  202  0.0455984
140  208  0.0310867
140  240  0.332352
141  201  0.0298356
141  207  0.0281292
141  239  0.328894
141  272  0.163746
142  199  0.0166151
142  201  0.0137869
142  206  0.0282767
142  238  0.329312
142  271  0.204943
143  198  0.0166237
143  200  0.0273493
143  205  0.0307881
143  237  0.329084
143  270  0.208583
144  178  0.114906
144  180  0.0503891
144  197  0.0171315
144  199  0.0439342
144  201  0.0322154
144  235  0.121235
144  236  0.125305
144  269  0.226337
145  179  0.0523592
145  196  0.0166594
145  198  0.0439338
145  200  0.0333644
145  202  0.123605
145  234  0.12678
145  268  0.22634
146  177  0.242776
146  178  0.0282644
146  197  0.0364671
146  199  0.0456154
146  201  0.129397
146  233  0.124663
146  235  0.104887
146  266  0.229652
147  176  0.268919
147  196  0.0347263
147  198  0.0456125
147  200  0.129793
147  232  0.123823
147  234  0.104894
147  265  0.229681
148  155  0.0571733
148  175  0.288019
148  197  0.0349046
148  199  0.139909
148  233  0.102022
148  235  0.0237937
148  264  0.229519
149  154  0.0568793
149  192  0.0123242
149  196  0.034822
149  198  0.139741
149  231  0.0226492
149  232  0.101237
149  234  0.0239136
149  263  0.22972
150  173  0.46789
150  191  0.0119885
150  197  0.0568537
150  229  0.0314916
150  233  0.0239413
150  262  0.227045
151  172  0.470408
151  190  0.0118073
151  196  0.0515391
151  227  0.0439016
151  228  0.02663
151  232  0.0216902
151  241  0.0122495
151  261  0.11146
152  171  0.162065
152  195  0.0510973
152  226  0.049753
152  227  0.0203004
152  261  0.103434
153  170  0.163038
153  178  0.0144111
153  194  0.0564105
153  225  0.0584158
153  239  0.0118379
153  260  0.206832
154  169  0.47123
154  177  0.0144632
154  193  0.0560796
154  224  0.0584038
154  229  0.0242723
154  238  0.0207151
155  168  0.466983
155  176  0.0144523
155  192  0.0559088
155  223  0.0582788
155  231  0.0203056
155  237  0.0207181
155  258  0.207286
156  230  0.0347064
156  236  0.0205888
156  257  0.206797
157  166  0.19165
157  175  0.0226053
157  229  0.0366044
157  235  0.0201799
157  256  0.206581
158  174  0.0216709
158  255  0.195507
161  170  0.0539755
161  230  0.0296965
162  169  0.0567539
162  229  0.0320883
165  180  0.0100259
166  179  0.0104481
166  208  0.310589
166  231  0.0143743
166  237  0.0156375
167  207  0.310725
167  230  0.0143474
167  236  0.0158889
168  177  0.0141095
168  191  0.0478274
168  206  0.311371
168  229  0.0140549
168  235  0.0158531
169  176  0.0139493
169  190  0.0478505
169  204  0.0708602
169  205  0.275273
169  234  0.015824
170  189  0.04629
170  203  0.107968
170  204  0.234607
172  201  0.328137
173  200  0.339767
173  217  0.026877
174  185  0.045378
174  216  0.0123975
174  227  0.0177214
175  184  0.0472415
175  192  0.010554
175  195  0.0390989
175  198  0.348224
175  226  0.019049
176  183  0.0357626
176  191  0.0298493
176  194  0.0431586
176  197  0.451596
176  214  0.0886988
177  190  0.0293814
177  196  0.451714
177  213  0.0887368
178  192  0.055383
178  195  0.455493
178  212  0.0884662
179  187  0.0589686
179  191  0.0607779
179  194  0.451043
179  211  0.0737597
180  186  0.0506446
180  190  0.0521733
180  192  0.0229088
180  210  0.0648342
181  193  0.0397114
181  211  0.0131476
182  189  0.0836418
182  190  0.0391715
182  192  0.0261928
182  209  0.0356096
182  210  0.0220543
183  188  0.0804828
183  189  0.051056
183  192  0.21246
183  208  0.012814
183  209  0.0383901
184  191  0.226278
184  207  0.0101539
185  206  0.0321201
185  207  0.0452812
186  206  0.0468951
187  192  0.0117221
187  202  0.0182274
187  205  0.0494418
188  201  0.0183028
189  236  0.0752865
190  199  0.0618689
190  201  0.0434599
190  235  0.0875137
191  198  0.0620134
191  200  0.0437212
191  234  0.0875358
192  197  0.0608436
192  199  0.0435413
192  233  0.0872005
193  198  0.0251783
193  209  0.0241344
193  232  0.0855396
193  241  0.120381
194  208  0.0274267
194  231  0.0840002
194  240  0.130041
195  207  0.0332645
195  230  0.0724247
195  239  0.13708
196  206  0.0372227
196  229  0.0691711
196  238  0.138788
197  205  0.0477429
197  237  0.138789
198  235  0.148551
199  204  0.117969
199  234  0.154652
200  233  0.15506
201  232  0.150501
203  230  0.0887614
203  299  0.0183375
204  229  0.0776474
204  230  0.0771547
204  294  0.15116
204  298  0.0200577
205  214  0.0149298
205  229  0.0911883
205  293  0.151448
205  297  0.0200624
206  213  0.0141172
206  228  0.101383
206  292  0.149053
206  296  0.0200954
207  227  0.0917795
207  291  0.139747
207  295  0.0200381
208  289  0.0111711
208  290  0.0483139
208  294  0.0194829
211  226  0.408533
211  240  0.0652983
212  225  0.672424
212  239  0.143688
213  224  0.674414
213  238  0.155152
214  223  0.671741
214  237  0.155197
215  236  0.153192
216  225  0.0421693
216  235  0.14648
217  224  0.0404469
223  233  0.197855
224  232  0.198132
225  231  0.191861
226  230  0.0730439
227  276  0.0348936
228  275  0.0333882
229  285  0.0503449
230  273  0.16039
230  284  0.0495874
231  272  0.174589
231  283  0.0486142
232  271  0.22683
233  270  0.246064
234  269  0.250399
235  268  0.250406
236  267  0.250272
237  266  0.250346
238  265  0.249812
239  261  0.0899065
239  263  0.0352606
240  260  0.108998
240  262  0.0342365
243  257  0.118992
244  256  0.119774
244  260  0.097391
244  262  0.0103874
245  255  0.111418
245  257  0.0207347
246  256  0.0230835
246  260  0.0146784
247  255  0.0221151
247  257  0.114791
248  256  0.119199
249  255  0.112144
249  257  0.0162982
250  256  0.0169146
262  350  0.443784
263  349  0.51
264  348  0.509982
265  347  0.510302
266  345  0.254865
266  346  0.255738
267  344  0.509419
268  343  0.509951
269  342  0.510024
270  341  0.50222
271  305  0.0178047
271  340  0.39761
272  304  0.0381634
272  340  0.0191006
273  303  0.0402225
273  339  0.0327161
274  302  0.0391114
274  339  0.084169
275  282  0.0684086
275  285  0.0246908
275  301  0.0340807
275  305  0.0144925
275  338  0.110527
276  281  0.0933755
276  284  0.0332235
276  300  0.026299
276  304  0.0173142
276  337  0.107195
277  283  0.0351533
277  298  0.0174463
277  303  0.0174622
277  336  0.0114658
278  297  0.0166484
278  302  0.0161078
280  303  0.0427866
281  302  0.0445285
281  303  0.0178278
282  302  0.0195006
283  291  0.0720746
283  300  0.460343
284  290  0.0728069
284  299  0.463243
285  289  0.0574269
285  298  0.463312
286  297  0.36937
289  295  0.0542684
301  339  0.0110928
302  338  0.0120963
306  336  0.500305
307  335  0.511049
308  334  0.512312
309  333  0.512283
310  331  0.511838
311  330  0.196092
312  329  0.194996
313  328  0.510117
315  323  0.216992
316  322  0.214995
316  324  0.278962
317  323  0.264603
318  322  0.153735
322  424  0.0104789
322  448  0.0145635
323  423  0.0104893
323  447  0.0145969
324  422  0.0104744
324  446  0.0147917
325  421  0.010407
325  445  0.0147879
326  420  0.0103617
326  444  0.0147705
327  347  0.0777209
328  346  0.0779648
329  345  0.0298169
330  344  0.0310581
331  343  0.0798662
332  342  0.0797668
333  341  0.0795711
361  443  0.848553
362  442  0.848771
363  409  0.0315632
363  441  0.84497
365  408  0.105097
365  439  0.0349148
365  440  0.0115843
366  407  0.771949
366  438  0.0282962
367  406  0.984596
368  405  0.98492
369  404  0.984892
370  403  0.985138
371  402  0.984855
372  401  0.985134
372  409  0.0101408
373  400  0.984178
373  408  0.0101466
374  379  0.0469022
374  382  0.615854
374  407  0.0101407
375  381  0.787626
375  406  0.0101451
376  381  0.021578
376  386  0.0119363
376  405  0.0100787
377  385  0.0118032
381  387  0.0881241
382  386  0.0337657
387  403  0.0138803
388  402  0.013978
389  399  0.983801
389  401  0.0140263
390  398  0.984113
390  400  0.0140238
391  397  0.933896
391  399  0.0137174
408  437  0.776896
409  436  0.777493
411  434  0.0120871
412  434  0.787258
412  437  0.0466977
413  433  0.791886
413  436  0.0467701
415  432  0.830755
416  428  0.0139559
416  431  0.847274
417  427  0.0151448
417  430  0.880641
418  426  0.015129
418  429  0.880234
419  425  0.0149614
419  428  0.879833
420  427  0.867885
425  434  0.0482854
426  433  0.048091
427  432  0.0412612
433  448  0.0304013
434  447  0.030727
435  446  0.0321902
436  445  0.032191
436  655  0.0104621
437  444  0.0318276
437  654  0.0104667
442  652  0.0226429
443  651  0.0252825
444  625  0.0422625
444  660  0.0123161
445  623  0.0573888
445  624  0.0220103
445  659  0.0123048
446  622  0.0815313
446  658  0.0122809
447  621  0.0848394
448  620  0.084823
448  622  0.0751872
449  621  0.0986316
450  620  0.0986188
451  618  0.672495
452  617  0.661802
453  616  0.658765
453  619  0.0114718
454  618  0.0186189
455  615  0.925257
456  614  0.9989
457  613  0.999385
458  612  0.997879
459  611  0.999351
460  610  0.999575
461  609  0.997917
462  608  0.999305
463  607  0.998144
465  605  0.998823
466  604  0.999464
467  603  0.98911
471  600  0.97399
472  599  0.97803
473  598  0.968254
474  595  0.217863
474  596  0.0197969
474  597  0.708245
475  594  0.981787
476  593  0.998509
477  592  0.998665
478  591  0.997329
479  590  0.995155
480  589  0.997504
481  588  0.998586
482  587  0.997201
483  586  0.984218
484  564  0.016552
484  585  0.51221
485  564  0.0180117
485  585  0.0169472
486  562  0.53643
486  583  0.0262283
486  584  0.0125128
487  561  0.96955
487  582  0.019243
488  560  0.974953
489  559  0.97797
490  558  0.98401
491  557  0.983086
494  554  0.964712
495  553  0.989176
496  552  0.989244
497  551  0.988581
498  532  0.0159361
498  535  0.0245216
498  536  0.0530854
498  548  0.0301586
498  550  0.635957
499  518  0.419691
499  531  0.0218906
499  534  0.0643067
499  535  0.0671858
499  547  0.0510066
500  517  0.57459
500  520  0.0106422
500  533  0.0543678
500  545  0.0161458
501  516  0.386422
501  532  0.0514469
501  544  0.0143533
501  547  0.0252345
501  550  0.0170008
502  515  0.19829
502  516  0.358783
502  531  0.0362491
502  537  0.0107385
502  543  0.0124962
502  546  0.0119717
502  549  0.07186
503  515  0.648197
503  536  0.0127137
503  542  0.0107455
503  548  0.0778229
504  514  0.849264
504  535  0.0128036
504  540  0.0140399
504  547  0.0783429
505  513  0.859477
505  539  0.0180948
506  512  0.766499
507  511  0.383558
507  533  0.0108381
508  532  0.0129853
508  536  0.0692864
509  531  0.0130324
509  535  0.072464
509  544  0.0290257
510  530  0.0118052
510  534  0.0480745
510  543  0.0292486
511  542  0.0292897
512  527  0.0115023
512  532  0.0714709
512  541  0.0292958
513  526  0.0122207
513  531  0.0720682
513  540  0.029355
514  525  0.0120813
514  539  0.029301
515  524  0.0118121
517  534  0.19233
518  528  0.23331
518  533  0.200678
519  527  0.241598
519  532  0.202838
519  536  0.0147954
519  548  0.29417
520  526  0.240165
520  531  0.202389
520  535  0.0156665
520  547  0.313153
521  525  0.091467
521  528  0.0337921
522  527  0.027423
522  534  0.0317247
523  533  0.0346353
524  532  0.0350883
525  531  0.0336644
528  535  0.43754
529  534  0.424558
538  545  0.940621
539  544  0.941271
561  579  0.0117528
562  568  0.0301032
562  575  0.044567
562  578  0.028609
563  568  0.0205105
563  574  0.0446735
563  577  0.0328251
563  582  0.0940102
564  573  0.0441113
564  576  0.0191971
564  581  0.0930538
566  574  0.0123434
568  579  0.109081
569  578  0.102626
573  585  0.28789
574  581  0.0174218
574  584  0.717502
575  580  0.018693
575  583  0.750777
576  582  0.715494
625  651  0.0548859
626  650  0.0540056
629  646  0.764255
630  645  0.979057
631  644  0.979241
632  643  0.966985
658  664  0.014517
