3  198  0.993553
4  197  0.995959
5  196  0.93538
6  195  0.903418
7  194  0.964154
9  193  0.999764
10  192  0.999921
11  191  0.999546
13  187  0.96762
14  186  0.987873
15  185  0.993394
16  184  0.990712
18  182  0.651084
19  181  0.986509
20  180  0.985638
21  179  0.988861
22  178  0.991216
23  177  0.989854
24  52  0.0366158
24  134  0.141059
24  176  0.719359
25  51  0.278232
25  133  0.391608
26  49  0.0153687
26  50  0.296715
26  132  0.391731
26  174  0.277057
27  48  0.0478865
27  131  0.0129783
27  173  0.262249
28  47  0.0484779
28  48  0.700288
28  172  0.196502
29  46  0.0468113
29  47  0.866149
30  46  0.908821
31  44  0.0304783
31  45  0.925612
32  43  0.180437
32  44  0.808739
33  42  0.181558
33  43  0.809678
34  41  0.280132
34  42  0.697965
35  40  0.377835
35  41  0.5269
36  40  0.307546
48  132  0.088624
49  131  0.657291
50  130  0.665694
52  175  0.191143
53  127  0.673602
53  174  0.235224
54  126  0.680906
54  173  0.264163
55  125  0.681196
56  124  0.679587
56  171  0.290074
57  123  0.679904
57  170  0.299959
58  121  0.419313
58  169  0.299831
59  120  0.419494
59  168  0.299887
60  166  0.0877568
61  118  0.650274
61  164  0.0207602
61  165  0.0569339
61  166  0.0776789
62  117  0.645227
62  163  0.0227424
63  116  0.629324
63  162  0.0211566
63  163  0.0807796
64  115  0.559675
64  117  0.0214945
64  162  0.0525225
64  163  0.0210281
65  114  0.343626
65  116  0.0327778
65  162  0.0193925
65  163  0.133897
66  115  0.0343392
66  160  0.151303
66  162  0.137371
67  113  0.163072
67  159  0.150584
67  161  0.134022
68  112  0.156149
68  115  0.0716956
68  158  0.149783
68  160  0.119053
69  112  0.0873574
69  114  0.282819
69  156  0.239357
70  110  0.0108675
70  111  0.0842833
70  113  0.348687
70  155  0.261181
71  112  0.327014
71  154  0.265343
72  109  0.144774
72  153  0.26643
72  158  0.0138055
73  108  0.163866
73  110  0.450402
73  152  0.26354
73  157  0.014608
74  106  0.0372157
74  107  0.134263
74  109  0.53512
74  156  0.0146213
75  105  0.0677404
75  108  0.537555
75  149  0.023766
75  155  0.0118277
76  105  0.10396
76  149  0.122922
77  103  0.116362
77  104  0.0556816
77  106  0.538063
77  147  0.280931
78  102  0.164622
78  105  0.538111
78  146  0.282321
79  104  0.537212
79  145  0.281985
80  103  0.527771
80  144  0.281105
81  99  0.878503
81  102  0.115011
82  98  0.976663
82  101  0.018334
83  97  0.98364
83  100  0.011731
84  96  0.989616
85  95  0.992685
86  94  0.989938
87  93  0.940164
101  140  0.215042
102  139  0.227918
103  137  0.127852
103  138  0.158665
104  136  0.131066
104  137  0.15627
105  135  0.287454
106  134  0.287007
107  133  0.287587
108  132  0.28758
109  131  0.28656
112  128  0.2796
113  127  0.278914
114  126  0.269751
121  158  0.0104157
122  157  0.0104949
123  156  0.0105198
129  145  0.0164341
130  144  0.0181293
131  143  0.0181752
131  174  0.011815
132  142  0.0181924
132  173  0.0295145
133  141  0.0182005
134  140  0.0164677
134  171  0.364922
135  170  0.571721
135  176  0.0400261
136  175  0.0459545
137  168  0.589385
137  174  0.0461389
138  167  0.589781
138  171  0.0745473
139  166  0.590301
139  170  0.0913994
140  165  0.589457
140  169  0.0914008
141  164  0.587296
142  163  0.583187
142  167  0.0915546
143  166  0.0916263
144  161  0.534587
144  165  0.0912252
145  161  0.0288268
145  164  0.0900956
146  160  0.0981657
146  162  0.0147791
147  159  0.0973471
148  157  0.58284
148  161  0.0881063
149  156  0.585649
149  160  0.0942143
150  155  0.384766
150  159  0.0928715
151  158  0.078451
200  258  0.508903
201  257  0.946431
202  256  0.994522
203  255  0.999047
204  254  0.998568
205  253  0.999043
206  252  0.990947
208  217  0.0142724
208  248  0.954887
209  216  0.0176248
209  247  0.966515
210  215  0.0186246
210  246  0.97352
211  245  0.973385
212  244  0.963111
213  221  0.0140711
213  243  0.946359
214  220  0.0128414
215  241  0.901882
216  224  0.0134439
216  240  0.866886
217  223  0.0161492
217  224  0.0110317
217  239  0.529811
218  222  0.0101513
218  228  0.348874
218  248  0.018256
219  225  0.0140993
219  226  0.0103919
219  227  0.359262
219  247  0.0213767
220  225  0.0280299
220  226  0.362765
220  242  0.0266459
220  245  0.0253418
221  225  0.229175
221  241  0.0271109
221  244  0.0322609
222  240  0.0190841
222  243  0.0480155
223  242  0.0371819
224  241  0.0214285
225  238  0.0962201
225  239  0.346821
225  240  0.0196218
226  237  0.0961086
226  238  0.514034
226  239  0.0137717
227  236  0.095648
227  237  0.531288
227  238  0.010098
228  235  0.0948911
228  236  0.533815
229  234  0.0745523
229  235  0.522433
229  236  0.0140057
