1  529  0.0105701
2  18  0.0128524
3  17  0.0152776
3  528  0.880256
4  16  0.0147316
4  17  0.0178526
4  527  0.882328
5  15  0.0135018
5  16  0.0178115
5  526  0.869937
6  15  0.0168479
6  525  0.724914
9  520  0.0167881
9  522  0.0585808
10  519  0.0164632
12  435  0.0102649
12  519  0.042726
13  434  0.0104728
13  518  0.042226
13  520  0.0310065
14  433  0.0104827
14  519  0.0327568
15  432  0.0104564
15  518  0.026648
16  431  0.0103905
16  531  0.0327082
17  57  0.021116
17  430  0.0101474
17  530  0.0404447
18  56  0.0120476
18  529  0.0212517
19  56  0.0240658
19  142  0.514329
19  529  0.0599568
20  55  0.032641
20  56  0.0878414
20  141  0.639769
20  528  0.0845163
21  55  0.101606
21  140  0.639685
21  495  0.0204563
21  527  0.0839737
22  54  0.0990147
22  494  0.0202087
23  493  0.01865
24  137  0.628704
24  525  0.0759965
25  136  0.632028
25  524  0.0798909
26  49  0.0196155
26  50  0.0221243
26  135  0.581349
27  49  0.0256533
27  132  0.458834
28  47  0.260208
28  131  0.523095
29  46  0.299935
29  130  0.53102
29  166  0.0107157
30  45  0.361762
30  129  0.531422
30  165  0.010894
31  44  0.362513
31  128  0.515451
31  164  0.0109026
32  39  0.0217431
32  43  0.363073
32  126  0.0458929
32  163  0.0109082
33  42  0.356915
33  162  0.0109023
36  121  0.028329
38  119  0.056734
40  61  0.0190562
40  117  0.527389
41  60  0.0232836
41  116  0.596554
42  59  0.0276061
42  115  0.59697
43  58  0.0298411
43  114  0.596973
44  57  0.0114138
44  113  0.595902
45  56  0.0116401
45  112  0.596457
46  55  0.0308547
46  111  0.594493
46  492  0.0462444
47  54  0.021367
47  110  0.594287
47  491  0.0465928
48  109  0.593199
48  490  0.0467329
49  489  0.0464927
50  488  0.0459978
51  83  0.0273924
51  487  0.0454271
51  522  0.0362871
52  82  0.0272625
52  486  0.0379459
52  521  0.0507351
53  81  0.0278315
53  485  0.0332959
53  520  0.0543521
54  80  0.0269361
54  484  0.0308341
54  519  0.0549019
55  82  0.074884
55  518  0.0547907
56  66  0.0108907
56  78  0.0171475
56  81  0.0715881
56  82  0.0204581
56  117  0.0517264
56  476  0.01282
56  516  0.0384966
57  65  0.0144517
57  77  0.0167693
57  80  0.0463777
57  116  0.0774586
57  475  0.0155681
57  515  0.039527
57  523  0.0144355
58  63  0.0148298
58  65  0.0507273
58  80  0.0384857
58  115  0.0774968
58  464  0.0185413
58  474  0.015547
58  514  0.0395066
58  523  0.144362
59  64  0.0296613
59  79  0.0424943
59  82  0.0256806
59  114  0.0764707
59  463  0.0185422
59  473  0.0129535
59  513  0.0231629
59  521  0.0244315
59  522  0.13927
60  78  0.0349252
60  81  0.0370602
60  113  0.0748069
60  513  0.0156118
60  520  0.031329
60  521  0.107993
61  80  0.039223
61  111  0.0788392
61  512  0.0310827
61  519  0.0359053
62  79  0.0359452
62  82  0.0904655
62  83  0.0597385
62  110  0.084613
62  460  0.0324075
62  511  0.0308198
63  76  0.15578
63  81  0.120348
63  82  0.0619777
63  109  0.0853535
63  459  0.0647109
63  510  0.0304896
63  518  0.182461
64  75  0.172472
64  77  0.0348794
64  80  0.11348
64  108  0.0879829
64  458  0.0855974
64  517  0.18903
65  74  0.172436
65  76  0.0348943
65  81  0.0619676
65  107  0.0879307
65  457  0.0856151
65  516  0.188985
66  73  0.149395
66  80  0.0572206
66  456  0.0856342
67  72  0.113316
67  75  0.0370285
67  77  0.494033
67  455  0.0856999
67  514  0.187442
68  74  0.0365715
68  76  0.495823
68  454  0.0856973
68  513  0.187555
69  73  0.0139247
69  75  0.493571
69  453  0.0848171
69  512  0.185211
70  74  0.187894
70  452  0.0747728
70  511  0.17559
73  508  0.166982
74  418  0.0347259
74  451  0.0105384
74  507  0.187534
75  417  0.0347783
75  423  0.0164294
75  450  0.0104619
75  506  0.187569
76  416  0.0296812
76  422  0.0264165
76  505  0.179849
77  421  0.0263282
80  476  0.0104728
80  504  0.0119807
81  152  0.0111981
81  157  0.0152036
81  419  0.0149717
81  475  0.0136168
81  483  0.0107389
81  502  0.149397
81  503  0.0124597
82  156  0.014793
82  157  0.0200359
82  418  0.0159501
82  474  0.0133206
82  482  0.0108214
82  501  0.150075
82  502  0.0125395
83  155  0.0135292
83  156  0.0193004
83  481  0.0108418
83  500  0.153137
84  108  0.663853
84  416  0.0232688
84  480  0.0107095
84  499  0.155937
85  107  0.660581
85  415  0.0232863
85  479  0.0104858
85  498  0.147116
86  106  0.615702
86  414  0.0232505
87  413  0.023302
88  104  0.763839
88  412  0.0233108
89  103  0.793304
89  411  0.0219169
89  477  0.0139321
89  495  0.0198836
89  497  0.130897
90  102  0.793085
90  410  0.0219019
90  476  0.0140082
90  494  0.0196061
90  496  0.131519
91  101  0.785317
91  409  0.0213818
91  475  0.0140193
91  495  0.130287
92  99  0.0205164
92  100  0.74334
92  474  0.0137299
92  492  0.0229305
93  473  0.0115388
93  491  0.0157746
94  491  0.129429
95  490  0.146757
96  489  0.15696
97  488  0.157202
98  487  0.157453
99  486  0.153975
100  408  0.0261908
100  485  0.14947
101  407  0.0266129
101  485  0.0109237
102  406  0.026576
102  484  0.0103808
103  176  0.0115721
103  405  0.0265252
103  459  0.0681791
104  175  0.0212105
104  404  0.015712
104  458  0.0798404
104  464  0.04624
104  480  0.024735
105  420  0.0116327
105  457  0.0798074
105  463  0.0462684
105  479  0.0273622
106  174  0.02769
106  419  0.0164135
106  456  0.0797155
106  462  0.0462412
106  478  0.0274618
107  173  0.0308885
107  418  0.0168616
107  455  0.0797805
107  461  0.0462818
107  477  0.0270409
108  172  0.0314891
108  176  0.0121213
108  417  0.0168633
108  454  0.0797389
108  460  0.0462388
109  150  0.0433491
109  152  0.103788
109  171  0.0321041
109  175  0.0132061
109  416  0.0129985
109  453  0.0563029
110  149  0.0428021
110  151  0.100161
110  170  0.0320908
110  174  0.0131436
111  148  0.0235302
111  169  0.0319928
112  168  0.0318802
112  172  0.0132878
112  417  0.0236021
113  167  0.0132979
113  171  0.0133665
113  416  0.027732
114  147  0.30227
114  170  0.0131192
115  146  0.30363
115  169  0.0131158
116  145  0.304718
116  168  0.0129462
117  144  0.304684
117  167  0.0115564
118  143  0.303896
119  130  0.0571793
120  129  0.0633194
121  128  0.0600177
121  131  0.0215661
122  127  0.0458598
122  130  0.0298996
123  129  0.0304598
124  128  0.0116242
124  138  0.282586
125  137  0.332507
126  136  0.337709
127  135  0.337415
128  134  0.335954
129  133  0.264185
136  523  0.0131067
137  522  0.0130499
138  521  0.0127905
139  520  0.0111844
142  518  0.0598796
143  517  0.669226
144  516  0.669835
145  515  0.672974
146  163  0.012189
146  514  0.673029
147  162  0.0122
147  513  0.673013
148  161  0.011926
148  512  0.670825
149  166  0.0135355
149  511  0.629126
150  165  0.0137711
150  510  0.616146
151  508  0.0117025
152  506  0.0577696
157  469  0.0102725
158  413  0.173093
158  511  0.0410588
159  412  0.186997
159  510  0.0522232
160  411  0.18779
160  453  0.0203283
160  466  0.0524677
160  472  0.513151
160  509  0.105527
161  410  0.188207
161  452  0.0204078
161  465  0.0527527
161  471  0.513769
161  508  0.10965
162  409  0.188338
162  451  0.0204256
162  464  0.0528164
162  470  0.514312
162  507  0.110482
163  408  0.188231
163  450  0.0188165
163  463  0.052704
163  469  0.514091
163  506  0.110193
164  407  0.167088
164  445  0.0137321
164  468  0.460971
165  178  0.63717
165  444  0.023292
165  467  0.0188877
165  481  0.0444939
165  502  0.0314508
166  177  0.640068
166  443  0.0233008
166  480  0.0530155
166  501  0.031244
167  176  0.639746
167  390  0.0168111
167  442  0.0232818
167  465  0.0657563
167  476  0.0195796
167  479  0.056649
168  175  0.636371
168  199  0.0151925
168  389  0.0197009
168  441  0.0231578
168  464  0.0641973
168  475  0.0232522
168  478  0.0575454
168  499  0.0108824
169  174  0.557214
169  198  0.0160114
169  393  0.0282119
169  440  0.0183674
169  474  0.0232049
169  477  0.0576694
169  497  0.026281
170  197  0.0153462
170  387  0.0249014
170  392  0.0305171
170  473  0.0218037
170  476  0.0559743
170  496  0.0263096
171  386  0.0355237
171  391  0.0308477
172  385  0.0368345
172  472  0.0169079
172  474  0.048039
172  495  0.038579
173  194  0.0450867
173  384  0.0367987
173  471  0.0151606
173  473  0.0454572
173  494  0.03849
174  193  0.0535382
174  383  0.0368078
174  493  0.0384975
175  192  0.0552619
175  382  0.0367955
176  190  0.114591
176  381  0.0120338
176  404  0.0160268
176  470  0.06245
176  492  0.0442394
177  189  0.114749
177  469  0.059382
177  491  0.044233
178  188  0.11573
178  402  0.0182742
178  468  0.059109
178  469  0.0106865
178  490  0.0441731
179  187  0.114446
179  401  0.0185629
179  468  0.012889
179  489  0.0435347
180  186  0.107697
180  400  0.0179162
180  488  0.0418856
181  399  0.0165862
181  487  0.0383637
182  465  0.242333
182  471  0.0194607
182  486  0.0200879
183  404  0.0121641
183  464  0.32088
183  466  0.0310452
183  470  0.0278645
184  400  0.0973752
184  401  0.0401524
184  463  0.285608
184  465  0.0248948
184  469  0.0256628
185  399  0.141052
185  400  0.0732102
185  468  0.0247993
186  398  0.11831
186  467  0.0228647
187  397  0.0910312
187  398  0.615352
188  396  0.045754
188  397  0.740473
189  396  0.816386
190  395  0.861936
191  394  0.855265
192  381  0.0234604
192  393  0.761466
192  438  0.0191429
193  380  0.0234618
193  393  0.0156597
193  437  0.0206096
194  379  0.0233047
194  436  0.0213471
195  378  0.0228901
195  435  0.0218368
196  377  0.0205811
196  390  0.892037
196  434  0.0220127
197  389  0.904913
197  433  0.0220475
198  388  0.906441
198  431  0.0243689
199  373  0.0128585
199  387  0.906412
199  430  0.0243848
200  372  0.0128955
200  386  0.90342
200  429  0.0243739
201  338  0.0451265
201  344  0.154605
201  349  0.0242326
201  428  0.0206977
202  337  0.0557674
202  339  0.0289329
202  343  0.190402
202  348  0.0340646
203  326  0.0148968
203  336  0.0573776
203  342  0.197535
203  346  0.0226343
203  347  0.0383192
204  325  0.0254897
204  335  0.0568449
204  340  0.129235
204  346  0.0474702
205  324  0.0255534
205  336  0.203093
205  340  0.0314948
206  323  0.0255303
206  333  0.0234107
206  335  0.223737
206  342  0.279938
206  423  0.0251351
207  322  0.025288
207  334  0.223013
207  337  0.251877
207  341  0.314588
207  422  0.0257907
208  324  0.0128522
208  333  0.217794
208  336  0.265442
208  340  0.306723
208  347  0.0110169
208  421  0.0257918
209  323  0.0184899
209  335  0.26673
209  340  0.0107557
209  346  0.0153938
209  420  0.0257667
210  321  0.0519556
210  322  0.202015
210  334  0.129796
210  338  0.148571
210  339  0.0156558
210  345  0.0121528
210  419  0.0103689
211  314  0.0348428
211  337  0.203978
211  338  0.0131858
212  313  0.0420145
212  320  0.607413
212  336  0.145824
213  312  0.0440976
213  317  0.0186682
213  319  0.812523
213  335  0.0522276
214  311  0.0447934
214  316  0.0227334
214  318  0.847918
214  334  0.0347866
215  309  0.0171541
215  310  0.0386108
215  315  0.0236357
215  317  0.863061
215  333  0.0126574
216  308  0.0259277
216  314  0.0226128
216  316  0.866807
217  307  0.0256506
217  315  0.859568
218  306  0.0250753
218  307  0.0366089
218  312  0.171087
219  306  0.0373105
219  312  0.0468498
219  313  0.277443
220  305  0.0615119
220  311  0.0518003
221  304  0.0613876
221  311  0.0125141
222  303  0.0627064
222  308  0.915154
223  302  0.0628426
223  307  0.924052
224  301  0.0628389
224  306  0.924055
225  300  0.0602187
225  305  0.691308
226  299  0.0502005
226  304  0.459611
226  305  0.232169
227  303  0.230603
227  304  0.46135
228  303  0.693501
229  241  0.0657583
229  302  0.925951
230  240  0.0662936
230  301  0.925878
231  239  0.0640995
231  300  0.915365
232  299  0.911514
233  298  0.902569
235  296  0.891155
235  299  0.0129561
236  295  0.882653
236  298  0.0190283
238  296  0.0280689
239  295  0.0307302
240  293  0.0381528
241  292  0.0373547
241  293  0.885217
242  292  0.885905
243  296  0.0587387
244  291  0.244738
244  295  0.0628671
245  291  0.0826454
245  294  0.0628265
246  290  0.890407
246  293  0.0620081
247  289  0.93672
247  292  0.0578619
248  288  0.941631
248  291  0.054286
249  287  0.959937
249  289  0.0333015
250  286  0.960277
250  288  0.0347343
251  285  0.936897
253  283  0.0357447
254  279  0.0187235
254  283  0.0320144
255  278  0.0287942
255  282  0.0240956
256  277  0.0298551
256  281  0.0154051
256  282  0.876322
257  276  0.0298424
257  281  0.936286
258  275  0.0279972
258  280  0.9531
259  279  0.959528
260  273  0.012421
260  278  0.813426
261  272  0.0129385
264  274  0.1097
264  277  0.8436
265  273  0.109611
265  276  0.845255
266  272  0.106599
267  271  0.0619694
267  274  0.839152
268  273  0.551432
312  344  0.0124339
313  343  0.0189363
314  342  0.0215329
315  341  0.030623
316  340  0.0304898
317  339  0.0296836
319  338  0.0174392
320  337  0.0225497
321  335  0.180382
321  336  0.0269
322  333  0.579615
322  335  0.0221296
323  332  0.953287
324  331  0.958333
325  330  0.959617
326  341  0.0154451
327  340  0.0157585
328  339  0.0117812
330  336  0.0135567
334  376  0.017664
335  375  0.0223338
336  374  0.0223581
336  385  0.0238113
337  373  0.0196511
337  384  0.0267209
338  372  0.0178703
338  383  0.0281985
339  371  0.0164409
339  382  0.0280878
340  365  0.122337
340  381  0.0229836
340  418  0.014618
341  364  0.12269
341  417  0.0146443
342  363  0.124707
342  385  0.0683836
342  416  0.0146465
343  362  0.12402
343  384  0.0684971
343  415  0.0146057
344  377  0.0228324
344  383  0.0684514
344  414  0.0144853
345  376  0.0246861
345  382  0.0683502
345  413  0.0142417
346  359  0.124875
346  375  0.0249836
346  381  0.0679811
347  358  0.124869
347  374  0.0247673
347  380  0.0575908
347  385  0.696237
347  411  0.0124298
348  357  0.11771
348  373  0.0213709
348  384  0.702423
348  410  0.0118516
349  372  0.0175681
349  377  0.0399095
349  383  0.711093
350  371  0.0153691
350  376  0.045039
350  377  0.0112292
350  382  0.713789
350  408  0.0120389
351  375  0.0457514
351  381  0.71706
352  380  0.694672
352  406  0.0125426
353  382  0.0307096
353  405  0.0125914
354  368  0.0168136
354  378  0.116217
354  379  0.186021
354  381  0.0320992
354  404  0.0125508
355  367  0.0167761
355  378  0.185597
355  380  0.0314137
355  403  0.0124321
356  376  0.131806
356  377  0.158569
356  402  0.0115686
357  365  0.0224908
357  374  0.762755
357  375  0.0732886
358  364  0.0217976
358  373  0.840292
359  372  0.840192
360  371  0.833954
361  370  0.800417
363  370  0.0116371
366  384  0.0159608
367  383  0.0230946
367  413  0.0119027
368  382  0.0235867
368  412  0.0124977
369  411  0.0123698
370  381  0.0253452
371  380  0.0249592
372  379  0.0232019
373  378  0.0154106
373  409  0.0130121
374  408  0.0130289
375  407  0.0130251
376  406  0.0116217
381  405  0.0103067
382  404  0.0109185
386  398  0.0140573
387  397  0.0187605
388  396  0.0199008
389  395  0.0170329
395  464  0.0130312
395  470  0.0182614
396  463  0.0129699
396  469  0.0182729
397  468  0.01777
401  462  0.604322
402  461  0.702324
403  460  0.702061
404  459  0.702748
405  458  0.703007
405  517  0.0123994
406  457  0.324779
406  516  0.0123959
407  456  0.321898
407  515  0.0124613
408  455  0.701408
408  514  0.0124623
409  454  0.700442
409  513  0.0124617
410  512  0.0122756
411  417  0.0113368
411  450  0.0175747
411  452  0.511644
411  511  0.0116225
412  416  0.0129447
412  418  0.0272996
412  449  0.0373846
412  451  0.509401
413  448  0.0595942
413  449  0.0515381
414  448  0.0476815
414  449  0.227994
415  448  0.236282
416  423  0.135397
416  445  0.251453
416  447  0.235431
416  459  0.0717394
417  422  0.14344
417  444  0.262899
417  455  0.0114194
417  458  0.0745704
418  445  0.205191
418  446  0.0173943
418  454  0.0112422
418  457  0.0735947
419  442  0.462846
419  445  0.0144029
420  441  0.485904
420  444  0.0116894
420  453  0.0277484
420  456  0.0671269
421  440  0.48845
421  451  0.189204
421  455  0.0683838
422  439  0.489627
422  450  0.190446
422  454  0.0685292
423  438  0.484402
423  449  0.105371
423  453  0.0672218
424  437  0.478344
424  448  0.0532133
424  449  0.307012
425  433  0.023778
425  436  0.433074
425  448  0.381509
426  432  0.0412419
426  447  0.438639
427  431  0.0366176
427  446  0.443846
428  445  0.443153
429  444  0.442421
430  443  0.441268
431  441  0.447217
432  440  0.445429
433  439  0.42829
434  438  0.197081
446  462  0.0115463
447  461  0.0133615
448  460  0.0123421
449  459  0.0123196
450  458  0.0138988
451  457  0.0138443
456  508  0.0123744
457  507  0.0174189
458  506  0.0174219
459  475  0.013892
459  505  0.0149362
460  470  0.0687224
460  472  0.0130748
460  474  0.0140993
461  469  0.0687269
462  468  0.06172
462  471  0.0499755
462  508  0.030733
463  470  0.0685653
463  507  0.0419856
464  469  0.0667017
464  506  0.0419794
467  476  0.110106
468  475  0.157308
469  474  0.140355
474  486  0.0316188
475  485  0.0335751
476  484  0.0281004
479  509  0.0284453
480  508  0.0297894
482  506  0.0381141
483  506  0.0409718
484  504  0.541982
485  503  0.698348
486  502  0.725909
487  501  0.725731
488  500  0.72498
489  499  0.723176
490  497  0.15509
503  520  0.0481025
504  519  0.0564781
505  518  0.0578363
506  517  0.0582156
507  516  0.0579702
518  523  0.0183176
