2  393  0.157933
2  915  0.0180377
3  392  0.230847
3  914  0.0292982
3  918  0.0846077
4  391  0.235793
5  82  0.0106207
5  390  0.23683
5  913  0.0266034
5  916  0.62924
6  81  0.0107264
6  389  0.236515
6  912  0.0238436
6  915  0.629305
7  80  0.0107707
7  388  0.235999
7  914  0.615319
8  79  0.0107628
9  78  0.0106179
9  912  0.0331588
9  913  0.0218306
10  911  0.0133488
13  384  0.20849
14  383  0.236066
14  443  0.667737
15  382  0.237371
15  442  0.705124
15  915  0.0114906
16  91  0.0126426
16  381  0.236621
16  441  0.715107
16  914  0.0107168
17  90  0.0126458
17  380  0.236272
17  440  0.715158
17  913  0.0106715
18  36  0.194419
18  89  0.0127279
18  376  0.0199969
18  439  0.714313
19  35  0.195344
19  88  0.012794
19  375  0.0203638
19  438  0.700106
20  34  0.195317
20  50  0.627017
20  87  0.0128036
20  437  0.0964693
21  33  0.195315
21  49  0.762146
21  86  0.0128219
22  32  0.195117
22  48  0.765874
22  85  0.0127647
23  31  0.117096
23  47  0.764596
24  30  0.0452916
24  46  0.766335
25  29  0.0732696
25  45  0.765539
25  87  0.014495
26  44  0.760649
26  86  0.0154736
28  42  0.745571
28  84  0.0263605
29  41  0.76646
29  83  0.0264502
30  40  0.765783
30  82  0.0259848
31  39  0.762091
32  38  0.737038
33  37  0.280579
33  80  0.0249291
34  79  0.0261143
35  78  0.0255914
38  76  0.217249
39  75  0.221846
40  74  0.229183
41  73  0.229192
42  72  0.229018
43  71  0.228897
45  69  0.229145
46  68  0.229028
48  66  0.224179
49  65  0.228738
50  64  0.20525
51  63  0.1626
51  64  0.0220354
52  63  0.0439194
52  375  0.0123169
52  910  0.010611
53  61  0.0770104
53  62  0.0651468
53  370  0.0503981
53  372  0.0259081
53  374  0.01115
53  909  0.0104887
54  60  0.0785612
54  61  0.0627271
54  62  0.0222439
54  369  0.0621763
54  371  0.0319381
54  437  0.045007
54  908  0.0103551
55  60  0.0458111
55  61  0.0355819
55  368  0.0650847
55  370  0.0295647
55  436  0.0943571
55  907  0.0102176
56  60  0.0314116
56  367  0.0648941
56  435  0.0979073
56  437  0.447059
56  906  0.0101609
57  368  0.0880417
57  369  0.021098
57  436  0.469067
58  367  0.0915933
58  435  0.47003
59  367  0.206595
60  366  0.68881
60  904  0.0106966
61  365  0.723143
61  903  0.0107018
62  364  0.733119
62  902  0.010681
63  363  0.734745
63  901  0.0106759
64  362  0.734794
64  900  0.0106841
65  361  0.735255
65  899  0.010632
66  360  0.732094
67  359  0.680813
68  93  0.623529
68  357  0.0108398
68  359  0.0423242
69  92  0.638887
69  356  0.0108148
69  358  0.0845331
70  91  0.665062
70  357  0.0706601
71  90  0.665108
71  356  0.0701523
72  89  0.664296
73  88  0.657311
73  340  0.057135
74  85  0.594006
74  86  0.0620034
74  339  0.0588211
75  84  0.678173
75  338  0.0590619
75  355  0.0105352
76  83  0.676894
76  337  0.0590631
76  354  0.0105404
77  82  0.549347
77  336  0.0589861
78  335  0.0584168
78  353  0.010558
79  334  0.0515825
79  352  0.0105626
79  379  0.102497
80  351  0.0105749
80  378  0.114647
81  332  0.0105754
81  350  0.0104531
81  377  0.116837
82  198  0.0670228
82  349  0.0102384
82  375  0.105174
82  376  0.0596487
83  197  0.0676946
83  374  0.1629
84  196  0.0677177
84  373  0.162423
85  195  0.0677412
86  193  0.068691
87  192  0.0686663
88  191  0.0683997
88  361  0.210464
89  190  0.0439396
89  360  0.219051
90  189  0.0373554
90  359  0.223406
91  190  0.0243052
91  358  0.223426
92  187  0.0354218
92  189  0.0411718
92  357  0.225238
93  186  0.0347173
93  188  0.0430782
93  356  0.224857
94  185  0.0193615
94  187  0.0434064
94  355  0.219548
96  185  0.0574845
97  184  0.0631933
97  353  0.0101161
98  182  0.324795
98  357  0.624674
99  181  0.329379
99  356  0.626816
100  180  0.341304
100  354  0.0117372
100  355  0.612252
101  179  0.340344
101  353  0.022223
101  354  0.593936
102  178  0.341969
102  352  0.0286583
103  177  0.289458
103  179  0.045393
104  178  0.0653009
104  352  0.281898
105  351  0.392547
106  176  0.431655
106  350  0.406008
107  173  0.016186
107  175  0.528194
107  349  0.406224
108  172  0.0171638
108  174  0.538844
108  348  0.406326
109  145  0.0844853
109  173  0.515058
109  182  0.0535832
109  347  0.330009
110  144  0.0845653
110  172  0.514986
110  181  0.0535976
110  346  0.329897
111  143  0.0879333
111  145  0.686057
111  180  0.0367953
112  142  0.0735392
112  144  0.213937
112  345  0.124817
113  344  0.12474
114  142  0.708339
114  343  0.120847
115  141  0.720701
115  342  0.120599
115  343  0.0217123
116  139  0.0238284
116  341  0.103858
116  342  0.0217362
117  139  0.722827
118  138  0.995606
119  137  0.996876
120  136  0.997282
121  135  0.99763
122  134  0.997088
123  133  0.986976
125  130  0.984364
139  182  0.0376915
139  187  0.0733262
140  181  0.0375714
140  186  0.0734758
141  176  0.0444761
141  180  0.0345088
141  185  0.0431572
142  175  0.0643918
142  179  0.0254399
143  174  0.0833724
143  183  0.0646335
144  173  0.0836522
144  175  0.0152726
144  182  0.063587
144  184  0.0279645
145  172  0.0835033
145  174  0.0160112
145  181  0.0635359
145  183  0.0280041
146  173  0.0159389
147  344  0.030988
148  168  0.921046
148  343  0.0329608
149  167  0.926097
149  342  0.0299106
150  165  0.0126622
150  166  0.920505
151  164  0.318673
151  165  0.61432
152  163  0.623569
152  164  0.309248
152  185  0.026521
153  162  0.930026
153  184  0.0303466
154  161  0.925344
154  183  0.0303076
155  160  0.810403
155  181  0.0386283
156  180  0.0449352
157  179  0.0449188
158  178  0.0447997
159  177  0.0315392
160  176  0.0261974
160  419  0.0121859
161  175  0.0382206
161  418  0.0122128
162  174  0.0428071
162  417  0.0122075
164  413  0.0111609
165  412  0.0123597
166  411  0.0149011
167  410  0.0164865
168  409  0.0167326
169  408  0.0134272
170  392  0.0150287
171  185  0.10007
171  391  0.0163519
172  180  0.0197791
172  182  0.0693064
172  184  0.116324
173  181  0.0692356
173  183  0.116247
173  389  0.0199196
174  180  0.0902924
174  182  0.116814
174  388  0.0210651
175  181  0.0882861
175  387  0.0210896
176  386  0.0210479
177  351  0.0108206
177  385  0.0211455
178  350  0.0111528
178  384  0.0211553
179  351  0.0306958
179  383  0.021076
180  382  0.0208422
181  347  0.0118016
181  349  0.211566
182  346  0.0117982
182  348  0.239261
183  344  0.0426819
183  347  0.557332
184  343  0.0437448
184  346  0.557457
185  342  0.0437275
185  345  0.550971
186  344  0.450518
187  341  0.520412
187  343  0.27979
188  340  0.818899
189  339  0.912506
190  338  0.9298
191  337  0.929861
192  336  0.0407609
193  336  0.889229
194  335  0.930591
195  334  0.930598
196  333  0.929718
197  332  0.928939
198  330  0.466124
198  331  0.465305
199  329  0.994083
200  328  0.994166
201  327  0.993552
202  326  0.986703
203  325  0.972542
204  324  0.84344
205  307  0.0128432
206  306  0.0127889
207  322  0.944721
208  305  0.0125534
208  321  0.977679
209  304  0.0130475
209  320  0.977826
210  303  0.0124159
210  319  0.977216
211  318  0.975262
212  317  0.972426
213  300  0.930762
213  313  0.0311589
214  299  0.931192
214  312  0.0312666
214  316  0.0152065
215  298  0.930691
215  311  0.0311139
215  314  0.0271227
216  297  0.931118
216  313  0.0348841
217  296  0.930485
217  312  0.0343559
218  246  0.0774839
218  247  0.147707
218  308  0.0408117
219  245  0.13426
219  246  0.175313
219  247  0.0638498
219  252  0.0520804
219  275  0.248855
219  281  0.0190426
219  295  0.0164283
219  307  0.0447784
220  244  0.134253
220  245  0.193792
220  246  0.08381
220  251  0.0519209
220  252  0.0240074
220  293  0.099642
220  306  0.022548
220  308  0.0109773
221  244  0.193646
221  245  0.0965646
221  251  0.02405
221  273  0.253854
221  292  0.100425
221  305  0.0203714
221  307  0.011264
222  242  0.130107
222  244  0.0967873
222  247  0.0125896
222  272  0.261069
222  278  0.0164951
222  292  0.0126628
222  304  0.0400833
222  306  0.011066
223  241  0.133125
223  242  0.165608
223  246  0.0124901
223  249  0.0321097
223  271  0.260925
223  305  0.0104887
224  248  0.0328016
224  270  0.257479
224  276  0.0181252
224  289  0.0756594
224  301  0.0535408
225  232  0.0132305
225  240  0.417864
225  244  0.0152335
225  247  0.0290881
225  269  0.24814
225  275  0.0241459
225  288  0.074472
225  300  0.0610651
226  231  0.0130294
226  239  0.418106
226  243  0.0143715
226  268  0.246623
226  274  0.0241084
226  299  0.061054
227  238  0.416077
227  267  0.135244
227  287  0.0635611
227  298  0.05851
228  237  0.408262
228  243  0.304864
228  285  0.0288735
228  286  0.0645158
228  296  0.0490721
229  236  0.246941
229  242  0.378964
229  284  0.020028
229  295  0.0466015
230  236  0.010677
230  241  0.394282
230  284  0.0651496
231  240  0.400271
232  239  0.398884
233  238  0.261915
233  282  0.13927
234  281  0.158176
235  280  0.154928
237  277  0.0572025
237  278  0.0692747
238  245  0.0117185
238  277  0.104908
239  244  0.0115788
239  275  0.164883
240  274  0.164766
242  270  0.177125
243  269  0.220866
244  267  0.0435558
244  268  0.22225
245  267  0.24132
246  265  0.406077
246  290  0.0474207
247  264  0.431828
247  289  0.0917513
248  263  0.438497
248  288  0.103619
249  262  0.367055
249  287  0.105383
249  289  0.0157308
250  288  0.0171164
251  260  0.46928
251  286  0.242104
252  259  0.469811
252  285  0.241949
253  258  0.466803
253  281  0.466674
253  284  0.0469286
254  280  0.501898
254  281  0.014454
255  279  0.516679
256  278  0.522805
257  277  0.528216
258  276  0.528273
259  275  0.527635
261  273  0.52102
262  271  0.0141337
262  272  0.508565
263  270  0.452068
264  269  0.435466
277  286  0.0606873
278  285  0.0544611
279  287  0.0160972
280  286  0.0184949
280  287  0.046099
281  286  0.0484605
284  294  0.129045
285  292  0.0444773
285  293  0.158577
285  295  0.0155688
286  292  0.159433
304  311  0.0646934
304  312  0.0515314
304  316  0.665515
305  311  0.0473815
305  315  0.65951
306  314  0.631889
307  312  0.460254
307  316  0.104908
308  315  0.0903289
310  322  0.0105072
311  321  0.0177824
312  320  0.0177928
313  319  0.0177215
339  357  0.01504
340  356  0.0150542
341  355  0.0782187
342  354  0.0804148
343  353  0.0802877
344  352  0.0709365
356  381  0.0185438
357  380  0.0185508
359  378  0.0236704
360  377  0.0242064
361  376  0.0243178
363  375  0.029992
364  374  0.0253745
365  372  0.130408
365  373  0.0239361
366  371  0.160025
366  372  0.0284668
373  434  0.731236
374  433  0.731861
375  432  0.673999
376  432  0.0571489
377  430  0.0877555
377  431  0.111624
378  429  0.0576845
379  428  0.0400417
379  429  0.635391
380  428  0.690492
381  427  0.732715
382  426  0.732751
383  425  0.732279
384  424  0.730488
385  423  0.719019
386  422  0.65169
388  411  0.262288
388  420  0.374755
388  421  0.012467
389  410  0.367135
390  409  0.379769
393  408  0.609102
394  407  0.995644
395  406  0.996371
396  405  0.996158
397  404  0.994908
398  403  0.653054
409  421  0.0692915
409  437  0.0547145
410  420  0.0725293
410  436  0.0572162
411  419  0.15613
412  418  0.150182
412  419  0.569496
412  434  0.077425
412  919  0.146606
413  418  0.559919
413  433  0.0775554
413  918  0.162158
414  432  0.0775505
414  917  0.163462
415  431  0.077106
415  916  0.142785
416  430  0.0772339
416  915  0.141932
417  429  0.0479992
417  914  0.163102
418  913  0.163107
419  427  0.0764599
419  912  0.162662
420  426  0.0745767
420  439  0.0459984
420  911  0.11098
421  425  0.0283975
421  438  0.0460194
421  910  0.110879
422  437  0.0405073
422  909  0.106492
423  436  0.0124103
423  908  0.0972836
424  522  0.0142961
425  436  0.0339916
425  521  0.0155621
425  524  0.0408954
425  900  0.0317087
426  435  0.0384948
426  520  0.015658
426  523  0.0431908
426  553  0.0123931
426  899  0.0344901
427  434  0.0357879
427  522  0.0431505
427  898  0.0348909
428  521  0.0427754
428  897  0.0338657
429  520  0.0404878
431  548  0.0140846
432  547  0.0150916
432  893  0.0335626
433  546  0.0150923
433  892  0.0347665
434  545  0.0150634
434  891  0.0347625
435  449  0.0846501
435  890  0.0168856
436  448  0.0859383
436  889  0.0122666
436  890  0.0165766
436  919  0.0307126
437  447  0.086888
437  889  0.0210869
437  918  0.0358943
438  446  0.0870841
438  888  0.031212
438  916  0.104966
439  445  0.0863184
439  915  0.106029
440  886  0.033586
440  914  0.106365
441  885  0.0335987
441  913  0.106087
442  884  0.0333203
443  883  0.0310493
445  557  0.0252359
445  911  0.775568
446  556  0.0252553
446  910  0.873448
447  555  0.0127303
447  909  0.875633
448  908  0.876913
449  553  0.0115195
449  554  0.013768
449  907  0.878558
450  553  0.0138412
450  906  0.879151
451  552  0.0110249
451  905  0.682925
452  519  0.953852
452  904  0.033197
453  518  0.969244
454  517  0.97723
454  519  0.0115329
455  516  0.712996
455  518  0.0115066
456  517  0.0108011
457  514  0.972106
458  513  0.985381
459  512  0.988044
460  511  0.988879
461  510  0.992237
462  509  0.993178
463  508  0.992135
464  507  0.991372
465  506  0.888714
466  505  0.723907
469  476  0.0163071
469  490  0.976042
470  475  0.0118473
470  489  0.978156
471  488  0.978394
472  487  0.979022
474  486  0.979255
475  485  0.980595
476  484  0.980433
477  483  0.921926
481  500  0.0146621
482  499  0.0159983
483  498  0.0165798
484  497  0.0167511
485  496  0.0167442
486  494  0.0163107
487  493  0.0164476
491  500  0.222183
492  499  0.231119
492  500  0.0141317
492  505  0.0142344
493  497  0.0510723
493  499  0.0130284
493  500  0.0931753
493  506  0.0485602
494  499  0.084199
494  500  0.0418504
494  505  0.0618251
495  501  0.0231437
495  502  0.105989
495  503  0.0160711
495  504  0.0825965
496  500  0.0153942
497  503  0.273123
499  504  0.0174432
520  903  0.0448658
520  904  0.304821
521  902  0.0580407
521  903  0.294357
522  901  0.0658903
523  904  0.342501
524  903  0.342604
525  902  0.325824
525  905  0.024598
526  898  0.406862
526  904  0.0340811
527  903  0.0336631
528  548  0.0122069
528  896  0.534752
528  902  0.0203347
529  547  0.0139735
529  898  0.297015
530  546  0.0113154
530  894  0.641471
530  897  0.279103
531  893  0.684561
531  896  0.244884
532  892  0.681584
532  895  0.21437
533  891  0.0757549
533  894  0.187878
534  890  0.163363
534  893  0.0632761
535  544  0.0668379
535  889  0.809584
535  893  0.0363509
536  543  0.0747863
536  888  0.815352
536  892  0.0349622
537  542  0.0767542
537  565  0.0104537
537  887  0.81384
538  564  0.017426
538  886  0.808038
539  563  0.0173965
539  889  0.0364476
540  562  0.0169826
541  883  0.098381
544  558  0.0311001
545  557  0.892303
546  556  0.893404
546  893  0.0464035
547  555  0.890942
547  892  0.0531999
548  554  0.778485
548  891  0.0532552
549  890  0.0531621
550  889  0.0529057
551  566  0.0112821
552  565  0.0112994
552  887  0.0520967
553  564  0.011313
553  886  0.0518561
555  884  0.0472918
556  561  0.0110057
556  907  0.0145538
557  906  0.014682
558  882  0.922612
558  905  0.014661
559  881  0.940597
559  904  0.014691
560  880  0.949029
560  903  0.0146716
561  879  0.955165
561  902  0.0146465
562  878  0.954203
562  901  0.0146595
563  877  0.953925
563  900  0.0146698
564  876  0.954649
564  899  0.0146555
565  873  0.0276499
565  875  0.700975
566  871  0.0209082
566  872  0.0525487
567  834  0.0869939
567  838  0.891376
568  833  0.0870474
568  837  0.892064
569  832  0.0851667
569  836  0.890894
570  831  0.0779452
570  835  0.887774
571  833  0.0295442
571  834  0.851276
572  831  0.0932226
573  830  0.0333923
573  833  0.173774
574  830  0.865126
575  829  0.982302
576  828  0.990242
577  827  0.991373
578  826  0.989945
579  825  0.991175
580  824  0.991434
581  823  0.991461
582  822  0.990961
583  821  0.990986
584  820  0.846473
585  820  0.116274
586  818  0.387968
586  819  0.230533
587  816  0.0122334
588  816  0.0126832
589  816  0.0287387
590  815  0.0283147
591  814  0.0217799
593  775  0.270497
594  773  0.0195471
594  774  0.301084
595  772  0.0117064
596  772  0.879259
597  771  0.998985
598  770  0.999403
599  769  0.999721
600  768  0.998427
601  767  0.997077
602  766  0.998278
603  765  0.99917
604  764  0.999663
605  763  0.99825
606  762  0.953695
608  760  0.0141638
608  761  0.0219361
608  762  0.0136391
609  761  0.0399386
609  762  0.0181051
610  760  0.0552635
610  761  0.0313411
613  759  0.983286
614  758  0.987967
615  757  0.987694
616  756  0.989278
617  755  0.989606
618  754  0.987917
619  750  0.348174
620  750  0.562943
621  748  0.961312
622  747  0.971265
623  746  0.97887
624  691  0.0131232
624  745  0.97641
625  690  0.143446
625  744  0.600312
626  689  0.862895
626  736  0.0512278
627  688  0.909524
627  735  0.0531197
628  687  0.902006
628  734  0.0531397
629  686  0.899384
629  733  0.0530902
630  732  0.0530188
631  685  0.899738
631  731  0.0524635
632  684  0.898211
633  656  0.0104235
633  659  0.0134362
633  682  0.0405282
633  683  0.830686
634  655  0.0104923
634  658  0.0148425
634  681  0.0587383
634  682  0.652926
635  654  0.0104363
635  657  0.0151322
636  656  0.0148052
636  679  0.459902
636  681  0.246379
637  653  0.0137017
637  677  0.0258281
637  678  0.576462
637  680  0.25099
638  652  0.0137038
638  654  0.01395
639  651  0.0136634
639  653  0.0138872
639  676  0.92405
640  650  0.0132252
640  652  0.0100835
640  675  0.927225
641  674  0.929161
642  649  0.0187629
642  672  0.899027
642  673  0.0307163
643  648  0.0123326
643  671  0.928004
644  670  0.923531
645  669  0.925074
646  668  0.926401
647  667  0.920949
648  661  0.0898861
648  663  0.012069
648  666  0.777341
649  660  0.120811
649  666  0.0257917
650  659  0.120883
650  661  0.800644
650  665  0.0108477
651  658  0.120441
651  660  0.838171
652  659  0.837887
653  658  0.831806
664  726  0.0617688
665  725  0.0646456
666  724  0.0651899
667  723  0.0651599
668  722  0.0651699
669  721  0.0650121
670  720  0.0637929
673  717  0.0654197
674  716  0.0671601
675  715  0.0660388
676  714  0.0647977
679  712  0.0678647
680  711  0.0679626
681  710  0.0677058
682  709  0.0591566
683  708  0.0587389
684  707  0.064153
686  706  0.0593391
687  705  0.059434
688  704  0.043934
690  743  0.65716
691  704  0.0239474
691  740  0.0268573
691  742  0.847778
692  700  0.0247191
692  703  0.0375615
692  738  0.0494068
692  741  0.865064
693  737  0.0510337
693  740  0.867191
694  701  0.0422289
694  736  0.0510162
694  739  0.866806
695  700  0.0417036
695  735  0.0509267
695  738  0.86603
697  702  0.0244134
697  734  0.0526975
698  719  0.0395185
698  733  0.0159876
699  718  0.0421524
700  719  0.0869843
701  718  0.0897452
701  719  0.0125036
702  718  0.0141026
703  716  0.888463
704  715  0.891338
704  735  0.0216641
705  714  0.88191
705  734  0.0217443
706  733  0.0190855
710  732  0.0176777
711  731  0.0192532
712  730  0.0192113
714  725  0.0240395
715  724  0.0250634
716  723  0.0256075
717  722  0.0193904
718  736  0.239767
719  735  0.189531
721  733  0.765781
721  737  0.0116838
722  732  0.868646
722  736  0.011084
723  731  0.893809
724  730  0.888391
725  729  0.372759
772  818  0.0191855
773  815  0.0144591
773  817  0.0197115
774  814  0.0132547
774  817  0.049157
775  816  0.0579008
776  814  0.0528268
776  815  0.0515129
776  817  0.0574036
777  812  0.670755
777  813  0.0334942
777  816  0.0466583
778  811  0.705433
779  810  0.699038
779  814  0.225992
780  813  0.276798
781  812  0.276759
783  807  0.985252
784  806  0.98607
785  805  0.986688
786  804  0.986631
787  802  0.95228
787  803  0.0330901
788  801  0.983228
789  800  0.981441
790  799  0.875248
791  798  0.849214
792  797  0.811599
836  873  0.0687729
837  872  0.0708017
838  871  0.0706079
839  873  0.157932
840  871  0.0899731
840  872  0.168655
842  869  0.996078
843  868  0.997952
844  867  0.997952
845  866  0.996675
846  865  0.983819
847  862  0.926881
847  864  0.0620135
848  861  0.994011
849  860  0.999459
850  859  0.999717
851  858  0.998496
852  857  0.918032
