2  223  0.721629
3  222  0.960061
4  221  0.959791
5  220  0.960504
6  171  0.0100132
6  219  0.960585
7  170  0.0100472
7  218  0.959482
9  216  0.0992614
10  167  0.0100481
10  207  0.0864707
11  166  0.0100264
11  206  0.0875072
11  214  0.76807
12  165  0.0101109
12  205  0.0874593
12  213  0.813342
12  229  0.0213547
13  24  0.236367
13  163  0.0105616
13  212  0.72657
13  228  0.0213884
14  23  0.269732
14  162  0.0105972
14  227  0.0213763
15  22  0.285343
15  161  0.010594
15  210  0.589563
15  226  0.0213562
16  21  0.287149
16  160  0.0104384
16  209  0.613578
16  225  0.0212976
17  208  0.603501
19  158  0.0103314
19  201  0.0151777
19  205  0.0868912
19  222  0.0203131
20  200  0.0145184
20  203  0.497128
20  204  0.0584827
20  221  0.0203019
21  202  0.526267
21  220  0.0202271
22  155  0.0100592
23  154  0.0109159
23  200  0.197395
23  203  0.0757514
24  153  0.010931
24  197  0.119202
24  202  0.0800044
25  152  0.0109343
25  196  0.167293
25  198  0.692822
25  199  0.0138449
25  201  0.0689186
26  151  0.0109327
26  195  0.167335
26  197  0.698697
27  194  0.167156
27  196  0.698837
27  198  0.0749749
27  199  0.0112927
27  205  0.0109698
28  193  0.167072
28  195  0.698822
28  197  0.0831243
29  147  0.213218
29  194  0.66604
29  196  0.0831062
30  146  0.213374
30  193  0.665049
30  195  0.0831046
30  202  0.0241476
31  38  0.0152527
31  123  0.0495058
31  126  0.077576
31  145  0.294715
31  171  0.0720143
31  194  0.0809129
31  201  0.024628
32  37  0.0121473
32  122  0.0495648
32  125  0.0775896
32  144  0.135865
32  170  0.0719755
32  180  0.0134354
32  181  0.0153298
32  193  0.0793986
32  200  0.0246223
33  39  0.0633853
33  121  0.0479835
33  124  0.0738844
33  143  0.135453
33  169  0.0704613
33  199  0.0246331
34  38  0.0393076
34  120  0.0367253
34  121  0.0157432
34  123  0.071152
34  142  0.295039
34  168  0.0117314
34  198  0.0245983
35  120  0.0190819
35  141  0.294312
35  177  0.20652
36  117  0.011355
36  119  0.0189887
36  137  0.0199138
36  140  0.273432
36  176  0.221741
36  197  0.0213222
37  136  0.0344766
37  139  0.248703
37  168  0.0663024
37  175  0.228773
37  196  0.0213407
38  115  0.291656
38  135  0.0356297
38  167  0.0817633
38  174  0.227914
38  190  0.020287
38  195  0.0211348
39  114  0.293624
39  115  0.0552214
39  166  0.0820361
39  189  0.0194966
39  193  0.0104076
40  133  0.0336436
40  136  0.049417
40  165  0.0780623
40  171  0.459112
41  113  0.36302
41  132  0.0336383
41  135  0.0494126
41  170  0.460158
42  112  0.463523
42  163  0.0457586
42  169  0.464177
43  111  0.463407
43  162  0.0443015
43  168  0.463954
44  109  0.0412885
44  110  0.436269
44  161  0.0256832
44  167  0.435553
45  108  0.0733154
45  109  0.388083
45  166  0.42431
46  107  0.0991877
46  112  0.0133666
46  165  0.440966
47  106  0.0995648
47  107  0.0569298
47  111  0.0134308
48  106  0.0541194
48  107  0.0326453
49  106  0.0392286
49  163  0.0479214
50  107  0.021669
50  162  0.0456583
51  106  0.0226003
53  101  0.996376
54  100  0.996884
55  99  0.997104
56  98  0.996906
57  97  0.997158
58  96  0.995991
59  95  0.995437
60  94  0.994635
61  93  0.996664
62  92  0.994357
63  90  0.0321061
64  69  0.0110297
64  90  0.86517
65  89  0.773515
66  90  0.0132401
67  89  0.0168585
68  85  0.0811254
69  84  0.0952425
69  86  0.0536873
69  87  0.0589336
69  88  0.404661
70  83  0.0812804
72  85  0.858488
73  80  0.02839
73  84  0.873364
74  79  0.0254925
74  80  0.0102904
74  83  0.794737
75  83  0.0181288
76  81  0.0976699
76  82  0.0342659
77  81  0.0172102
103  112  0.0349703
103  163  0.0101045
104  111  0.0266213
105  112  0.0171817
110  163  0.155809
113  130  0.0677855
113  160  0.535075
114  129  0.0678197
114  159  0.535961
114  160  0.0169559
115  128  0.0657325
115  158  0.530428
115  159  0.0169442
117  124  0.0311634
118  123  0.0319797
118  136  0.0148022
118  156  0.5517
119  155  0.559083
120  154  0.56011
121  153  0.560423
122  133  0.130182
122  136  0.0912298
122  152  0.559715
123  132  0.130186
123  135  0.0912272
123  151  0.559572
124  131  0.106223
124  134  0.0868806
124  150  0.519387
126  132  0.0717672
128  146  0.0238349
129  146  0.0115841
129  190  0.127769
130  144  0.0248541
130  146  0.0296278
130  189  0.128942
131  143  0.0249839
131  188  0.107749
132  142  0.0244374
132  145  0.644875
132  147  0.0223797
133  140  0.0219458
133  144  0.645257
133  146  0.0224289
134  143  0.644132
135  142  0.603655
135  145  0.0315107
136  140  0.0767444
136  144  0.0314963
137  143  0.0269421
146  175  0.171375
147  174  0.171108
149  190  0.0227837
151  171  0.427662
152  170  0.428139
153  169  0.428369
154  168  0.428156
155  167  0.427504
156  166  0.427398
157  165  0.411438
175  189  0.371944
176  188  0.383746
177  187  0.384539
178  186  0.357817
180  186  0.0139427
183  188  0.0138679
188  226  0.0117671
189  225  0.0142609
190  224  0.0142023
193  222  0.0161342
194  221  0.0161971
196  220  0.0164342
197  219  0.0348239
198  218  0.0348615
199  217  0.0339758
200  208  0.0243748
201  207  0.0300315
212  217  0.0138837
225  233  0.0584189
226  232  0.0479131
227  234  0.0136779
228  233  0.0155376
