1  90  0.234677
1  124  0.0366915
1  360  0.0549704
1  371  0.117825
1  378  0.0297473
2  89  0.233185
2  91  0.0234336
2  123  0.0367623
2  130  0.0143146
2  359  0.0555135
2  362  0.0135231
2  369  0.0191145
2  370  0.105023
2  372  0.0453995
2  377  0.0278008
3  90  0.0605918
3  122  0.0363092
3  129  0.0184413
3  358  0.0531277
3  361  0.0165566
3  368  0.0269513
3  371  0.0558858
4  128  0.018341
4  367  0.0245195
4  368  0.0227148
5  127  0.0149955
5  367  0.0214615
6  87  0.585829
7  86  0.652891
7  137  0.089615
7  356  0.011606
8  85  0.671882
8  136  0.126636
8  237  0.0100215
8  355  0.0112303
8  371  0.0143437
9  84  0.657891
9  135  0.126701
9  370  0.0131726
10  83  0.583534
10  134  0.126724
10  236  0.0137389
11  133  0.12684
11  226  0.054062
11  235  0.0146543
11  352  0.0120939
12  84  0.05805
12  132  0.126344
12  225  0.0543414
12  234  0.0146712
12  351  0.0118125
13  83  0.0672925
13  224  0.049247
13  233  0.0146567
14  81  0.900267
14  82  0.0352979
14  223  0.0349436
15  80  0.938746
15  222  0.0347814
15  230  0.0147481
16  79  0.960594
16  229  0.0147432
17  78  0.960172
17  228  0.0147332
18  77  0.960128
18  227  0.0147103
19  76  0.959953
19  226  0.0147025
20  75  0.945232
20  225  0.0134236
22  71  0.055435
22  73  0.0783983
22  74  0.520102
23  70  0.0630597
23  72  0.0762111
23  73  0.524595
24  42  0.021946
24  69  0.0619471
24  72  0.53752
25  41  0.030439
26  40  0.0318627
27  39  0.0324292
27  68  0.880887
28  37  0.0112493
28  38  0.0265318
28  67  0.893058
29  36  0.0161194
29  66  0.730852
30  35  0.0123415
31  66  0.163162
32  65  0.643495
33  64  0.704871
34  63  0.662181
37  61  0.938535
38  60  0.941703
39  59  0.927364
40  58  0.920864
41  56  0.942588
42  55  0.949069
42  217  0.0226163
43  54  0.949046
43  216  0.0235193
44  53  0.941074
44  215  0.0235419
45  52  0.865751
45  214  0.023516
46  213  0.0234895
48  132  0.0119049
49  131  0.0123481
50  130  0.0124635
51  129  0.0121278
55  222  0.0108582
56  221  0.0120943
57  220  0.0124837
58  219  0.0125275
59  218  0.0125184
60  217  0.0123669
61  90  0.0232851
61  216  0.0115844
62  89  0.0235504
63  88  0.0236118
64  87  0.0235816
65  86  0.0224256
66  214  0.0110167
67  84  0.0235669
67  213  0.0115152
68  83  0.023734
68  212  0.0118028
69  82  0.0235474
69  211  0.0118006
72  79  0.0227372
73  78  0.0149408
76  138  0.0125735
77  137  0.0125224
79  135  0.0124508
80  134  0.0128172
81  133  0.0128341
82  132  0.0128613
83  95  0.0901201
84  94  0.126084
84  223  0.0215582
85  93  0.127885
85  222  0.0215903
85  364  0.0178598
86  92  0.120545
86  363  0.0174662
87  91  0.0700247
87  362  0.0160985
88  345  0.0108542
89  219  0.05371
89  344  0.0108859
90  218  0.0595823
90  343  0.0109115
90  364  0.0279607
90  381  0.0524643
91  138  0.203862
91  217  0.0574493
91  371  0.0209618
91  379  0.0252719
91  380  0.0300186
92  129  0.0139444
92  137  0.204408
92  368  0.0130948
92  380  0.0205653
93  128  0.0146389
93  136  0.204719
93  215  0.0527984
93  367  0.0141616
93  371  0.0927094
93  378  0.0789556
93  379  0.0224233
94  130  0.0430441
94  135  0.204598
94  214  0.0510733
94  366  0.0132486
94  370  0.0843608
94  377  0.073523
95  128  0.0164365
95  129  0.0477037
95  134  0.204302
96  133  0.203501
96  181  0.0107376
96  365  0.0118428
97  126  0.628161
97  132  0.191891
97  180  0.011318
97  364  0.0122334
98  125  0.650479
98  131  0.18294
98  210  0.0334546
99  124  0.670326
99  178  0.0117202
99  209  0.0361534
99  211  0.0118391
100  123  0.615664
100  177  0.0115579
100  208  0.013944
100  210  0.0118604
101  126  0.162573
101  208  0.0319646
102  125  0.152313
102  176  0.0219996
102  207  0.0323509
103  121  0.893857
103  175  0.0239156
103  205  0.0165489
103  206  0.0322677
104  120  0.904189
104  204  0.0166357
104  205  0.0321363
105  119  0.906018
105  173  0.0220966
106  118  0.869418
106  172  0.028526
107  118  0.0365782
107  171  0.0285902
108  116  0.0653334
108  117  0.832293
108  170  0.0778055
109  116  0.783131
109  169  0.0778585
110  168  0.07697
111  166  0.0615137
112  165  0.0598146
114  163  0.0769674
115  162  0.0797036
116  161  0.0798344
117  159  0.0800949
118  158  0.0802722
119  157  0.0802666
121  155  0.0801083
122  154  0.080107
124  152  0.0800575
125  151  0.0800502
125  368  0.0374189
126  150  0.0800485
126  367  0.0455228
127  149  0.0773631
127  366  0.0744371
128  365  0.0837691
129  145  0.0284552
129  364  0.0820179
130  144  0.0279171
130  146  0.0133692
132  142  0.0117737
132  143  0.0104095
132  144  0.0308972
132  212  0.0158375
132  361  0.538872
133  141  0.0330941
133  143  0.0355223
133  211  0.0295449
133  360  0.539542
134  140  0.029735
134  210  0.0296706
134  359  0.53929
135  141  0.0445557
135  209  0.0297593
135  358  0.539503
136  140  0.0361699
136  208  0.0297579
136  357  0.538666
137  207  0.0295302
137  254  0.109072
138  206  0.028907
138  253  0.116984
138  351  0.0127254
139  205  0.0118759
139  210  0.0257797
139  252  0.0246016
139  350  0.0128604
139  359  0.140328
140  209  0.0454589
140  349  0.011612
140  354  0.0171346
140  355  0.0139329
140  358  0.21087
141  208  0.045476
141  250  0.0159347
141  357  0.210786
142  207  0.0450053
142  249  0.0122877
142  254  0.126695
142  353  0.0175562
142  365  0.0372179
143  206  0.043697
143  248  0.0121048
143  253  0.13577
143  351  0.0158903
143  352  0.017721
143  364  0.0402342
144  163  0.0588569
144  252  0.0231007
144  350  0.0136649
144  351  0.0154787
144  363  0.0351418
145  162  0.0726528
145  228  0.287233
146  161  0.0311656
146  227  0.558711
146  353  0.116526
147  157  0.0402673
147  226  0.579235
147  352  0.12224
148  156  0.0422848
148  159  0.0853651
148  225  0.579397
148  351  0.122169
149  155  0.0426142
149  158  0.0945168
149  223  0.553712
149  224  0.0403235
149  317  0.163958
150  154  0.0345863
150  157  0.0944359
150  222  0.578061
150  316  0.164032
151  156  0.0842207
151  220  0.555337
151  315  0.163745
152  219  0.556457
152  314  0.165024
153  218  0.558961
153  313  0.16503
154  217  0.558655
154  219  0.0318405
154  312  0.164433
155  218  0.0397851
155  311  0.163201
156  216  0.559108
156  217  0.0493275
157  215  0.559269
157  216  0.0487195
157  219  0.0295738
157  309  0.106996
158  213  0.460676
158  218  0.0303576
158  308  0.104856
159  211  0.600726
159  212  0.0555198
159  215  0.0278347
159  217  0.0320956
159  305  0.0101737
159  360  0.0353139
160  210  0.623281
160  214  0.0261862
160  304  0.0108913
160  359  0.0362241
161  209  0.623343
161  211  0.0506573
161  215  0.0337579
161  358  0.0364994
162  208  0.497687
162  210  0.0490565
162  213  0.0143575
162  214  0.0328854
162  357  0.0363147
163  212  0.0136521
163  356  0.0323214
164  207  0.0148321
164  208  0.0196167
165  207  0.0803593
165  210  0.0134007
167  205  0.0114709
167  206  0.428501
167  208  0.208314
168  205  0.410411
168  206  0.0555172
168  207  0.247796
168  353  0.0558969
169  204  0.421347
169  205  0.145928
169  206  0.243344
169  352  0.0599817
170  204  0.153161
170  205  0.237004
170  351  0.0600386
171  202  0.887992
171  349  0.0676226
172  201  0.893941
172  348  0.0676425
173  200  0.897748
173  347  0.0588515
174  199  0.896353
174  346  0.0225554
175  198  0.898143
175  345  0.0136475
176  197  0.450171
176  344  0.042528
176  345  0.0206177
177  197  0.448099
177  344  0.0285096
178  196  0.896191
178  343  0.0696054
179  195  0.894549
179  342  0.0693599
180  194  0.895525
180  341  0.0682544
181  193  0.816251
181  340  0.0626166
182  191  0.0627257
183  190  0.05399
183  191  0.313397
184  190  0.311048
184  191  0.112285
185  190  0.15902
185  191  0.0480855
186  190  0.0290466
186  191  0.0105896
186  268  0.0102394
186  334  0.0564073
187  267  0.0103682
187  333  0.0565612
188  332  0.0564907
189  331  0.0561842
190  330  0.055913
191  329  0.0557623
192  328  0.0551268
193  265  0.0616228
193  327  0.0171871
194  264  0.0769897
195  263  0.0806701
196  262  0.0806863
198  261  0.0796082
199  260  0.0855047
200  259  0.0860036
201  258  0.0861769
202  257  0.0860923
203  256  0.0690019
204  217  0.080746
205  216  0.0808261
206  215  0.0792305
214  293  0.0558198
215  292  0.0597766
216  291  0.05978
217  307  0.010629
217  323  0.0123777
218  289  0.11619
218  322  0.0130349
219  288  0.116793
219  321  0.0130958
220  287  0.116869
220  320  0.0130652
221  286  0.116756
221  310  0.0324406
222  285  0.116902
222  309  0.0529535
222  317  0.0136541
223  284  0.116905
223  308  0.0529735
223  316  0.0136541
224  283  0.116383
224  307  0.0530527
224  315  0.0134002
224  362  0.0253982
225  282  0.11434
225  306  0.0532718
225  314  0.0129382
225  361  0.0371499
226  280  0.0235689
226  305  0.053011
226  360  0.0369881
228  253  0.422523
229  252  0.870453
229  364  0.0104612
230  246  0.0101926
230  251  0.954811
231  245  0.010204
231  250  0.962303
232  244  0.0101946
232  249  0.965877
233  248  0.370299
234  247  0.375962
235  246  0.974162
236  245  0.973091
237  244  0.969485
238  243  0.902313
239  371  0.0129184
240  370  0.01263
242  368  0.0115202
243  367  0.0130277
246  364  0.0143511
247  363  0.0142096
249  361  0.015167
250  360  0.0152351
251  359  0.015258
252  358  0.0152311
252  361  0.023798
253  360  0.0242665
255  300  0.0111928
256  299  0.0118458
256  356  0.605154
256  380  0.0135466
257  268  0.0918667
257  280  0.0123939
257  289  0.0118222
257  290  0.0169138
257  298  0.0117458
257  355  0.690618
257  379  0.0156078
258  267  0.093053
258  289  0.022629
258  312  0.0101155
258  354  0.691014
258  378  0.0156068
259  266  0.0900724
259  278  0.0128032
259  288  0.0226032
259  353  0.682922
259  377  0.0152457
260  265  0.0771829
260  277  0.0130176
260  286  0.0356152
260  294  0.0164902
260  350  0.0110845
260  352  0.622621
260  376  0.0138836
261  276  0.013127
261  285  0.0391238
261  293  0.0186164
261  309  0.0135117
261  348  0.702625
262  284  0.039143
262  292  0.018883
262  308  0.0135147
262  347  0.712846
263  270  0.0116931
263  283  0.0391335
263  291  0.0188751
263  307  0.013514
263  346  0.712709
264  269  0.0150487
264  282  0.0386154
264  306  0.0123209
264  345  0.58648
265  344  0.498083
265  345  0.115667
266  287  0.0287082
266  344  0.186034
267  279  0.0158849
267  286  0.0304975
267  343  0.245167
268  284  0.0321025
268  343  0.105664
269  283  0.0321753
270  276  0.0139532
270  282  0.0318103
270  337  0.0257902
270  341  0.287824
271  336  0.0239981
271  340  0.359178
271  341  0.103435
272  340  0.105499
273  278  0.0135503
273  338  0.539202
273  339  0.0609957
274  337  0.601207
275  324  0.0113976
275  336  0.552709
276  323  0.0116797
277  322  0.0110478
279  314  0.549986
279  317  0.0263463
280  313  0.550239
280  315  0.0342147
280  316  0.0131962
281  312  0.550257
281  314  0.251671
282  310  0.0215145
282  311  0.529125
282  313  0.251764
283  309  0.0427623
283  312  0.251818
284  309  0.492353
285  307  0.0772239
285  308  0.456934
285  310  0.267685
286  306  0.109836
286  309  0.268452
287  307  0.0864817
287  308  0.266037
290  304  0.814988
291  303  0.916807
292  302  0.916965
293  301  0.911101
294  300  0.864152
295  299  0.432864
315  334  0.761176
316  333  0.765693
317  332  0.765571
318  331  0.672305
319  331  0.0528963
320  329  0.0126935
320  330  0.102269
322  329  0.77063
323  328  0.830253
331  350  0.0110696
332  348  0.16099
333  347  0.168247
334  346  0.168187
335  345  0.160633
337  343  0.0929966
351  361  0.010063
364  371  0.0108551
371  381  0.0291722
372  380  0.0261351
380  434  0.0189969
381  433  0.0114882
382  433  0.917358
383  432  0.987406
384  431  0.99863
385  430  0.998691
386  429  0.998638
387  427  0.941474
387  428  0.0579964
388  426  0.968021
388  427  0.0315211
389  425  0.994033
390  424  0.992468
392  405  0.343436
393  404  0.507041
394  401  0.0111991
394  403  0.761491
395  400  0.0103146
395  402  0.923568
396  401  0.987945
403  420  0.236822
404  419  0.427315
405  418  0.615699
406  417  0.958472
407  416  0.98068
408  415  0.987204
409  414  0.716574
