3  48  0.970526
4  47  0.981154
5  46  0.984442
6  45  0.984129
7  44  0.961901
8  43  0.894345
9  42  0.74643
10  19  0.134307
11  17  0.0300171
11  18  0.100849
11  21  0.502003
12  19  0.789405
13  18  0.574887
22  39  0.991293
23  38  0.993423
24  37  0.991808
25  36  0.985369
26  35  0.931296
28  33  0.071269
49  363  0.690631
50  362  0.963867
51  361  0.964074
52  360  0.950465
53  359  0.780569
55  113  0.158489
55  358  0.328487
56  112  0.160807
57  111  0.160982
57  114  0.823631
58  113  0.82424
59  112  0.779391
61  109  0.815131
62  108  0.985911
63  107  0.996042
64  106  0.995948
65  105  0.99409
66  104  0.947733
67  103  0.867105
67  104  0.0480991
68  102  0.656715
68  103  0.0943786
69  102  0.114975
71  101  0.925114
72  100  0.994038
73  99  0.95991
74  99  0.0327782
76  97  0.987345
77  96  0.996169
78  95  0.996888
80  93  0.99719
81  92  0.997126
82  91  0.99741
83  90  0.958624
115  355  0.0151481
115  356  0.671105
116  354  0.0173593
116  355  0.72445
116  356  0.0227836
116  365  0.0139504
117  353  0.0179553
117  354  0.677166
117  355  0.0215934
117  364  0.0152205
118  363  0.0157701
119  352  0.676022
119  362  0.0159027
120  342  0.0149238
120  351  0.951559
120  361  0.0154225
121  341  0.0149792
121  350  0.951493
123  340  0.990492
124  339  0.994103
125  338  0.993599
126  337  0.994155
127  336  0.994042
128  335  0.824605
130  151  0.0217375
131  150  0.886964
132  149  0.879598
134  146  0.0166835
134  147  0.07731
134  148  0.0452857
135  149  0.0700091
136  143  0.013989
136  144  0.0266697
136  145  0.233626
136  146  0.263647
136  147  0.24093
136  148  0.0769296
137  142  0.0110247
137  143  0.0267078
137  144  0.229245
137  145  0.264742
137  146  0.247989
137  147  0.0767502
138  142  0.0136404
138  143  0.189465
138  144  0.209922
138  145  0.230114
138  146  0.0721647
151  330  0.968455
152  329  0.990401
153  328  0.990554
154  327  0.990827
155  326  0.989845
156  325  0.988436
157  324  0.986629
158  323  0.984633
159  230  0.063112
160  229  0.0689258
161  228  0.0700182
161  320  0.0240176
162  319  0.0231138
163  227  0.944733
164  226  0.945524
165  214  0.0110015
165  225  0.944043
166  213  0.0111448
166  223  0.645192
169  220  0.769556
170  219  0.831132
171  218  0.829441
173  194  0.49183
173  215  0.392308
173  216  0.0236975
174  193  0.519636
174  214  0.449337
175  192  0.519884
175  213  0.448067
176  191  0.520197
176  198  0.0135379
176  200  0.177449
177  189  0.498998
177  199  0.177216
177  210  0.103816
178  188  0.494132
178  197  0.0683267
178  209  0.103878
179  188  0.0143371
179  208  0.0959435
180  193  0.369186
180  207  0.0948494
181  186  0.554322
181  192  0.377282
181  201  0.0106251
182  191  0.377635
182  200  0.0106853
182  202  0.0209076
183  190  0.322408
183  201  0.0205359
186  198  0.0340744
187  197  0.034025
188  196  0.033479
188  203  0.02884
189  202  0.0345348
191  199  0.0122717
191  201  0.0344856
192  198  0.0123124
192  200  0.0346681
193  198  0.0290725
197  211  0.429207
198  210  0.45336
199  208  0.37448
199  209  0.269094
200  207  0.381913
201  208  0.48678
202  207  0.476069
207  219  0.0110443
208  218  0.011448
209  217  0.011297
218  232  0.0102044
219  231  0.0102066
223  234  0.0150035
224  233  0.0150284
225  232  0.0146353
225  242  0.0128246
226  241  0.0128381
227  240  0.0128333
228  234  0.0198139
228  238  0.179936
228  322  0.0458762
229  237  0.179802
230  236  0.174485
230  320  0.0453083
231  235  0.101424
231  319  0.0455385
233  317  0.011357
233  318  0.0321677
235  316  0.537886
236  315  0.598443
237  314  0.555595
238  312  0.0106146
239  312  0.70353
240  311  0.980637
241  310  0.981055
242  309  0.980777
244  307  0.977762
245  306  0.978843
246  305  0.978231
247  304  0.978234
248  288  0.0179531
248  303  0.586392
249  287  0.0181241
252  281  0.0236734
253  280  0.0399113
253  285  0.892043
253  286  0.0297824
254  279  0.0398243
254  284  0.894108
254  285  0.039264
256  277  0.034516
256  283  0.938848
257  276  0.0244824
257  282  0.947164
258  281  0.950934
259  274  0.0457695
259  280  0.948457
260  273  0.0461677
261  272  0.0461978
261  278  0.947478
262  271  0.0418163
262  277  0.949665
263  276  0.945862
264  274  0.0144235
264  275  0.750457
266  273  0.313532
287  302  0.882483
288  301  0.965559
289  300  0.963967
290  299  0.954978
291  298  0.853306
341  349  0.958326
341  351  0.020041
342  348  0.957216
342  350  0.0200734
343  347  0.592975
343  349  0.0201918
365  374  0.0130425
366  373  0.0148014
367  372  0.0113866
