2  740  0.0107169
2  743  0.704477
3  739  0.0129262
3  742  0.849054
4  720  0.0100343
4  741  0.833368
5  719  0.0132458
5  740  0.571517
6  740  0.140825
7  23  0.240605
7  717  0.648657
7  738  0.0428171
7  739  0.0149977
8  22  0.240949
8  716  0.651175
8  737  0.0334141
9  21  0.241359
9  714  0.0135949
9  715  0.652123
10  20  0.211731
10  713  0.0144277
10  714  0.647327
11  19  0.211088
11  713  0.590111
12  18  0.239985
13  17  0.188716
13  710  0.704965
13  711  0.0125504
14  709  0.72044
15  708  0.719933
16  707  0.72052
16  745  0.0246447
17  706  0.721279
17  744  0.0269065
18  705  0.71891
18  743  0.026889
19  704  0.709529
19  742  0.0265899
20  673  0.537949
20  703  0.181634
20  741  0.0115981
21  672  0.624342
22  617  0.036591
22  671  0.652043
22  739  0.0107281
23  616  0.0366266
23  670  0.651936
24  58  0.01159
24  615  0.0459818
24  669  0.557721
25  57  0.0153352
25  614  0.0497312
25  647  0.0310381
25  669  0.0134672
26  56  0.0161192
26  613  0.0505624
26  646  0.0371557
26  666  0.0228572
26  724  0.0351469
26  740  0.0126249
26  744  0.0107374
27  55  0.0162165
27  604  0.0295829
27  612  0.0513099
27  645  0.037693
27  665  0.0228448
27  668  0.53177
27  672  0.0163588
27  723  0.276508
28  54  0.0162079
28  611  0.0511069
28  644  0.0376944
28  664  0.0228904
28  667  0.533773
28  671  0.0277715
28  722  0.276956
29  53  0.016191
29  643  0.0376759
29  663  0.0228499
29  666  0.533682
29  670  0.0278847
29  721  0.276955
30  601  0.200234
30  665  0.384322
30  669  0.0278261
30  720  0.274801
31  600  0.284019
31  612  0.0597576
31  664  0.262275
31  668  0.027805
31  718  0.274427
32  50  0.0161368
32  599  0.285967
32  609  0.159577
32  611  0.0601164
32  617  0.0933712
32  662  0.0203147
32  667  0.0272534
32  717  0.276442
33  49  0.0155506
33  598  0.284971
33  608  0.174596
33  610  0.0510862
33  616  0.093318
33  661  0.0179832
33  666  0.0260635
33  716  0.276508
34  597  0.283034
34  607  0.20388
34  660  0.0108128
34  715  0.275
35  596  0.279608
35  606  0.215895
35  714  0.275156
36  46  0.0104608
36  595  0.266143
36  605  0.217031
36  613  0.0957385
36  660  0.0134393
36  713  0.275751
37  600  0.039497
37  604  0.212366
37  612  0.101973
37  659  0.0143815
37  711  0.0517918
37  712  0.223782
38  599  0.0412939
38  603  0.208511
38  611  0.101981
38  710  0.102646
38  711  0.169976
39  65  0.0659458
39  592  0.0215322
39  593  0.0133927
39  594  0.0132601
39  598  0.0406609
39  602  0.203686
39  610  0.100452
39  660  0.0136197
39  709  0.152659
40  64  0.0847299
40  601  0.158277
40  609  0.0871621
40  659  0.0142907
40  708  0.149601
40  710  0.0147854
41  63  0.0846819
41  658  0.0133362
41  707  0.144097
41  708  0.0218057
42  62  0.0841702
42  147  0.0338425
42  707  0.0212111
43  61  0.0824533
43  146  0.0387339
43  591  0.584681
43  706  0.0191708
44  60  0.0692306
44  145  0.0397298
44  590  0.642766
44  703  0.154686
45  144  0.0397354
45  589  0.642237
45  702  0.159969
46  143  0.0146172
46  701  0.1583
47  587  0.605289
47  700  0.156162
48  586  0.637274
48  699  0.153277
49  57  0.059704
49  585  0.639643
49  698  0.125478
50  56  0.0610991
50  584  0.634212
51  128  0.104758
51  583  0.225297
51  695  0.0121106
52  127  0.114648
52  583  0.347272
52  694  0.0135393
53  67  0.0144944
53  73  0.268292
53  126  0.115588
53  582  0.257891
54  66  0.0136093
54  72  0.267026
54  125  0.115549
54  581  0.257023
54  695  0.0181935
55  71  0.264376
55  107  0.0127568
55  124  0.115335
55  127  0.011657
55  580  0.256139
55  694  0.0182953
56  64  0.0134521
56  67  0.0998736
56  73  0.177409
56  106  0.0136289
56  126  0.0116618
56  579  0.122724
57  66  0.0984116
57  69  0.200412
57  70  0.0149774
57  72  0.159956
57  79  0.019962
57  105  0.0134726
57  122  0.0431013
57  123  0.0402139
57  125  0.01157
57  578  0.111129
58  65  0.0800608
58  68  0.169108
58  69  0.0145847
58  71  0.0910564
58  78  0.0387239
58  104  0.0130532
58  121  0.0448017
58  122  0.0401296
58  124  0.0113218
58  577  0.0819195
59  66  0.027453
59  68  0.014551
59  70  0.105471
59  77  0.0432008
59  103  0.0116224
59  120  0.0399882
59  121  0.0414285
59  123  0.010548
60  65  0.0214774
60  66  0.0506867
60  69  0.162823
60  76  0.044329
60  120  0.041673
61  75  0.0442877
61  118  0.0860492
61  119  0.0232226
62  74  0.0420152
62  117  0.10671
62  291  0.014194
63  72  0.0280507
63  116  0.107123
63  265  0.0109828
63  290  0.0165832
64  71  0.0261013
64  115  0.105565
64  264  0.0113901
64  289  0.0167688
65  110  0.0124772
65  288  0.0167445
66  109  0.0138485
66  287  0.0167259
67  91  0.0139348
67  108  0.0139001
67  111  0.047597
67  286  0.0166766
68  90  0.0124573
68  110  0.0449415
69  90  0.0129313
69  109  0.0347301
69  692  0.0491933
70  89  0.0171576
70  270  0.0194334
70  565  0.0445267
70  669  0.0115653
70  691  0.0562975
71  87  0.244522
71  246  0.0302844
71  269  0.0217883
71  564  0.0446698
71  668  0.0137923
71  690  0.055662
71  704  0.0115894
72  80  0.0103966
72  86  0.245592
72  245  0.0304049
72  268  0.0218546
72  563  0.0446392
72  667  0.0138295
72  689  0.0549897
72  703  0.011638
73  79  0.0105532
73  85  0.245348
73  244  0.030489
73  267  0.0218626
73  562  0.0446994
73  666  0.0138568
73  702  0.0116597
74  83  0.181009
74  243  0.0295134
74  561  0.0432825
74  687  0.0201559
74  701  0.0105866
75  82  0.178652
75  242  0.0255055
75  560  0.0379591
75  686  0.0183397
76  81  0.145516
78  295  0.0180439
79  141  0.0108206
79  261  0.018091
79  294  0.0295789
79  582  0.384737
80  140  0.019684
80  260  0.0178414
80  293  0.0295745
80  581  0.38589
81  139  0.0202552
81  259  0.0169644
81  292  0.0217719
81  580  0.386535
82  109  0.0110751
82  138  0.02041
82  579  0.493562
83  108  0.012741
83  137  0.0204374
83  290  0.0283752
83  578  0.518137
84  107  0.014037
84  136  0.0204321
84  255  0.0314259
84  289  0.028615
84  577  0.521267
85  93  0.0387395
85  106  0.0142634
85  254  0.037738
85  288  0.0100586
85  576  0.520805
86  92  0.0404382
86  134  0.0165884
86  253  0.0377497
86  265  0.0180761
86  575  0.520805
86  694  0.0101585
87  91  0.0250471
87  133  0.0165666
87  252  0.0378388
87  264  0.0182722
87  286  0.0121712
87  574  0.520248
87  693  0.0101981
88  251  0.0307917
88  263  0.0182035
88  707  0.0720956
89  102  0.194642
89  114  0.0262854
89  248  0.0287151
89  252  0.275995
89  284  0.013445
89  706  0.0905509
90  101  0.196499
90  113  0.0262645
90  247  0.0295762
90  262  0.0235046
90  283  0.0134326
90  705  0.0909867
91  100  0.197482
91  112  0.0253138
91  246  0.0322958
91  250  0.522202
91  261  0.0271785
91  282  0.0132653
91  704  0.0926592
92  99  0.197399
92  109  0.037662
92  245  0.0323053
92  249  0.522997
92  281  0.0132347
92  703  0.092669
93  98  0.18556
93  108  0.040453
93  244  0.0315425
93  248  0.523038
93  259  0.0282332
93  280  0.0129779
93  702  0.0645808
94  107  0.0404735
94  247  0.522991
94  258  0.0307149
94  699  0.037626
94  702  0.0280077
95  106  0.0403962
95  246  0.51015
95  257  0.0252761
95  294  0.0112473
95  698  0.0391026
95  701  0.0558513
96  104  0.0123905
96  105  0.026106
96  238  0.151399
96  293  0.0114124
96  697  0.0388905
96  700  0.0559648
97  103  0.0244834
97  244  0.300952
97  255  0.0415721
97  292  0.011414
97  699  0.0559553
98  236  0.444334
98  243  0.04113
98  254  0.0440409
98  698  0.0257522
99  235  0.609995
99  253  0.0440451
99  694  0.0993641
100  234  0.611917
100  252  0.0440819
100  693  0.0996261
101  233  0.613045
101  251  0.0440415
101  692  0.0995743
102  232  0.613725
102  250  0.0440481
102  691  0.0993302
103  231  0.613646
103  249  0.0435443
103  678  0.0439628
103  690  0.0971306
104  230  0.581816
104  677  0.0228134
105  677  0.106127
106  226  0.0248251
106  676  0.141683
107  172  0.672615
107  675  0.145439
108  171  0.673091
108  673  0.0132614
109  170  0.672374
110  169  0.672244
111  168  0.673073
111  671  0.162282
112  132  0.0239834
112  167  0.672523
112  670  0.16248
113  131  0.0397837
113  669  0.162451
114  130  0.0494369
114  166  0.0585595
114  668  0.162498
115  164  0.0230146
115  165  0.0553872
115  667  0.162428
116  131  0.0198488
116  164  0.05061
116  665  0.130553
117  126  0.605582
117  130  0.0345296
117  162  0.0440029
117  662  0.0168603
117  664  0.130483
118  125  0.5894
118  129  0.0342104
118  161  0.0438683
118  661  0.016796
118  663  0.124662
119  124  0.505198
119  128  0.0331368
119  160  0.0421853
119  660  0.0156718
123  158  0.0274892
124  157  0.0274437
124  659  0.150415
125  658  0.151016
126  657  0.150741
127  166  0.490394
127  656  0.120888
128  165  0.490206
129  164  0.488275
130  163  0.486601
130  653  0.113687
130  694  0.066804
131  155  0.687699
131  693  0.0295824
132  154  0.798745
132  691  0.0197447
132  692  0.0234172
133  143  0.0295662
133  153  0.799305
133  690  0.0198191
133  691  0.0607096
134  142  0.0368753
134  152  0.79936
134  689  0.0198171
134  690  0.0600615
135  141  0.0348158
135  143  0.0345506
136  142  0.0401599
136  150  0.809958
136  684  0.0252461
137  141  0.0152948
137  149  0.808595
137  683  0.0254012
138  148  0.802974
138  682  0.0250963
139  147  0.738289
139  681  0.0229755
140  145  0.0172343
140  147  0.0123956
141  146  0.01797
144  662  0.0469919
144  689  0.0142834
145  661  0.0445308
145  688  0.014457
146  687  0.0142213
147  686  0.0122255
150  657  0.150432
151  656  0.191152
152  655  0.193552
153  654  0.193774
154  653  0.193857
155  652  0.0972053
156  652  0.218554
157  651  0.324513
158  650  0.123878
159  649  0.124662
160  648  0.325447
161  647  0.325357
162  646  0.325393
163  644  0.0232735
163  645  0.297499
164  642  0.245589
164  643  0.0309898
165  641  0.307575
165  642  0.0155018
166  640  0.325352
167  639  0.325289
168  638  0.324894
173  219  0.992877
174  218  0.995503
175  217  0.994877
176  216  0.995799
177  215  0.99573
178  214  0.994632
179  213  0.995417
180  212  0.978677
182  208  0.0650831
183  208  0.017913
184  205  0.964726
184  206  0.0159385
185  204  0.985025
186  203  0.985099
187  202  0.985458
189  200  0.993902
190  199  0.993999
191  198  0.993693
192  197  0.988177
206  211  0.0170755
222  688  0.0119478
223  687  0.0136693
224  686  0.0139464
225  637  0.262339
225  685  0.0140463
226  636  0.325589
226  684  0.0140846
227  635  0.325559
227  683  0.0140711
228  634  0.325223
228  682  0.0139821
229  633  0.324876
229  681  0.013522
230  632  0.324973
231  631  0.323543
232  248  0.350915
232  628  0.0139832
233  247  0.3577
233  627  0.0141484
234  246  0.370577
234  626  0.0141674
235  245  0.37186
235  625  0.0141659
236  244  0.365797
236  624  0.0137611
237  243  0.324027
238  243  0.0138913
240  289  0.0156705
240  621  0.0124791
241  288  0.0200358
241  620  0.0137738
242  287  0.0205261
242  619  0.014003
243  286  0.0206332
243  618  0.014064
244  285  0.0208449
244  617  0.0140772
245  284  0.0208314
245  616  0.0138969
247  282  0.0238436
248  281  0.0238529
248  576  0.0422983
249  280  0.0224709
249  575  0.0432419
250  574  0.0432553
250  628  0.30861
251  573  0.0388109
251  627  0.311005
251  679  0.010577
252  626  0.311745
252  678  0.0135579
253  274  0.578695
253  625  0.311751
253  677  0.0135655
254  273  0.580986
254  624  0.31174
254  676  0.013579
255  272  0.581731
255  623  0.311677
255  675  0.0135765
256  271  0.291466
256  622  0.311144
257  271  0.284441
257  621  0.0769431
258  269  0.0141282
258  270  0.600085
258  620  0.0304475
258  673  0.0133392
259  268  0.0101958
259  269  0.631468
259  619  0.255846
259  672  0.0133073
260  268  0.636647
260  272  0.0119177
260  617  0.265812
260  671  0.013327
261  267  0.633785
261  271  0.011921
261  616  0.265773
261  670  0.0133269
262  270  0.01167
262  614  0.0956136
262  615  0.109636
262  669  0.0128149
263  613  0.190533
264  269  0.0104769
264  612  0.191274
265  611  0.190459
266  665  0.0110235
267  287  0.0110013
267  576  0.271405
267  664  0.0109767
268  286  0.0111858
268  575  0.271548
268  663  0.0109146
269  284  0.0140344
269  574  0.271522
270  283  0.015601
270  573  0.268244
270  618  0.0169813
271  282  0.0157767
271  617  0.0415382
272  577  0.0334374
272  616  0.0408973
273  281  0.0174815
273  576  0.0827924
274  280  0.0173799
274  575  0.0827367
276  571  0.845891
277  570  0.916251
278  569  0.923797
279  568  0.927945
280  567  0.929791
281  566  0.928119
284  563  0.913951
285  562  0.930935
286  561  0.929354
287  560  0.927675
288  559  0.927662
289  557  0.464842
289  558  0.466927
290  556  0.926032
291  555  0.921524
292  554  0.927348
292  564  0.014072
293  553  0.930401
293  563  0.0141778
294  552  0.930993
294  562  0.014112
295  304  0.0218225
295  551  0.852062
295  559  0.0265795
296  549  0.0262923
296  558  0.0519194
297  302  0.161494
297  548  0.0179781
297  549  0.751873
297  557  0.0519521
298  548  0.748229
298  556  0.0518552
299  309  0.0129723
299  555  0.0518964
300  308  0.012663
300  309  0.0181427
300  554  0.0518177
301  308  0.0161661
301  553  0.0518878
302  306  0.0126465
302  310  0.609888
302  552  0.051513
303  309  0.569799
304  308  0.375378
304  309  0.0194965
305  311  0.0116541
308  551  0.100372
309  550  0.147195
310  549  0.176735
312  547  0.862018
313  543  0.011577
313  546  0.967297
314  542  0.0117084
314  545  0.977313
315  541  0.0116547
315  544  0.977343
316  543  0.904554
317  543  0.0575596
318  540  0.276837
318  541  0.0834529
318  542  0.114198
319  539  0.261851
320  539  0.305305
321  537  0.0198759
321  538  0.316301
321  540  0.272149
322  539  0.26519
324  536  0.892088
325  535  0.989012
326  534  0.989896
327  533  0.994442
328  532  0.994439
329  531  0.99269
330  530  0.994367
331  529  0.9937
332  528  0.923326
338  517  0.752412
339  516  0.999553
340  515  0.999623
341  514  0.999883
342  513  0.999957
343  512  0.999957
344  511  0.999957
345  510  0.99993
346  509  0.999067
347  508  0.999986
348  507  0.999949
349  506  0.999929
350  505  0.998286
351  504  0.979227
353  502  0.967483
354  501  0.994601
355  500  0.995891
356  499  0.995056
357  382  0.0104037
357  475  0.0140475
357  482  0.02204
357  498  0.791833
358  474  0.0140297
358  481  0.0395164
359  446  0.0564849
359  480  0.0392119
359  496  0.801903
360  379  0.01078
360  445  0.0566692
360  479  0.037151
360  495  0.798098
361  378  0.0127842
361  444  0.0571834
361  494  0.626093
362  377  0.0139983
362  443  0.0567077
363  376  0.0143513
363  475  0.874109
363  493  0.0404681
364  375  0.0143297
364  441  0.0576318
364  474  0.876657
364  492  0.0397426
365  374  0.0143106
365  440  0.0291768
365  473  0.875807
365  491  0.0390772
366  373  0.0137841
366  440  0.032363
366  472  0.872261
366  489  0.0197048
366  490  0.0236242
367  372  0.0112143
367  439  0.0637708
367  471  0.874622
367  488  0.0312038
368  438  0.0641048
368  470  0.87427
369  437  0.0650051
369  469  0.872462
369  486  0.0405281
370  436  0.065325
370  468  0.867731
370  485  0.0412643
371  389  0.0110417
371  435  0.0677399
371  441  0.0697468
371  446  0.338197
371  484  0.0412683
372  388  0.0138603
372  391  0.0336144
372  434  0.0601935
372  440  0.0696434
372  445  0.331163
372  483  0.0410802
373  387  0.0149107
373  390  0.0429719
373  439  0.0684489
373  444  0.219473
373  482  0.0365522
374  386  0.0147768
374  389  0.0442461
374  432  0.0306633
374  438  0.060647
374  444  0.101933
375  385  0.0140479
375  388  0.0412021
375  431  0.0312621
375  443  0.191262
375  478  0.0343678
376  430  0.0269508
376  436  0.0384955
376  442  0.190476
376  445  0.191194
376  477  0.0380647
377  384  0.0218894
377  386  0.0531573
377  389  0.0298632
377  429  0.0206359
377  444  0.199591
377  465  0.0143416
377  476  0.0379928
378  383  0.0224097
378  385  0.0614947
378  388  0.0436505
378  391  0.0357882
378  428  0.0167538
378  436  0.0112666
378  442  0.0251939
378  443  0.198532
378  464  0.0159471
379  384  0.0577941
379  387  0.04425
379  390  0.0391502
379  435  0.0115798
379  441  0.0264705
379  463  0.0169772
379  475  0.0401888
380  386  0.0431106
380  389  0.0407728
380  441  0.193311
380  446  0.0461567
380  449  0.0110639
380  474  0.0401695
381  385  0.031772
381  388  0.0387494
381  440  0.182268
381  448  0.0111494
381  473  0.0281975
382  445  0.0499823
382  447  0.0111619
382  460  0.0152686
383  437  0.0748063
383  438  0.0268412
383  439  0.0145677
383  444  0.0508758
383  459  0.0114006
383  471  0.0135149
384  391  0.0210153
384  436  0.0394441
384  443  0.0479406
385  390  0.0216416
385  437  0.0309176
385  469  0.0188132
386  434  0.10797
386  436  0.0274261
386  468  0.018919
387  433  0.120669
387  436  0.0172748
387  467  0.0166972
388  432  0.119748
389  431  0.0886623
389  434  0.116203
390  433  0.151402
391  432  0.151263
393  430  0.951421
394  429  0.96864
395  428  0.913271
396  427  0.917937
397  426  0.988767
398  425  0.988872
399  424  0.987622
402  421  0.0117459
403  421  0.934076
404  420  0.988582
405  419  0.989209
406  418  0.989239
407  416  0.390157
407  417  0.598554
408  415  0.77787
409  414  0.753325
409  415  0.107751
410  414  0.133232
431  441  0.212724
431  446  0.162272
432  440  0.212035
432  445  0.16174
433  439  0.201373
433  444  0.154173
433  458  0.0262241
434  438  0.100882
434  457  0.0343845
435  442  0.296779
435  456  0.0371857
435  464  0.0108788
436  441  0.302615
436  455  0.0375736
436  463  0.0110971
437  454  0.0374781
438  453  0.0370458
439  452  0.0352986
440  461  0.010814
441  450  0.0373618
441  460  0.0110553
442  449  0.0372186
445  457  0.0200836
446  456  0.0207015
447  455  0.0228007
447  466  0.912033
448  465  0.912912
449  454  0.0252853
449  464  0.913784
450  463  0.914566
451  462  0.888702
452  461  0.764184
453  462  0.0102218
454  459  0.0437302
454  461  0.0903517
455  460  0.101989
473  496  0.0368686
474  495  0.0364236
476  497  0.017138
477  493  0.471302
477  494  0.012114
477  496  0.0239754
478  492  0.236998
479  492  0.533385
480  491  0.868714
481  490  0.876846
482  489  0.867651
482  497  0.0221541
483  488  0.744532
483  496  0.0482392
484  495  0.0481659
485  494  0.0420567
519  526  0.929765
520  525  0.962574
565  577  0.0152712
566  576  0.0621486
567  575  0.0620619
568  574  0.0560833
569  573  0.0154104
577  604  0.153696
578  603  0.15359
579  602  0.151235
579  605  0.0186657
580  601  0.124715
580  604  0.0224997
580  615  0.122058
581  603  0.0207273
581  614  0.143117
582  613  0.147231
583  600  0.179371
583  612  0.148772
584  599  0.179561
584  611  0.148731
585  598  0.148119
585  610  0.146462
586  609  0.131399
589  671  0.010188
590  670  0.0101903
591  601  0.0407355
591  669  0.0100727
592  599  0.0349137
592  600  0.0947263
592  604  0.13499
593  603  0.11225
595  601  0.0280608
602  609  0.010214
612  640  0.0345284
612  663  0.119429
613  639  0.0367841
613  662  0.155208
613  667  0.0356988
614  638  0.0367281
614  661  0.154385
614  666  0.0236772
615  637  0.0366177
615  660  0.152006
616  636  0.0353048
616  659  0.146048
616  664  0.306999
617  634  0.0366825
617  657  0.14407
617  663  0.309355
618  633  0.0366361
618  656  0.143593
619  632  0.0364701
619  655  0.136951
619  661  0.403549
619  680  0.0106622
620  631  0.0357908
620  654  0.0431454
620  660  0.456528
620  679  0.0116617
621  659  0.467496
621  678  0.0119179
622  658  0.467846
622  677  0.0119084
623  628  0.0316093
623  653  0.149266
623  657  0.467889
623  676  0.0118504
624  652  0.152143
624  656  0.467458
625  651  0.153002
625  654  0.0317055
625  655  0.437419
626  650  0.153861
626  653  0.0621983
626  654  0.406681
627  649  0.152155
627  652  0.0914703
628  648  0.150552
628  652  0.0192272
629  647  0.14188
630  649  0.458507
631  636  0.0104165
631  645  0.0252611
631  648  0.466259
632  647  0.466902
633  640  0.0115033
633  642  0.0118388
633  646  0.467756
634  639  0.014756
634  644  0.0249262
634  645  0.454508
635  641  0.077122
635  643  0.0224676
636  640  0.0668101
636  643  0.343986
636  650  0.0101801
637  649  0.01035
638  644  0.066196
638  648  0.010188
639  643  0.0539333
639  646  0.0220548
640  645  0.0220711
650  668  0.0399949
651  667  0.0401318
652  666  0.0211625
653  665  0.0183379
654  664  0.0351117
655  662  0.0307234
656  661  0.0282502
656  663  0.011758
657  662  0.0115646
662  676  0.0106387
663  671  0.0850741
663  675  0.0104941
664  670  0.0848608
675  702  0.649635
676  701  0.684085
677  700  0.687848
678  699  0.688265
679  698  0.653011
680  687  0.0261215
681  686  0.0256061
681  688  0.0196324
681  696  0.378294
681  697  0.0147326
681  702  0.0200566
682  687  0.0182395
682  701  0.0293187
683  694  0.449716
683  695  0.0338109
683  700  0.031
684  693  0.647636
684  694  0.0318867
684  699  0.0311353
685  692  0.542753
685  698  0.0290614
687  696  0.012814
689  694  0.0279317
719  741  0.0121911
720  740  0.0189415
721  739  0.0513357
724  736  0.959758
725  735  0.966104
726  734  0.965974
726  745  0.0285795
727  733  0.958846
727  744  0.0316863
728  743  0.0317077
729  742  0.0317289
730  741  0.0218659
732  740  0.0176843
733  739  0.0161811
