1  8  0.0190173
2  7  0.0337443
2  10  0.0731304
2  16  0.07733
2  334  0.0182599
3  9  0.105105
3  13  0.0149451
3  15  0.0963978
3  333  0.0219378
3  339  0.0138312
4  8  0.0400345
4  12  0.0133291
4  14  0.0829015
4  332  0.0200935
6  12  0.0152779
8  193  0.109914
8  216  0.0655871
9  192  0.119692
9  215  0.215857
10  191  0.119735
10  214  0.323035
11  190  0.11976
11  213  0.333812
11  288  0.0216222
12  189  0.112798
12  212  0.333812
12  287  0.0219585
13  211  0.333582
13  286  0.0219992
14  24  0.017383
14  187  0.105674
14  206  0.0613553
14  210  0.200023
14  285  0.0219617
15  23  0.0209175
15  48  0.0691464
15  186  0.10764
15  205  0.0986188
15  284  0.0219894
16  35  0.0331276
16  47  0.0749375
16  204  0.093314
16  234  0.0528213
16  283  0.0217523
17  22  0.0124714
17  34  0.125991
17  46  0.0766245
17  203  0.0775506
17  233  0.0766205
17  282  0.0189359
17  327  0.0252566
18  23  0.0112565
18  33  0.126892
18  45  0.0766198
18  205  0.0149804
18  232  0.076447
18  326  0.0252345
19  32  0.119834
19  44  0.0714952
20  330  0.20213
21  329  0.22126
22  28  0.135116
22  29  0.0320703
22  229  0.0574902
22  328  0.22551
23  27  0.0858572
23  43  0.0805895
23  170  0.0274382
23  228  0.0610565
23  230  0.0318753
23  327  0.211988
24  42  0.0807754
25  41  0.0799252
26  40  0.079417
26  167  0.0652898
26  206  0.028259
26  227  0.21554
27  142  0.0131409
27  162  0.0102682
27  166  0.0690717
27  186  0.0102071
27  205  0.0298515
27  226  0.244308
27  326  0.187907
28  39  0.0800747
28  141  0.0371413
28  165  0.0378689
28  204  0.0287713
28  225  0.266285
28  267  0.0109232
28  325  0.207269
29  38  0.0810086
29  140  0.0371724
29  201  0.035033
29  203  0.0282942
29  224  0.266226
29  266  0.0109494
29  324  0.207106
30  37  0.078248
30  139  0.0371078
30  162  0.087835
30  200  0.0350271
30  217  0.0362386
30  223  0.244601
30  265  0.0109371
30  323  0.206891
31  161  0.0884427
31  216  0.0506009
31  322  0.205807
32  137  0.0367098
32  158  0.112722
32  196  0.0532279
32  202  0.0333379
32  215  0.0237687
32  220  0.011702
32  221  0.055975
32  222  0.018471
32  260  0.0278684
33  136  0.0369909
33  157  0.144365
33  195  0.0417353
33  201  0.0394879
33  214  0.0250292
33  219  0.0146388
33  224  0.103312
33  259  0.0382329
33  320  0.0159346
34  135  0.0369677
34  156  0.144429
34  200  0.0394703
34  213  0.0523313
34  217  0.155684
34  223  0.103669
34  258  0.038316
35  134  0.0343735
35  155  0.144344
35  193  0.361842
35  212  0.0520928
35  216  0.154731
35  222  0.0197153
35  257  0.0381858
35  318  0.0105842
36  154  0.144257
36  192  0.411312
36  211  0.051991
36  215  0.154848
36  256  0.0381643
36  317  0.0106949
37  46  0.0681436
37  122  0.0126108
37  132  0.0264895
37  168  0.0360004
37  191  0.413516
37  214  0.154499
37  255  0.0369738
38  45  0.0678478
38  121  0.0126025
38  131  0.026465
38  148  0.0109157
38  190  0.413912
38  213  0.154571
38  254  0.0368766
39  147  0.0108841
39  152  0.0101453
39  166  0.0481572
39  189  0.406594
39  212  0.133595
40  146  0.0106765
40  165  0.0837252
40  195  0.0106535
41  150  0.0442308
41  164  0.0871685
41  188  0.545598
41  194  0.0108468
42  149  0.0509952
42  163  0.0883618
42  187  0.579564
42  193  0.0109081
43  119  0.0167684
43  148  0.0513555
43  162  0.0884998
43  186  0.585493
43  192  0.010794
44  118  0.0170962
44  147  0.0468604
44  161  0.0875734
44  185  0.584782
45  54  0.0188317
45  56  0.0108529
45  117  0.017119
45  132  0.0350718
45  143  0.0126609
45  146  0.0167468
45  160  0.0167572
45  183  0.0167588
45  184  0.56356
46  53  0.0187681
46  55  0.0104903
46  131  0.0358773
46  142  0.0126746
46  166  0.011314
46  182  0.0316773
47  115  0.011001
47  158  0.0889803
47  182  0.454523
48  114  0.020055
48  129  0.0453095
48  140  0.011816
48  143  0.021912
48  157  0.0903191
48  181  0.540533
49  113  0.0200646
49  128  0.0454301
49  139  0.0114488
49  142  0.0217705
49  148  0.0622414
49  156  0.0897568
49  162  0.0447663
49  180  0.538392
49  205  0.0101654
50  112  0.0200533
50  147  0.0627069
50  154  0.0832131
50  161  0.0450372
50  186  0.0123511
51  126  0.049155
51  153  0.0795757
51  159  0.0458506
51  176  0.473111
51  185  0.012298
52  125  0.0545429
52  152  0.0728279
52  158  0.0462738
52  175  0.540862
52  202  0.0458991
53  109  0.0188592
53  124  0.0582348
53  140  0.0219938
53  143  0.0803408
53  157  0.046833
53  174  0.54741
53  183  0.013951
53  201  0.05807
54  108  0.0191359
54  139  0.0222301
54  142  0.0805416
54  148  0.022384
54  156  0.0468106
54  173  0.547412
54  182  0.0140552
54  200  0.0580734
55  122  0.135412
55  138  0.0196566
55  140  0.0385436
55  141  0.0439916
55  172  0.54713
55  181  0.0140456
55  199  0.0531236
56  102  0.0161396
56  106  0.0134537
56  121  0.135453
56  139  0.072412
56  171  0.546889
56  180  0.0140428
56  192  0.038847
57  101  0.0155008
57  120  0.135057
57  191  0.038989
58  85  0.02802
58  100  0.0153215
58  119  0.13467
58  190  0.0389794
59  85  0.403495
59  118  0.115469
59  189  0.0298017
60  84  0.935688
60  117  0.0555392
61  83  0.945169
62  82  0.945138
62  115  0.010398
63  81  0.943968
64  80  0.472335
65  80  0.511307
66  79  0.997842
67  78  0.996661
68  77  0.996875
69  76  0.995079
70  75  0.616324
81  115  0.0224548
82  114  0.0478332
83  113  0.0478576
84  112  0.0478974
85  110  0.0108864
85  111  0.0232423
85  168  0.0153092
85  170  0.016835
86  109  0.0107276
88  101  0.113551
88  109  0.0207426
89  100  0.122009
89  108  0.0247775
89  162  0.135874
89  166  0.0121556
90  99  0.121639
90  107  0.023054
90  161  0.133833
91  98  0.106943
91  160  0.11718
92  101  0.0131991
93  99  0.0132872
93  100  0.0132364
93  102  0.0114567
93  106  0.026601
93  112  0.0310615
93  161  0.0501593
93  166  0.0484225
94  105  0.0269944
94  111  0.030621
94  160  0.0418497
94  165  0.0415155
95  104  0.0256181
96  109  0.0330763
97  102  0.0211713
97  108  0.0353361
97  135  0.350324
97  162  0.0151263
97  186  0.022955
98  107  0.0350497
98  134  0.367478
98  145  0.0145208
98  161  0.0135258
98  185  0.0230528
99  130  0.0242822
99  133  0.374107
99  141  0.11925
99  144  0.0169783
99  170  0.0125536
99  184  0.0230576
99  244  0.015149
100  105  0.0275282
100  129  0.0243143
100  132  0.374115
100  140  0.119396
100  143  0.0173623
100  168  0.0422207
100  170  0.107423
100  183  0.0172259
100  243  0.0151616
101  128  0.0241323
101  131  0.37353
101  139  0.118536
101  142  0.0173304
101  167  0.0424076
101  169  0.107837
101  182  0.0167232
101  242  0.0148919
102  110  0.014411
102  130  0.362391
102  138  0.108605
102  141  0.0168807
102  168  0.107693
102  178  0.0173582
102  181  0.0120075
103  109  0.0142249
103  165  0.0440158
103  177  0.0182772
103  240  0.0135433
104  126  0.25436
104  127  0.0488355
104  128  0.0198318
104  164  0.0429339
104  167  0.013089
104  176  0.0187928
104  239  0.0149243
105  125  0.309215
105  126  0.0358892
105  127  0.02926
105  137  0.0381923
105  163  0.0397015
105  166  0.0125179
105  175  0.0188464
106  124  0.326051
106  136  0.0418917
106  138  0.0151074
106  140  0.0147125
106  141  0.0159059
106  174  0.0184349
107  236  0.0146659
108  117  0.0582985
108  122  0.339942
108  124  0.0140391
108  136  0.0842904
108  138  0.165102
108  235  0.0139581
109  116  0.0584828
109  121  0.339971
109  123  0.0120732
109  137  0.167025
109  187  0.0599417
110  115  0.0573621
110  119  0.405946
110  135  0.324008
110  186  0.0640819
111  118  0.408715
111  134  0.329609
111  185  0.0641163
111  232  0.0133313
112  117  0.411323
112  133  0.330821
112  184  0.064174
112  231  0.0140713
113  132  0.330828
113  183  0.0641739
113  230  0.0140742
114  131  0.330766
114  182  0.0641714
114  229  0.0140697
115  130  0.324198
115  181  0.0640917
117  128  0.0867935
117  180  0.0614765
117  205  0.0175624
118  179  0.0612362
118  204  0.0176646
119  129  0.0261221
119  178  0.0581161
119  203  0.0176921
120  125  0.0433203
120  126  0.0111549
120  128  0.0242234
120  175  0.0481346
120  202  0.0176841
121  129  0.167498
121  174  0.0615568
121  201  0.0176865
122  128  0.166329
122  173  0.0615545
122  200  0.017675
124  147  0.145431
125  146  0.14338
127  144  0.161546
128  136  0.0117001
128  143  0.166983
129  135  0.0112721
129  142  0.166648
131  140  0.16661
132  139  0.16084
134  144  0.0428629
135  143  0.0520202
136  142  0.0515958
136  166  0.071687
137  165  0.0714439
138  161  0.011627
138  173  0.0107598
139  157  0.0682127
139  160  0.0106199
139  172  0.0196166
140  148  0.0224505
140  156  0.0659896
140  162  0.110703
140  171  0.0193857
141  147  0.0224657
141  154  0.0107803
141  161  0.110604
142  157  0.481022
143  154  0.0691701
143  156  0.483102
143  162  0.0125026
144  153  0.0679379
144  155  0.459963
144  161  0.0125874
145  160  0.0125806
146  151  0.232907
146  152  0.0140799
146  153  0.166018
146  159  0.0116955
156  172  0.0536574
157  171  0.0533896
160  169  0.0779886
161  168  0.0948498
161  170  0.0104412
166  316  0.0119577
167  315  0.0119682
168  192  0.0120773
168  215  0.0122416
168  314  0.0119426
169  191  0.012166
169  214  0.0124904
170  190  0.0121376
170  213  0.0124949
171  183  0.326004
172  182  0.329882
173  181  0.347014
174  180  0.34565
175  179  0.131582
183  323  0.0100954
184  205  0.0501998
184  322  0.0102269
185  204  0.050618
185  321  0.010214
186  203  0.0503111
186  320  0.0101529
189  204  0.164968
190  199  0.0543762
190  201  0.0755238
190  203  0.191578
191  198  0.0520241
191  200  0.0754818
191  202  0.191695
192  199  0.0700612
192  201  0.190681
197  330  0.0439899
198  329  0.0511933
199  215  0.0358696
199  216  0.0143633
199  217  0.183874
199  247  0.0208216
199  328  0.0551404
200  214  0.0431329
200  246  0.0219031
200  278  0.014264
200  327  0.0551462
201  213  0.0433345
201  215  0.212074
201  245  0.0218423
201  277  0.0143708
201  326  0.0550846
202  214  0.214815
202  276  0.0139995
203  211  0.0778389
203  213  0.214777
204  209  0.0104738
204  210  0.0742648
204  212  0.197862
204  274  0.0139939
205  273  0.0143756
206  272  0.0129033
209  237  0.0228501
210  236  0.0238176
211  235  0.024442
212  234  0.0247385
212  340  0.0323952
213  228  0.0719169
213  233  0.0248537
213  246  0.0140975
213  339  0.036671
214  227  0.0722953
214  232  0.0248305
214  245  0.0141033
215  231  0.0247916
215  244  0.014689
215  337  0.0529523
215  338  0.074041
215  339  0.0461409
216  225  0.139856
216  230  0.0239622
216  243  0.0146711
216  336  0.0696111
216  337  0.0995306
216  338  0.0579486
216  339  0.0256676
217  224  0.134285
217  335  0.069836
217  336  0.0998411
217  337  0.0576721
217  338  0.0256958
219  334  0.108353
220  236  0.0791317
220  333  0.106376
221  235  0.0994045
221  332  0.0923701
221  333  0.022478
222  234  0.104756
222  332  0.0272723
223  233  0.107122
224  232  0.0820854
225  232  0.0259618
225  317  0.15295
226  231  0.047146
226  316  0.165761
226  330  0.324626
227  315  0.165732
227  329  0.362752
228  314  0.165695
228  328  0.401015
229  267  0.0174444
229  313  0.122414
229  324  0.110843
229  327  0.421911
230  310  0.0239471
230  323  0.114717
230  326  0.421449
231  247  0.0155006
231  265  0.044574
231  309  0.0239858
231  322  0.11466
232  246  0.0169071
232  264  0.0597029
232  278  0.107918
232  321  0.0874979
232  324  0.41779
233  245  0.0166998
233  263  0.0594463
233  277  0.108271
233  323  0.41789
234  262  0.046475
234  319  0.0118363
234  322  0.39802
235  261  0.0333347
235  262  0.0137056
235  319  0.365681
236  260  0.0193776
236  261  0.0264028
236  275  0.0988653
236  318  0.506524
237  260  0.0392282
237  274  0.115389
237  317  0.521438
237  334  0.135335
238  259  0.0519744
238  273  0.117842
238  316  0.530693
238  333  0.174222
239  272  0.116949
239  315  0.527299
239  332  0.178221
240  271  0.10348
240  314  0.490717
240  331  0.180676
241  330  0.180736
242  329  0.180808
243  310  0.0969964
243  328  0.104547
244  256  0.0759433
244  309  0.0970017
244  328  0.0785063
245  255  0.0785892
245  259  0.0167109
245  266  0.0940139
245  278  0.503555
245  327  0.15494
246  254  0.0783979
246  258  0.0166684
246  265  0.0944
246  277  0.506511
246  326  0.154936
247  253  0.0510473
247  264  0.0937512
247  276  0.311934
247  325  0.142641
248  276  0.173209
249  274  0.0277634
249  275  0.243227
252  272  0.558232
253  260  0.0963641
253  271  0.634832
254  259  0.104771
254  264  0.0108463
254  270  0.64863
255  263  0.0100364
255  268  0.0785608
255  269  0.58104
256  267  0.144544
258  264  0.0618402
258  266  0.64379
259  263  0.0502175
259  265  0.638023
263  327  0.043918
264  326  0.043943
265  324  0.0884601
265  325  0.0221166
266  323  0.110645
267  322  0.110645
268  321  0.103169
270  277  0.0104731
272  318  0.100902
273  317  0.104281
275  315  0.0958645
276  314  0.0979506
277  313  0.0905339
277  324  0.0841962
278  310  0.05772
278  323  0.0844251
279  309  0.0587106
279  310  0.0227121
279  322  0.0838883
280  309  0.0222972
280  311  0.0101629
281  308  0.0149901
282  309  0.0288565
282  310  0.690697
283  309  0.273806
284  307  0.264085
284  308  0.282745
285  306  0.264786
285  307  0.704593
286  306  0.704614
287  304  0.969223
288  303  0.969821
289  302  0.967566
291  300  0.961397
292  299  0.943765
293  298  0.868884
300  329  0.0191416
301  328  0.0215902
302  327  0.0225304
303  326  0.0225232
305  324  0.0230632
306  323  0.0230462
307  322  0.0229528
309  320  0.0150667
309  325  0.0119513
310  324  0.0120333
312  317  0.0159359
312  323  0.0159938
313  322  0.0161549
314  320  0.062147
314  321  0.0119574
315  319  0.0237771
