1  557  0.0700603
2  556  0.11523
2  578  0.0120364
3  555  0.128041
3  559  0.739375
3  577  0.0108058
4  554  0.0799955
4  558  0.744514
5  554  0.0497093
5  557  0.743016
6  553  0.0972156
6  556  0.7419
7  552  0.097681
7  555  0.72634
7  575  0.0879188
8  551  0.0985778
8  574  0.0878312
9  442  0.138965
9  553  0.349514
10  441  0.169926
10  552  0.325725
11  440  0.168784
11  551  0.215221
12  440  0.0108089
12  474  0.0165326
12  551  0.0309807
13  474  0.0104036
14  437  0.631902
14  438  0.0717003
14  473  0.0198909
14  561  0.0963593
15  436  0.869436
15  472  0.011974
15  560  0.0959626
16  428  0.104664
16  435  0.874003
17  427  0.117387
17  434  0.875618
18  426  0.120866
18  433  0.300737
19  425  0.121818
19  432  0.303415
20  424  0.121911
20  431  0.876427
21  423  0.121907
21  429  0.876426
22  422  0.121662
22  428  0.875008
23  421  0.120514
23  427  0.875259
24  419  0.117812
24  426  0.874125
25  418  0.118215
25  425  0.876293
26  417  0.117792
26  424  0.876792
27  51  0.104565
27  423  0.876119
28  50  0.978502
28  422  0.0157576
29  49  0.981757
30  48  0.981279
31  47  0.950102
33  46  0.829434
35  45  0.978634
36  44  0.981913
37  42  0.011048
37  43  0.969764
38  42  0.369158
51  418  0.848734
52  417  0.591748
54  415  0.945798
55  414  0.991185
56  413  0.991279
57  412  0.991207
58  411  0.983983
59  410  0.972289
60  66  0.0211348
60  380  0.0276471
61  379  0.0262679
62  378  0.0205953
66  76  0.0106471
66  79  0.0466736
66  383  0.0460116
67  75  0.0157376
67  78  0.0469668
67  382  0.0430594
67  383  0.876797
68  74  0.0159335
68  77  0.0465066
68  381  0.0317159
68  382  0.878715
69  380  0.0164108
70  380  0.797994
71  379  0.916147
72  378  0.922209
73  377  0.925516
74  376  0.925557
75  375  0.925097
76  374  0.714764
79  368  0.014872
79  378  0.0175076
80  142  0.0296865
80  369  0.162956
80  377  0.0649583
81  368  0.166718
81  376  0.0649925
82  368  0.0554407
82  375  0.0649424
83  141  0.969485
84  140  0.981137
85  139  0.984949
86  138  0.985983
87  137  0.988355
88  136  0.990717
89  135  0.990699
90  134  0.990623
91  133  0.989612
92  105  0.0463117
92  132  0.891488
93  104  0.602022
93  130  0.0993182
93  131  0.248167
94  103  0.605458
94  129  0.198774
94  130  0.0816903
95  102  0.47359
95  128  0.189356
95  131  0.0233036
96  128  0.0133802
96  130  0.046757
97  103  0.0145352
97  104  0.0202321
97  108  0.173522
97  129  0.0521468
98  107  0.17585
98  128  0.0481331
99  105  0.106116
99  106  0.180856
100  104  0.0685003
100  129  0.0306986
101  128  0.0307404
102  127  0.0286594
105  129  0.123057
105  130  0.0131226
106  128  0.0745181
106  129  0.0168818
107  125  0.740866
107  127  0.0224027
108  124  0.809921
109  123  0.989933
110  122  0.989996
111  121  0.282631
112  120  0.275217
113  119  0.976685
143  363  0.871481
144  362  0.997642
145  361  0.997839
146  360  0.998655
147  359  0.460184
148  358  0.458219
149  357  0.998665
150  356  0.997905
151  355  0.998471
152  354  0.996512
153  353  0.995875
154  352  0.997065
155  351  0.997976
156  350  0.998374
157  349  0.99015
158  348  0.991517
159  347  0.975665
160  246  0.0191002
160  340  0.0272563
160  346  0.93201
161  245  0.0634104
161  339  0.0428998
161  345  0.814117
162  244  0.123928
162  338  0.0715091
162  341  0.0191894
162  344  0.502161
163  243  0.138359
163  261  0.0640417
163  337  0.0781431
163  340  0.0245492
164  243  0.0219244
164  261  0.0649437
165  241  0.186751
165  259  0.464107
165  337  0.0120938
165  340  0.0185237
166  189  0.0116282
166  240  0.195399
166  258  0.484856
166  333  0.22424
166  339  0.0106755
167  188  0.0120085
167  239  0.197353
167  257  0.484195
167  332  0.294687
168  187  0.012011
168  238  0.197205
168  256  0.483413
168  331  0.301268
169  186  0.0119452
169  237  0.196927
169  330  0.300828
170  254  0.0257074
170  329  0.301463
171  236  0.638401
171  328  0.301258
172  183  0.0152723
172  235  0.67433
172  327  0.301326
173  182  0.015423
173  234  0.677377
173  326  0.301173
174  181  0.0149068
174  233  0.677383
174  325  0.301076
175  232  0.67728
175  324  0.299206
176  230  0.673246
176  321  0.0390486
177  229  0.673068
177  320  0.0390373
177  321  0.227655
178  228  0.590613
178  320  0.0643441
180  318  0.247753
180  320  0.0202036
181  188  0.640233
181  224  0.0200728
181  317  0.248466
181  319  0.0186393
182  187  0.647271
182  223  0.020259
182  316  0.24846
182  318  0.0186324
183  315  0.241872
183  317  0.0151562
184  314  0.240576
186  196  0.0247705
187  195  0.0292357
187  294  0.299511
188  194  0.0284269
188  293  0.299716
189  292  0.300045
190  291  0.299294
191  289  0.0386172
191  290  0.259567
192  288  0.140777
192  289  0.153587
193  287  0.242508
194  224  0.548596
194  225  0.0385112
194  286  0.242592
195  223  0.526818
195  285  0.242377
196  223  0.188218
197  222  0.995928
198  221  0.997709
199  220  0.996537
200  219  0.998598
201  218  0.999691
202  217  0.999744
203  216  0.999621
204  214  0.414926
204  215  0.577451
205  213  0.829574
206  212  0.672156
207  212  0.0145387
223  234  0.0530311
224  233  0.052978
225  232  0.0482257
227  288  0.0281576
228  287  0.024532
229  284  0.187422
229  286  0.0129409
229  287  0.026845
230  283  0.187426
230  286  0.0407433
231  259  0.0102233
231  282  0.168342
231  285  0.0521064
232  258  0.163221
232  284  0.0548905
233  257  0.163399
233  280  0.0343553
233  283  0.0548559
234  256  0.163389
234  279  0.034398
234  282  0.054792
235  255  0.161967
235  278  0.0328209
236  254  0.158737
237  248  0.618534
238  247  0.688021
238  262  0.0111541
238  277  0.0192778
238  283  0.0528989
239  246  0.684294
239  261  0.0113042
239  276  0.0195279
239  282  0.0535105
240  260  0.010361
240  275  0.0192533
240  281  0.0535733
241  257  0.0289481
241  280  0.0534411
242  256  0.0102802
242  274  0.0201678
242  279  0.053329
243  255  0.0108825
243  273  0.0222765
243  278  0.0516346
244  254  0.0300626
244  272  0.0222766
245  253  0.0296313
245  271  0.0221169
246  257  0.0651218
246  277  0.0149439
247  256  0.0664017
247  276  0.0150136
247  340  0.013093
248  268  0.0213884
248  275  0.0147916
248  337  0.0292332
248  340  0.0103358
249  267  0.021624
249  336  0.0366629
249  339  0.0118945
250  266  0.0195635
250  335  0.0329771
252  263  0.0236186
252  333  0.0503232
252  336  0.0581302
253  262  0.0243906
253  332  0.0561791
253  335  0.0613347
254  261  0.0239454
254  331  0.0532601
254  334  0.0582443
255  260  0.0166649
255  330  0.0532789
256  265  0.0219994
256  329  0.0573982
256  332  0.0582791
257  264  0.0212236
257  328  0.0573981
257  331  0.0731987
258  274  0.0153688
258  327  0.0572165
258  330  0.0729945
259  273  0.0304055
259  326  0.0213379
260  272  0.0273105
261  270  0.0132595
261  280  0.240081
262  269  0.0134038
262  275  0.0277224
262  279  0.182063
262  341  0.0119419
262  342  0.0131081
262  343  0.0130714
263  274  0.0311081
263  340  0.012895
263  341  0.0155727
263  342  0.0155369
264  272  0.0181035
264  273  0.033295
264  277  0.30557
264  339  0.0143446
265  271  0.0483828
265  276  0.306366
265  340  0.0365836
266  275  0.304779
266  338  0.143016
267  274  0.272096
267  337  0.15839
268  336  0.161439
269  335  0.161633
270  334  0.160147
270  340  0.151808
271  333  0.14657
271  339  0.34897
272  338  0.368936
273  331  0.0605734
273  337  0.370394
274  336  0.297481
275  333  0.145102
275  335  0.224799
276  329  0.238847
276  332  0.349502
277  328  0.239505
277  331  0.38746
278  327  0.240583
278  330  0.387608
279  326  0.24249
279  329  0.387653
280  325  0.239803
280  328  0.386854
282  326  0.287458
283  321  0.281775
283  325  0.390848
284  295  0.0110818
284  320  0.281785
284  324  0.38568
285  294  0.278559
285  319  0.253148
285  323  0.146307
286  293  0.278181
286  318  0.245024
286  321  0.143763
287  292  0.218525
287  320  0.143191
288  317  0.180393
288  319  0.140656
289  317  0.0825099
290  315  0.153575
292  314  0.398221
293  313  0.399451
294  312  0.399488
295  311  0.393947
297  308  0.0280284
298  313  0.181744
298  319  0.321769
299  304  0.438991
299  306  0.0271066
299  312  0.182437
299  318  0.321947
300  311  0.173144
300  317  0.325548
301  316  0.325517
302  315  0.272863
303  308  0.028093
303  315  0.0426378
304  311  0.0141012
304  313  0.163713
304  314  0.0843213
306  311  0.125355
306  313  0.0444784
334  345  0.0147293
335  342  0.014918
335  343  0.0405524
335  344  0.026961
336  341  0.0153187
336  342  0.0474472
336  343  0.037027
338  345  0.0281275
339  344  0.0614901
367  374  0.0144264
368  373  0.0221061
384  408  0.975935
384  409  0.0195297
385  407  0.988811
386  406  0.998142
387  405  0.998047
388  404  0.998778
390  403  0.999034
391  402  0.999238
392  401  0.999292
393  400  0.996744
394  399  0.872196
429  559  0.111513
430  558  0.112243
431  557  0.112518
432  556  0.112837
433  555  0.112938
434  554  0.110995
435  553  0.0839946
439  551  0.0978918
440  471  0.155315
440  476  0.0132543
440  550  0.530242
441  470  0.156952
441  475  0.0133846
441  549  0.530696
442  469  0.157406
442  548  0.531902
443  468  0.157627
443  474  0.293873
443  547  0.532637
444  467  0.157539
444  473  0.307798
444  546  0.532325
445  466  0.15736
445  472  0.307823
445  545  0.531881
446  465  0.139733
446  471  0.307813
446  544  0.527326
447  463  0.0400945
447  470  0.307084
448  468  0.0492954
448  541  0.136001
449  459  0.0365088
449  461  0.0383806
449  467  0.0425316
449  469  0.0305052
449  540  0.149102
450  458  0.0399831
450  460  0.0522656
450  463  0.348603
450  468  0.030276
451  457  0.0357951
451  459  0.0425193
451  462  0.350499
451  543  0.0866178
452  461  0.350019
452  465  0.0165807
452  542  0.0921309
453  460  0.33213
453  464  0.0181001
453  541  0.0845227
454  463  0.0173387
454  464  0.0310367
455  463  0.0320167
456  462  0.0310744
456  542  0.116562
457  538  0.0423988
457  541  0.123165
458  537  0.045659
458  539  0.375867
458  540  0.0624918
459  536  0.0452744
459  538  0.441165
460  537  0.459981
461  536  0.445687
462  534  0.0104705
462  535  0.274916
463  532  0.517568
464  531  0.51967
465  530  0.520213
466  529  0.519233
467  528  0.517351
468  480  0.517642
469  479  0.519506
470  478  0.520627
471  477  0.505339
475  552  0.394114
476  551  0.437956
477  550  0.464826
478  549  0.464845
479  548  0.456135
480  547  0.453031
481  494  0.759539
482  493  0.977005
483  492  0.976984
484  491  0.907914
488  527  0.0114964
489  526  0.0116891
490  525  0.0116713
491  524  0.0114479
496  522  0.948389
497  521  0.952919
498  519  0.142196
498  520  0.846063
499  518  0.145069
499  519  0.843009
502  516  0.710685
503  514  0.991099
504  513  0.991071
505  512  0.976729
521  546  0.0217202
522  545  0.0216837
524  543  0.0329283
525  542  0.0392012
526  541  0.0432273
526  547  0.0111908
527  540  0.0435101
527  546  0.422329
528  539  0.0432363
528  545  0.422773
529  544  0.42262
530  543  0.405258
533  541  0.234533
534  539  0.0279974
534  540  0.264362
561  574  0.82237
562  573  0.964926
563  572  0.981823
564  571  0.988246
565  570  0.881355
