1  134  0.0171019
2  133  0.029418
2  291  0.0179103
2  819  0.383692
2  824  0.181781
2  827  0.0535702
3  132  0.0435336
3  290  0.0405576
3  812  0.0121939
3  818  0.461853
3  823  0.218767
3  826  0.0645591
4  289  0.0406474
4  811  0.0121772
4  817  0.461151
4  821  0.119165
4  822  0.127767
4  825  0.057255
5  130  0.0468884
5  288  0.0406609
5  810  0.0121781
5  816  0.459394
5  820  0.2084
6  292  0.0509646
6  340  0.391816
6  812  0.0128475
6  818  0.232802
6  823  0.0198196
7  128  0.0615377
7  129  0.0144607
7  130  0.0139664
7  291  0.0509714
7  339  0.391789
7  811  0.0129394
7  817  0.232785
8  127  0.0547157
9  126  0.0281495
9  127  0.418608
10  126  0.628344
10  343  0.0107064
10  814  0.223907
10  818  0.0117475
11  125  0.66073
11  342  0.0112552
11  817  0.0115818
11  820  0.0433389
12  124  0.662023
12  341  0.0112722
12  813  0.256533
12  819  0.0435363
13  123  0.669553
13  340  0.0112807
13  812  0.265599
13  818  0.0436018
14  122  0.669591
14  339  0.0112575
14  811  0.262609
14  817  0.043101
15  121  0.669264
16  120  0.669066
16  335  0.011975
16  810  0.272619
16  816  0.039023
17  118  0.546043
17  334  0.0120018
17  809  0.275783
17  815  0.0394417
18  333  0.0119717
18  808  0.27578
18  814  0.0391635
19  116  0.65204
19  807  0.261106
20  115  0.668568
21  114  0.671724
21  138  0.148038
22  113  0.673262
22  136  0.155046
22  137  0.0744602
23  34  0.0224505
23  112  0.673354
23  135  0.26021
24  33  0.0279646
24  57  0.543565
24  110  0.0155487
24  134  0.264644
25  32  0.0278565
25  56  0.543747
25  108  0.135918
25  133  0.265461
26  55  0.538963
26  107  0.130775
26  132  0.26568
27  131  0.265501
30  56  0.0428655
30  128  0.26571
31  127  0.264389
32  54  0.688786
32  57  0.0112522
32  126  0.260209
33  53  0.691036
33  56  0.0112477
33  125  0.258795
34  50  0.162193
34  52  0.716234
34  55  0.0109439
35  49  0.164444
35  51  0.358486
36  48  0.165142
36  51  0.433975
37  47  0.165549
37  50  0.823657
38  46  0.161679
38  49  0.823467
39  45  0.141813
39  48  0.823199
40  44  0.0827749
40  47  0.821913
41  46  0.377475
51  121  0.0366221
52  120  0.0400521
52  124  0.187862
53  119  0.0403286
53  123  0.215207
53  812  0.027533
54  118  0.0403679
54  122  0.215199
54  811  0.0275461
55  117  0.0402338
55  120  0.214552
55  124  0.0122802
55  810  0.0275276
56  115  0.0156657
56  116  0.0190295
56  119  0.213995
56  123  0.0124626
57  114  0.0313294
57  118  0.206964
57  122  0.0124514
58  113  0.0246992
58  116  0.0141939
59  115  0.0141669
60  114  0.0137653
63  105  0.838914
64  104  0.839922
65  103  0.875032
66  102  0.985835
67  101  0.988031
68  100  0.989479
69  99  0.989531
71  98  0.989787
72  97  0.989343
73  96  0.978831
74  96  0.0107391
75  95  0.985855
76  94  0.994431
77  93  0.996841
78  92  0.991837
79  91  0.991986
80  90  0.990174
81  89  0.981623
82  88  0.961766
106  113  0.026773
106  115  0.0118306
107  112  0.0327063
107  114  0.0124261
107  117  0.192508
108  116  0.195163
108  808  0.0286194
109  115  0.195121
109  807  0.0275666
110  114  0.141739
113  803  0.0405877
114  802  0.0485662
115  801  0.04897
116  800  0.0499621
117  799  0.0504374
119  797  0.0503796
120  796  0.050375
121  795  0.0502994
122  794  0.0494861
124  286  0.0148609
125  285  0.0144395
125  791  0.0311409
126  270  0.0558913
127  269  0.198748
128  268  0.58425
129  267  0.584845
129  808  0.0319963
130  266  0.58485
130  807  0.0321925
130  812  0.0195256
131  265  0.584691
131  806  0.0318732
131  811  0.0194755
132  264  0.584778
132  810  0.0194566
133  162  0.0100956
133  263  0.57903
133  814  0.0198676
134  161  0.0107504
134  262  0.577014
134  803  0.0393906
134  813  0.0198767
134  827  0.0264165
135  160  0.0358413
135  261  0.553672
135  799  0.0116818
135  802  0.0411257
135  812  0.0198659
135  826  0.0524067
136  159  0.0361188
136  798  0.0117583
136  801  0.0403798
136  804  0.0210563
136  811  0.0172085
136  825  0.052397
137  158  0.0364082
137  797  0.0120825
137  800  0.028662
137  803  0.039978
137  810  0.0103245
137  824  0.0524004
138  157  0.0365469
138  258  0.555655
138  796  0.0121718
138  799  0.0181568
138  802  0.0435973
138  823  0.0522663
139  257  0.552793
139  795  0.0119248
140  155  0.038903
140  226  0.389439
140  239  0.133706
140  255  0.0125258
140  794  0.0117573
140  799  0.340411
141  154  0.0386428
141  225  0.38973
141  238  0.133511
141  254  0.0125082
141  784  0.0140508
141  798  0.34476
141  820  0.0206417
142  224  0.389051
142  237  0.131205
142  253  0.0112906
142  783  0.0223026
142  797  0.340033
142  819  0.0196491
143  223  0.38973
143  235  0.142071
143  779  0.0103568
143  782  0.0328474
143  796  0.332734
143  818  0.0137386
144  222  0.389743
144  234  0.144018
144  778  0.0103302
144  781  0.0329015
144  795  0.0532237
145  221  0.388531
145  233  0.147146
146  220  0.375166
146  232  0.146944
146  780  0.0330048
146  793  0.324157
147  219  0.322346
147  779  0.042998
147  792  0.32912
148  173  0.180598
148  230  0.146755
148  778  0.0430835
148  791  0.329237
149  172  0.0929866
149  229  0.145022
149  776  0.0374805
149  790  0.305009
150  172  0.135917
150  775  0.0395062
151  171  0.247028
151  173  0.011412
151  216  0.0141821
151  742  0.112582
151  774  0.0403009
152  170  0.246923
152  172  0.0105096
152  741  0.118525
152  744  0.0123277
153  168  0.0137066
153  190  0.0224562
153  227  0.134463
153  740  0.119568
153  743  0.01449
154  162  0.015118
154  167  0.0141171
154  169  0.261849
154  189  0.0362162
154  192  0.0116192
154  198  0.0154811
154  226  0.135888
154  739  0.120735
154  741  0.0530158
154  772  0.189117
155  161  0.0151558
155  168  0.261919
155  190  0.0131422
155  191  0.0113662
155  197  0.0155746
155  225  0.131707
155  738  0.120573
155  740  0.0641715
155  771  0.189804
156  166  0.145496
156  167  0.132347
156  188  0.0664562
156  189  0.0118034
156  737  0.053669
156  739  0.0643369
156  770  0.189909
157  165  0.274593
157  186  0.250834
157  733  0.111698
157  738  0.0642962
157  769  0.189498
158  164  0.234879
158  185  0.25246
158  732  0.11198
158  737  0.0584918
159  184  0.252788
159  731  0.11218
159  736  0.039766
160  183  0.253084
160  702  0.0464676
160  730  0.111994
161  182  0.252777
161  255  0.0308323
161  701  0.178949
161  765  0.186964
162  181  0.252965
162  254  0.0318013
162  700  0.179379
162  764  0.187454
163  180  0.252631
163  228  0.0123418
163  253  0.0319789
163  699  0.179398
163  760  0.0419975
163  763  0.16247
164  227  0.0137866
164  252  0.0318577
164  698  0.179284
164  759  0.12
164  762  0.0804644
165  178  0.116337
165  226  0.0148702
165  251  0.0284938
165  697  0.179272
165  758  0.202683
166  177  0.111303
166  225  0.0148709
166  696  0.179124
166  757  0.204464
167  224  0.0148702
167  249  0.010143
167  756  0.205427
168  178  0.140646
168  223  0.0120262
168  250  0.0186453
168  694  0.176929
168  755  0.205445
169  177  0.140952
169  247  0.0131053
169  249  0.0194958
169  693  0.176786
169  754  0.205444
170  176  0.114514
170  248  0.0182812
170  692  0.0910864
170  753  0.20282
171  245  0.0684749
171  247  0.0139331
171  752  0.200827
172  244  0.11761
172  751  0.0486792
173  243  0.194682
173  751  0.135287
174  242  0.196083
174  669  0.0116258
174  750  0.127443
175  241  0.186552
175  668  0.0134806
176  667  0.0138882
176  748  0.103678
177  192  0.283085
177  226  0.0178341
177  239  0.225253
177  285  0.0148452
177  666  0.0140317
177  747  0.104525
178  191  0.293947
178  225  0.0178439
178  238  0.225477
178  665  0.0139913
178  745  0.0322625
179  190  0.293742
179  224  0.0178045
179  237  0.0871163
179  283  0.128061
180  189  0.299528
180  223  0.0176814
180  236  0.0856376
180  282  0.173351
181  188  0.298448
181  222  0.0173588
181  235  0.223694
181  281  0.173545
181  662  0.0104189
182  187  0.234361
182  220  0.0178973
182  280  0.175199
182  661  0.010125
183  219  0.0178935
183  233  0.0943292
183  279  0.175517
184  218  0.0180087
184  232  0.224314
184  278  0.175255
185  217  0.0179635
185  227  0.0113297
185  231  0.223875
185  277  0.174942
186  216  0.0176757
186  226  0.0144674
186  230  0.224254
186  276  0.174046
187  229  0.218203
187  275  0.167215
188  225  0.257719
188  228  0.0623944
188  274  0.102875
189  224  0.523046
190  199  0.0205461
190  223  0.533097
191  196  0.0133696
191  198  0.0225124
191  222  0.531819
192  197  0.0200964
192  220  0.0194272
193  219  0.0142585
194  219  0.0507152
195  219  0.0126679
196  217  0.886546
197  216  0.913806
199  214  0.967151
200  213  0.98562
201  212  0.986807
202  211  0.988286
203  210  0.989132
204  209  0.952618
219  256  0.0127483
220  255  0.0154339
220  273  0.0112658
221  254  0.016261
221  272  0.0125946
222  253  0.0166705
222  271  0.0127057
223  252  0.016675
223  270  0.0126928
224  251  0.0264888
225  250  0.0264928
226  249  0.0262969
228  645  0.0240626
228  747  0.0100441
229  248  0.0228379
229  644  0.0283295
229  746  0.0100483
230  247  0.0240614
230  643  0.0288231
230  745  0.0100397
231  642  0.0290589
232  246  0.0223872
232  255  0.0325831
232  273  0.136787
233  245  0.022391
233  254  0.0124473
233  256  0.0178723
233  272  0.156021
233  641  0.0298447
234  244  0.0225348
234  253  0.0125062
234  254  0.372783
234  271  0.157394
234  640  0.035118
235  243  0.0223409
235  252  0.0121677
235  253  0.380603
235  270  0.157421
235  639  0.0352105
236  252  0.386272
236  269  0.154483
236  638  0.0351665
237  251  0.426476
237  267  0.0105468
237  268  0.124235
237  637  0.0353084
238  250  0.426492
238  266  0.021079
238  267  0.110123
238  636  0.0353105
239  249  0.422806
239  264  0.126198
239  635  0.0351943
240  255  0.105162
240  263  0.126698
241  247  0.0464709
241  248  0.137935
241  254  0.113958
241  262  0.115421
242  247  0.123133
242  253  0.109438
243  251  0.011799
243  259  0.122565
243  268  0.0120184
243  631  0.0130591
243  632  0.0193358
244  250  0.01134
244  251  0.127778
244  258  0.13097
244  267  0.0120876
244  631  0.0198286
244  667  0.0498483
245  250  0.125333
245  257  0.130996
245  266  0.0121042
245  630  0.0197997
245  666  0.0854405
245  691  0.0308595
246  256  0.12801
246  265  0.0120553
246  628  0.0257594
246  665  0.0889026
246  690  0.0330407
247  255  0.115758
247  627  0.0362092
247  664  0.0947115
247  688  0.0365546
247  689  0.0251536
248  263  0.0114958
248  626  0.0361919
248  663  0.0946992
248  687  0.049899
248  688  0.0167661
249  625  0.0360933
249  662  0.0947282
249  686  0.060063
250  624  0.0356383
250  661  0.0947195
250  685  0.068702
251  660  0.0945508
251  684  0.0687035
252  259  0.0107231
252  268  0.176406
252  683  0.0686753
253  258  0.0115955
253  267  0.176768
253  682  0.0686702
254  266  0.176664
254  681  0.0683026
255  265  0.157758
255  680  0.0676733
256  679  0.0603012
257  264  0.0591863
258  264  0.0157822
259  674  0.0256254
260  673  0.0276158
261  672  0.028187
262  671  0.0277917
263  670  0.0144276
265  668  0.0157755
267  635  0.0657521
268  634  0.0688069
269  633  0.0698808
270  286  0.573232
270  632  0.070144
270  659  0.0451183
271  282  0.0673029
271  285  0.575175
271  621  0.0180467
271  631  0.0704852
271  658  0.0539477
272  281  0.0678836
272  284  0.574746
272  620  0.0188975
272  630  0.0698038
272  657  0.0553129
273  280  0.0707281
273  283  0.57407
273  606  0.0124195
273  619  0.0191668
273  629  0.0609698
273  656  0.0555182
274  279  0.0706955
274  282  0.569004
274  605  0.0863617
274  618  0.0192209
274  655  0.0556544
275  604  0.0865488
275  617  0.0192388
275  654  0.0526305
276  603  0.0865803
276  616  0.0192224
277  602  0.0863296
278  601  0.0862293
279  600  0.0861319
279  651  0.0472428
280  402  0.0647501
280  650  0.0474421
281  401  0.101033
281  649  0.0474633
282  400  0.103844
282  648  0.0473979
283  399  0.103908
284  397  0.0650787
284  398  0.0521382
284  746  0.0268657
284  788  0.0124124
285  396  0.11773
285  745  0.0283589
285  787  0.0131077
286  395  0.117715
286  745  0.0463311
287  394  0.104359
287  659  0.019089
287  744  0.0473882
288  333  0.488311
288  658  0.0214726
288  742  0.223266
289  332  0.488674
289  657  0.0218715
289  741  0.240076
290  331  0.488874
290  392  0.104163
290  656  0.0219422
290  740  0.246768
291  330  0.488654
291  391  0.104273
291  655  0.0183851
291  739  0.247696
292  329  0.486714
292  390  0.104233
292  738  0.247701
293  737  0.247011
294  736  0.245131
295  735  0.240907
296  300  0.0172048
296  302  0.120496
296  303  0.141718
296  734  0.228824
298  304  0.0650105
299  732  0.134097
300  731  0.154457
301  730  0.157777
301  733  0.0117116
302  732  0.0115216
303  731  0.0112325
304  327  0.788153
304  730  0.0108493
305  326  0.871457
305  642  0.0103926
305  818  0.0549472
306  325  0.875809
306  641  0.0102303
306  817  0.0549708
307  324  0.875914
307  640  0.0100546
307  816  0.0549133
307  820  0.032537
308  323  0.875432
308  813  0.0133321
308  815  0.0404785
308  819  0.0329706
309  322  0.875805
309  636  0.0101525
309  812  0.0277169
309  814  0.0267865
309  818  0.0331288
310  321  0.83994
310  635  0.0105264
310  811  0.0313565
310  817  0.0331294
311  321  0.014497
311  634  0.0105072
311  810  0.0313335
311  816  0.0331108
312  318  0.0242886
312  633  0.0102183
312  794  0.0721099
313  319  0.0426945
313  320  0.0405782
313  793  0.0723858
314  318  0.0266166
314  632  0.0103129
314  792  0.072487
315  631  0.01054
315  791  0.0725958
315  808  0.0187076
316  630  0.0105724
316  790  0.0721502
316  807  0.018844
317  629  0.0105385
317  789  0.0685683
317  806  0.0182589
318  788  0.0628913
318  805  0.0167588
320  626  0.0103541
321  625  0.0105585
321  739  0.0947956
322  624  0.0105489
322  738  0.0948399
323  737  0.094646
324  736  0.0851941
325  735  0.0858563
326  734  0.0946425
328  608  0.0142287
328  727  0.116582
328  732  0.140613
329  340  0.0233505
329  389  0.0983173
329  607  0.0159935
329  726  0.130394
329  731  0.147648
330  339  0.0233328
330  388  0.0983482
330  606  0.0159959
330  651  0.0156663
330  725  0.130303
330  730  0.148693
331  386  0.044167
331  387  0.0540372
331  605  0.0159701
331  650  0.0167743
331  722  0.0113676
331  729  0.150407
332  385  0.0880229
332  604  0.01567
332  649  0.0170128
332  721  0.0172974
332  728  0.146313
333  384  0.088087
333  603  0.0156443
333  648  0.0169715
333  720  0.0171952
334  602  0.0141242
334  727  0.0639861
335  382  0.077011
335  383  0.011691
335  726  0.0634881
338  727  0.0850846
339  380  0.270591
339  642  0.0575761
339  726  0.0890104
339  818  0.0136335
340  379  0.278255
340  641  0.0575826
340  725  0.0890106
340  817  0.0136164
341  378  0.276586
342  376  0.0125258
342  729  0.015896
342  814  0.107386
342  823  0.0139847
343  373  0.426899
343  375  0.012252
343  638  0.0569471
343  728  0.015814
343  813  0.107512
343  815  0.0352594
343  822  0.013706
344  372  0.414466
344  637  0.0613846
344  727  0.0153194
344  812  0.0539391
344  814  0.0439251
345  371  0.486882
345  636  0.0613954
345  726  0.0148332
345  812  0.120296
345  818  0.0240262
346  370  0.688411
346  635  0.0613889
346  725  0.0138266
346  811  0.173989
346  817  0.0241259
347  369  0.696077
347  634  0.0612214
347  810  0.173985
347  816  0.0240847
348  809  0.172899
348  815  0.0139912
349  367  0.819178
349  808  0.16774
350  366  0.822374
350  807  0.165387
351  365  0.829127
351  806  0.14321
352  364  0.84312
352  802  0.0108263
353  363  0.841736
354  362  0.837863
355  361  0.811756
355  798  0.0652127
355  801  0.0191736
355  804  0.0216932
356  360  0.471869
356  797  0.0847821
356  800  0.0218313
356  803  0.0246646
357  796  0.0868101
357  799  0.021733
357  802  0.0246438
358  795  0.0835916
359  792  0.102586
360  791  0.109353
361  790  0.109337
362  789  0.108915
363  788  0.108621
364  712  0.0233485
364  787  0.107513
365  711  0.0291697
366  710  0.0305625
366  746  0.0184444
366  785  0.0447077
367  709  0.0299941
367  745  0.0200013
367  784  0.044925
368  709  0.0234267
368  728  0.0247884
368  783  0.0447065
369  631  0.0564461
369  708  0.0741943
369  727  0.0393086
369  782  0.044517
370  406  0.0133667
370  630  0.056892
370  707  0.0742218
370  726  0.0415239
370  781  0.0428254
370  799  0.0113895
371  405  0.0136325
371  629  0.0572201
371  706  0.073764
371  725  0.041543
371  780  0.0382371
371  798  0.0114981
372  404  0.0146707
372  628  0.0574222
372  705  0.0708441
372  724  0.0428314
372  797  0.0115029
373  403  0.0151732
373  627  0.057421
373  723  0.0424996
373  796  0.0115197
374  402  0.0149091
374  626  0.0532463
374  722  0.0381212
374  795  0.0104851
376  400  0.0199029
377  399  0.022596
378  392  0.0175395
378  397  0.0172793
378  398  0.0207677
378  704  0.154249
378  815  0.214533
379  391  0.0311433
379  703  0.178882
379  814  0.269883
380  390  0.0311588
380  395  0.0342726
380  702  0.178787
380  715  0.0219411
380  759  0.0224554
380  813  0.269977
381  389  0.0318931
381  394  0.0652393
381  701  0.179516
381  714  0.0351474
381  758  0.0256305
381  812  0.270244
382  388  0.0307713
382  393  0.067124
382  700  0.179527
382  713  0.0351902
382  720  0.23924
382  757  0.0256421
382  811  0.270219
383  392  0.0671508
383  699  0.179441
383  712  0.0350113
383  719  0.244329
383  756  0.0256156
383  810  0.270035
384  391  0.0647353
384  647  0.01498
384  711  0.0180396
384  718  0.245884
384  755  0.0201413
384  808  0.226498
385  645  0.0352272
385  807  0.225448
386  644  0.0379438
386  696  0.150272
386  705  0.0229331
386  716  0.248315
386  801  0.0613875
386  806  0.167068
387  643  0.0382913
387  695  0.165642
387  704  0.0279486
387  715  0.264281
387  800  0.135439
387  805  0.0885157
388  586  0.020257
388  642  0.0388892
388  694  0.168332
388  703  0.0307488
388  714  0.267101
388  799  0.160224
389  585  0.0205183
389  640  0.0149271
389  641  0.0256409
389  693  0.168134
389  702  0.0307574
389  713  0.258363
389  798  0.160226
390  584  0.0206684
390  666  0.138506
390  701  0.0305672
390  711  0.0168587
390  799  0.032303
391  583  0.0206685
391  638  0.0671931
391  639  0.0134201
391  665  0.13813
391  700  0.030153
391  709  0.264471
391  798  0.0323542
392  582  0.0206219
392  637  0.182287
392  664  0.0673501
392  708  0.265492
392  795  0.138159
392  796  0.0221168
393  581  0.0206073
393  636  0.182337
393  662  0.069761
393  707  0.265209
393  794  0.194626
393  802  0.010572
394  580  0.0194636
394  635  0.16813
394  661  0.0679289
394  706  0.245617
394  793  0.195035
395  632  0.252854
395  792  0.194965
396  631  0.381805
396  633  0.0363532
396  659  0.0674461
396  791  0.194947
397  630  0.376994
397  632  0.0335515
397  658  0.0698783
397  790  0.179068
398  657  0.0698369
398  744  0.030623
399  628  0.39635
399  656  0.0696289
399  743  0.0365538
400  605  0.0645802
400  627  0.409266
400  655  0.0673663
400  736  0.0244597
400  742  0.036521
401  413  0.0110413
401  626  0.37103
401  735  0.0304263
401  741  0.0298038
402  412  0.0118528
402  604  0.618594
402  652  0.0414979
402  734  0.0331431
402  746  0.0239873
403  411  0.0124799
403  603  0.691664
403  651  0.0476099
403  733  0.0333204
403  745  0.0260584
404  410  0.0101528
404  602  0.69807
404  650  0.0449439
404  732  0.0332335
404  744  0.0190329
405  601  0.706964
405  731  0.033161
406  600  0.708397
406  648  0.0325718
406  730  0.0330432
408  646  0.0200896
408  651  0.0118745
409  645  0.0206299
409  650  0.014419
410  447  0.0178347
410  644  0.0189112
410  649  0.0157506
411  432  0.0101749
411  443  0.875235
411  446  0.0215334
412  431  0.0102067
412  442  0.877068
412  445  0.02154
412  647  0.0210359
413  430  0.0101932
413  441  0.855374
413  646  0.0209285
414  429  0.0100627
414  440  0.202583
414  645  0.0192301
415  442  0.0252217
416  440  0.723032
417  439  0.964539
418  438  0.979698
419  424  0.0101832
419  437  0.979492
421  435  0.982559
422  434  0.983802
423  433  0.986288
424  432  0.988614
425  431  0.938076
439  647  0.0127178
440  646  0.01277
443  643  0.0410387
444  598  0.843308
444  642  0.0990372
445  597  0.844021
445  641  0.0990767
446  596  0.845913
446  640  0.0988822
447  595  0.845424
448  593  0.525253
448  594  0.423556
449  592  0.947786
450  591  0.947971
451  573  0.0102744
451  587  0.0167713
451  590  0.949924
452  572  0.0107999
452  586  0.0185419
452  589  0.949057
453  571  0.0107714
453  585  0.0185849
453  588  0.945291
455  466  0.0100355
455  550  0.0276229
455  568  0.870629
456  549  0.0277208
456  567  0.874872
456  585  0.0414624
458  545  0.970191
459  544  0.968278
461  542  0.97197
462  541  0.984046
463  540  0.984246
464  539  0.982683
467  536  0.97591
468  535  0.985
469  534  0.978609
470  533  0.492445
470  570  0.0102316
471  532  0.129657
471  533  0.36821
471  569  0.0109772
472  531  0.245416
472  532  0.730431
472  568  0.0110387
473  531  0.734283
473  567  0.0110311
474  530  0.665108
475  530  0.0583643
476  526  0.487567
476  528  0.12194
476  529  0.098932
477  525  0.606542
478  524  0.587924
478  526  0.0877218
479  524  0.0759339
479  526  0.226422
480  523  0.487549
480  525  0.303776
481  524  0.303034
482  522  0.95778
483  521  0.978622
484  520  0.993797
485  519  0.999112
486  518  0.999193
487  517  0.999025
488  493  0.0214386
488  516  0.977549
494  514  0.998143
495  513  0.999736
496  512  0.997663
497  511  0.998632
498  510  0.999601
499  509  0.998099
500  508  0.971875
501  508  0.0103208
552  564  0.980501
553  563  0.985532
554  562  0.986232
555  561  0.800438
571  584  0.717202
571  586  0.199104
572  583  0.717577
572  585  0.199164
572  587  0.0437816
573  582  0.717946
573  584  0.100284
573  586  0.0459543
574  581  0.67725
574  584  0.154751
575  579  0.0346522
575  583  0.253474
576  582  0.246381
589  643  0.0210054
590  642  0.0270697
591  641  0.0135959
592  641  0.012583
593  640  0.0326979
594  639  0.133053
595  638  0.133605
596  637  0.142536
597  636  0.142548
598  635  0.139364
599  632  0.0155715
600  630  0.120649
600  631  0.0236573
601  629  0.152947
602  628  0.155042
602  743  0.0225484
603  627  0.156078
603  742  0.0360823
604  626  0.156043
604  741  0.0564788
605  740  0.121097
606  625  0.743817
606  739  0.13037
606  799  0.0403436
607  624  0.744328
607  738  0.130003
607  798  0.0404123
608  623  0.727532
608  797  0.0404149
609  736  0.0619073
609  737  0.0200631
609  796  0.0404116
610  621  0.618039
610  735  0.0879625
610  736  0.0200345
610  795  0.037618
611  620  0.703748
611  735  0.0206748
611  744  0.047041
612  619  0.703102
612  733  0.109995
612  734  0.0111565
612  743  0.0565588
613  618  0.571787
613  732  0.128661
613  742  0.0582735
614  731  0.129534
614  741  0.0585516
615  730  0.129897
615  740  0.0586455
616  729  0.128152
616  739  0.0541096
618  728  0.0293438
619  727  0.0114311
619  735  0.0337527
620  734  0.0348011
621  728  0.0186136
621  733  0.034753
622  732  0.0329597
623  727  0.130699
624  714  0.0187333
624  726  0.168148
625  713  0.0186461
625  725  0.168186
626  724  0.165021
628  723  0.157097
629  711  0.0110089
629  722  0.157289
630  710  0.0144696
630  721  0.157792
631  709  0.014464
631  720  0.154624
632  705  0.137115
632  719  0.129316
633  704  0.239
634  703  0.263654
635  701  0.350374
635  714  0.123096
636  700  0.35072
636  713  0.123927
637  670  0.0389653
637  699  0.350485
637  712  0.122716
638  664  0.121266
638  669  0.0322306
638  711  0.0845695
639  663  0.120222
639  664  0.411587
639  668  0.0377094
640  662  0.119318
640  663  0.414647
640  667  0.0559814
640  708  0.0114384
641  662  0.419054
641  666  0.0637386
642  660  0.124291
642  661  0.418929
642  665  0.063763
642  709  0.0339583
643  659  0.121405
643  664  0.0639407
643  708  0.0322578
644  658  0.121067
644  659  0.386214
644  663  0.0627329
646  657  0.559575
647  656  0.574296
647  660  0.0656241
647  733  0.0138538
648  655  0.561113
648  659  0.06258
648  732  0.0141675
649  658  0.0592765
649  731  0.0142007
650  656  0.0123257
650  724  0.0127648
650  730  0.0140769
651  723  0.0152142
651  729  0.0140024
652  722  0.0154034
655  709  0.025479
655  719  0.0285506
656  707  0.123267
656  708  0.0134668
656  718  0.0291283
657  706  0.142433
657  717  0.0290941
658  705  0.15088
658  716  0.0290001
659  704  0.153588
659  715  0.0290072
660  703  0.15469
660  714  0.0282963
661  701  0.179929
662  700  0.179959
662  712  0.0189399
663  699  0.0823826
663  710  0.0175001
664  709  0.0175621
665  697  0.635353
666  696  0.635576
667  695  0.631394
668  693  0.629666
669  692  0.828461
670  691  0.927877
671  690  0.928689
672  689  0.926593
673  688  0.926299
674  687  0.927531
675  686  0.928551
676  685  0.928337
677  684  0.673033
699  708  0.042503
700  707  0.0400007
702  714  0.015982
702  726  0.118518
702  739  0.0257886
703  713  0.0149375
703  725  0.11862
703  733  0.0135196
703  738  0.025827
704  723  0.050723
704  732  0.0127805
704  737  0.0262288
705  722  0.0486158
705  723  0.0563386
705  731  0.0104125
705  736  0.0259446
706  722  0.0594725
706  735  0.0237047
707  720  0.233936
708  719  0.240198
708  730  0.0226771
708  733  0.0288108
709  718  0.236898
709  729  0.033627
709  732  0.029388
710  731  0.0291469
710  744  0.0270133
711  716  0.0466978
711  717  0.0206716
711  728  0.0620269
711  730  0.0251826
711  743  0.031222
712  727  0.0765436
712  729  0.0180314
712  742  0.0297112
712  779  0.0124219
713  726  0.0892405
713  741  0.030206
713  778  0.0124401
713  799  0.0213181
714  725  0.0888677
714  740  0.0330606
714  777  0.0124396
714  798  0.0214335
715  723  0.0103716
715  776  0.0116475
716  723  0.0248116
716  742  0.0127509
717  722  0.018129
717  741  0.0136439
718  738  0.0773653
718  740  0.0137316
718  751  0.0265069
719  737  0.0757744
719  739  0.0130666
719  750  0.029409
720  736  0.0976635
720  749  0.0297918
721  735  0.121207
721  748  0.0294305
722  734  0.12771
722  746  0.0254541
723  733  0.128616
723  745  0.0258418
724  732  0.128327
724  744  0.0258191
725  731  0.128554
726  730  0.104456
728  741  0.0535514
729  740  0.0641535
730  739  0.0661706
730  802  0.0310451
731  738  0.0589546
731  801  0.0310975
732  800  0.0311113
733  799  0.0310589
736  798  0.0103344
737  797  0.0308045
738  796  0.0339002
740  794  0.0625735
741  793  0.0615172
743  790  0.0853756
744  789  0.184738
747  786  0.730878
748  785  0.742549
749  784  0.743786
750  783  0.743124
751  782  0.707814
752  781  0.349723
752  782  0.0322482
754  772  0.0109535
754  781  0.395728
755  771  0.0109626
755  780  0.700534
756  770  0.0108838
756  779  0.746479
757  778  0.746669
758  777  0.746612
759  766  0.013263
759  775  0.0221603
759  776  0.699712
760  765  0.0138916
760  774  0.0437851
760  775  0.412183
762  775  0.01997
763  773  0.719141
763  774  0.0180767
763  779  0.0322995
764  772  0.729395
764  773  0.0116212
764  778  0.032348
765  771  0.726428
765  777  0.032298
767  774  0.0231651
768  773  0.0230828
768  774  0.0126343
773  787  0.115236
774  786  0.115994
775  785  0.112072
776  784  0.103136
777  782  0.0107486
778  787  0.0130082
779  786  0.0129709
784  796  0.0497824
785  795  0.0504598
786  794  0.0506455
787  796  0.0124538
788  795  0.0104191
798  812  0.0613787
799  811  0.0603207
807  821  0.0119277
808  820  0.0124384
811  818  0.0331196
812  817  0.0323563
823  830  0.0633652
824  829  0.0418696
