3  10  0.010234
5  468  0.0149584
6  467  0.0253907
7  466  0.0227229
8  466  0.0219555
9  466  0.0168247
10  464  0.279868
11  328  0.0117159
11  463  0.30861
11  465  0.648821
12  327  0.0117223
12  462  0.308571
12  464  0.64947
13  112  0.0204599
13  326  0.0117178
13  461  0.247875
13  463  0.642113
14  111  0.0204676
14  325  0.011496
14  462  0.600788
15  29  0.0390379
15  110  0.0203226
15  459  0.0153963
16  28  0.0455647
16  109  0.0196089
16  434  0.0144678
17  27  0.0474657
17  108  0.0112966
17  111  0.0114974
17  322  0.0112243
17  433  0.0291884
17  446  0.0744019
17  454  0.0692385
17  462  0.0213034
18  26  0.0479563
18  110  0.0164783
18  321  0.011155
18  410  0.11571
18  432  0.035157
18  445  0.0906835
18  453  0.0810405
18  460  0.0102595
18  461  0.150327
19  25  0.0450193
19  409  0.113508
19  431  0.0351417
19  444  0.0473481
19  452  0.0805523
19  460  0.147803
20  103  0.0183315
20  108  0.190412
20  430  0.0333348
20  451  0.0744533
21  102  0.0226338
21  107  0.328746
21  429  0.0152688
21  442  0.0233808
21  450  0.0541373
22  101  0.485426
22  106  0.449624
23  100  0.485591
23  105  0.449871
24  99  0.484142
24  104  0.449659
25  98  0.486696
25  103  0.451192
26  97  0.486959
26  102  0.451264
27  96  0.454371
28  93  0.0294099
28  94  0.0152784
29  91  0.299165
30  90  0.825554
30  93  0.137876
30  461  0.0199431
31  89  0.826433
31  92  0.138812
31  460  0.0200377
32  88  0.824514
32  91  0.132189
33  87  0.803383
33  459  0.0139137
34  90  0.130318
34  453  0.0119767
34  458  0.0139231
35  85  0.157402
35  89  0.130242
35  452  0.0119879
35  457  0.0123602
36  88  0.123788
36  451  0.0119415
37  82  0.0573705
37  450  0.0117022
37  454  0.0100035
38  82  0.456221
38  86  0.0266687
39  81  0.929311
39  85  0.0107884
39  452  0.0158549
40  80  0.975004
40  451  0.0166474
41  79  0.977901
41  450  0.0166498
42  78  0.975514
43  77  0.976799
43  448  0.0177425
44  76  0.974889
44  447  0.0177154
45  75  0.974706
45  446  0.0177149
46  74  0.975975
46  445  0.017716
48  72  0.963251
48  443  0.0122439
49  70  0.0432755
49  71  0.925796
50  69  0.0439439
50  70  0.917192
50  441  0.0169345
51  440  0.0145604
52  67  0.0146776
53  66  0.0158194
53  68  0.946942
54  65  0.0106275
54  67  0.954583
54  437  0.0159535
55  63  0.0159882
55  66  0.955365
56  62  0.0142887
56  65  0.948138
57  64  0.845821
63  337  0.0174256
64  336  0.0199737
65  335  0.0199735
66  334  0.0199793
67  333  0.0199714
68  332  0.0199808
69  331  0.019981
70  330  0.01998
71  329  0.0196352
72  328  0.0173085
73  327  0.0134577
81  322  0.0132104
82  321  0.0142886
83  320  0.0142818
84  319  0.0142656
85  318  0.0142438
86  317  0.0139141
87  316  0.0119935
91  101  0.484361
92  100  0.484471
93  99  0.439764
94  98  0.220167
97  458  0.0111393
98  457  0.0111638
99  456  0.0111217
100  455  0.0111781
101  454  0.0111905
102  445  0.0123795
102  453  0.0103356
102  458  0.465668
103  444  0.0114433
103  457  0.46748
104  456  0.468903
105  455  0.470122
106  429  0.0185803
106  454  0.469458
107  428  0.0103802
108  428  0.615191
109  307  0.0159045
109  382  0.135921
109  427  0.755617
110  306  0.0160019
110  352  0.0124761
110  381  0.136068
110  426  0.756472
111  305  0.0160929
111  351  0.0145531
111  380  0.13602
111  425  0.756724
112  304  0.0160465
112  350  0.0149457
112  379  0.134341
112  424  0.756064
114  254  0.0173026
114  349  0.938492
115  253  0.0173315
115  348  0.937352
116  252  0.0173981
116  347  0.914599
117  251  0.0174023
117  299  0.018242
117  345  0.021051
117  346  0.719937
118  250  0.0175134
118  298  0.0190985
119  249  0.0174256
119  296  0.0214679
119  343  0.577798
119  344  0.0860294
120  248  0.0172898
120  295  0.0255895
120  342  0.910137
120  343  0.0435567
121  294  0.0257634
121  341  0.955064
122  198  0.0173446
122  293  0.0257952
122  340  0.955781
123  197  0.0175334
123  292  0.0257954
123  339  0.955671
124  196  0.0174778
124  291  0.0257823
124  338  0.950317
125  195  0.0166974
125  290  0.0257778
126  289  0.025752
126  337  0.941316
127  288  0.0257903
127  336  0.947686
128  191  0.0176872
128  335  0.954762
129  190  0.0177111
129  286  0.0257656
129  334  0.955824
130  189  0.0176792
130  285  0.0257385
130  333  0.955384
131  188  0.0176497
131  284  0.0256724
131  332  0.954975
132  187  0.0171184
132  283  0.0219413
132  331  0.953552
134  329  0.09618
135  327  0.886197
136  260  0.0237151
136  326  0.892896
137  259  0.0217353
137  325  0.877203
138  184  0.0143557
138  258  0.0211214
138  324  0.796513
139  183  0.0159839
139  257  0.0213067
140  182  0.0161819
140  305  0.0122823
141  181  0.0162296
141  304  0.0133831
141  309  0.0164986
141  318  0.0293621
142  180  0.0160701
142  254  0.0275048
142  303  0.0154882
142  307  0.338785
142  317  0.0278261
142  321  0.160379
143  179  0.0149115
143  302  0.0100742
143  306  0.339371
143  316  0.0256264
143  320  0.153876
144  252  0.200756
144  305  0.339211
145  166  0.019175
145  251  0.243217
145  304  0.338925
145  318  0.0727669
146  165  0.0276608
146  250  0.684181
146  303  0.28224
147  164  0.0276679
147  249  0.684293
147  302  0.281724
148  163  0.0277168
148  248  0.686262
148  301  0.280795
149  162  0.0276092
149  247  0.686281
149  300  0.280514
150  246  0.685277
151  245  0.684955
151  298  0.0743508
152  244  0.651992
154  241  0.0922148
154  242  0.27302
154  295  0.263469
155  294  0.264824
156  240  0.0261525
156  293  0.263081
158  243  0.0450341
159  197  0.0142062
159  239  0.0119705
159  242  0.0458515
159  243  0.0156204
160  196  0.0221162
160  238  0.017299
160  241  0.0463428
160  242  0.0157258
160  258  0.222631
160  289  0.0230139
161  195  0.0209708
161  255  0.0261992
161  257  0.22764
162  194  0.0105751
162  254  0.0367272
162  256  0.227809
163  189  0.185911
163  253  0.0191267
163  254  0.0125054
163  255  0.188561
164  189  0.0117565
164  191  0.255459
164  252  0.0194957
164  254  0.13294
165  187  0.539673
165  190  0.257342
165  251  0.0396554
166  177  0.0895637
166  186  0.573057
166  189  0.257169
166  250  0.0313414
167  176  0.0886686
167  185  0.577322
168  184  0.580977
168  187  0.262433
168  248  0.0101607
169  176  0.0159501
169  183  0.581807
169  186  0.292206
170  175  0.0144753
170  182  0.582242
170  185  0.292401
171  181  0.580338
171  184  0.292156
172  180  0.552426
172  183  0.292245
173  182  0.291709
174  179  0.0174858
174  181  0.24938
178  253  0.0716058
179  252  0.0886939
180  251  0.0922594
181  250  0.0931209
182  249  0.0828351
183  248  0.0251281
185  248  0.0642163
186  247  0.101251
187  246  0.121191
188  245  0.121162
189  241  0.18447
189  244  0.0944006
190  240  0.640808
190  250  0.0209007
191  239  0.640734
191  249  0.0208693
193  237  0.768014
194  236  0.790066
195  235  0.0413837
196  234  0.03453
196  250  0.0192713
197  233  0.785108
198  232  0.803682
198  247  0.122495
198  248  0.013631
199  231  0.80224
199  246  0.172187
200  230  0.803464
200  245  0.172261
201  229  0.787369
201  244  0.170932
202  213  0.0105349
202  228  0.6642
203  212  0.0110833
203  242  0.187835
204  211  0.010259
204  226  0.0368389
204  227  0.0228175
204  241  0.189069
205  228  0.0376709
205  240  0.190148
206  224  0.0251096
206  225  0.114866
206  226  0.576895
206  227  0.0527342
206  239  0.189369
207  223  0.0243875
207  224  0.119994
207  225  0.584652
207  226  0.0539089
207  238  0.0588638
208  222  0.0242449
208  223  0.12361
208  224  0.588909
208  225  0.0527862
209  222  0.0862465
209  223  0.534659
209  224  0.0507227
209  236  0.189207
210  222  0.102834
210  223  0.035836
211  220  0.205285
211  221  0.118824
212  219  0.199529
212  220  0.545341
212  221  0.0255323
212  233  0.186174
214  219  0.271064
214  220  0.0310835
215  219  0.020042
215  228  0.0110934
215  230  0.190176
216  227  0.0154198
216  229  0.18656
217  226  0.0231692
217  227  0.176108
218  225  0.0248752
218  226  0.178335
219  224  0.0249518
219  225  0.181397
220  224  0.112353
251  303  0.04258
251  314  0.35973
251  321  0.01972
252  302  0.0208984
252  313  0.25195
252  320  0.0200371
253  301  0.0193908
253  319  0.020713
254  300  0.0377665
254  302  0.0426526
254  311  0.526881
254  318  0.0195733
255  299  0.0296598
255  301  0.0582808
255  310  0.5467
256  292  0.0149026
256  296  0.0374343
256  300  0.0685241
256  309  0.54909
256  447  0.0101384
257  291  0.0153949
257  295  0.0144303
257  299  0.0690167
257  308  0.543009
257  446  0.0102855
258  290  0.0155341
258  294  0.01461
258  298  0.0694412
258  307  0.502475
258  445  0.0103388
259  288  0.84968
259  293  0.0379406
259  297  0.069187
259  444  0.0102917
260  287  0.850809
260  292  0.0379315
260  296  0.0692047
260  443  0.0102891
261  286  0.845661
261  291  0.0377301
261  295  0.0620038
262  285  0.846618
262  290  0.0364927
262  294  0.0259521
263  283  0.465107
263  284  0.482644
263  289  0.0277174
264  282  0.863657
264  283  0.117652
265  281  0.988574
266  280  0.988592
267  279  0.986566
268  278  0.987512
269  277  0.988514
270  276  0.976704
271  275  0.767644
283  288  0.0101619
284  293  0.018324
285  292  0.0163832
286  294  0.0337189
287  293  0.0482384
288  292  0.0391929
288  439  0.0101121
289  303  0.0283215
289  307  0.0517336
289  438  0.0101985
290  302  0.0280054
290  306  0.0658457
291  305  0.068196
292  303  0.507906
292  435  0.0104918
293  300  0.0287696
293  302  0.506303
293  434  0.0105018
294  299  0.0266909
294  301  0.3965
294  433  0.010498
295  432  0.0105049
296  303  0.0191658
296  431  0.0105051
297  302  0.0183064
297  319  0.0117506
297  430  0.0104968
298  318  0.0129067
298  429  0.0105031
299  317  0.0128379
299  428  0.0104921
300  427  0.0104629
302  314  0.014729
303  313  0.0146962
304  312  0.012758
304  314  0.0331317
305  313  0.0331785
306  312  0.0332653
307  311  0.02422
309  314  0.0103795
311  321  0.285343
312  320  0.277825
312  322  0.0167047
312  329  0.0191161
313  321  0.0204876
313  328  0.0240629
314  327  0.0237917
339  435  0.0198387
340  434  0.0198566
341  411  0.0102823
341  433  0.0196951
342  410  0.0117894
342  432  0.0191872
343  409  0.0117856
343  431  0.019105
344  408  0.0109027
348  359  0.0107348
349  358  0.0118752
350  357  0.0356829
350  427  0.0171235
351  356  0.0270286
351  426  0.0171439
352  425  0.0131564
355  423  0.769484
356  420  0.0157636
356  422  0.769682
357  419  0.0168875
357  421  0.767814
358  372  0.938865
358  418  0.0129265
358  420  0.0224839
359  371  0.939979
360  370  0.940363
360  416  0.0343365
361  369  0.941443
361  415  0.0362418
362  368  0.932957
362  414  0.0362227
363  367  0.355145
363  413  0.0352826
366  381  0.0371108
367  380  0.0428319
368  379  0.043468
369  378  0.0434875
370  377  0.0433046
371  376  0.0422982
373  420  0.206218
374  416  0.412288
374  419  0.222787
375  415  0.498648
375  418  0.232381
375  466  0.0108354
376  414  0.498462
376  418  0.0138818
376  465  0.0110648
377  411  0.070665
377  413  0.407406
377  416  0.255468
377  464  0.0109904
378  410  0.504194
378  415  0.267957
379  409  0.506309
379  414  0.268001
380  413  0.172851
381  408  0.117147
382  411  0.1355
383  406  0.897356
384  405  0.993874
385  404  0.993669
386  403  0.992212
387  402  0.994499
388  401  0.989134
390  399  0.917423
391  396  0.0689873
391  398  0.916001
410  462  0.0114021
411  461  0.150269
412  460  0.15055
413  459  0.138182
416  456  0.163016
417  455  0.180966
418  454  0.184738
419  453  0.185425
421  452  0.185212
422  451  0.18502
423  450  0.184264
424  445  0.0124266
424  449  0.0943564
425  448  0.0371809
426  444  0.0936865
427  443  0.101558
427  447  0.0826335
427  448  0.0108587
428  442  0.103112
428  446  0.0838051
428  447  0.0105418
429  441  0.0528929
429  445  0.0813132
429  453  0.0872293
430  441  0.870311
431  440  0.925703
432  439  0.9264
433  438  0.915025
436  456  0.0138361
437  455  0.0158171
438  454  0.0162205
439  453  0.0165794
440  452  0.0162227
441  450  0.0146962
442  449  0.0111608
443  452  0.392088
444  451  0.398782
445  450  0.395207
447  452  0.0998026
447  453  0.0149958
447  461  0.111219
448  460  0.111579
450  458  0.109932
451  457  0.0862525
