1  73  0.998744
2  72  0.999407
3  71  0.999303
4  70  0.998244
5  69  0.996861
6  68  0.996977
7  66  0.0129585
7  67  0.746673
8  22  0.0362622
8  65  0.0225736
9  21  0.039336
10  20  0.0399358
10  26  0.926673
10  61  0.0101672
11  19  0.0399188
11  25  0.927332
11  47  0.0101583
11  60  0.0115362
12  18  0.0241828
12  24  0.926656
12  46  0.0101256
12  59  0.0115313
13  23  0.920099
13  45  0.0100945
13  58  0.0115195
14  21  0.0782305
15  20  0.065521
15  21  0.204292
23  49  0.0453425
24  48  0.045087
26  46  0.0433114
28  44  0.784349
29  43  0.989356
30  42  0.9909
31  41  0.99134
32  40  0.982451
44  63  0.210041
45  62  0.275379
45  63  0.595009
46  61  0.258352
46  62  0.59495
46  63  0.0182043
47  61  0.592422
47  62  0.0182017
48  59  0.88127
49  58  0.887056
50  57  0.859348
50  66  0.0674498
51  65  0.0813338
52  64  0.086163
53  63  0.087443
54  62  0.0857863
