1  73  0.290649
2  72  0.29084
3  49  0.537933
3  71  0.290503
4  47  0.255022
4  70  0.290427
5  46  0.303736
5  47  0.392341
5  69  0.290475
6  45  0.304577
6  46  0.391439
6  68  0.290322
7  67  0.212305
8  22  0.0602737
9  21  0.0665628
9  66  0.0143765
10  20  0.0677767
10  26  0.89664
11  19  0.0677774
11  25  0.897593
11  47  0.0100223
12  18  0.0410598
12  24  0.896956
13  18  0.0116074
13  23  0.89061
14  21  0.0759683
15  20  0.0636547
15  21  0.197983
18  63  0.0125046
19  62  0.0124912
23  49  0.0318213
23  57  0.0270563
23  67  0.0208605
24  48  0.0316431
24  56  0.0265996
24  66  0.0209523
25  55  0.0265929
25  65  0.0206584
26  46  0.0304108
26  53  0.0168493
26  54  0.013354
27  52  0.0305722
28  44  0.906869
28  51  0.0306375
29  43  0.956023
29  50  0.0306647
30  42  0.957487
30  48  0.0308389
31  41  0.9579
31  47  0.0308911
32  40  0.949311
32  46  0.0308889
33  45  0.0307975
34  44  0.026875
36  42  0.0304797
37  41  0.0221384
44  63  0.049386
45  62  0.0617326
45  63  0.110761
46  61  0.0579959
46  62  0.110757
47  61  0.110299
48  59  0.17568
49  58  0.176908
50  57  0.175879
50  66  0.0576699
50  76  0.699826
51  56  0.153947
51  65  0.0791658
51  75  0.708549
52  64  0.0794112
52  74  0.708355
53  63  0.0795989
53  73  0.708709
54  62  0.0780908
54  71  0.709244
55  70  0.708957
56  69  0.708146
57  68  0.709256
58  67  0.724396
59  66  0.723611
60  65  0.713399
