2  265  0.013235
2  273  0.589127
2  281  0.0502444
3  258  0.118962
3  264  0.0160087
3  272  0.783665
3  280  0.060497
4  257  0.0731139
4  263  0.0160148
4  271  0.78388
4  279  0.060302
5  262  0.0160268
5  270  0.783149
5  278  0.0602922
6  255  0.773584
6  261  0.012043
7  254  0.949026
8  253  0.98334
9  252  0.981831
10  251  0.976814
11  250  0.978571
12  248  0.384763
12  249  0.597404
13  247  0.53245
14  247  0.0610581
15  245  0.963447
16  244  0.984694
17  243  0.983613
18  242  0.983821
19  241  0.984827
20  240  0.982337
21  239  0.981028
22  238  0.976712
24  236  0.0180283
24  237  0.0242183
25  235  0.0127039
25  236  0.0223224
26  50  0.137564
26  66  0.133052
26  235  0.0155059
27  49  0.167242
27  65  0.210257
28  39  0.290374
28  48  0.230581
28  64  0.229422
28  67  0.0111109
29  38  0.291688
29  47  0.231376
29  63  0.229415
29  66  0.0111313
29  232  0.0110258
30  37  0.260205
30  46  0.224888
30  62  0.227124
30  65  0.0107635
31  61  0.206715
34  44  0.210013
35  43  0.219306
36  42  0.219915
36  50  0.032096
36  61  0.0170578
37  41  0.172988
37  60  0.220992
38  48  0.208628
38  59  0.233556
39  47  0.209329
39  58  0.167396
40  46  0.19106
40  47  0.123731
40  57  0.100832
40  58  0.0699653
41  46  0.123783
41  57  0.13993
42  56  0.206098
43  55  0.201954
43  237  0.0102455
44  54  0.195385
44  55  0.011831
44  236  0.0132225
45  52  0.210642
45  54  0.0141233
46  51  0.217865
46  53  0.0151893
47  233  0.011826
48  232  0.012766
48  235  0.277599
49  231  0.011267
49  234  0.429176
50  233  0.440946
51  232  0.446003
51  237  0.178487
52  231  0.446858
53  230  0.445073
53  235  0.253548
54  234  0.254203
55  233  0.253171
56  87  0.028517
56  232  0.252992
57  86  0.459428
57  231  0.127894
58  85  0.464677
58  231  0.149103
59  84  0.466039
59  230  0.274094
60  83  0.465035
60  229  0.273782
61  228  0.279911
62  81  0.46331
62  227  0.279042
63  80  0.463901
63  226  0.269165
64  79  0.463717
64  82  0.279677
65  77  0.032144
65  78  0.407914
65  81  0.282342
66  76  0.0626377
66  77  0.319162
66  80  0.283467
67  79  0.281801
67  237  0.114075
68  75  0.0993629
68  236  0.114518
69  235  0.11366
70  234  0.106596
71  233  0.0916133
72  233  0.0118261
73  232  0.0163741
73  237  0.0327005
74  235  0.0614165
75  234  0.0573183
76  235  0.0113319
76  237  0.0174178
77  236  0.016641
78  232  0.170187
78  235  0.010611
79  231  0.245368
80  230  0.245563
81  229  0.245125
82  228  0.245408
83  218  0.248479
83  227  0.242222
84  217  0.283082
84  226  0.223091
85  216  0.283649
86  215  0.283285
87  109  0.250281
87  214  0.0279
87  226  0.390785
87  228  0.0366481
88  108  0.242372
88  225  0.397809
88  227  0.0332213
89  224  0.382729
90  223  0.338922
91  106  0.475296
92  105  0.772522
93  104  0.919648
94  103  0.98968
95  102  0.990134
96  101  0.987952
105  223  0.112061
106  222  0.371926
107  201  0.0113
107  221  0.599332
108  200  0.0125589
108  220  0.655461
109  199  0.0132303
109  219  0.660404
110  198  0.0122381
111  217  0.39161
112  215  0.423
112  216  0.263616
113  213  0.0277884
113  214  0.928865
114  212  0.0277792
114  213  0.92852
114  214  0.0159203
116  193  0.0149163
117  192  0.0151681
117  210  0.966118
118  191  0.0151698
118  209  0.980633
119  190  0.0151272
119  208  0.981393
120  189  0.0143347
120  207  0.980649
121  206  0.980648
122  187  0.0112202
122  205  0.979067
123  186  0.0111716
125  175  0.120846
125  198  0.846268
126  174  0.120544
126  197  0.847431
127  196  0.847202
128  195  0.801226
130  171  0.862908
131  144  0.0174622
131  170  0.976008
132  143  0.0175087
132  169  0.976796
133  142  0.0174482
133  168  0.977653
134  167  0.976122
135  166  0.97097
136  165  0.96124
137  160  0.127171
137  164  0.83726
138  159  0.168516
138  163  0.767706
139  158  0.182436
139  160  0.0139286
140  153  0.0273807
141  152  0.0295526
141  155  0.893872
141  156  0.0234432
142  151  0.0294456
142  154  0.900568
142  155  0.0217036
143  153  0.901728
144  151  0.14442
144  152  0.789987
145  150  0.238186
152  162  0.0282655
153  161  0.0286775
154  160  0.0294717
154  163  0.0160591
155  159  0.0241252
155  162  0.0234432
156  162  0.0808342
164  179  0.0138417
165  178  0.0167734
166  177  0.0175634
167  176  0.0179877
168  175  0.0180619
169  174  0.0104846
174  179  0.0243294
180  189  0.0202061
180  193  0.0253657
181  188  0.0216817
181  193  0.371192
182  187  0.0202466
182  191  0.371642
182  192  0.415002
183  190  0.379628
184  189  0.2351
184  191  0.48095
185  190  0.447801
186  199  0.010339
187  198  0.0102868
191  199  0.0552631
192  198  0.0554108
256  270  0.0117158
257  269  0.412336
258  268  0.437505
259  264  0.251458
259  267  0.234162
259  285  0.107317
260  267  0.186595
260  284  0.107303
261  266  0.254933
261  283  0.103737
263  269  0.0333223
264  268  0.0303738
267  277  0.128427
268  276  0.134677
269  275  0.134804
270  274  0.10606
278  285  0.0308217
288  306  0.832569
289  305  0.997301
290  304  0.998677
291  303  0.999537
292  302  0.999497
293  301  0.992085
294  299  0.0196245
