2  82  0.39473
2  703  0.0945467
3  81  0.656142
3  468  0.013114
3  702  0.156681
3  741  0.0121413
4  80  0.656359
4  467  0.0131157
4  701  0.154903
4  740  0.0120908
4  826  0.010154
5  79  0.656581
5  466  0.0131172
5  739  0.0119459
5  811  0.0206678
5  825  0.0109345
6  78  0.656203
6  465  0.0121
6  699  0.148085
6  810  0.0207242
7  77  0.654762
7  464  0.0106461
7  698  0.163168
7  809  0.0205032
7  828  0.043332
8  76  0.653241
8  697  0.163829
8  808  0.0199689
8  827  0.0744427
9  75  0.655865
9  696  0.163879
9  807  0.011729
9  826  0.0798226
10  74  0.654744
10  694  0.146351
10  825  0.0799282
11  693  0.121462
12  72  0.256655
13  58  0.08322
13  71  0.258029
14  57  0.0657547
16  58  0.109592
17  57  0.0860881
22  618  0.215846
23  617  0.251901
24  616  0.25567
25  615  0.255835
26  614  0.256656
27  57  0.0197741
27  613  0.256969
27  629  0.0489045
28  38  0.631018
28  56  0.0210416
28  612  0.255375
28  628  0.0489533
29  37  0.633942
29  55  0.0210811
29  463  0.0287646
29  627  0.0489519
30  36  0.634245
30  54  0.01397
30  462  0.0385526
30  610  0.0710394
30  626  0.0477178
31  35  0.51476
31  461  0.0385775
31  607  0.228592
31  625  0.0473588
32  460  0.0386235
32  606  0.229948
32  624  0.0405824
33  459  0.0387721
33  605  0.275948
34  458  0.0385894
34  604  0.276003
35  46  0.034293
35  603  0.275912
36  45  0.0343953
36  602  0.275696
37  44  0.0310418
37  46  0.258378
38  45  0.255377
43  58  0.0884293
43  64  0.121727
44  58  0.0133934
44  63  0.122264
45  56  0.52166
45  488  0.015396
46  55  0.522807
46  58  0.123841
46  487  0.0154016
47  54  0.486787
47  57  0.124039
47  486  0.0153337
47  600  0.0906533
47  601  0.0322622
48  56  0.122791
48  484  0.015744
48  599  0.125074
48  600  0.0233688
48  601  0.0108545
49  483  0.0157149
49  600  0.0113774
50  482  0.0154089
50  598  0.203515
51  481  0.0145182
51  597  0.238172
52  596  0.243246
53  595  0.243667
54  594  0.244206
55  96  0.0373152
55  462  0.0224888
55  593  0.244401
56  95  0.037379
56  461  0.0225137
56  592  0.2441
57  94  0.0369524
57  460  0.022491
57  562  0.0315571
57  565  0.0186008
57  591  0.0736359
58  70  0.0352558
58  73  0.0299952
58  459  0.0222431
58  513  0.0156398
58  561  0.0426734
58  564  0.0249588
58  590  0.0381276
59  69  0.0350421
59  72  0.0299337
59  512  0.0156355
59  560  0.0383394
60  68  0.0340837
60  511  0.0156162
61  70  0.121859
61  73  0.310771
61  510  0.0156159
61  513  0.206511
62  69  0.116089
62  72  0.311013
62  89  0.01328
62  509  0.0139216
62  512  0.207483
63  68  0.106926
63  88  0.0148397
63  89  0.0545835
63  511  0.212003
64  70  0.316817
64  87  0.014762
64  88  0.0590469
64  510  0.214841
65  69  0.120637
65  86  0.0147585
65  87  0.0591061
65  509  0.14379
66  85  0.0144959
66  86  0.0587354
66  508  0.0723279
66  509  0.074873
67  84  0.0141811
67  85  0.055397
67  508  0.153314
68  507  0.228155
69  83  0.0650738
69  506  0.229104
70  82  0.072183
70  505  0.2301
71  81  0.0721807
71  504  0.222743
73  79  0.0649203
74  78  0.0247449
74  503  0.223871
75  502  0.226458
76  501  0.226067
77  500  0.226131
78  499  0.22649
79  498  0.222103
81  496  0.074857
82  497  0.0288644
84  822  0.102806
84  823  0.407569
85  496  0.0946485
85  821  0.123094
85  822  0.489735
86  495  0.180531
86  820  0.12824
86  821  0.510732
87  494  0.211307
87  819  0.128935
87  820  0.519127
88  490  0.0136282
88  493  0.21434
88  818  0.129334
88  819  0.52058
89  489  0.0136529
89  492  0.213942
89  818  0.515213
90  488  0.0134313
90  491  0.212038
90  807  0.0143978
90  816  0.468418
90  817  0.0311734
91  806  0.0142498
91  815  0.469389
92  805  0.0130721
92  814  0.450027
92  815  0.13837
93  813  0.371301
93  814  0.137521
94  813  0.121409
95  458  0.0122325
95  488  0.169083
95  491  0.0134367
96  456  0.0485171
96  487  0.169185
96  490  0.0138341
96  808  0.0210271
96  811  0.065293
97  454  0.748477
97  489  0.0111466
98  453  0.945048
99  452  0.968339
100  451  0.989785
101  450  0.988216
102  449  0.992185
103  448  0.992204
104  447  0.950169
105  446  0.792496
108  430  0.843025
109  429  0.964215
110  428  0.986917
111  427  0.992359
112  426  0.99321
113  425  0.991841
114  199  0.89758
114  424  0.0972249
115  198  0.898662
115  423  0.0967033
116  197  0.902672
116  422  0.0942108
117  196  0.904151
117  421  0.0941299
118  195  0.903785
118  420  0.0850296
119  194  0.901211
119  419  0.0654038
120  193  0.900042
121  192  0.753682
122  191  0.552354
122  192  0.14455
123  191  0.286183
124  187  0.348826
124  190  0.426213
125  186  0.420221
125  189  0.424152
126  178  0.1393
126  185  0.424066
127  177  0.148139
127  183  0.467763
127  187  0.0130006
128  177  0.072608
128  182  0.47036
128  186  0.0113662
129  176  0.362164
129  181  0.472375
130  175  0.382903
130  180  0.47237
131  174  0.381769
131  179  0.220074
132  175  0.0605354
132  178  0.180502
132  199  0.0684105
133  174  0.060677
133  177  0.427977
133  198  0.0686593
134  170  0.0885657
134  171  0.684458
134  173  0.0284166
134  197  0.068669
135  169  0.128981
135  170  0.723169
135  196  0.0686092
136  168  0.133528
136  195  0.0424848
137  167  0.132466
137  168  0.730755
138  167  0.731391
138  192  0.0496183
139  165  0.106083
139  191  0.0584079
140  155  0.0108647
140  166  0.101655
140  190  0.0596768
141  154  0.0108571
141  166  0.0232425
141  177  0.0291483
141  189  0.0587782
142  164  0.800164
142  165  0.0125266
142  176  0.0448145
143  163  0.865065
143  175  0.046925
143  178  0.0408554
144  162  0.865411
144  174  0.0468617
144  177  0.0424148
145  161  0.857184
145  176  0.0425563
146  159  0.355264
146  175  0.04266
147  169  0.046612
147  174  0.0417395
148  157  0.37349
148  158  0.0260648
148  159  0.340237
148  168  0.0574501
149  156  0.523283
149  158  0.336888
149  167  0.0574996
150  155  0.467996
150  171  0.0350828
151  166  0.0533727
151  170  0.0350982
152  165  0.0554022
153  164  0.0554636
153  168  0.0342647
154  163  0.0554284
154  167  0.0338635
156  162  0.0228551
156  166  0.021945
162  175  0.0213652
163  174  0.0215396
164  173  0.0214695
165  172  0.0209053
170  175  0.0111728
178  189  0.0350091
179  188  0.506013
180  187  0.506512
181  186  0.487539
201  416  0.0320102
201  418  0.0579803
201  424  0.849849
202  415  0.0320109
202  417  0.0579993
202  423  0.850002
203  216  0.946729
203  416  0.0372565
204  215  0.946928
204  415  0.0369894
205  214  0.94662
205  264  0.0333299
206  263  0.0334387
207  212  0.940237
207  262  0.0332054
208  261  0.0290406
209  260  0.0185916
213  241  0.0304403
214  219  0.0103997
214  240  0.0370667
215  239  0.037074
216  238  0.0370735
217  237  0.0370062
218  236  0.0357591
221  233  0.0368612
222  232  0.0363221
223  231  0.0333383
223  422  0.819501
224  421  0.864245
225  420  0.865125
226  419  0.86463
227  417  0.850593
228  416  0.886644
228  418  0.0190818
229  415  0.884954
229  417  0.0190244
232  411  0.81809
232  412  0.0238724
233  410  0.929137
233  411  0.0167335
234  409  0.94821
235  408  0.957535
236  407  0.957667
237  406  0.959399
238  405  0.960491
239  404  0.960434
240  403  0.958698
241  262  0.0216926
241  267  0.0138039
241  270  0.0341736
241  402  0.0564875
242  269  0.0342606
243  260  0.0396964
244  259  0.060171
244  268  0.290863
245  258  0.0609633
245  266  0.78053
245  267  0.150868
246  257  0.0610415
246  265  0.932693
247  256  0.0607585
247  264  0.932704
248  263  0.928111
249  258  0.023824
249  260  0.0144445
249  262  0.892839
250  257  0.0814733
250  259  0.0468486
251  256  0.0681491
251  257  0.0722516
252  256  0.0448333
252  257  0.0107877
252  259  0.755582
265  405  0.0349315
266  404  0.0349998
267  403  0.0359975
268  402  0.0141412
269  402  0.833537
270  401  0.947103
271  399  0.0126998
271  400  0.973438
273  398  0.983993
274  397  0.999358
275  396  0.998132
276  395  0.993558
277  394  0.996102
278  393  0.998067
279  392  0.998294
280  391  0.997584
281  390  0.999687
282  389  0.999738
283  387  0.998468
284  386  0.997626
285  385  0.993477
286  381  0.662898
287  380  0.955213
288  379  0.982639
289  378  0.985833
290  377  0.985814
291  376  0.982941
292  365  0.0270598
294  363  0.730422
295  362  0.967729
295  374  0.0103892
296  361  0.967857
297  360  0.967413
298  359  0.808979
299  356  0.0283988
299  357  0.127783
300  331  0.0247663
300  355  0.0149154
300  356  0.123154
300  357  0.0584594
301  312  0.0458994
301  330  0.0284287
302  311  0.234333
302  329  0.0286571
302  353  0.0208696
302  357  0.114255
303  310  0.2605
303  311  0.061666
303  328  0.0277855
303  352  0.0211472
303  356  0.133039
304  309  0.239651
304  310  0.0665413
304  353  0.0306229
304  355  0.133365
305  327  0.0301288
306  326  0.0311109
307  325  0.0171489
307  337  0.0222319
307  349  0.43129
308  325  0.0440615
308  336  0.0221971
308  348  0.437449
309  324  0.0619492
309  347  0.386526
310  323  0.05877
310  333  0.0259973
310  346  0.385273
310  358  0.0187476
311  332  0.0256536
311  344  0.447047
312  331  0.0221301
312  343  0.450946
312  356  0.291401
313  325  0.0130852
313  342  0.454923
313  355  0.329646
314  324  0.0141689
314  326  0.02433
314  333  0.0209516
314  341  0.460982
314  354  0.331662
315  325  0.0260616
315  340  0.460982
315  353  0.331467
316  323  0.128903
316  324  0.0379022
316  332  0.167458
316  333  0.0316509
316  339  0.458914
317  322  0.0963418
317  331  0.234016
317  338  0.378524
317  349  0.0102721
318  330  0.259192
319  329  0.262756
319  335  0.0149827
319  336  0.0260488
320  328  0.26298
320  334  0.0136564
320  335  0.0217184
321  327  0.250038
322  326  0.125283
322  344  0.0177984
323  337  0.270762
323  338  0.0484115
323  343  0.020171
324  336  0.269999
324  337  0.0530729
324  342  0.0201734
325  332  0.0196369
325  341  0.0202019
325  350  0.140692
326  331  0.0211638
326  335  0.0751997
326  340  0.0164882
326  349  0.129124
327  334  0.0646979
327  348  0.12899
328  347  0.14249
329  346  0.142673
330  345  0.142889
331  344  0.142978
332  343  0.142792
333  342  0.138803
336  351  0.0354118
336  358  0.150262
337  350  0.0351454
337  351  0.102544
338  350  0.10299
338  354  0.0131028
339  348  0.0352207
339  349  0.102483
339  353  0.0131161
339  355  0.168457
340  347  0.0269769
340  354  0.17957
341  348  0.0699272
341  353  0.179573
342  347  0.037774
342  351  0.233455
343  350  0.232993
344  349  0.176332
365  375  0.759814
366  374  0.970306
367  373  0.967156
417  424  0.0372628
418  423  0.037286
433  444  0.987813
434  443  0.984328
452  488  0.0263762
453  487  0.0302798
454  486  0.104196
455  485  0.183478
455  808  0.293884
456  484  0.206024
456  807  0.5029
457  483  0.199216
457  806  0.476351
460  804  0.463306
461  803  0.640897
462  481  0.249609
462  802  0.652596
463  480  0.277125
463  613  0.0106969
463  801  0.656342
464  479  0.27721
464  610  0.0253174
464  612  0.0112389
464  800  0.65637
465  478  0.277085
465  609  0.0251608
465  611  0.0115873
465  799  0.654429
466  477  0.277222
466  610  0.0116918
466  798  0.632978
467  476  0.276437
467  607  0.0152639
468  475  0.257223
468  606  0.0367403
469  605  0.0375835
470  795  0.655457
471  604  0.0389217
471  794  0.66918
472  603  0.039057
472  793  0.669216
473  792  0.668585
474  791  0.668542
475  600  0.0365715
475  790  0.668107
476  599  0.0405493
476  789  0.663293
477  598  0.0405286
477  788  0.661299
478  576  0.0331266
479  575  0.0355766
480  574  0.0355389
480  785  0.154659
481  559  0.255511
481  652  0.200964
481  784  0.144527
482  558  0.256622
482  651  0.201062
483  557  0.217026
483  650  0.201183
483  782  0.0381662
484  649  0.201261
485  500  0.0152219
485  555  0.253788
485  648  0.194461
485  780  0.0768291
486  499  0.0198244
486  554  0.288127
486  647  0.173262
486  779  0.0845001
487  497  0.0263636
487  498  0.0191645
487  553  0.29606
487  603  0.12604
487  778  0.0832426
488  496  0.0282635
488  552  0.296493
488  602  0.126422
488  646  0.0173989
489  551  0.296329
489  600  0.0750231
489  601  0.0642794
490  497  0.120073
490  550  0.29644
490  599  0.14217
491  496  0.118181
491  549  0.295371
491  598  0.143318
491  642  0.0411074
491  768  0.0568479
492  641  0.0420582
492  767  0.0575457
493  510  0.0129055
493  534  0.0265252
493  536  0.0116462
493  596  0.0846366
493  640  0.0420965
493  766  0.0577353
494  509  0.0128208
494  595  0.125117
494  639  0.04044
494  765  0.0562522
495  508  0.0121766
496  531  0.237856
496  593  0.139812
496  635  0.0413681
496  763  0.012538
497  506  0.0158127
497  530  0.237975
497  592  0.139947
497  634  0.0426412
497  762  0.0158941
498  505  0.0153575
498  529  0.237714
498  591  0.139108
498  633  0.042611
498  761  0.0158235
498  768  0.0515395
499  760  0.0112647
499  767  0.0457087
500  527  0.232724
500  578  0.136092
501  526  0.239455
501  535  0.0495484
501  577  0.162642
501  764  0.183363
502  525  0.240619
502  534  0.0578806
502  576  0.165973
502  763  0.199871
503  524  0.241093
503  533  0.0586108
503  575  0.165686
503  643  0.0219845
503  762  0.201314
504  523  0.24074
504  532  0.0586148
504  574  0.164678
504  642  0.0220789
504  761  0.201347
505  522  0.214025
505  531  0.0572368
505  641  0.0220334
505  760  0.201025
506  513  0.0116472
506  571  0.145178
506  640  0.0220684
506  759  0.201451
507  512  0.0102662
507  520  0.172593
507  570  0.143058
507  639  0.0217778
508  519  0.18688
508  569  0.118976
508  638  0.0170019
508  758  0.198865
509  518  0.177943
509  530  0.0406283
509  757  0.19919
510  529  0.0490541
510  756  0.199699
511  755  0.186416
512  527  0.275508
512  754  0.128064
512  755  0.0116659
513  526  0.302019
513  754  0.0227705
514  525  0.319349
514  752  0.0384648
515  524  0.323577
515  754  0.013765
516  523  0.306819
516  753  0.0151363
517  522  0.223111
517  752  0.0139831
522  565  0.079197
522  588  0.0122901
522  745  0.200657
523  528  0.0302811
523  564  0.0938132
523  587  0.0268394
523  744  0.203823
524  564  0.0180604
524  586  0.028971
524  743  0.20384
525  562  0.128742
525  563  0.0106431
525  585  0.0289577
525  742  0.203634
526  561  0.153083
526  584  0.0289322
526  741  0.20375
527  560  0.153159
527  583  0.0289564
527  740  0.2035
528  582  0.0289289
528  739  0.202337
529  559  0.646865
529  636  0.0127144
529  787  0.0166713
530  558  0.654827
530  635  0.0126877
530  786  0.0166898
531  557  0.658132
531  634  0.0126163
531  785  0.0166842
532  556  0.665048
532  731  0.0149662
533  555  0.664316
533  730  0.0157618
534  554  0.664686
534  729  0.015766
535  553  0.663105
535  728  0.0157637
536  549  0.030944
536  552  0.641735
536  727  0.0157512
537  548  0.356594
537  551  0.605459
537  726  0.0143985
538  547  0.357328
538  550  0.603483
539  546  0.259673
540  549  0.468972
546  716  0.0111108
547  715  0.0119235
548  714  0.011918
555  707  0.0158077
556  706  0.0169817
557  705  0.0171113
558  704  0.0170883
558  757  0.0109144
559  703  0.0170079
559  756  0.0137942
560  755  0.0141235
560  776  0.0183524
561  754  0.0141398
561  775  0.019658
563  570  0.0258678
564  569  0.0290794
567  728  0.014238
568  573  0.0281373
568  591  0.222966
568  706  0.0502126
568  727  0.0153329
568  738  0.0124342
568  775  0.0118337
568  785  0.0146544
569  590  0.311272
569  696  0.0384388
569  705  0.0524577
569  726  0.0151735
569  736  0.164411
569  774  0.01078
569  778  0.0186777
569  784  0.0155629
570  589  0.311768
570  695  0.0386097
570  704  0.0524372
570  725  0.0125294
570  735  0.163928
570  769  0.0226517
570  776  0.0110681
570  777  0.0133969
570  783  0.0127865
571  588  0.312341
571  694  0.0386417
571  703  0.0523807
571  768  0.0239905
571  775  0.0163816
572  587  0.300058
572  693  0.0371562
572  767  0.0235076
573  586  0.287393
573  605  0.0172191
573  614  0.0191024
573  656  0.015513
573  691  0.0412396
573  732  0.193843
573  733  0.0122225
573  766  0.0221293
574  587  0.0380371
574  604  0.0171984
574  613  0.0222581
574  655  0.0155072
574  690  0.0426302
574  731  0.219001
574  765  0.0198849
575  580  0.0361576
575  584  0.0250999
575  586  0.0623196
575  603  0.0171845
575  612  0.0222674
575  654  0.0154852
575  689  0.0425835
575  730  0.220397
576  585  0.0721017
576  602  0.0171291
576  611  0.021686
576  653  0.0105836
576  688  0.0393238
576  729  0.218924
577  584  0.0755544
577  601  0.0159754
577  728  0.195862
578  583  0.057894
579  728  0.0116704
580  588  0.0934562
580  727  0.0175783
580  761  0.0250519
581  587  0.0932179
581  760  0.0256094
582  586  0.0734216
582  590  0.0229047
582  610  0.163731
582  632  0.0209049
582  726  0.115308
582  749  0.0278322
582  759  0.0257483
583  589  0.0206187
583  609  0.163312
583  631  0.0202747
583  725  0.113147
583  748  0.0278089
583  758  0.0253447
584  608  0.160964
584  724  0.103839
584  747  0.0278736
584  757  0.0237364
586  606  0.0443345
586  607  0.122291
586  746  0.0475571
587  606  0.122207
587  630  0.120956
587  745  0.0476782
588  604  0.113417
588  605  0.0909709
588  629  0.161415
588  655  0.0248021
588  744  0.0477835
588  787  0.0653312
589  603  0.144152
589  604  0.0490529
589  628  0.161482
589  654  0.025035
589  743  0.0477722
589  786  0.0654926
590  602  0.174595
590  627  0.161391
590  653  0.0251179
590  742  0.047693
590  785  0.0654723
591  600  0.0953803
591  601  0.0883919
591  604  0.291385
591  626  0.0108143
591  741  0.0157016
592  599  0.189934
592  603  0.325118
592  740  0.0140942
593  598  0.187012
593  602  0.328615
593  739  0.0139185
594  601  0.305734
604  643  0.119917
605  642  0.120921
605  775  0.0641145
606  613  0.161622
606  641  0.118778
606  774  0.0682241
607  612  0.144492
607  640  0.118951
607  652  0.0284765
607  773  0.0678767
608  639  0.115797
608  651  0.0284569
610  637  0.0662409
610  649  0.0344649
610  720  0.0179203
611  648  0.0346729
612  719  0.136163
612  720  0.0523106
613  621  0.0482097
613  625  0.10637
613  646  0.0602544
613  718  0.136827
613  719  0.0523935
614  620  0.0442357
614  623  0.0119461
614  624  0.111151
614  645  0.0608319
614  717  0.136533
614  718  0.0519482
615  619  0.022202
615  622  0.014961
615  623  0.111108
615  644  0.0607536
615  695  0.0306017
615  716  0.135687
615  717  0.0511271
616  621  0.0134728
616  622  0.102514
616  643  0.060101
616  694  0.0400565
616  715  0.133624
616  716  0.0499946
617  693  0.0430856
618  692  0.0444925
619  691  0.0348403
620  641  0.0634073
620  691  0.112135
620  713  0.175603
620  817  0.0514036
621  640  0.0645655
621  689  0.0205903
621  690  0.136077
621  712  0.177945
621  807  0.025115
621  816  0.0618039
622  639  0.0629006
622  711  0.17192
622  806  0.0251874
622  815  0.0617428
623  805  0.0251205
623  814  0.0612034
624  709  0.0840284
624  804  0.025046
624  813  0.0597173
625  636  0.0933456
625  686  0.357934
625  708  0.0818838
625  728  0.0121768
625  803  0.0251306
626  637  0.0125652
626  685  0.376249
626  706  0.0663
626  727  0.0127916
626  802  0.0251269
626  808  0.05893
627  635  0.19663
627  677  0.0193078
627  684  0.392545
627  705  0.0494666
627  726  0.0114823
627  801  0.0107637
627  807  0.0587311
628  634  0.203823
628  676  0.0193386
628  683  0.392589
629  633  0.126274
629  675  0.0193379
629  682  0.391702
629  703  0.0250891
630  674  0.0149831
630  804  0.0659554
631  680  0.0204044
631  686  0.0165686
631  803  0.0728555
632  685  0.019144
632  727  0.011356
632  802  0.0742414
633  655  0.148357
633  656  0.114651
633  679  0.0206717
633  801  0.0748712
634  654  0.149863
634  655  0.11464
634  677  0.20751
634  684  0.0630346
634  800  0.0736752
635  653  0.0752178
635  676  0.207646
635  683  0.0725409
636  653  0.192894
636  670  0.0192453
636  675  0.207452
636  682  0.0725204
637  652  0.42494
637  674  0.189606
637  681  0.0114617
638  651  0.425473
638  669  0.235626
639  650  0.427671
639  668  0.293375
640  649  0.427491
640  667  0.296087
641  666  0.295983
642  665  0.296143
643  664  0.295802
645  660  0.0131351
645  662  0.276793
646  659  0.0139552
646  661  0.279191
647  658  0.0135721
647  660  0.27713
649  656  0.0120022
649  658  0.024906
649  659  0.231733
650  657  0.0370797
650  658  0.221326
653  677  0.368982
654  676  0.369858
655  675  0.369919
656  673  0.397532
657  672  0.398374
657  722  0.14488
658  671  0.398804
658  721  0.19011
659  670  0.398997
659  720  0.193676
660  668  0.369784
660  719  0.193378
661  667  0.368784
661  718  0.193523
662  666  0.15478
662  678  0.0688551
662  717  0.191834
663  677  0.100658
664  676  0.100681
664  715  0.194555
665  675  0.100344
665  714  0.194967
666  674  0.0836055
666  713  0.194904
667  712  0.194996
668  711  0.194429
669  710  0.188156
670  708  0.0263847
670  709  0.111255
671  798  0.0171415
672  709  0.0369707
672  797  0.0161857
673  705  0.0924584
673  708  0.0525032
674  704  0.08674
674  707  0.0505078
674  795  0.0820396
675  690  0.152088
675  794  0.10084
676  689  0.152725
676  705  0.023571
676  793  0.100869
677  687  0.160705
677  792  0.100621
678  686  0.160698
679  685  0.157573
680  704  0.0286566
681  703  0.0304834
681  788  0.107856
682  702  0.0303528
682  787  0.311263
683  701  0.015507
683  786  0.311488
684  785  0.311488
685  696  0.022175
685  699  0.017645
685  705  0.0111337
685  784  0.302773
686  695  0.0216196
686  697  0.0130794
686  698  0.0193057
686  703  0.0101864
686  783  0.291545
687  696  0.0202639
687  702  0.0455922
687  741  0.0866228
688  701  0.0419466
688  740  0.0867998
689  739  0.0868541
690  738  0.0863744
691  700  0.0898491
691  737  0.073335
691  781  0.174921
692  699  0.102989
692  780  0.185863
693  698  0.101306
693  703  0.13168
693  734  0.0166639
693  779  0.186934
694  702  0.239615
694  733  0.0190703
694  778  0.18559
695  701  0.181575
695  732  0.0156717
696  703  0.0356454
699  710  0.0112761
700  709  0.0113066
701  707  0.0103816
701  716  0.01061
701  747  0.0101867
701  776  0.0316219
702  715  0.0111854
702  746  0.0107527
702  775  0.0333091
703  712  0.0523834
703  774  0.0304345
704  711  0.0381442
704  728  0.026234
704  826  0.021437
705  727  0.0277972
705  742  0.152064
705  825  0.0225575
706  712  0.0327913
706  726  0.0274586
706  741  0.207511
707  711  0.0125298
707  740  0.204203
707  826  0.0138714
708  739  0.196258
708  825  0.0147811
709  738  0.0816185
709  824  0.0129205
710  740  0.0303794
711  721  0.0240737
711  739  0.0447783
711  747  0.0241317
711  776  0.0126428
712  720  0.0249341
712  738  0.202021
712  746  0.0264102
712  775  0.0130857
713  719  0.0201658
713  734  0.0155692
713  737  0.227237
713  745  0.0264152
713  775  0.0424932
714  731  0.027133
714  733  0.0165601
714  736  0.232085
714  744  0.0264292
714  774  0.0965655
715  730  0.0271827
715  733  0.0925023
715  743  0.0261547
715  773  0.0953536
716  732  0.0475248
717  728  0.0265677
717  732  0.282015
718  731  0.37196
718  732  0.0617458
718  733  0.0335788
719  726  0.0398822
719  730  0.369201
719  731  0.0771625
719  732  0.0276772
720  730  0.0738749
720  731  0.0275606
721  728  0.0199358
722  728  0.0123518
726  742  0.0219657
727  741  0.050038
729  740  0.0700869
730  739  0.0768052
731  738  0.0773385
732  737  0.0479187
736  768  0.325804
737  767  0.33003
738  766  0.331144
739  765  0.328547
740  764  0.328231
742  763  0.435961
743  762  0.446366
743  819  0.196043
744  761  0.446714
744  768  0.0389189
744  818  0.198591
745  760  0.446079
745  767  0.0394963
745  817  0.198617
746  759  0.439735
746  766  0.0395902
746  816  0.198697
747  765  0.0380468
747  815  0.194786
748  763  0.0117148
748  814  0.16405
749  754  0.0227711
749  756  0.255693
749  762  0.0114435
749  811  0.0437501
750  810  0.0402673
751  810  0.0806612
752  761  0.0301335
752  809  0.0805137
753  760  0.0360282
754  759  0.0348098
754  807  0.1989
755  806  0.199111
756  805  0.198803
757  804  0.19898
758  803  0.199105
759  802  0.189398
760  775  0.0288864
760  802  0.0101033
761  774  0.0599677
761  801  0.19378
762  773  0.060027
762  800  0.193782
763  772  0.0563851
763  799  0.193271
764  798  0.188061
765  776  0.0403027
766  775  0.0423015
767  795  0.14293
768  774  0.0150495
768  794  0.142019
772  789  0.0202866
773  788  0.0202688
774  785  0.0595002
774  788  0.0551026
774  792  0.0352267
775  784  0.0802097
775  787  0.0574415
775  791  0.0357681
777  789  0.0352203
778  785  0.0181408
778  788  0.0360483
785  793  0.03961
786  792  0.0384767
797  828  0.0121051
798  827  0.0210272
799  826  0.022023
800  825  0.0220292
803  822  0.0210368
804  821  0.0216154
805  820  0.0220629
806  819  0.0221061
807  818  0.0220949
808  816  0.0290916
809  815  0.02772
