2  641  0.846696
3  640  0.967443
4  639  0.960865
5  638  0.949875
5  639  0.0374583
6  637  0.938675
6  638  0.0488767
7  636  0.916332
7  637  0.0599185
8  630  0.0599781
8  636  0.0708226
9  29  0.0188202
9  92  0.033165
9  131  0.0269671
9  544  0.0194052
9  629  0.0600431
9  635  0.0574819
10  28  0.0208461
10  60  0.426177
10  91  0.0364069
10  130  0.165741
10  543  0.0210084
10  628  0.059975
11  27  0.0210056
11  59  0.622748
11  61  0.0296635
11  127  0.0143968
11  129  0.176464
11  542  0.0213969
11  568  0.0177955
12  58  0.622866
12  60  0.0297031
12  90  0.0211214
12  126  0.0144021
12  128  0.17647
12  541  0.0214164
12  567  0.0178076
13  26  0.0207662
13  57  0.622971
13  59  0.0297058
13  89  0.0212974
13  125  0.0141669
13  127  0.177048
13  450  0.0169722
13  566  0.0178611
14  25  0.0217714
14  56  0.622796
14  58  0.0290028
14  88  0.0213159
14  126  0.176598
14  449  0.017124
14  565  0.0178185
14  625  0.0323948
15  24  0.0209179
15  55  0.62129
15  87  0.0212176
15  448  0.0171032
15  624  0.0323466
16  53  0.597895
16  83  0.0249383
16  123  0.19119
16  447  0.0170683
16  563  0.0176698
16  623  0.0321629
17  52  0.592432
17  82  0.0251247
17  122  0.192872
17  562  0.0178526
18  50  0.0459649
18  51  0.272395
18  57  0.0287049
18  81  0.025152
18  121  0.191776
18  561  0.0178818
18  621  0.0284318
19  49  0.0287964
19  56  0.0261306
19  80  0.0251372
19  560  0.0175008
19  620  0.0279759
20  49  0.534508
20  55  0.0264974
20  79  0.025105
20  119  0.119834
20  559  0.0171152
20  619  0.0252847
21  48  0.590326
21  54  0.0466568
21  78  0.0250455
21  118  0.193564
22  47  0.590165
22  53  0.0471408
22  77  0.0250171
22  117  0.194071
22  558  0.0138935
23  52  0.0180122
23  76  0.021368
23  116  0.0740467
23  442  0.0136167
23  557  0.0137206
24  43  0.495045
24  45  0.0453576
24  46  0.0150624
24  51  0.0180491
24  115  0.0747943
24  441  0.0354297
24  556  0.0135386
25  42  0.562603
25  44  0.0279569
25  45  0.0149399
25  50  0.0471754
25  114  0.1954
25  440  0.0355831
25  555  0.0130097
26  41  0.580828
26  49  0.0424544
26  113  0.195355
26  439  0.0357022
27  40  0.581873
27  47  0.0137383
27  112  0.195383
27  438  0.0357214
28  39  0.349594
28  43  0.0368907
28  45  0.0257335
28  111  0.192978
28  437  0.0356435
29  39  0.181521
29  42  0.0440105
29  44  0.0252181
29  110  0.191507
29  436  0.035661
30  37  0.192235
30  38  0.272526
30  41  0.0453527
30  109  0.179233
30  435  0.0355159
31  36  0.165375
31  37  0.254849
31  38  0.0140446
31  40  0.044544
31  108  0.149945
31  434  0.0352184
32  36  0.128325
32  37  0.0130842
32  40  0.0106852
32  41  0.0132464
32  49  0.0423592
32  433  0.0338134
33  48  0.104485
33  432  0.0287252
34  40  0.0226518
34  47  0.109617
35  46  0.103667
37  44  0.0693068
38  43  0.072819
39  430  0.0278559
40  429  0.0357621
41  428  0.0357887
42  427  0.0357153
43  75  0.0124339
43  426  0.0356767
44  74  0.0179563
44  425  0.0357581
45  73  0.0183469
45  424  0.0356619
46  72  0.0183222
46  635  0.0191991
47  71  0.0181738
47  86  0.0899668
47  195  0.0522527
47  634  0.0227794
48  85  0.0901017
48  194  0.0523585
48  633  0.0227361
49  70  0.0184773
49  84  0.0902182
49  105  0.0562359
49  193  0.0525771
49  499  0.0124814
49  553  0.0102904
49  632  0.0222742
50  69  0.0184753
50  83  0.090271
50  104  0.0545371
50  192  0.0525723
50  498  0.0128986
50  552  0.0104409
50  630  0.0147013
51  67  0.0134469
51  82  0.0899775
51  104  0.0264545
51  191  0.0521901
51  497  0.0129008
51  551  0.0104365
52  66  0.0147627
52  81  0.0879195
52  103  0.132441
52  190  0.0513503
52  550  0.0104234
53  65  0.0148014
53  102  0.132538
53  189  0.0497476
53  549  0.0101262
54  64  0.0147822
54  67  0.0499038
54  100  0.0699148
54  101  0.0662184
54  187  0.049232
54  495  0.0141538
55  63  0.0146498
55  66  0.0972912
55  99  0.137148
55  186  0.0496495
55  494  0.0128057
56  65  0.0973652
56  98  0.138754
56  185  0.0495832
56  493  0.0131883
57  64  0.0972326
57  97  0.139617
57  184  0.0495496
57  492  0.014534
58  63  0.0736052
58  95  0.0105514
58  96  0.134724
58  98  0.0201372
58  183  0.0189721
58  491  0.0145622
58  542  0.0104242
59  94  0.144786
59  97  0.0201687
59  490  0.0145616
59  541  0.0105034
60  93  0.138715
60  96  0.0193627
60  137  0.0147222
60  180  0.02683
60  489  0.0143732
60  540  0.0105236
60  632  0.0527515
61  91  0.0293698
61  94  0.0151933
61  136  0.0147353
61  179  0.0322698
61  539  0.0104177
61  630  0.207311
62  91  0.214681
62  178  0.0324436
62  488  0.010908
62  629  0.207502
62  631  0.0179292
63  90  0.516678
63  133  0.0152727
63  487  0.0108954
63  628  0.207122
63  630  0.0195921
64  89  0.524124
64  132  0.0152661
64  177  0.308579
65  88  0.524797
65  131  0.0152813
65  176  0.308706
66  87  0.52478
66  130  0.0152808
66  175  0.308687
67  86  0.523794
67  129  0.0152761
67  174  0.302543
68  79  0.0509335
68  85  0.512663
68  128  0.0152596
68  168  0.0388965
68  173  0.254466
69  78  0.360797
69  84  0.310774
69  127  0.015204
69  167  0.192414
69  172  0.059615
69  531  0.0101263
70  77  0.424149
70  83  0.267996
70  126  0.0150125
70  166  0.230307
70  530  0.0104284
71  76  0.45102
71  104  0.0164363
71  165  0.23036
71  529  0.0104297
72  81  0.169842
72  103  0.020822
72  164  0.228955
72  528  0.0101275
73  102  0.0207979
73  163  0.215484
76  81  0.0988779
76  99  0.0657587
76  144  0.119478
76  525  0.0110438
77  98  0.0931497
77  143  0.115235
77  162  0.0159154
77  524  0.0110503
78  97  0.093391
78  142  0.115262
78  161  0.0159827
78  523  0.0110147
79  96  0.0947208
79  141  0.114712
79  160  0.0157668
79  172  0.0151469
79  522  0.0107109
80  95  0.0947769
80  140  0.11445
80  171  0.0145535
81  94  0.0949201
81  139  0.113274
81  158  0.0158603
81  486  0.0254275
82  93  0.0898964
82  157  0.0159389
82  485  0.0268565
83  156  0.0159483
83  167  0.0201926
83  484  0.0271699
84  155  0.0152557
84  166  0.0201074
84  483  0.0271562
85  95  0.0644013
85  482  0.0271661
86  90  0.0101704
86  91  0.0242868
86  94  0.0771547
86  165  0.0277241
86  168  0.0231181
86  481  0.0271909
87  93  0.0713645
87  106  0.105468
87  144  0.0150021
87  164  0.0278271
87  167  0.0238475
87  480  0.02721
88  105  0.105887
88  143  0.0150115
88  163  0.0272297
88  479  0.0272108
89  104  0.105906
89  142  0.0150236
89  165  0.0237764
89  478  0.0271857
90  103  0.106084
90  141  0.0143614
90  162  0.017491
90  164  0.0239563
90  477  0.0237236
91  102  0.103519
91  140  0.0121118
91  144  0.0377456
91  163  0.0226772
91  476  0.0237122
91  634  0.0465075
92  143  0.0378346
92  475  0.0269689
93  100  0.0478864
93  101  0.0124659
93  142  0.0339918
93  474  0.021152
93  633  0.295586
94  99  0.0404695
94  140  0.0141343
94  141  0.015257
94  632  0.382237
95  139  0.0553768
95  169  0.0169318
95  472  0.0190839
95  631  0.382349
96  138  0.162027
96  168  0.0174385
96  471  0.0192577
96  630  0.382146
97  137  0.186314
97  167  0.0175376
97  470  0.0188126
98  136  0.18631
98  166  0.0175057
98  469  0.0187548
98  628  0.116458
99  135  0.170151
99  142  0.0314476
99  165  0.0107784
99  627  0.0936342
100  141  0.0717626
100  181  0.0919668
101  132  0.188484
101  140  0.0759697
101  180  0.129455
102  131  0.191179
102  139  0.0769419
102  179  0.155795
102  624  0.0443054
103  130  0.191189
103  138  0.0769986
103  623  0.0442081
104  129  0.19118
104  137  0.0768186
104  160  0.0177941
104  177  0.454973
105  128  0.189868
105  136  0.0763532
105  159  0.017803
105  176  0.455165
106  131  0.0735666
106  158  0.0177868
106  175  0.45514
107  126  0.0980695
107  130  0.0740102
107  173  0.457355
108  125  0.105662
108  127  0.0150579
108  129  0.0747693
108  172  0.464212
109  124  0.105125
109  171  0.463911
110  123  0.104195
110  153  0.0233496
110  169  0.0540239
110  170  0.409561
111  122  0.104095
111  126  0.122946
111  152  0.0278136
111  168  0.106411
111  169  0.35006
112  121  0.103761
112  125  0.194233
112  151  0.0288579
112  167  0.191997
113  124  0.195314
113  150  0.0288694
114  119  0.0562154
114  123  0.196181
114  149  0.028901
114  165  0.0615518
114  166  0.371841
115  122  0.196154
115  148  0.0288891
115  165  0.37135
116  121  0.195715
116  147  0.0289012
116  163  0.22678
116  164  0.248283
117  146  0.0288913
117  162  0.351637
117  163  0.124163
118  145  0.028852
118  161  0.47556
119  144  0.0285323
119  160  0.47586
120  159  0.475872
121  158  0.475864
122  141  0.0263043
122  157  0.475597
123  156  0.475837
124  155  0.4745
125  138  0.0282919
125  154  0.470369
126  137  0.057326
126  150  0.149651
126  151  0.0111351
127  136  0.0572614
127  138  0.0108858
127  149  0.160535
127  153  0.0858595
128  137  0.0843095
128  146  0.0752184
128  150  0.124817
128  151  0.0206151
128  177  0.0145746
129  136  0.084008
129  145  0.0769367
129  149  0.151287
129  176  0.0146021
130  144  0.0778302
130  147  0.297262
131  143  0.0777431
131  146  0.297581
131  174  0.0515746
131  634  0.0941287
132  142  0.0777816
132  145  0.297304
132  173  0.0517879
132  633  0.0945513
133  141  0.0772224
133  144  0.297888
133  172  0.0519311
133  632  0.093129
134  140  0.0718899
134  143  0.273792
134  171  0.0503497
136  141  0.0140712
136  167  0.0359556
136  177  0.0574987
137  165  0.0103754
137  166  0.027516
137  168  0.0167005
137  176  0.0572143
138  147  0.101281
138  163  0.0244108
138  164  0.0193021
138  167  0.0159368
138  634  0.012778
139  146  0.101512
139  162  0.0251924
139  163  0.0185693
139  174  0.0451386
139  632  0.0270501
140  145  0.0589055
140  161  0.0247732
140  165  0.01096
140  173  0.0433702
140  631  0.0265763
141  630  0.0256665
142  171  0.0161424
143  169  0.0347899
143  626  0.0136521
143  629  0.0249756
144  168  0.0445558
144  625  0.0143559
144  628  0.02518
145  160  0.413717
145  167  0.0443951
146  159  0.414731
146  166  0.0443625
146  624  0.022851
147  153  0.0183756
147  158  0.414936
147  165  0.0441993
147  623  0.0256795
148  157  0.422428
148  622  0.0257763
149  156  0.423386
149  160  0.0351615
149  621  0.0258009
150  155  0.377543
150  159  0.0354501
150  620  0.0257923
151  158  0.0354558
151  619  0.0257784
152  157  0.0316376
154  190  0.0266674
155  189  0.026779
156  188  0.0268244
157  187  0.0268138
158  186  0.0268224
159  185  0.0268225
160  184  0.0268113
161  183  0.0228349
162  625  0.0542052
163  176  0.0180424
163  624  0.0545106
164  175  0.0281676
164  623  0.0544556
165  174  0.0287324
165  186  0.0453555
165  622  0.0132815
166  177  0.0108048
166  185  0.0454552
166  621  0.0131328
167  175  0.0102735
167  176  0.0103079
167  184  0.045455
168  172  0.0117541
168  174  0.0109567
168  183  0.0451249
169  182  0.0447093
170  181  0.0413611
172  179  0.0177539
173  180  0.0169386
174  179  0.019355
175  186  0.0251134
176  185  0.0252566
177  184  0.0251583
178  183  0.0115709
178  622  0.0366855
179  621  0.0418981
179  632  0.0809211
180  620  0.0314004
180  629  0.290792
180  631  0.0800282
181  619  0.0208774
181  620  0.0132558
181  628  0.347569
181  630  0.0773213
182  618  0.0104729
182  619  0.0241772
182  626  0.0109703
182  627  0.545309
182  629  0.0707626
183  618  0.0349332
183  625  0.0113271
183  626  0.621123
183  628  0.0663448
184  468  0.0146799
184  617  0.0455762
185  467  0.0146152
185  616  0.0455785
185  624  0.779249
186  615  0.0455574
186  623  0.782766
187  463  0.0252707
187  614  0.0439459
187  622  0.816764
188  462  0.0283365
188  613  0.0425156
188  617  0.0159717
188  621  0.822123
189  461  0.0283514
189  612  0.0354976
189  616  0.0159971
189  620  0.821857
190  460  0.0283716
190  533  0.0220826
190  615  0.0161071
190  619  0.818234
191  459  0.0282439
191  532  0.0230056
191  614  0.0161839
192  458  0.027845
192  531  0.0231919
192  613  0.016247
192  617  0.843969
193  530  0.021928
193  612  0.0162492
193  616  0.844719
195  526  0.027734
195  615  0.846005
196  215  0.0102133
196  304  0.0669482
196  525  0.0284755
196  614  0.844189
197  212  0.0204532
197  214  0.0102352
197  303  0.0670256
197  524  0.0284687
197  613  0.846639
198  211  0.0205593
198  213  0.0102285
198  302  0.0670004
198  523  0.0280914
198  612  0.845755
199  210  0.0205784
199  212  0.0109605
199  301  0.067043
199  522  0.0230582
199  611  0.845292
200  209  0.0205861
200  211  0.0109351
200  300  0.0670011
200  610  0.838798
201  208  0.0195903
201  210  0.0108065
201  299  0.0668832
201  609  0.768937
202  207  0.0166999
202  298  0.0666616
202  516  0.0382601
202  535  0.0136397
203  296  0.0234051
203  534  0.0123111
203  605  0.0292499
204  279  0.0103264
204  295  0.0228477
204  512  0.819875
204  604  0.0284426
205  278  0.0103322
205  294  0.0226518
205  511  0.84604
205  603  0.0282324
206  277  0.0103294
206  510  0.84721
207  509  0.850011
208  508  0.85012
209  507  0.847282
210  506  0.838132
210  543  0.0105625
211  504  0.253573
211  505  0.539199
211  542  0.0122051
212  280  0.0600979
212  503  0.503944
212  541  0.01237
213  279  0.0770358
213  455  0.887677
213  540  0.0121131
214  278  0.0770499
214  454  0.888633
214  539  0.0121024
215  277  0.0769853
215  453  0.889214
215  538  0.0120769
216  452  0.888889
216  537  0.0105515
217  251  0.0975919
217  451  0.889455
218  250  0.0976889
218  450  0.889467
219  249  0.0976906
219  449  0.881649
220  248  0.0976856
220  447  0.015563
220  448  0.87093
221  247  0.0935578
221  444  0.0186631
221  446  0.0208051
222  443  0.0348244
222  446  0.0133504
223  249  0.0107928
223  387  0.0194682
223  390  0.0128002
223  442  0.0353962
223  447  0.0218218
224  387  0.137945
225  386  0.278514
225  442  0.295194
226  246  0.234387
226  385  0.288383
226  441  0.279938
226  444  0.141304
227  245  0.234128
227  384  0.288258
227  440  0.257163
227  443  0.152058
228  280  0.0148038
228  383  0.28758
228  442  0.15294
229  243  0.854124
229  441  0.116887
230  242  0.856457
230  440  0.105909
231  241  0.855207
231  439  0.088753
232  240  0.852469
233  239  0.848557
233  280  0.048504
234  238  0.667456
234  279  0.105387
234  281  0.012293
235  278  0.105438
235  280  0.0121784
236  277  0.105353
242  249  0.0584257
243  248  0.0599519
245  254  0.0433765
246  253  0.0470373
247  252  0.0426776
247  282  0.153738
248  281  0.224326
248  382  0.291803
248  441  0.0123169
249  279  0.441762
249  381  0.292445
250  278  0.442719
250  380  0.29245
250  411  0.0102807
251  277  0.441481
251  379  0.292191
251  410  0.0102443
252  409  0.0101474
253  378  0.0135025
253  408  0.0100457
254  375  0.0362396
255  275  0.839679
255  374  0.0361043
256  274  0.923552
256  373  0.0354909
257  273  0.951816
258  267  0.015964
258  272  0.959169
259  266  0.0160675
259  271  0.958477
260  265  0.0159659
260  270  0.958538
261  269  0.930782
270  373  0.0156562
271  372  0.0161732
272  371  0.0151461
274  369  0.0419929
275  368  0.0925319
276  367  0.244499
277  366  0.302918
277  444  0.0150355
278  365  0.302999
278  443  0.0185007
279  364  0.302953
279  442  0.0188568
280  363  0.301837
280  441  0.0248577
281  362  0.301615
282  357  0.0105512
283  356  0.0109222
283  438  0.574674
284  358  0.0122268
284  437  0.583579
285  357  0.0134196
285  436  0.584211
286  356  0.0128498
286  435  0.582704
287  434  0.583844
288  295  0.0247425
288  325  0.0500619
288  357  0.0255222
289  294  0.0292227
289  324  0.0625439
289  356  0.0261478
289  433  0.597041
290  323  0.0650515
290  432  0.596694
291  431  0.597222
292  322  0.261319
292  430  0.586126
293  321  0.266534
294  301  0.0191339
294  320  0.264519
294  428  0.376798
294  429  0.0161529
295  300  0.015548
295  319  0.192866
295  425  0.0188002
295  426  0.0112805
295  427  0.435531
296  318  0.143076
296  424  0.0196453
296  425  0.011709
296  426  0.40438
297  314  0.0180945
297  423  0.0166249
298  316  0.0681537
298  319  0.0774021
298  424  0.154588
299  312  0.108424
299  318  0.104488
300  311  0.718603
300  317  0.110972
301  310  0.716153
301  316  0.109797
301  324  0.0104987
302  323  0.0108964
303  322  0.0109828
304  312  0.0138624
304  321  0.0109229
309  605  0.020935
310  317  0.038107
310  604  0.0237644
311  316  0.0378025
311  603  0.0237662
312  421  0.63407
312  602  0.0225632
313  420  0.634984
314  419  0.635417
314  598  0.0175889
315  418  0.635764
315  597  0.0211355
316  417  0.634346
317  352  0.01806
317  416  0.631421
317  595  0.0235412
318  351  0.0736186
318  358  0.0525387
318  413  0.0371405
318  594  0.0237766
319  350  0.0823338
319  357  0.0597983
319  365  0.0309491
319  381  0.0120754
319  412  0.0489364
319  593  0.0238655
320  349  0.0830527
320  356  0.0603219
320  364  0.0314548
320  380  0.012079
320  411  0.0493309
320  592  0.0238538
321  328  0.11509
321  357  0.0460186
321  363  0.0309064
322  327  0.108319
322  378  0.0116866
322  590  0.0110211
323  355  0.547173
323  361  0.0332274
323  377  0.0107056
323  589  0.0105535
324  354  0.684817
324  360  0.0337911
325  353  0.665668
325  359  0.0333521
325  582  0.0233245
326  352  0.603369
326  353  0.0550071
326  581  0.0364216
327  352  0.0740417
327  580  0.0392565
328  349  0.0196679
328  352  0.0125766
328  356  0.0221426
328  579  0.0392808
329  350  0.0100497
329  351  0.0100956
329  578  0.0392627
330  348  0.897901
330  577  0.039246
331  347  0.926301
331  369  0.0167951
331  576  0.0392169
332  346  0.928085
332  368  0.0183142
332  575  0.0391537
333  345  0.930964
333  367  0.0186684
333  574  0.0392255
334  344  0.931975
334  366  0.0188134
335  343  0.844484
335  365  0.0188144
335  572  0.0392995
336  364  0.0188027
336  571  0.0392996
337  342  0.0104463
337  363  0.0131244
337  570  0.0377444
347  464  0.024434
348  463  0.0280124
349  354  0.0216562
349  415  0.013914
349  462  0.0286133
350  414  0.0126972
350  461  0.0273418
354  410  0.0252785
354  460  0.0335891
355  409  0.0271862
355  459  0.0370487
356  408  0.0272345
356  415  0.353797
356  458  0.0378272
357  407  0.0256248
357  414  0.348849
357  457  0.0372499
358  406  0.0163818
359  412  0.0208681
360  410  0.541295
360  411  0.0113303
360  453  0.0421791
361  409  0.552463
361  452  0.0424102
362  382  0.012692
362  408  0.552564
362  451  0.0424735
363  407  0.519624
364  381  0.579698
364  450  0.0425431
365  380  0.58142
365  449  0.0425286
366  379  0.575204
366  448  0.0424875
367  377  0.0562038
367  447  0.0325477
368  376  0.0535203
368  377  0.334618
369  376  0.328004
369  377  0.0115904
370  376  0.0139624
372  442  0.0104061
373  415  0.0126993
373  441  0.0108448
374  440  0.0107339
375  414  0.02283
376  413  0.0249576
377  412  0.0252474
378  410  0.0654859
378  411  0.0136886
379  409  0.080284
380  408  0.0807547
382  406  0.656811
383  405  0.692584
384  404  0.700915
385  403  0.701931
386  402  0.701717
387  400  0.0257499
387  401  0.395567
387  417  0.0142454
388  416  0.0143025
388  447  0.126593
389  399  0.691762
389  446  0.107035
390  398  0.700634
390  415  0.0183347
391  397  0.598904
393  413  0.249207
394  412  0.278059
395  411  0.284744
396  410  0.284709
399  407  0.27368
400  406  0.275667
411  436  0.0100559
412  435  0.0112158
413  434  0.0111787
416  443  0.270359
417  430  0.0173981
417  442  0.296217
418  429  0.0179913
418  441  0.307268
419  428  0.0177897
419  440  0.307131
420  427  0.0155386
420  439  0.306709
421  438  0.306633
421  447  0.0265778
422  437  0.277534
422  446  0.0269086
423  430  0.0145007
423  435  0.0178157
423  445  0.0269218
424  429  0.0230658
424  444  0.0265049
425  443  0.0242797
426  432  0.0140914
427  432  0.0212186
427  440  0.0136118
428  434  0.0122776
428  439  0.0188909
429  433  0.011086
429  438  0.019095
430  437  0.0184961
430  441  0.0107294
431  436  0.0159923
431  440  0.0106718
432  439  0.0100186
448  599  0.013048
450  597  0.0185707
451  596  0.0194023
454  540  0.0238259
454  593  0.0197694
455  539  0.0244746
455  592  0.0197724
456  538  0.0245371
456  591  0.0196237
457  537  0.0246721
458  502  0.854938
458  536  0.0245614
458  589  0.0196899
459  501  0.858466
459  533  0.0120547
459  588  0.0198317
460  500  0.858893
460  532  0.0350591
460  587  0.019843
461  499  0.859736
461  531  0.0372079
461  586  0.0196522
462  498  0.859787
462  530  0.0377036
462  585  0.0192036
463  495  0.0201739
463  497  0.793531
463  529  0.0378932
464  493  0.010254
464  494  0.0499077
464  528  0.0379542
465  495  0.103275
465  527  0.0379929
466  492  0.58975
466  526  0.0379594
466  569  0.0307086
467  491  0.651708
467  493  0.195024
467  525  0.0380247
467  568  0.0434282
468  490  0.651883
468  492  0.21174
468  567  0.0434449
469  489  0.651741
469  491  0.211635
469  524  0.0378572
469  566  0.0434377
470  488  0.64326
470  490  0.210386
470  523  0.0378048
470  565  0.0431393
471  489  0.201749
471  522  0.0374104
471  564  0.0400749
472  521  0.0349594
473  485  0.848883
474  484  0.852489
474  516  0.0406336
474  561  0.0474785
475  483  0.787096
475  515  0.0406357
475  560  0.0470153
476  514  0.0405455
476  559  0.0414223
477  481  0.0119414
477  513  0.0406158
477  558  0.0322796
478  512  0.0406753
479  511  0.0406983
479  559  0.015218
480  510  0.0406651
480  558  0.0154303
481  554  0.0205096
481  555  0.0134175
483  504  0.0365703
483  553  0.0612525
484  503  0.0388966
484  552  0.061535
485  502  0.0305811
485  551  0.0618617
486  550  0.0621058
487  500  0.0271104
487  549  0.0621138
488  499  0.0385769
488  548  0.060616
489  498  0.0386036
489  519  0.0114489
489  543  0.0653645
490  518  0.0119459
490  542  0.0662114
491  517  0.0119758
491  541  0.0663078
492  516  0.0119841
492  540  0.0663463
493  539  0.0601188
494  538  0.0598059
495  512  0.0117488
495  537  0.0661411
496  511  0.0117414
496  536  0.0659248
497  522  0.0137383
498  521  0.0156852
499  520  0.0161307
500  508  0.0104221
500  519  0.0162064
501  507  0.0103262
501  518  0.0174209
503  516  0.0194849
504  515  0.0185024
505  514  0.0170837
510  525  0.0545931
511  524  0.0546859
512  523  0.0546026
513  522  0.0543462
514  521  0.0466393
516  538  0.0348927
517  537  0.0245508
518  536  0.0861847
519  535  0.788967
520  534  0.789484
521  533  0.661595
523  531  0.78605
524  530  0.799115
525  529  0.494984
526  535  0.0674445
527  534  0.0662723
528  533  0.0591343
536  607  0.67425
537  606  0.780242
538  605  0.811773
539  604  0.850923
540  603  0.850982
541  602  0.832241
542  551  0.11502
542  601  0.681775
543  549  0.258796
543  550  0.459498
544  548  0.100174
548  597  0.0303236
549  596  0.031389
550  595  0.0314035
551  594  0.0313899
552  593  0.0314011
552  599  0.854494
553  592  0.0312321
553  598  0.855438
554  597  0.855459
554  625  0.0138629
555  580  0.0163226
555  596  0.855444
555  624  0.0140603
556  579  0.0164578
556  595  0.854147
556  623  0.0141682
557  578  0.0161972
557  594  0.84155
557  622  0.0142512
558  593  0.809387
558  621  0.0142123
559  566  0.0696176
559  575  0.020836
559  587  0.097787
559  593  0.0207291
560  574  0.023541
560  586  0.0979907
561  573  0.0239935
561  579  0.17391
561  585  0.097912
561  592  0.0398598
562  578  0.173154
562  584  0.0794413
563  570  0.0461993
563  572  0.062629
564  569  0.0412754
564  571  0.062094
564  573  0.03143
564  591  0.33046
564  618  0.0150726
565  570  0.0539261
565  572  0.0868888
565  574  0.216884
565  590  0.354808
565  617  0.0198803
566  571  0.086053
566  573  0.222832
566  589  0.354718
566  616  0.0198847
567  572  0.220954
567  590  0.0885013
568  579  0.0102545
568  589  0.0882783
568  615  0.0198523
569  614  0.0199628
571  586  0.442483
571  587  0.0138334
571  590  0.0125076
571  613  0.029125
572  585  0.473385
572  589  0.0124659
572  612  0.0292401
573  584  0.49444
573  590  0.0425759
573  611  0.0293098
574  583  0.504315
574  589  0.04208
574  610  0.0289483
575  582  0.492856
575  588  0.0317385
576  581  0.325234
576  585  0.0124542
576  608  0.0277463
577  584  0.0137995
577  586  0.032948
577  607  0.029212
578  583  0.0129677
578  585  0.0333312
578  588  0.0140849
578  606  0.0292643
579  584  0.0131813
579  587  0.0166069
579  605  0.0292822
580  586  0.0134584
580  587  0.0639662
580  604  0.0292551
581  586  0.0397764
582  587  0.0292536
582  602  0.0202197
584  591  0.113237
584  600  0.027392
584  618  0.0193724
585  590  0.134873
585  599  0.0280793
585  617  0.0216007
586  598  0.0275737
586  616  0.021589
587  597  0.0253269
587  615  0.0216325
588  614  0.021625
589  613  0.0216349
590  595  0.0156826
590  612  0.0215794
597  602  0.0195188
603  617  0.0182344
604  616  0.0182395
605  615  0.0178454
606  614  0.0159778
