2  10  0.013753
2  983  0.645375
2  985  0.0128249
3  9  0.0166165
3  978  0.011278
3  980  0.0165029
3  982  0.858505
3  984  0.0137342
4  981  0.852257
5  979  0.69514
6  979  0.036024
7  977  0.852655
8  976  0.900524
9  975  0.902203
10  974  0.700112
12  656  0.759474
13  655  0.870812
13  658  0.0116937
13  984  0.0224419
14  654  0.867646
14  657  0.0189522
14  975  0.0182796
14  983  0.0222494
15  653  0.817203
15  656  0.0219926
15  974  0.0324347
16  225  0.0106381
16  655  0.0224898
16  973  0.0396528
17  224  0.0106568
17  972  0.0395029
17  980  0.0231657
18  223  0.0106357
18  649  0.873384
18  650  0.0311101
18  971  0.0260191
18  979  0.0228549
19  222  0.0103893
19  561  0.0156547
19  648  0.933816
19  977  0.0221845
20  560  0.0167299
20  647  0.935949
20  976  0.0224468
21  559  0.0168557
21  646  0.920453
21  975  0.0225113
22  558  0.0168792
22  974  0.0117251
23  557  0.0168917
23  644  0.955128
24  218  0.0102636
24  556  0.0169106
24  643  0.964002
25  217  0.0101621
25  555  0.0169119
25  642  0.962769
26  216  0.0100439
26  554  0.0169118
26  641  0.964479
27  553  0.0167939
27  640  0.963398
28  552  0.0164976
28  639  0.958377
29  551  0.0157013
29  638  0.960075
30  550  0.0124032
30  637  0.961215
31  157  0.0135246
31  636  0.962975
32  156  0.0135471
32  635  0.963669
33  155  0.0135475
33  206  0.0102987
33  634  0.963002
34  154  0.0135465
34  205  0.0102985
35  153  0.0133328
35  204  0.0102394
35  632  0.962338
36  152  0.0114765
36  631  0.963015
37  630  0.962329
38  629  0.962092
39  628  0.963293
40  157  0.0102593
40  627  0.962293
41  156  0.0102747
41  626  0.958172
42  136  0.105063
42  155  0.0102553
42  625  0.695218
43  135  0.13853
43  154  0.0102819
43  618  0.0121184
44  59  0.0318491
44  133  0.821568
44  599  0.0566016
44  617  0.0106912
44  623  0.0124756
45  58  0.0319055
45  132  0.828815
45  598  0.0566281
46  57  0.0318083
46  131  0.828659
47  56  0.0271229
47  130  0.422165
48  130  0.456127
48  610  0.0264926
49  54  0.0197265
49  129  0.878884
49  609  0.0293122
50  128  0.863312
50  608  0.0292504
51  607  0.029059
52  126  0.236153
52  606  0.0284418
53  126  0.0223478
53  605  0.022364
54  124  0.897378
55  123  0.900189
56  122  0.898772
56  599  0.0601936
57  121  0.899704
57  598  0.0603865
58  120  0.89902
58  597  0.0606957
59  596  0.0606989
60  79  0.010836
60  119  0.692383
60  595  0.0605683
61  78  0.0149922
61  117  0.101136
61  118  0.606931
61  594  0.0606226
62  593  0.060108
63  77  0.0210053
63  116  0.90495
63  136  0.0356747
64  76  0.0217124
64  115  0.919493
64  135  0.0384146
65  75  0.0217294
65  114  0.918639
65  134  0.0382393
66  74  0.0217376
66  113  0.911736
66  133  0.0379321
67  73  0.0194388
70  112  0.831228
71  111  0.920689
71  609  0.0119714
72  110  0.463965
72  608  0.0120545
73  110  0.499362
73  607  0.0120853
74  109  0.958603
74  606  0.0120968
75  108  0.964352
75  605  0.0120582
76  107  0.963961
76  604  0.0119177
77  106  0.964609
78  105  0.962447
79  104  0.684056
82  102  0.0361895
82  103  0.203594
82  623  0.0155923
83  104  0.244095
83  622  0.0156049
84  102  0.309782
84  103  0.484021
84  621  0.0151566
86  101  0.981618
87  100  0.993849
88  99  0.997369
89  98  0.99595
90  97  0.991113
91  96  0.868431
103  606  0.0171814
104  605  0.0173649
105  604  0.0166877
108  600  0.0187005
109  599  0.0199783
111  598  0.0300737
112  597  0.0305095
113  596  0.0305102
114  595  0.0300769
115  594  0.0292027
117  136  0.0157737
118  135  0.0173881
119  134  0.0176793
120  132  0.0630917
121  131  0.0639701
122  130  0.0641381
123  129  0.0640444
123  134  0.0216467
124  133  0.0252032
125  132  0.0251883
126  131  0.0165475
132  597  0.0644066
133  596  0.0644484
134  595  0.0640221
134  613  0.0196866
135  594  0.0623817
135  612  0.027308
135  620  0.0644257
135  623  0.0471953
136  611  0.0256566
136  619  0.0639258
136  622  0.0442446
140  614  0.0891639
140  622  0.017761
141  148  0.0153936
141  152  0.081108
141  610  0.0117791
141  613  0.110943
142  147  0.0197549
142  151  0.112978
142  609  0.0122072
142  612  0.115505
142  620  0.490943
142  623  0.0180039
143  150  0.0855567
143  611  0.106974
143  619  0.494712
143  622  0.0159486
144  618  0.490754
145  607  0.0117195
146  241  0.0756862
146  606  0.012099
147  180  0.0477457
147  235  0.010199
147  240  0.0776951
147  249  0.0112151
148  179  0.0492715
148  234  0.0105104
149  178  0.0493371
149  233  0.0104648
149  596  0.0129057
150  176  0.0239137
150  177  0.0257793
150  236  0.367027
150  250  0.0261067
150  596  0.0410157
151  175  0.0472701
151  235  0.398949
151  249  0.0281144
151  595  0.0843791
152  173  0.0261644
152  174  0.0237353
152  234  0.399352
152  248  0.0262142
153  172  0.0498363
153  229  0.0105592
153  233  0.399481
153  593  0.269413
154  171  0.0494451
154  228  0.0110067
154  232  0.385335
154  243  0.0681099
154  565  0.0336332
154  592  0.358304
155  170  0.0439078
155  207  0.345742
155  227  0.011867
155  242  0.0771319
155  564  0.0357484
155  591  0.358388
156  167  0.0534426
156  206  0.359258
156  226  0.0115713
156  241  0.0774356
156  563  0.0377292
156  590  0.358388
157  166  0.0537057
157  180  0.0269069
157  205  0.35941
157  229  0.0332039
157  240  0.077401
157  562  0.0376924
157  589  0.358361
158  165  0.0535314
158  179  0.0173806
158  204  0.34916
158  228  0.0101263
158  239  0.0742145
158  561  0.0284164
158  588  0.346518
159  164  0.0388321
159  178  0.0868041
159  203  0.270214
159  560  0.0136528
159  587  0.307511
160  177  0.349588
160  202  0.114418
160  586  0.16589
161  176  0.538795
161  236  0.054411
161  560  0.293573
162  175  0.552347
162  235  0.0543066
162  559  0.324335
163  174  0.55488
163  234  0.0185433
163  558  0.331511
164  173  0.556275
164  234  0.0305301
164  557  0.332843
165  172  0.556617
165  233  0.0464839
165  556  0.333094
166  171  0.553735
166  232  0.0444387
166  555  0.333085
167  554  0.332987
168  208  0.0473938
168  553  0.311408
169  207  0.0550076
170  188  0.0107202
170  206  0.055697
171  187  0.0107377
171  205  0.0557027
172  186  0.0107423
172  204  0.0556763
173  185  0.0105095
173  203  0.0552374
173  549  0.290011
174  202  0.0541229
174  548  0.303996
175  201  0.0360488
175  547  0.306173
176  200  0.0201129
176  546  0.278113
177  228  0.021689
177  543  0.0246544
178  224  0.0138486
178  227  0.0393192
178  531  0.336364
178  542  0.0257039
178  545  0.0173056
179  184  0.0132016
179  223  0.0142444
179  226  0.0390858
179  530  0.337173
179  541  0.0256118
179  544  0.0167892
180  222  0.0140761
180  225  0.0371815
180  529  0.338544
180  540  0.0247819
180  543  0.0125016
181  221  0.0126102
181  528  0.336627
182  527  0.323034
184  201  0.490204
184  525  0.129316
184  558  0.0450294
185  200  0.536169
185  557  0.0532409
186  199  0.5549
186  556  0.0551952
187  198  0.565007
187  522  0.341839
187  555  0.0562748
188  197  0.564373
188  521  0.34281
188  554  0.056288
189  196  0.565161
189  520  0.343027
189  553  0.0554443
190  195  0.559444
190  519  0.343338
191  518  0.343026
192  517  0.343061
192  550  0.0664776
193  516  0.34273
193  549  0.0680296
194  548  0.0680004
195  514  0.342184
195  547  0.0679885
196  513  0.342502
196  546  0.0629503
197  512  0.341148
198  511  0.338877
199  224  0.0553785
199  232  0.195984
199  545  0.0262416
200  223  0.055073
200  230  0.0724906
200  231  0.185584
200  544  0.023429
201  229  0.0912744
201  230  0.169881
202  228  0.0993147
203  219  0.150229
203  228  0.0186377
204  218  0.158305
204  226  0.31633
204  541  0.0425658
205  217  0.15992
205  225  0.348961
205  540  0.044195
206  216  0.155322
206  224  0.349043
206  539  0.0441891
207  214  0.0105974
207  223  0.347886
207  538  0.0437455
208  215  0.0100497
208  222  0.340715
208  537  0.0390696
209  221  0.297455
211  219  0.0408944
212  219  0.0122361
213  219  0.0429442
214  219  0.0268645
215  230  0.316525
216  229  0.333343
216  241  0.0199327
217  240  0.0204937
218  227  0.401989
218  239  0.0205471
219  226  0.398097
220  225  0.335593
221  236  0.0213463
222  235  0.0213327
223  234  0.0213764
224  233  0.0186656
225  508  0.0420881
226  507  0.0448556
226  533  0.0738728
227  532  0.0741234
228  505  0.047275
228  530  0.0935801
229  504  0.0487878
229  529  0.098781
230  503  0.0461418
230  528  0.0987185
231  527  0.0986008
232  508  0.0790103
232  526  0.0984486
233  470  0.0114075
233  472  0.0409848
233  506  0.146135
233  507  0.107485
233  525  0.0612658
233  980  0.0105282
234  471  0.0410308
234  505  0.30989
234  508  0.0177388
234  979  0.010549
235  469  0.01428
235  470  0.0385094
235  504  0.329246
235  507  0.0317632
235  978  0.0105951
236  468  0.0156418
236  503  0.324476
236  506  0.0311373
236  977  0.0105905
237  250  0.091415
237  502  0.262772
237  505  0.0225458
237  976  0.0105751
238  249  0.0965079
238  422  0.0158294
238  466  0.0147211
238  500  0.10257
238  975  0.0104994
239  249  0.0152715
239  421  0.0860521
239  465  0.0147926
239  474  0.225875
239  499  0.102551
239  618  0.0243445
240  247  0.15595
240  248  0.0140175
240  420  0.0917695
240  463  0.0160664
240  473  0.228907
240  477  0.0330116
240  498  0.0656369
240  616  0.0115773
240  617  0.107824
241  246  0.139281
241  247  0.0135819
241  419  0.0937323
241  462  0.0164762
241  472  0.229693
241  476  0.0999155
241  615  0.011661
241  616  0.107131
242  418  0.093576
242  461  0.0168134
242  471  0.229394
242  475  0.100065
243  416  0.0220748
243  474  0.0975096
244  415  0.0213423
244  473  0.0810877
246  255  0.156625
246  256  0.24949
247  254  0.166918
247  255  0.25071
248  254  0.225326
248  610  0.0969518
248  613  0.0408571
249  253  0.0158541
249  609  0.118226
249  612  0.0537013
250  611  0.0513087
252  619  0.0227519
253  605  0.362332
253  618  0.0277035
254  604  0.395993
254  617  0.114014
255  470  0.015611
255  603  0.396094
255  616  0.114171
255  621  0.0156415
256  411  0.0448794
256  469  0.0193418
256  602  0.39571
256  615  0.114131
256  620  0.0161958
257  468  0.0136061
257  601  0.36097
257  614  0.107028
257  619  0.0162195
258  409  0.803606
258  618  0.0162117
259  408  0.837246
259  599  0.0411749
259  612  0.0307339
259  617  0.014618
260  407  0.836682
260  611  0.0293218
261  406  0.836285
261  460  0.11169
262  405  0.837328
262  459  0.137824
263  404  0.836424
263  458  0.13783
264  403  0.834876
264  457  0.137931
265  402  0.836401
265  456  0.137938
266  401  0.837317
266  455  0.135482
267  400  0.836338
267  412  0.0142575
267  454  0.112826
268  399  0.829917
268  411  0.0339397
268  438  0.0102485
268  441  0.0216716
268  453  0.0652333
269  395  0.0580835
269  398  0.760423
269  410  0.0344733
269  440  0.0244574
270  394  0.373383
270  397  0.361862
270  409  0.0345292
270  439  0.0250268
271  279  0.0317077
271  382  0.0103834
271  393  0.539648
271  408  0.034682
271  435  0.034236
271  438  0.0232835
272  278  0.0314591
272  392  0.585315
272  407  0.034483
272  434  0.0514672
273  277  0.022846
273  391  0.586035
273  433  0.0532028
274  290  0.0201945
274  378  0.687625
274  390  0.143051
274  405  0.0343299
274  432  0.0521633
275  289  0.0204963
275  377  0.691733
275  404  0.0344979
276  288  0.0206143
276  376  0.694818
276  387  0.0640925
276  403  0.0343478
276  430  0.0521192
277  287  0.0205932
277  309  0.0106745
277  375  0.69785
277  386  0.126081
277  402  0.0296483
277  429  0.0525351
278  286  0.0119295
278  308  0.0106823
278  374  0.697464
278  385  0.130081
278  428  0.0525229
279  307  0.0106744
279  373  0.696392
279  384  0.130079
279  400  0.0343515
279  427  0.052489
280  287  0.748213
280  399  0.034618
280  450  0.0297848
281  286  0.735824
281  398  0.0343563
281  426  0.0158239
281  449  0.0297937
282  370  0.0128082
282  397  0.033379
282  425  0.015808
283  369  0.0108046
283  424  0.0155181
283  446  0.0299697
284  445  0.0303353
285  393  0.0244089
285  420  0.0157669
285  444  0.0303353
286  392  0.0293098
286  419  0.0159687
286  443  0.0303758
287  391  0.0297031
287  418  0.0159642
287  442  0.0303562
288  389  0.0290787
289  363  0.0215328
289  388  0.029421
290  362  0.0243107
290  387  0.0294804
290  426  0.0382323
291  384  0.0332789
291  425  0.0388057
292  301  0.0218095
292  306  0.593776
292  383  0.18804
292  424  0.0389951
293  300  0.0211471
293  305  0.671394
293  309  0.0173761
293  359  0.0241865
293  382  0.188199
293  423  0.0389682
294  304  0.671764
294  308  0.0174909
294  358  0.0239419
294  422  0.0386551
295  303  0.670306
295  307  0.0175243
295  357  0.0227608
295  421  0.0379688
296  379  0.19689
297  301  0.0183886
297  305  0.020357
297  378  0.205259
298  304  0.0189769
298  377  0.201998
299  303  0.0110272
299  376  0.163731
301  373  0.112379
302  372  0.113329
302  373  0.0108559
303  364  0.027208
304  363  0.0276017
305  362  0.0276095
306  361  0.0251919
307  368  0.86774
308  321  0.0533516
308  367  0.871165
309  320  0.0569006
309  366  0.871925
310  319  0.0595306
310  365  0.850217
310  437  0.0161429
311  318  0.0496608
311  436  0.0163309
312  363  0.0450358
312  435  0.0162914
313  363  0.739401
313  434  0.0162947
314  361  0.0208129
314  362  0.85718
314  433  0.0162182
315  361  0.850278
316  359  0.0388042
316  360  0.389851
318  358  0.903388
319  357  0.913356
320  356  0.911905
321  355  0.91213
322  354  0.897157
323  353  0.846483
325  351  0.886783
326  350  0.894985
327  349  0.886036
327  351  0.0129795
327  357  0.0383895
328  350  0.0127102
328  356  0.0409598
329  346  0.694055
329  347  0.0537838
329  355  0.0375993
330  345  0.798161
331  353  0.0474194
332  352  0.0499046
333  342  0.915173
333  351  0.049931
334  341  0.921296
334  350  0.0498892
335  340  0.911644
335  349  0.0499226
336  348  0.0485727
337  453  0.0130755
338  452  0.0131212
339  345  0.0199585
339  451  0.0131171
340  450  0.0131242
341  449  0.0130685
342  446  0.0116459
343  445  0.0124112
344  444  0.0124805
345  443  0.0124882
350  439  0.0108735
351  438  0.0132747
352  437  0.0132755
355  434  0.0129205
356  433  0.0129739
357  432  0.0129796
358  431  0.0119231
359  426  0.0277447
360  425  0.0279329
361  424  0.0280105
362  423  0.028008
363  422  0.0170362
364  421  0.0163248
364  422  0.0108405
365  421  0.0109576
366  375  0.0759874
367  374  0.0761183
368  373  0.0752437
377  388  0.0125837
378  387  0.0139393
379  386  0.0109442
379  388  0.197651
380  387  0.234999
380  397  0.0236262
381  396  0.0233926
383  391  0.155484
383  433  0.0118934
384  390  0.382667
384  393  0.0371716
384  419  0.0142822
384  432  0.0180112
384  612  0.0155479
385  389  0.14574
385  392  0.0385381
385  417  0.05883
385  431  0.0180102
385  611  0.0155615
386  391  0.0368299
386  416  0.0691588
386  430  0.0180067
386  610  0.0155971
387  415  0.0712092
387  429  0.0180229
387  609  0.0157003
388  414  0.0712143
388  428  0.0179441
388  608  0.0156839
389  413  0.0677062
389  427  0.0178213
389  607  0.0156858
390  426  0.0175847
390  606  0.0156823
391  411  0.0885772
392  410  0.0890671
393  409  0.0188295
395  407  0.086772
396  406  0.0890731
396  601  0.0107957
397  405  0.0889928
397  600  0.0137946
398  599  0.0141752
399  598  0.0142904
400  597  0.0139907
401  596  0.0139607
407  509  0.0120626
408  508  0.0122291
409  507  0.012249
410  506  0.0113113
417  457  0.117152
417  610  0.0107292
418  456  0.140104
418  470  0.0228519
418  472  0.109527
418  599  0.172438
418  609  0.010856
419  471  0.109442
419  598  0.172422
419  606  0.0540016
420  454  0.269066
420  457  0.0106795
420  605  0.0543549
421  453  0.340626
421  456  0.0135438
421  468  0.211737
421  469  0.062579
421  604  0.0541521
422  450  0.0249852
422  452  0.338792
422  455  0.0134316
422  467  0.418403
422  603  0.0477328
423  449  0.0130035
423  466  0.424309
424  449  0.438229
424  465  0.424417
425  448  0.459522
425  464  0.421725
426  447  0.461899
426  463  0.420627
427  446  0.462279
427  462  0.418567
428  445  0.448818
429  461  0.325705
430  444  0.0735243
430  460  0.252616
432  442  0.460945
433  438  0.0116225
433  441  0.754821
433  459  0.0942629
434  440  0.67536
434  458  0.093758
435  439  0.338146
435  457  0.0795767
442  450  0.479158
443  449  0.477905
460  598  0.0930635
461  501  0.0127697
461  597  0.513596
462  500  0.0127714
462  596  0.513911
463  499  0.0127435
463  595  0.513833
464  478  0.0112764
464  593  0.512757
465  477  0.0134989
465  592  0.520422
466  476  0.0138189
466  591  0.520535
467  475  0.0137654
467  590  0.509967
468  589  0.497017
469  587  0.496527
469  590  0.015855
470  586  0.496646
470  589  0.0266897
471  585  0.496593
471  588  0.0307798
472  584  0.496089
472  587  0.0307897
473  586  0.0306525
474  585  0.0300194
475  501  0.85603
476  500  0.8675
477  499  0.233191
479  497  0.930239
480  496  0.984471
481  495  0.99614
482  494  0.99512
483  493  0.994256
484  492  0.994519
485  491  0.992002
486  490  0.849939
502  561  0.0146231
503  560  0.0165163
504  559  0.0166645
504  562  0.50359
505  558  0.0163696
505  561  0.507109
506  560  0.507842
507  556  0.0156406
507  559  0.508045
508  555  0.0147887
508  558  0.488804
509  557  0.467979
511  522  0.233903
511  555  0.386539
512  521  0.234964
512  554  0.383278
513  520  0.234883
513  550  0.238383
513  553  0.165963
514  519  0.233209
514  549  0.397699
515  548  0.39827
516  547  0.397422
517  546  0.359454
518  526  0.0169518
518  530  0.189174
518  548  0.0118702
519  525  0.0279042
519  528  0.0446814
519  529  0.251046
519  545  0.0207137
519  547  0.0119327
520  527  0.105466
520  528  0.179693
520  546  0.0108966
521  526  0.141598
522  526  0.0199315
525  532  0.0189704
526  531  0.0663215
526  536  0.010139
526  545  0.01756
527  544  0.0172371
531  541  0.0150838
532  540  0.016197
532  542  0.723452
532  594  0.0130689
533  541  0.717907
533  593  0.0130556
536  590  0.0129733
539  587  0.0510311
540  586  0.0582759
541  585  0.0586888
542  584  0.0586249
545  562  0.0203964
546  560  0.0472339
547  559  0.0497004
548  558  0.0469275
549  557  0.0423655
559  612  0.0356783
560  611  0.0356961
561  586  0.0424318
561  610  0.0356894
562  585  0.116312
562  609  0.0355873
563  583  0.928332
563  585  0.0159209
564  582  0.93032
564  584  0.0159796
565  581  0.930131
565  582  0.0169554
566  581  0.0181017
567  579  0.983812
568  578  0.987006
569  577  0.986684
570  576  0.799417
581  600  0.0221637
582  599  0.0389306
583  598  0.0402065
584  597  0.0468808
584  599  0.0295791
585  596  0.0468819
585  598  0.0296122
586  597  0.029597
587  594  0.047024
588  593  0.0465327
588  595  0.02945
589  594  0.0274054
595  604  0.0712173
596  603  0.0642235
598  609  0.0145942
599  606  0.0276299
600  605  0.0172819
600  608  0.0237575
601  607  0.0287319
602  606  0.024937
603  970  0.0132527
604  969  0.0136024
605  622  0.0148566
605  624  0.0408719
605  968  0.0138844
606  612  0.0493
606  615  0.0310264
606  621  0.0204169
606  623  0.0467458
606  967  0.0143675
607  611  0.0187931
607  614  0.0245334
607  622  0.04378
607  966  0.0143567
608  619  0.0494358
608  965  0.0143406
609  618  0.0531502
609  964  0.0143276
618  834  0.0126249
619  833  0.0126329
620  832  0.0125687
622  830  0.0125439
623  829  0.012599
624  649  0.010456
624  828  0.0114576
625  648  0.0113855
626  647  0.0114293
627  646  0.0114182
627  826  0.0119748
628  825  0.0127154
629  824  0.012716
630  823  0.0126775
631  641  0.0133641
631  822  0.0125069
632  640  0.0133866
633  639  0.0129333
634  819  0.0122113
635  818  0.0120973
636  817  0.0105349
644  729  0.010098
645  728  0.0132312
646  727  0.0136656
646  973  0.014331
647  726  0.0136676
647  972  0.0142432
648  725  0.0134731
648  971  0.0129581
654  722  0.0142283
655  721  0.0148114
656  673  0.0120859
656  720  0.014815
657  672  0.0156734
657  719  0.0148303
657  972  0.169316
658  671  0.015677
658  970  0.946076
659  670  0.0156692
659  969  0.963937
660  669  0.0153002
660  717  0.014997
660  968  0.963694
661  716  0.0150235
661  967  0.964278
662  715  0.0142431
662  966  0.963545
663  965  0.963192
664  964  0.964005
665  963  0.926911
666  693  0.16378
667  692  0.166066
668  691  0.16628
669  690  0.166334
669  958  0.661408
669  961  0.0766904
670  689  0.166727
670  957  0.71525
670  960  0.0813791
671  956  0.713096
672  687  0.166856
673  686  0.163407
673  955  0.0856919
675  684  0.163454
675  955  0.10934
676  683  0.165862
677  682  0.130301
677  953  0.704711
678  952  0.802353
679  951  0.811593
680  950  0.812931
681  949  0.811555
682  948  0.812993
683  947  0.812508
684  946  0.756345
686  714  0.0151689
686  943  0.0111549
686  944  0.0351178
686  945  0.0225541
687  694  0.0339169
687  942  0.0171453
688  693  0.025704
688  713  0.410854
689  712  0.431613
689  937  0.0135696
689  943  0.248384
690  711  0.433722
690  936  0.0136097
690  942  0.245338
691  710  0.433267
691  935  0.0131834
691  941  0.23555
692  709  0.433257
692  940  0.187922
693  708  0.42409
693  933  0.0128123
694  932  0.012812
695  705  0.0106308
695  706  0.324468
695  707  0.0161233
695  713  0.491554
696  702  0.0203497
696  712  0.508655
696  937  0.0254923
697  701  0.0126899
697  704  0.374479
697  705  0.0140072
697  711  0.52714
697  936  0.0251294
698  703  0.273144
698  710  0.526517
698  935  0.0248085
699  709  0.526605
700  708  0.404657
700  933  0.0241057
701  708  0.12109
701  932  0.0240348
702  706  0.0422253
702  707  0.225876
702  929  0.0168194
703  928  0.0178665
706  925  0.0194877
707  924  0.0194878
708  923  0.015545
712  922  0.0196114
713  921  0.0194011
715  919  0.0752908
715  944  0.117
715  945  0.0232251
716  918  0.0785976
716  943  0.120484
717  916  0.0712778
717  940  0.0112471
717  943  0.175592
717  961  0.0393888
718  915  0.110841
718  939  0.0188118
718  942  0.442349
718  960  0.0500893
719  938  0.0128414
719  941  0.438647
719  959  0.0465097
720  913  0.233877
721  912  0.290152
721  939  0.640798
721  960  0.0152234
722  911  0.290124
722  938  0.643541
722  959  0.0152333
723  910  0.290048
723  937  0.64154
723  958  0.0152279
724  909  0.288651
724  936  0.642659
724  957  0.0148774
725  934  0.644982
726  809  0.303151
726  933  0.645575
727  808  0.309136
727  932  0.644928
728  807  0.305469
729  929  0.0523955
729  930  0.0497768
729  952  0.0107488
730  926  0.602695
730  928  0.030602
730  951  0.0108631
731  804  0.0301364
731  925  0.642082
731  950  0.010877
732  804  0.0908881
732  924  0.641843
732  949  0.0108681
733  803  0.0943259
733  922  0.0304005
733  923  0.276774
734  801  0.767655
734  802  0.0632431
734  921  0.0181616
735  800  0.938869
735  801  0.0319391
736  799  0.984221
737  798  0.989838
738  797  0.987626
739  796  0.987935
740  795  0.971887
747  789  0.0473244
747  792  0.919434
748  788  0.0480947
748  791  0.941853
749  787  0.048079
749  790  0.941626
751  785  0.0478689
751  788  0.941558
752  784  0.0477032
752  787  0.941808
753  786  0.932516
755  784  0.914306
756  782  0.027295
756  783  0.883982
757  781  0.0479586
757  782  0.609021
758  779  0.919877
758  780  0.0340713
759  778  0.990165
760  777  0.990709
762  776  0.991652
763  775  0.991693
764  774  0.990397
765  773  0.979155
767  771  0.011795
767  772  0.0309742
802  917  0.548073
803  916  0.595456
804  915  0.641037
805  914  0.541663
806  913  0.403558
806  914  0.100699
807  913  0.198495
808  909  0.0255905
808  912  0.295157
809  909  0.250183
810  907  0.944412
811  906  0.96596
812  905  0.965022
813  904  0.965014
814  903  0.964295
816  901  0.957277
817  900  0.961999
818  899  0.965441
819  898  0.960873
821  877  0.725122
822  876  0.894929
823  875  0.895922
824  857  0.0101924
824  874  0.891934
825  856  0.0154102
826  855  0.0155319
826  872  0.876719
826  879  0.0552389
827  871  0.877971
827  878  0.0551883
828  870  0.87494
828  877  0.0544673
829  842  0.0132633
829  852  0.0156987
829  869  0.871493
830  841  0.0135506
830  851  0.0155261
830  875  0.0534799
831  840  0.0135771
831  853  0.0213723
831  868  0.273925
831  874  0.0532564
832  839  0.0115835
832  852  0.0257898
832  867  0.266646
832  873  0.0503944
833  851  0.0247409
834  847  0.0447878
834  856  0.454135
834  866  0.123285
835  845  0.394001
835  846  0.0268872
835  855  0.466098
835  865  0.0154943
836  844  0.423035
836  854  0.451011
837  843  0.421954
838  842  0.33184
838  845  0.0114028
838  852  0.280049
840  849  0.427084
841  848  0.463908
841  860  0.0142335
842  847  0.456244
842  859  0.0143389
843  927  0.0168672
844  926  0.0203253
845  857  0.036459
845  925  0.0206369
846  856  0.043691
846  866  0.0335546
846  924  0.0207631
847  855  0.0424598
847  864  0.256469
847  865  0.0251986
847  923  0.0133554
848  863  0.315757
848  864  0.012952
849  862  0.336838
849  921  0.0190933
850  861  0.343652
850  920  0.0207779
851  860  0.347597
851  919  0.0208831
852  859  0.34494
852  918  0.0208604
857  867  0.488782
857  917  0.0143155
858  866  0.489307
858  916  0.0205896
859  865  0.451466
859  872  0.0805867
859  915  0.0225198
860  864  0.297146
860  871  0.0837205
860  914  0.0225583
861  870  0.0841308
861  913  0.0225892
862  869  0.0840961
862  912  0.0226093
863  868  0.0488081
863  911  0.0197851
864  910  0.0143887
866  877  0.0134896
867  876  0.0155945
868  875  0.0160896
869  874  0.0154365
879  898  0.031458
880  897  0.994973
881  896  0.996016
882  895  0.995009
883  894  0.996615
884  893  0.997004
885  892  0.955762
886  891  0.751373
913  945  0.0162587
914  938  0.0495635
914  944  0.0269593
915  937  0.0633553
915  943  0.0277715
916  936  0.0657264
916  942  0.0281387
916  954  0.0200495
916  956  0.015281
916  957  0.0124014
917  935  0.0643135
917  941  0.025848
917  953  0.0197365
918  934  0.0289384
918  952  0.0122231
918  954  0.0309273
918  956  0.0156492
919  955  0.0153836
920  952  0.118289
921  934  0.064448
921  951  0.137211
922  932  0.0132022
922  933  0.0791618
922  950  0.143556
923  932  0.0330039
923  938  0.0157908
923  949  0.143542
924  930  0.0222222
924  931  0.0310585
924  948  0.144725
925  929  0.0137864
925  930  0.0758231
925  936  0.0400787
925  947  0.144708
926  935  0.040671
926  946  0.141713
927  934  0.0410351
928  933  0.0401377
928  944  0.136351
929  943  0.137067
931  940  0.0782218
931  941  0.0101969
932  939  0.0893784
932  948  0.010182
933  939  0.0446423
933  947  0.0101827
934  938  0.0170575
