1  11  0.0177081
1  15  0.0195538
1  264  0.079101
2  10  0.0244456
2  14  0.0224659
2  263  0.190748
2  344  0.0182526
3  9  0.0307477
3  12  0.0157533
3  13  0.0335452
3  262  0.222212
3  343  0.0152878
4  8  0.0117092
4  11  0.028498
4  12  0.0212609
4  261  0.221897
4  343  0.235909
5  10  0.037328
5  260  0.221109
5  342  0.244658
6  259  0.166114
6  342  0.249856
7  21  0.0180974
7  341  0.538213
8  20  0.0201552
8  215  0.202197
8  340  0.544695
9  19  0.0208377
9  214  0.219841
9  339  0.551081
10  18  0.0204844
10  213  0.221987
10  338  0.537773
11  212  0.221346
11  337  0.491429
12  211  0.214359
13  275  0.0456501
14  274  0.674048
14  286  0.0135593
15  208  0.221127
15  273  0.675421
15  285  0.0135842
16  207  0.221623
16  272  0.692965
16  284  0.0135875
17  206  0.221801
17  271  0.705259
17  283  0.0135795
18  205  0.221778
18  270  0.711705
18  282  0.0136023
19  204  0.145608
19  269  0.709479
19  281  0.0135656
20  179  0.0142411
21  178  0.0180376
21  267  0.414326
21  280  0.013475
22  29  0.132192
22  33  0.0342008
22  177  0.0189491
22  203  0.0139126
22  266  0.713163
22  279  0.0134903
22  341  0.0110824
23  28  0.130611
23  32  0.0340464
23  176  0.0189477
23  202  0.0139646
23  265  0.712708
23  278  0.0134377
23  340  0.015873
24  175  0.0154098
24  201  0.0125939
24  263  0.402729
24  339  0.0158324
25  30  0.0124786
25  173  0.0105768
25  262  0.40208
25  264  0.0116957
25  338  0.0155152
26  172  0.0100154
26  261  0.180149
26  296  0.022547
27  295  0.0256439
27  336  0.0160471
28  261  0.510767
28  294  0.0275591
28  335  0.016261
29  161  0.0108299
29  260  0.721476
29  293  0.0277867
29  334  0.0118288
30  160  0.010868
30  259  0.726401
30  292  0.0278066
31  159  0.0106011
31  258  0.726421
31  291  0.0278075
32  141  0.0114566
32  203  0.107027
32  257  0.72461
32  290  0.0280449
32  332  0.0134541
33  202  0.107262
33  256  0.723684
33  289  0.0280433
33  331  0.0134499
34  139  0.0114028
34  201  0.0475743
34  288  0.0257154
35  117  0.0158334
35  138  0.568247
35  199  0.0113912
35  200  0.0372692
35  204  0.0660223
35  330  0.0129853
36  116  0.0158308
36  137  0.696392
36  198  0.0113673
36  199  0.0961747
36  203  0.067167
36  286  0.0192157
36  329  0.0135927
37  115  0.0134118
37  136  0.724936
37  202  0.0667779
37  285  0.0193027
37  328  0.0146088
38  135  0.727684
38  201  0.0663031
38  283  0.023964
38  327  0.014632
39  134  0.725561
39  282  0.023939
39  326  0.0119604
40  60  0.0122973
40  74  0.0209292
40  133  0.718302
40  195  0.0231338
40  198  0.0336817
40  199  0.0135844
40  281  0.024023
41  50  0.0105281
41  194  0.0223984
41  197  0.0312551
42  49  0.0105128
42  55  0.0821177
42  58  0.23228
42  61  0.161715
42  73  0.148404
42  193  0.0133248
42  280  0.0221692
43  54  0.0985278
43  57  0.278606
43  60  0.215798
43  72  0.199377
43  279  0.022408
44  53  0.0947233
44  56  0.274744
44  59  0.213414
44  71  0.200207
44  278  0.0223953
45  50  0.0103842
45  70  0.200358
45  277  0.0223596
46  51  0.0466329
46  54  0.281441
46  57  0.226174
46  69  0.200474
46  276  0.0223065
47  53  0.229863
47  56  0.213813
47  68  0.197033
47  275  0.0206511
48  67  0.17994
52  63  0.025963
54  63  0.0142942
63  112  0.790593
64  111  0.790956
65  110  0.790608
66  109  0.789453
68  107  0.0289247
72  103  0.741046
73  102  0.736565
75  100  0.49953
75  190  0.0500997
75  193  0.0779572
76  99  0.800482
76  189  0.0791015
76  192  0.111976
77  98  0.800604
77  188  0.0791424
77  191  0.112017
78  97  0.799859
78  187  0.043123
78  190  0.111948
79  96  0.800272
79  186  0.042383
79  188  0.0516159
79  189  0.0603877
80  95  0.789328
80  185  0.078908
80  187  0.102957
81  186  0.10292
82  94  0.0846587
82  184  0.192602
83  94  0.0680286
83  183  0.192637
84  91  0.631938
84  92  0.0627242
84  93  0.0761443
84  182  0.19231
85  90  0.56536
85  91  0.0806854
85  92  0.0565542
85  181  0.192639
86  180  0.190596
87  179  0.169355
91  176  0.188668
92  175  0.191927
93  174  0.192023
94  173  0.179868
95  172  0.165402
97  112  0.031413
97  131  0.130438
98  111  0.0314217
98  130  0.130501
99  109  0.0314177
99  129  0.130378
99  139  0.0106514
100  108  0.031601
100  128  0.0750427
100  138  0.0103653
101  107  0.031073
102  113  0.0297736
102  126  0.0283064
103  112  0.0413094
103  125  0.036806
103  127  0.0734663
104  111  0.0399456
104  126  0.0733947
106  124  0.0113804
107  122  0.104811
108  121  0.120102
109  120  0.122865
111  119  0.128015
112  118  0.126715
116  283  0.0117462
117  282  0.0121234
118  127  0.0169346
118  131  0.79005
118  281  0.0117339
119  126  0.016384
119  130  0.790416
120  129  0.789608
120  278  0.0111813
121  128  0.658945
121  277  0.0116749
123  275  0.0148719
125  273  0.0332647
126  272  0.0353494
127  151  0.0178718
127  271  0.035446
128  270  0.0354262
129  269  0.0358382
130  148  0.0182119
130  268  0.0358417
131  147  0.0182158
131  267  0.0358321
132  146  0.0182326
133  145  0.0180949
133  265  0.0343137
134  264  0.0307288
135  173  0.0213677
136  168  0.0680824
136  172  0.0215124
137  167  0.0764198
137  171  0.0217064
138  166  0.0787972
138  170  0.0210237
138  263  0.0290294
139  165  0.0789572
139  255  0.693054
139  262  0.036164
140  254  0.693455
140  261  0.0361712
141  164  0.010173
141  253  0.69147
141  260  0.0361747
142  162  0.0934985
142  165  0.558268
142  251  0.126874
142  252  0.131812
143  161  0.0937009
143  164  0.558434
143  250  0.253499
143  259  0.0343305
144  160  0.0935698
144  249  0.252372
144  258  0.0343139
145  162  0.837933
146  158  0.0641977
146  161  0.824717
146  166  0.0160043
147  157  0.0632929
147  165  0.0202544
148  159  0.880399
148  164  0.0202539
149  155  0.0208622
149  156  0.012728
149  158  0.881821
149  163  0.0202064
150  157  0.880017
150  162  0.0198046
164  257  0.0288375
165  256  0.0288249
166  252  0.0179475
167  251  0.0188984
167  254  0.0375518
168  250  0.016568
168  253  0.0417368
169  252  0.145102
170  251  0.14775
170  252  0.043574
171  251  0.0473529
172  249  0.30285
172  250  0.0326222
173  248  0.731515
173  249  0.0170224
174  247  0.755803
175  246  0.757485
176  245  0.759261
177  244  0.759279
178  243  0.758057
179  242  0.754507
180  241  0.750649
181  240  0.729655
182  193  0.0197944
182  239  0.658022
183  189  0.0263535
183  192  0.0869899
183  199  0.0147641
183  238  0.0455809
184  188  0.0164042
184  191  0.0819395
184  195  0.0218805
184  198  0.0147987
185  194  0.0243072
185  197  0.0135321
185  238  0.502223
186  193  0.0262332
186  237  0.563235
187  192  0.0241556
187  203  0.0291611
187  236  0.576238
188  202  0.0295316
188  235  0.571066
188  240  0.0205995
189  201  0.0312726
189  239  0.0233095
190  200  0.0237502
190  238  0.028312
191  202  0.0108652
191  237  0.0286581
192  201  0.0223386
192  235  0.0191063
193  200  0.017651
193  231  0.0557369
194  230  0.0585906
194  232  0.0351967
194  233  0.0168768
194  234  0.0120187
195  229  0.0545742
195  232  0.0188122
195  233  0.0110846
196  228  0.052437
196  230  0.570297
197  226  0.0106598
197  229  0.637383
198  225  0.0107156
198  228  0.642267
200  226  0.66765
202  224  0.750965
203  223  0.752437
204  222  0.751702
205  221  0.738094
206  218  0.010162
207  220  0.0318874
208  217  0.0576531
208  218  0.120193
209  217  0.129719
209  218  0.143993
210  217  0.144729
210  218  0.0286646
211  217  0.0300109
213  220  0.163541
214  219  0.166543
218  259  0.042111
219  258  0.214231
220  257  0.22387
221  256  0.22387
222  255  0.223888
223  254  0.223767
224  253  0.223911
225  252  0.222051
226  251  0.22021
227  250  0.203518
229  251  0.0103452
231  248  0.0277843
231  249  0.0112084
232  247  0.0188401
233  247  0.20254
234  246  0.222956
235  245  0.234
236  244  0.233764
237  243  0.217939
238  242  0.151166
264  344  0.121146
265  276  0.0150271
265  343  0.195747
266  275  0.0150599
266  342  0.198266
267  274  0.0151669
267  341  0.198216
268  273  0.0141088
268  340  0.198372
269  339  0.197907
270  338  0.145703
271  281  0.0678964
271  338  0.028559
272  280  0.0688447
272  337  0.0562032
272  344  0.0345433
273  279  0.0690487
273  336  0.0558039
273  338  0.018529
273  343  0.0588867
274  278  0.0560402
274  337  0.022133
274  342  0.0609113
275  335  0.647004
275  341  0.151182
276  334  0.650781
276  340  0.163898
277  333  0.298442
277  339  0.163958
277  344  0.0225204
278  332  0.298635
278  338  0.167591
278  343  0.0270046
279  331  0.646835
279  333  0.0116812
279  337  0.167523
279  342  0.027176
280  317  0.0640073
280  330  0.275876
280  332  0.0154565
280  336  0.138176
280  341  0.0271839
281  316  0.116959
281  327  0.0122618
281  331  0.0155423
281  340  0.0267815
282  335  0.142126
283  312  0.703392
283  338  0.020261
284  311  0.749441
284  333  0.145501
284  337  0.0189901
285  310  0.764124
285  332  0.150162
286  309  0.762603
286  331  0.150341
287  330  0.135017
288  329  0.111987
290  306  0.940756
291  305  0.971736
292  304  0.971833
293  303  0.971711
294  302  0.95991
295  301  0.916706
296  300  0.533043
302  343  0.0145195
303  342  0.0156894
304  340  0.0263159
305  339  0.02666
306  338  0.0269201
308  336  0.0380082
309  335  0.0422413
310  319  0.0149756
310  334  0.0377492
311  318  0.016332
311  332  0.0144608
312  325  0.0259481
312  331  0.0144136
313  324  0.0332554
313  330  0.015981
314  323  0.0320157
314  324  0.0203124
314  329  0.0145436
315  323  0.0215493
315  324  0.0579246
315  330  0.235686
315  336  0.0680439
316  323  0.0654667
316  329  0.34025
316  335  0.0861728
317  322  0.059292
317  326  0.0783371
317  327  0.0267551
317  328  0.371739
317  334  0.0626663
318  325  0.0945069
318  326  0.0375312
318  327  0.371067
318  333  0.0539235
319  324  0.079846
319  332  0.0514836
321  330  0.118063
322  329  0.130722
323  328  0.116192
