1  26  0.0836727
1  90  0.0165093
1  131  0.0146361
1  655  0.0158747
1  657  0.0135429
2  25  0.0838539
2  35  0.152123
2  89  0.016041
2  94  0.0157318
2  130  0.0133045
2  654  0.0158224
2  656  0.0135251
3  24  0.084002
3  34  0.393016
3  93  0.0275645
3  653  0.0150521
3  655  0.013083
4  33  0.43093
4  92  0.027529
5  23  0.0850249
5  32  0.445383
5  85  0.0167076
5  91  0.0270701
5  469  0.0130791
6  22  0.0848519
6  31  0.446169
6  84  0.0167133
6  468  0.0131883
7  20  0.0597777
7  30  0.443963
7  467  0.013174
8  19  0.0555883
8  29  0.411235
8  48  0.0123087
8  84  0.0242435
8  466  0.0131301
8  972  0.18596
9  25  0.414249
9  27  0.0106706
9  47  0.0176828
9  83  0.0402392
9  465  0.0130875
9  971  0.320015
10  17  0.0714995
10  24  0.435115
10  26  0.0101631
10  46  0.0190326
10  82  0.0435333
10  464  0.0128756
10  970  0.343366
11  16  0.0853584
11  22  0.110824
11  23  0.337965
11  45  0.01903
11  81  0.0435075
11  969  0.344205
12  21  0.208153
12  22  0.211061
12  44  0.0188795
12  80  0.0337589
12  967  0.143679
12  968  0.194714
13  20  0.264671
13  49  0.023522
13  966  0.283543
14  19  0.240461
14  43  0.0178357
14  48  0.0333061
14  965  0.282536
15  42  0.0179861
15  47  0.037835
15  964  0.27892
15  967  0.0103643
16  41  0.0186691
16  46  0.0390274
16  131  0.101334
16  963  0.210066
16  966  0.0112395
17  40  0.0172194
17  45  0.0388314
17  130  0.10192
17  961  0.0352988
17  965  0.0111674
18  44  0.0368874
18  128  0.0115653
18  129  0.0914017
18  960  0.0323045
18  961  0.0198037
18  964  0.0105549
22  39  0.0455373
22  126  0.335654
22  393  0.019125
23  38  0.0473023
23  125  0.335913
23  392  0.0191495
24  37  0.0473938
24  124  0.335824
24  391  0.0191389
25  123  0.252188
26  35  0.0159911
26  36  0.013178
26  85  0.0253719
27  34  0.0118556
27  970  0.015664
28  35  0.0544881
28  84  0.0192896
28  85  0.0382568
28  370  0.0233877
28  969  0.0167742
29  34  0.0478279
29  369  0.0235271
30  83  0.0789277
30  368  0.0235193
30  964  0.0299045
31  82  0.0839795
31  90  0.0141106
31  367  0.0236939
31  963  0.0493785
32  82  0.0524557
32  90  0.131173
32  366  0.0236913
32  962  0.0487786
32  966  0.0106495
33  80  0.0729149
33  81  0.0527492
33  89  0.131008
33  365  0.0233291
33  961  0.0483617
33  965  0.0116613
34  79  0.0689475
34  80  0.0470586
34  83  0.0139822
34  88  0.125782
34  364  0.0192056
34  629  0.0266705
34  960  0.0469407
34  964  0.0119227
35  82  0.0167208
35  218  0.0292007
35  628  0.0338682
35  963  0.0141683
36  50  0.323145
36  126  0.0224201
36  217  0.0292351
36  627  0.0338746
37  46  0.0256211
37  49  0.520389
37  82  0.0538996
37  125  0.0223281
37  216  0.0292356
37  626  0.0336306
37  957  0.0466433
37  970  0.0135449
38  45  0.0256462
38  48  0.55624
38  81  0.0537735
38  84  0.105952
38  124  0.0211971
38  215  0.0292356
38  956  0.0466719
38  969  0.0138904
39  44  0.0208179
39  47  0.563409
39  79  0.0122401
39  80  0.0377758
39  83  0.111543
39  214  0.029217
39  955  0.0463556
39  968  0.0128786
40  46  0.567395
40  78  0.048879
40  82  0.113158
40  213  0.0292273
40  622  0.0318508
40  954  0.0437635
41  45  0.460498
41  77  0.0487179
41  81  0.113072
41  212  0.0291545
41  621  0.0319423
41  951  0.0217317
42  620  0.0318818
42  950  0.0216121
43  54  0.12796
43  619  0.0316611
43  624  0.0347568
43  949  0.0206672
44  53  0.135499
44  191  0.0129268
44  623  0.034984
44  948  0.0193155
45  52  0.138204
45  82  0.0237907
45  190  0.0194159
45  599  0.0381088
45  622  0.0357019
46  51  0.136208
46  81  0.0237324
46  189  0.0209838
46  598  0.038164
46  621  0.0357029
47  188  0.0209148
47  597  0.038164
47  620  0.0356397
48  82  0.0262004
48  187  0.0207806
48  596  0.0382066
48  619  0.0355784
49  80  0.106316
49  81  0.0176784
49  186  0.0201608
49  595  0.0345564
49  618  0.0249514
49  972  0.0117974
50  79  0.174643
50  80  0.0141222
50  83  0.0213994
50  184  0.0202432
50  971  0.116726
51  78  0.474432
51  82  0.040541
51  183  0.02171
51  617  0.0143454
51  970  0.226513
52  77  0.477058
52  81  0.0405568
52  182  0.0216731
52  592  0.0381626
52  615  0.0282614
52  969  0.230234
53  76  0.474143
53  80  0.0402409
53  181  0.0207575
53  591  0.0368394
53  614  0.0274442
53  968  0.229149
54  75  0.44358
54  79  0.0367283
54  180  0.0180348
54  590  0.0339479
54  613  0.0253986
54  967  0.226898
55  74  0.307421
55  966  0.206698
56  73  0.0715347
57  74  0.602191
58  73  0.891341
59  72  0.979761
60  71  0.989605
61  70  0.992228
62  69  0.992196
63  68  0.98675
76  126  0.0599765
76  131  0.0105385
76  174  0.0103206
77  125  0.0601809
77  173  0.0100727
77  612  0.0235785
78  124  0.0601488
78  127  0.0258767
78  169  0.0579883
78  611  0.0286929
78  964  0.123609
79  123  0.0365612
79  126  0.0327338
79  168  0.0677567
79  610  0.0318267
79  963  0.152148
80  167  0.0676665
80  609  0.0317563
80  962  0.144358
81  125  0.0646067
81  166  0.066526
81  608  0.0312251
81  970  0.0236931
82  124  0.0649476
82  607  0.0312449
82  969  0.0243689
83  123  0.0601611
84  90  0.084681
84  126  0.32402
84  606  0.0223736
85  125  0.32436
85  605  0.022306
89  123  0.0100171
90  600  0.011239
91  599  0.0101146
92  119  0.82228
92  128  0.0443554
93  118  0.864198
93  127  0.048732
94  117  0.862473
94  126  0.0506908
95  125  0.0504343
95  970  0.0429061
96  115  0.895849
96  124  0.0416516
96  969  0.0440303
97  114  0.932581
97  968  0.0427023
98  113  0.944471
99  112  0.94443
100  111  0.939466
100  966  0.0489472
101  965  0.0533483
102  109  0.93596
102  964  0.0536148
103  108  0.917886
103  963  0.0538085
104  962  0.0537162
105  961  0.0526097
106  960  0.050253
107  959  0.0408484
109  131  0.0493666
110  130  0.0482994
111  129  0.043205
113  127  0.0125307
115  126  0.058751
116  123  0.0460672
116  125  0.0591274
117  122  0.0491261
117  124  0.0522754
124  596  0.014268
125  595  0.0143157
126  594  0.0142813
126  964  0.0221161
127  963  0.0534049
128  962  0.0510486
132  161  0.117527
132  957  0.853742
133  160  0.117589
133  956  0.854356
134  159  0.0406037
134  955  0.853995
135  147  0.01139
135  158  0.0405021
135  954  0.854686
136  145  0.0159902
136  157  0.117573
136  953  0.852309
137  144  0.0169173
137  156  0.117355
137  952  0.833542
138  143  0.0183325
138  155  0.117408
138  951  0.781168
139  154  0.117574
139  923  0.0196342
139  924  0.0617839
139  950  0.26486
140  153  0.102295
143  897  0.0263303
144  150  0.103988
144  152  0.0218642
144  896  0.0295762
144  901  0.0113476
144  923  0.0912348
144  924  0.0542522
145  149  0.0396296
145  151  0.017781
145  895  0.0303532
145  922  0.0750949
146  894  0.0304619
147  893  0.0304475
147  898  0.0101904
149  686  0.0144103
150  685  0.0172723
150  712  0.0109597
150  890  0.0278296
151  684  0.0195812
151  711  0.0114522
151  889  0.0278329
151  901  0.79403
152  683  0.0195344
152  710  0.0113159
152  888  0.027711
152  900  0.794853
153  679  0.0495165
153  899  0.794411
154  678  0.0535936
154  709  0.0114283
154  898  0.794487
155  677  0.0464955
155  708  0.0116708
155  897  0.708395
156  707  0.0116201
156  896  0.555412
157  674  0.465704
157  895  0.245882
158  673  0.788282
159  672  0.867788
160  671  0.867903
161  670  0.867528
162  669  0.840865
163  668  0.763377
164  669  0.0168948
165  666  0.04255
165  668  0.0716222
166  667  0.0894538
167  665  0.837388
168  600  0.0117059
168  664  0.861052
169  599  0.0123736
169  663  0.859465
170  662  0.859556
171  589  0.0378083
171  598  0.0119131
171  661  0.85798
172  588  0.0383368
172  597  0.0119618
172  659  0.049868
173  182  0.72166
173  595  0.0191236
173  658  0.0465213
174  181  0.736707
174  586  0.068276
174  594  0.0192544
174  658  0.0153692
175  585  0.0690177
175  593  0.019245
176  181  0.0667617
176  182  0.0123988
176  584  0.0690865
176  592  0.0192385
177  583  0.0690075
177  591  0.0167934
178  582  0.0685241
179  581  0.0654169
180  565  0.0148271
181  564  0.0201832
181  579  0.0174823
182  563  0.020211
182  578  0.0643729
182  657  0.0638794
183  562  0.0202571
183  577  0.0643619
184  436  0.0774155
184  561  0.0197657
184  655  0.841853
185  435  0.0793076
185  560  0.0193334
185  654  0.844726
186  216  0.0137859
186  434  0.0802465
186  653  0.848259
187  215  0.0138498
187  433  0.0802498
187  652  0.84889
188  214  0.0138876
188  432  0.0801864
188  651  0.845956
189  213  0.013982
189  431  0.0801073
189  557  0.0199651
189  650  0.839708
190  212  0.011664
190  430  0.0744362
190  556  0.0201646
190  649  0.831824
191  210  0.0821844
191  211  0.0115709
191  555  0.0202184
191  648  0.782893
192  200  0.016576
192  209  0.0934117
192  210  0.0154275
192  554  0.0203371
192  646  0.01251
193  199  0.0174905
193  208  0.103828
193  209  0.0149421
193  553  0.0203439
193  644  0.339732
193  646  0.049601
194  207  0.10466
194  208  0.014058
194  512  0.010538
194  552  0.0147383
194  643  0.340971
194  644  0.0198385
195  206  0.105675
195  207  0.012768
195  511  0.0122024
195  642  0.340321
195  643  0.0221154
195  644  0.0201704
195  646  0.388951
196  203  0.308562
196  205  0.10725
196  510  0.0313312
196  641  0.0813752
196  645  0.382307
197  202  0.250945
197  204  0.0944239
197  509  0.031358
197  644  0.368084
198  204  0.0206416
198  508  0.0313198
198  574  0.0231091
198  636  0.0169046
198  643  0.246035
199  203  0.0341468
199  507  0.0313982
199  573  0.029909
199  635  0.0189701
200  506  0.0313841
200  572  0.0304602
201  505  0.0313595
201  571  0.0306717
202  504  0.0313704
202  570  0.0306768
202  632  0.0241222
203  503  0.0313224
203  569  0.0304365
203  631  0.0264741
203  643  0.0251138
205  456  0.0109685
205  629  0.12503
205  642  0.321093
206  455  0.023135
206  628  0.167712
206  641  0.611668
207  454  0.023139
207  568  0.0401139
207  627  0.167481
207  640  0.612219
208  453  0.0225938
208  567  0.0405755
208  626  0.167367
208  638  0.0126449
208  639  0.604824
209  452  0.0225111
209  566  0.0408432
209  624  0.0291106
209  637  0.0126413
209  638  0.605851
210  565  0.0410754
210  623  0.0280813
211  429  0.101544
211  564  0.0410162
211  622  0.0231398
211  623  0.137351
211  637  0.0240113
212  428  0.101833
212  563  0.0408881
212  599  0.0175073
212  622  0.142378
212  635  0.618326
213  427  0.101891
213  562  0.0408965
213  598  0.0175269
213  621  0.14621
213  634  0.620731
214  426  0.101417
214  561  0.03429
214  597  0.0176151
214  620  0.121363
214  633  0.618296
215  366  0.136906
215  425  0.0999542
215  472  0.0241162
215  596  0.0178246
215  619  0.0342183
215  632  0.614262
216  365  0.14467
216  424  0.0994983
216  471  0.0242272
216  595  0.017735
216  631  0.609552
217  364  0.146949
217  365  0.0388008
217  470  0.0240714
217  594  0.017611
217  630  0.600845
218  364  0.0477015
218  469  0.0238617
218  630  0.0106475
219  362  0.830143
220  360  0.0750234
220  361  0.798828
220  591  0.0163923
221  359  0.10885
221  360  0.69252
221  590  0.0172276
222  358  0.131961
222  589  0.0173673
223  588  0.0141027
225  357  0.941576
226  356  0.985306
227  355  0.987751
228  354  0.988015
229  353  0.990253
230  352  0.990263
231  351  0.990064
232  350  0.926315
233  347  0.788544
233  349  0.199877
234  346  0.989002
235  345  0.990032
236  344  0.989031
237  343  0.986205
239  342  0.012839
240  250  0.0116762
241  249  0.0123044
241  340  0.194015
242  248  0.0122117
242  338  0.877493
242  339  0.097912
243  247  0.0104607
243  337  0.979324
244  336  0.977708
245  335  0.97885
246  334  0.974891
247  333  0.72717
248  332  0.366317
252  331  0.0130456
252  333  0.226901
253  330  0.0126611
253  332  0.601998
254  331  0.965451
255  330  0.977361
256  329  0.975561
258  327  0.0566506
258  328  0.321728
259  327  0.278838
261  327  0.0480493
262  324  0.20769
262  325  0.0230496
262  326  0.051671
265  321  0.980779
266  320  0.997489
267  319  0.998881
268  318  0.998143
269  317  0.998336
270  316  0.343165
271  315  0.346419
272  314  0.99897
274  311  0.0161824
274  312  0.980557
275  311  0.981301
276  309  0.506206
276  310  0.493476
277  308  0.992583
278  307  0.99297
279  306  0.996975
280  305  0.997327
281  304  0.997278
282  303  0.990189
284  300  0.747317
284  301  0.0684031
285  299  0.953387
285  300  0.0360984
286  298  0.995848
287  297  0.993522
288  296  0.7766
289  296  0.103748
290  295  0.195542
362  378  0.035724
362  387  0.0136152
363  377  0.0362576
363  386  0.0140397
364  385  0.0140867
364  423  0.055714
364  529  0.0110956
364  606  0.0179522
364  623  0.0103885
364  628  0.492747
365  375  0.0685264
365  422  0.0554665
365  458  0.0192013
365  528  0.0112525
365  605  0.017717
365  622  0.017561
365  627  0.487779
366  374  0.068675
366  457  0.0193014
366  527  0.0113481
366  621  0.0176036
367  373  0.0680927
367  456  0.0193104
367  526  0.0113662
368  421  0.226255
368  455  0.0170816
368  525  0.0114225
368  619  0.0394569
368  626  0.556209
369  420  0.228576
369  524  0.0114176
369  618  0.0394621
369  625  0.562464
370  419  0.229651
370  454  0.0141598
370  523  0.0114167
370  617  0.0385597
370  624  0.562085
371  453  0.0119322
371  522  0.0111272
371  623  0.442351
373  386  0.0105865
373  393  0.0128793
373  416  0.852779
374  383  0.0111354
374  385  0.0119826
374  392  0.0128929
374  415  0.853954
375  382  0.0111048
375  391  0.012849
375  414  0.853918
376  383  0.0689735
376  385  0.0337969
376  413  0.809897
376  626  0.0148282
377  382  0.0685861
377  384  0.0343885
377  412  0.795896
377  625  0.0149406
378  383  0.034289
378  411  0.717299
378  624  0.0149526
382  392  0.0682301
382  410  0.701889
382  622  0.0154832
383  391  0.0684166
383  409  0.70193
383  586  0.0194418
383  621  0.0154934
384  585  0.0198898
384  620  0.0141841
385  584  0.01994
386  405  0.0166656
386  406  0.145095
386  583  0.0198553
386  618  0.0124595
387  582  0.0194066
387  617  0.012628
388  581  0.0178349
390  402  0.701508
391  401  0.739819
391  446  0.0103363
391  578  0.0102752
391  596  0.012592
392  400  0.744929
392  445  0.0103398
392  595  0.0125976
393  399  0.724655
393  444  0.0103322
393  594  0.0125899
397  457  0.025756
398  412  0.0566601
398  456  0.0273766
399  411  0.149826
399  453  0.0115794
399  455  0.0275499
400  410  0.151574
400  452  0.0181089
400  454  0.0262937
400  480  0.0111531
401  408  0.0100853
401  409  0.147254
401  451  0.0213729
401  479  0.0113587
402  407  0.0183911
402  408  0.135998
402  450  0.0233411
402  478  0.0113748
403  449  0.0233128
403  477  0.0114359
408  447  0.0461681
409  434  0.0237924
409  446  0.0520496
409  894  0.0137479
410  433  0.0237928
410  445  0.0520629
410  893  0.0148117
411  444  0.0520283
411  892  0.0148218
412  431  0.100994
412  891  0.0169137
413  430  0.101105
413  890  0.0169143
414  429  0.100976
414  889  0.0168932
415  888  0.0168168
416  427  0.104898
416  853  0.0104998
417  426  0.114975
417  623  0.093841
417  852  0.0105146
418  425  0.116497
418  622  0.564923
419  424  0.113777
419  621  0.565313
419  850  0.0126269
420  620  0.383121
420  849  0.0126518
422  601  0.719527
422  847  0.0181502
423  600  0.726249
423  846  0.0185866
424  599  0.728645
424  845  0.0186072
425  598  0.728443
427  446  0.0184468
427  596  0.72861
427  842  0.0189322
428  445  0.018502
428  595  0.728838
428  601  0.0198024
428  841  0.0192289
429  444  0.0185175
429  594  0.728778
429  600  0.0200759
429  840  0.0192359
430  443  0.0188571
430  593  0.724369
430  599  0.0203498
430  839  0.0192661
431  442  0.0186238
431  592  0.721697
431  598  0.0203504
431  838  0.0192575
432  597  0.020341
432  725  0.0167927
433  443  0.146401
433  570  0.0148004
433  581  0.0101921
433  588  0.0168307
433  596  0.0203476
433  724  0.0191529
434  442  0.145356
434  569  0.016696
434  580  0.0122126
434  586  0.108599
434  589  0.436954
434  595  0.0172244
434  723  0.0191509
435  579  0.0120497
435  585  0.108912
435  588  0.423013
435  722  0.0176704
436  584  0.108237
437  577  0.0138295
437  586  0.407557
438  576  0.0145461
438  582  0.0510262
438  585  0.400258
439  573  0.0122484
439  575  0.0122492
439  581  0.0480821
440  572  0.0123171
441  579  0.113232
441  582  0.312864
442  570  0.0641424
442  578  0.126198
442  581  0.345035
442  717  0.0191923
443  569  0.0701041
443  577  0.12686
443  580  0.346089
443  716  0.0191907
444  473  0.867552
445  472  0.870081
446  471  0.870254
447  470  0.868069
448  469  0.869333
449  468  0.868453
450  467  0.783173
453  465  0.0109236
453  466  0.0339869
456  463  0.0672131
456  464  0.681123
457  463  0.648492
457  500  0.0243786
458  499  0.0244435
459  498  0.0229358
460  497  0.0166485
463  469  0.0298006
464  468  0.0185812
466  570  0.014102
467  569  0.0156763
468  498  0.0146605
468  568  0.0171202
469  497  0.0220174
469  567  0.0171115
470  496  0.0631435
470  566  0.0168172
471  495  0.0641951
471  565  0.0122759
472  494  0.0642228
473  493  0.0642343
474  492  0.0558832
474  573  0.011844
475  491  0.0394648
475  572  0.0127602
475  579  0.0262692
475  582  0.0643263
476  491  0.0150755
476  570  0.355419
476  578  0.0285658
476  581  0.070508
477  569  0.389329
477  577  0.0290674
477  580  0.0722815
477  664  0.0304889
478  489  0.0466619
478  564  0.268383
478  566  0.0367578
478  568  0.379744
478  576  0.0251901
478  579  0.0733023
478  663  0.0312853
479  488  0.0627805
479  563  0.268901
479  565  0.0360543
479  575  0.0226344
479  578  0.0733348
479  662  0.031467
480  487  0.0628556
480  562  0.266698
480  577  0.0726759
480  661  0.0315122
481  486  0.0456279
481  660  0.0314781
482  563  0.472825
482  659  0.0313894
483  562  0.514408
483  658  0.0312469
484  561  0.516479
485  559  0.610317
485  560  0.259103
486  558  0.912414
486  568  0.0101764
487  557  0.912294
487  567  0.0100191
488  554  0.0135038
488  555  0.0113057
488  556  0.881847
489  553  0.0278182
489  554  0.0205443
489  555  0.746756
491  551  0.743047
491  552  0.0416328
491  553  0.021077
492  550  0.891186
492  551  0.0216936
493  549  0.926483
494  548  0.926551
495  546  0.744184
496  545  0.742106
496  546  0.179493
497  545  0.124914
498  720  0.0111509
499  543  0.926705
499  719  0.0121377
500  542  0.928355
500  718  0.0121894
501  541  0.924766
501  717  0.0122368
502  716  0.0122367
503  539  0.89563
503  715  0.0118614
504  538  0.878373
505  666  0.0105986
506  665  0.0119447
507  535  0.918044
507  664  0.0120495
508  534  0.924794
508  663  0.0118109
509  533  0.924235
509  662  0.0118009
510  531  0.0182945
510  532  0.896865
510  661  0.0117646
511  529  0.960667
512  528  0.967576
513  527  0.968453
514  526  0.968384
515  525  0.965094
515  645  0.0106104
516  524  0.780073
516  644  0.0105878
517  643  0.0105864
518  642  0.0105098
519  641  0.0101391
529  621  0.0106738
530  620  0.0130408
531  549  0.0228009
531  619  0.0137312
532  548  0.022823
532  617  0.0229603
533  547  0.022094
533  616  0.0230999
534  546  0.0202718
534  615  0.0231045
535  543  0.0145129
535  596  0.0264051
536  542  0.0141336
536  595  0.0264317
537  594  0.0264346
538  593  0.0263343
539  592  0.0260658
541  569  0.0166171
542  568  0.0187159
545  565  0.0192529
546  564  0.0202701
547  563  0.0202694
548  562  0.0180207
560  570  0.0329341
561  569  0.0357732
562  568  0.0391894
564  569  0.011075
570  589  0.117238
571  588  0.189906
572  587  0.2063
572  590  0.0245011
573  586  0.208917
573  589  0.0269152
574  585  0.209952
574  588  0.0274896
575  584  0.209714
575  587  0.0276704
576  583  0.203281
576  654  0.0249907
577  582  0.192143
577  653  0.0338992
578  584  0.025491
578  652  0.0338756
579  651  0.0338275
580  650  0.0335234
581  590  0.0111542
581  649  0.0333188
582  589  0.0158162
582  648  0.0328148
583  588  0.019855
583  647  0.0297621
584  626  0.0665608
585  625  0.0746431
586  624  0.0782218
587  623  0.0767306
589  622  0.0335074
591  620  0.0905314
592  619  0.0936714
592  657  0.0118924
593  618  0.093664
593  656  0.0119139
594  617  0.0934396
594  655  0.0119232
595  653  0.0115216
596  615  0.0511335
596  652  0.0115787
597  613  0.0873202
597  614  0.0258675
598  608  0.0121772
598  612  0.126432
599  607  0.0141352
599  611  0.127333
600  606  0.0314973
600  610  0.129159
601  605  0.0195198
601  609  0.12837
602  608  0.126223
603  607  0.0733378
607  617  0.337057
607  619  0.2663
608  616  0.179407
608  618  0.26657
609  615  0.0191784
609  616  0.583797
610  615  0.759265
626  644  0.029841
627  643  0.0552983
628  642  0.0553795
628  951  0.0196274
629  639  0.0946569
629  950  0.0198193
630  638  0.172514
630  641  0.0336212
630  949  0.019808
631  637  0.171301
631  640  0.0333206
631  650  0.0678482
631  948  0.0154818
632  636  0.0652154
632  649  0.0690904
632  947  0.0145204
633  648  0.0715988
633  946  0.0133666
634  645  0.0104708
634  647  0.0745216
635  644  0.0104677
635  646  0.0747485
635  831  0.016746
636  830  0.0169972
637  643  0.017134
637  644  0.0759396
637  829  0.0170295
638  642  0.0106626
638  643  0.07342
638  828  0.0170224
639  827  0.0154845
642  826  0.0167773
643  825  0.0168374
644  824  0.0165888
646  730  0.0136431
647  729  0.022496
648  728  0.0256825
649  727  0.0273231
650  726  0.0277547
651  725  0.0302262
652  724  0.0308633
653  723  0.0308562
654  722  0.0272044
656  719  0.0263813
656  970  0.0110446
657  718  0.0289764
657  969  0.0118689
658  717  0.0289284
659  716  0.0277591
661  715  0.0177103
661  966  0.0287746
662  714  0.0166897
662  965  0.0315197
663  964  0.0317872
664  963  0.0322301
665  962  0.0319181
666  961  0.0278022
667  715  0.0341607
668  713  0.0578285
668  714  0.0247655
668  959  0.0138681
669  712  0.0778516
669  713  0.015382
669  958  0.0156442
670  711  0.10029
670  957  0.0157147
671  710  0.100332
671  956  0.0155758
672  709  0.100345
673  708  0.0969667
675  897  0.0195949
676  705  0.104948
676  896  0.0283317
677  704  0.106636
677  895  0.0371341
678  703  0.099146
678  894  0.0327172
678  897  0.0203503
678  954  0.0104856
679  894  0.0314187
679  896  0.0266664
679  953  0.0104524
680  701  0.0994544
680  867  0.0184939
680  893  0.0177498
680  895  0.0323082
681  700  0.113238
681  866  0.0246322
681  893  0.502017
682  699  0.113686
682  865  0.025062
682  892  0.768963
683  698  0.113022
683  864  0.0243798
683  891  0.784138
684  890  0.78411
685  696  0.106867
685  861  0.0674016
685  889  0.729895
686  695  0.0972798
686  860  0.0833834
686  888  0.605475
687  859  0.0960364
687  867  0.0559109
687  888  0.0655664
688  855  0.0131796
688  858  0.0891639
688  866  0.0508381
690  853  0.622557
690  865  0.018085
690  867  0.0166884
691  852  0.621853
693  850  0.820005
694  849  0.825863
695  848  0.826563
696  847  0.557103
697  846  0.286448
697  847  0.302101
698  846  0.573695
699  845  0.844245
700  843  0.0125993
700  844  0.842105
701  842  0.0106338
701  843  0.822013
702  842  0.745717
703  720  0.277985
703  841  0.533657
704  719  0.553034
705  718  0.580534
705  720  0.0318314
705  840  0.0767532
706  717  0.60623
706  719  0.0364552
706  724  0.0683878
706  839  0.0784795
707  716  0.595452
707  718  0.0364486
707  723  0.0684792
707  838  0.078634
708  714  0.023733
708  716  0.0200626
709  715  0.216103
709  725  0.0149457
710  717  0.103973
710  719  0.116184
710  724  0.0169108
711  716  0.103832
711  718  0.119544
711  723  0.0167656
712  717  0.110177
712  722  0.0100565
716  724  0.0115018
717  723  0.0113734
722  840  0.417831
722  958  0.0148168
723  839  0.693373
723  957  0.0178837
724  838  0.663308
724  956  0.0178777
725  838  0.0854438
725  955  0.0107724
726  837  0.962638
727  836  0.9639
728  835  0.967058
729  834  0.969067
730  833  0.968347
731  821  0.0149678
731  832  0.969142
732  820  0.0168147
732  831  0.96957
733  819  0.0170578
733  830  0.970326
734  818  0.0170332
734  829  0.97121
735  817  0.0169356
735  828  0.970423
740  763  0.981222
741  762  0.990925
742  761  0.991655
743  760  0.992749
744  758  0.992683
745  757  0.993726
746  756  0.993506
747  755  0.991981
748  754  0.986078
749  753  0.375403
766  814  0.986522
767  813  0.989952
768  812  0.991832
769  811  0.991914
770  810  0.991065
772  808  0.776812
773  807  0.988313
774  806  0.987937
776  803  0.179351
777  803  0.277929
778  801  0.884966
778  803  0.0394268
779  800  0.929704
779  802  0.0390673
780  799  0.941404
781  798  0.941403
781  801  0.0494301
782  797  0.94175
782  800  0.0504111
783  796  0.936283
783  799  0.0504143
785  793  0.0350071
785  797  0.0503404
786  793  0.742595
786  796  0.0502457
787  792  0.772134
787  795  0.0514762
816  826  0.974764
817  825  0.975655
818  824  0.966943
819  823  0.368087
839  936  0.0854347
840  935  0.10085
841  934  0.104096
842  933  0.104059
843  932  0.103881
844  931  0.104203
845  930  0.104291
846  929  0.103038
847  928  0.101394
847  957  0.0104519
848  866  0.0200698
848  926  0.0862352
848  956  0.0105732
849  865  0.0233959
849  925  0.0858271
849  955  0.0112112
850  864  0.0296195
850  924  0.081628
850  954  0.0115443
851  863  0.0297626
851  953  0.0114911
852  857  0.0158997
852  862  0.0291534
852  865  0.0300854
852  952  0.0107952
853  861  0.0246196
853  864  0.0616516
853  901  0.0108227
854  863  0.0570065
859  864  0.0527421
859  897  0.138188
860  896  0.14812
861  895  0.153784
862  894  0.155528
863  893  0.155609
864  892  0.156025
865  889  0.0114199
865  891  0.155967
867  889  0.137608
868  887  0.992738
869  886  0.995694
870  885  0.994339
871  884  0.994875
872  883  0.997106
873  882  0.997773
874  881  0.820687
875  881  0.0178967
876  880  0.0280376
900  923  0.0260586
900  924  0.0414725
902  922  0.640059
903  921  0.996904
904  920  0.998444
905  919  0.996275
906  918  0.974176
907  917  0.975793
909  916  0.995638
910  915  0.995129
923  951  0.025262
925  949  0.881587
926  948  0.883698
927  947  0.885261
928  946  0.885859
929  945  0.878894
930  944  0.673943
932  941  0.0537823
933  941  0.198803
934  942  0.148077
935  940  0.416662
942  954  0.0150389
943  953  0.0149305
944  952  0.0143773
