1  248  0.0519227
1  786  0.12286
2  20  0.426583
2  247  0.0879725
2  538  0.0466237
2  785  0.151442
2  800  0.0487088
3  19  0.514556
3  246  0.0987233
3  537  0.0561906
3  799  0.0552816
4  18  0.514057
4  245  0.0982156
4  536  0.0559623
4  783  0.202152
4  798  0.0557862
5  17  0.51508
5  167  0.0772941
5  782  0.202555
6  16  0.515275
6  166  0.112582
6  781  0.203091
7  15  0.443479
7  780  0.202414
8  535  0.0589205
8  779  0.19394
9  13  0.0103584
9  163  0.182735
9  534  0.0632056
9  778  0.170851
10  162  0.303302
10  533  0.0649149
11  161  0.375946
11  532  0.0651241
12  160  0.377017
12  531  0.0651253
13  159  0.297209
13  530  0.0648293
14  158  0.281983
14  529  0.0638711
15  157  0.215029
15  527  0.0111558
15  528  0.0503884
16  157  0.0213201
16  526  0.022293
17  140  0.0869189
17  525  0.0203364
17  527  0.0212086
18  139  0.111285
18  154  0.0434039
18  525  0.0105638
18  526  0.0212206
19  138  0.113138
19  525  0.0213115
20  137  0.0939379
20  153  0.0115034
21  152  0.0102933
21  153  0.143465
21  522  0.0510254
22  152  0.166561
22  521  0.0563661
23  151  0.1574
23  520  0.0571841
23  801  0.0111231
24  89  0.089526
24  519  0.0571346
24  800  0.0188225
25  88  0.127175
25  90  0.0293022
25  149  0.218874
25  164  0.0210393
25  518  0.0563784
25  798  0.120935
25  799  0.0125956
26  89  0.0289205
26  148  0.248013
26  163  0.0206171
26  496  0.0193183
26  517  0.052156
26  797  0.118762
27  85  0.399914
27  88  0.0210055
27  147  0.249429
27  162  0.0156762
27  495  0.0836013
27  798  0.0122084
28  84  0.519841
28  146  0.249621
28  161  0.0147987
28  494  0.0836703
28  796  0.10978
29  83  0.525715
29  145  0.24914
29  493  0.0836363
29  795  0.0419861
30  82  0.536539
30  144  0.249494
30  492  0.0836922
30  794  0.043495
31  81  0.303543
31  143  0.249036
31  491  0.0836869
31  793  0.111348
32  142  0.231541
32  490  0.0833455
32  792  0.105452
33  79  0.664125
33  489  0.0800089
34  78  0.769478
34  488  0.0683336
34  790  0.0100412
35  77  0.793371
35  389  0.0579367
35  788  0.0827515
36  76  0.796536
36  388  0.0801761
36  787  0.0930243
37  75  0.796842
37  387  0.0826162
37  786  0.0942921
38  74  0.798198
38  386  0.0830619
38  785  0.0944363
38  791  0.0183955
39  73  0.798311
39  385  0.0831343
39  784  0.0943271
39  790  0.0187902
40  59  0.0422701
40  72  0.636428
40  383  0.0836614
40  789  0.0186983
41  58  0.0544379
41  382  0.083656
41  788  0.0170749
42  57  0.0281274
42  71  0.0114752
42  381  0.0836428
43  57  0.858593
43  380  0.0837436
44  56  0.910349
44  379  0.0837421
45  55  0.910773
45  378  0.0837212
46  54  0.910224
46  377  0.0793579
47  53  0.908474
48  52  0.34583
48  376  0.0191937
49  375  0.0192595
50  373  0.0585388
50  374  0.0167524
51  372  0.0751067
52  371  0.0836619
53  370  0.0836636
54  369  0.0828053
55  368  0.0801608
56  344  0.0258452
56  366  0.0359732
57  343  0.0259694
57  365  0.0334976
58  342  0.0259799
59  341  0.0259178
59  784  0.0117149
60  70  0.0212614
60  71  0.567294
60  72  0.0404668
60  179  0.0170453
60  340  0.0251119
60  783  0.108971
61  69  0.0206709
61  70  0.805259
61  339  0.0204228
61  782  0.111831
62  68  0.0133998
62  69  0.803074
62  177  0.0181951
62  338  0.0138284
62  781  0.112965
63  68  0.527912
63  176  0.0181957
63  780  0.112913
64  175  0.0181964
64  779  0.112835
65  174  0.0182012
65  188  0.0237016
65  778  0.112756
66  173  0.0149834
66  187  0.0238025
68  730  0.012902
69  184  0.0246216
69  729  0.0135209
70  180  0.0117847
70  183  0.0245666
71  730  0.0125655
72  178  0.0857682
72  729  0.0134697
73  177  0.154604
74  176  0.154739
75  175  0.154079
77  173  0.148061
79  171  0.165686
80  170  0.192929
81  169  0.194836
82  168  0.197304
83  167  0.199066
84  166  0.199137
85  141  0.271889
85  165  0.17035
86  140  0.510815
87  139  0.569478
87  163  0.0658328
88  138  0.574957
89  137  0.549692
89  162  0.190861
90  161  0.198716
91  160  0.198569
92  135  0.876878
92  798  0.0629264
93  134  0.928601
93  797  0.0630863
94  133  0.932079
94  796  0.0630975
95  132  0.932106
95  795  0.0627976
96  104  0.0505338
97  103  0.04994
97  130  0.0392504
97  131  0.894687
98  130  0.893453
99  129  0.899243
100  128  0.854591
103  125  0.918768
104  124  0.932666
105  123  0.934159
105  793  0.021734
106  792  0.0202856
107  122  0.935598
108  121  0.978524
109  120  0.997746
110  119  0.999513
111  118  0.999431
112  117  0.972059
122  791  0.0436947
123  790  0.0544161
124  789  0.0557831
125  788  0.0555229
126  787  0.0486408
128  785  0.0400314
129  784  0.042619
129  785  0.0141316
130  783  0.0402617
131  782  0.0375857
131  783  0.0190997
132  781  0.0350277
132  782  0.02185
133  780  0.0246399
133  781  0.024569
134  780  0.0269882
135  779  0.0263609
142  159  0.360368
143  158  0.40841
143  796  0.287143
144  157  0.439432
144  795  0.28874
145  156  0.449329
145  794  0.288283
146  155  0.448667
146  793  0.288705
147  154  0.447588
147  792  0.28621
148  153  0.421214
149  791  0.259483
150  790  0.0701165
152  788  0.270863
153  787  0.283134
154  786  0.283812
155  785  0.284109
156  784  0.284201
157  783  0.272548
158  741  0.0723405
158  780  0.0115869
158  781  0.0114099
158  782  0.156371
159  740  0.0726073
159  779  0.0216406
160  739  0.0732607
160  774  0.014116
160  777  0.01563
160  781  0.109587
161  738  0.0731945
161  777  0.0277249
161  780  0.0959225
162  737  0.0682097
162  744  0.230465
162  776  0.0173278
162  779  0.06558
163  743  0.386585
164  174  0.0131593
164  180  0.0211572
164  742  0.403984
164  778  0.0207556
165  173  0.0126075
165  179  0.0259564
165  246  0.0105997
165  741  0.462925
166  178  0.0253781
166  740  0.447081
167  172  0.0193904
167  244  0.113981
167  736  0.0103147
167  740  0.0182755
168  177  0.0117847
168  243  0.219385
168  735  0.0107464
168  738  0.0793943
168  739  0.366985
169  242  0.234837
169  738  0.365724
170  241  0.234778
171  240  0.234138
172  239  0.234386
172  733  0.0593098
173  238  0.234849
173  732  0.0644825
173  734  0.0263107
173  736  0.0379907
174  237  0.235064
174  733  0.0236145
174  735  0.0404366
175  236  0.233933
175  733  0.0145626
176  235  0.212645
176  730  0.505423
177  729  0.537885
178  212  0.0118736
178  232  0.0101037
178  233  0.105738
178  728  0.548749
178  741  0.0220065
179  211  0.0118746
179  740  0.0220516
179  742  0.011371
180  230  0.208721
180  364  0.0517097
180  726  0.579358
180  739  0.0160767
180  741  0.018514
181  208  0.0119477
181  229  0.209624
181  363  0.0517438
181  725  0.581041
181  740  0.0184872
182  207  0.0121187
182  228  0.100605
182  362  0.0516987
182  724  0.580397
182  729  0.0359535
183  206  0.0121438
183  226  0.0353187
183  227  0.0677622
183  361  0.0515526
183  723  0.524167
183  728  0.0934509
184  204  0.0121558
184  225  0.0357115
184  226  0.175968
184  309  0.025055
184  360  0.0288148
184  722  0.525258
184  727  0.0935692
185  203  0.0122519
185  224  0.136258
185  225  0.037667
185  308  0.0289104
185  359  0.015928
185  721  0.575925
185  726  0.0935785
186  202  0.0122901
186  223  0.134237
186  307  0.0290059
186  725  0.0935669
187  223  0.0716078
187  306  0.0114438
187  719  0.583075
187  724  0.0839498
188  221  0.0136543
188  222  0.146086
188  305  0.0108263
188  718  0.595836
188  723  0.062695
189  198  0.0890427
189  221  0.139582
189  304  0.0283522
189  336  0.0518559
189  717  0.596052
189  722  0.0266179
190  197  0.0892148
190  303  0.0270903
190  335  0.0521279
190  716  0.595667
191  196  0.0855362
191  220  0.0665869
191  334  0.0522688
191  715  0.594741
192  198  0.0238892
192  219  0.0648213
192  300  0.0154937
192  333  0.0523451
192  679  0.0255222
192  714  0.591007
193  299  0.0156274
193  332  0.050308
193  678  0.0244567
194  686  0.24065
195  217  0.031114
195  676  0.0115327
195  685  0.259634
195  687  0.0574773
195  691  0.0562437
196  216  0.0288884
196  684  0.240494
196  686  0.0542115
196  689  0.0918819
196  690  0.0321567
197  218  0.0737028
197  295  0.0247605
197  328  0.0517516
197  658  0.0142467
197  683  0.234002
197  685  0.0375181
197  688  0.140112
198  217  0.0760752
198  294  0.0313421
198  327  0.0538053
198  682  0.230656
198  687  0.141947
199  215  0.180399
199  216  0.0216844
199  222  0.0166557
199  293  0.0318858
199  326  0.0538526
199  656  0.240106
199  657  0.126467
199  660  0.067471
199  686  0.0297712
200  214  0.182302
200  215  0.0201918
200  221  0.0166682
200  292  0.0320219
200  325  0.0539674
200  655  0.487922
200  656  0.0634009
200  659  0.0663534
201  213  0.183668
201  220  0.0166361
201  291  0.0320091
201  324  0.0538751
201  654  0.617749
201  658  0.0392787
202  212  0.184093
202  214  0.0187557
202  219  0.0162675
202  290  0.0320236
202  323  0.0536822
202  653  0.664871
203  211  0.183444
203  213  0.0179501
203  289  0.0319904
203  322  0.0532173
203  652  0.673335
204  297  0.0372351
204  651  0.673021
205  212  0.05396
205  296  0.0484997
205  650  0.673404
206  211  0.0532081
206  294  0.028087
206  295  0.0275582
206  649  0.673215
207  293  0.0491541
208  292  0.0492009
208  647  0.671486
209  291  0.0248263
209  646  0.672399
210  291  0.0306709
210  645  0.67124
211  290  0.0554574
211  644  0.672585
212  289  0.0554117
212  643  0.672329
213  285  0.0525615
213  288  0.0360644
213  639  0.0127581
213  642  0.488727
214  284  0.0909499
214  638  0.0151722
215  283  0.0911311
215  637  0.0150203
215  638  0.0248886
216  282  0.0910849
216  637  0.0251313
217  233  0.0133295
217  281  0.0911293
217  636  0.0300036
217  641  0.0275889
218  232  0.0133027
218  563  0.0115198
218  635  0.0267434
218  640  0.0285872
218  641  0.0137176
219  280  0.0909035
220  230  0.0257647
220  279  0.0911146
220  561  0.592376
220  639  0.0552856
221  229  0.0257898
221  278  0.0912483
221  560  0.592809
221  638  0.0553835
222  228  0.0249584
222  277  0.0908917
222  559  0.592584
222  637  0.0553742
223  273  0.0903291
223  558  0.550974
223  636  0.0422266
224  272  0.0921768
224  557  0.502344
225  271  0.0921482
225  556  0.291025
226  270  0.0921702
226  556  0.0930948
226  557  0.146972
227  269  0.0908001
227  556  0.241197
228  268  0.0893906
228  555  0.653
229  267  0.0735415
229  554  0.654274
230  553  0.653021
231  548  0.329904
232  263  0.0451524
232  547  0.360485
233  262  0.047426
233  263  0.0232965
233  546  0.362194
234  261  0.0446373
234  262  0.0215146
234  550  0.0400464
235  543  0.340222
235  549  0.042293
236  259  0.0125722
236  542  0.367804
236  547  0.143919
236  548  0.0222844
237  541  0.377418
237  546  0.16829
238  257  0.0241044
238  540  0.37698
238  545  0.121526
239  256  0.0255871
239  539  0.371074
240  538  0.328731
241  535  0.121899
242  534  0.12342
243  534  0.230666
244  254  0.0829886
244  533  0.639977
245  253  0.08556
245  532  0.664567
245  796  0.112341
246  252  0.0848175
246  531  0.664715
246  795  0.113016
247  251  0.03229
247  530  0.663156
247  794  0.110427
248  528  0.222803
248  529  0.441337
248  792  0.0695262
249  527  0.444963
249  528  0.221152
249  791  0.0715871
249  797  0.0483135
250  526  0.667004
250  790  0.0715205
250  796  0.0533305
251  525  0.665921
251  791  0.0566516
251  795  0.0230933
252  524  0.666994
252  794  0.0210173
253  523  0.665245
253  789  0.182263
253  793  0.0475009
254  788  0.191586
254  792  0.0403013
255  787  0.21534
255  791  0.015884
256  521  0.603639
256  786  0.228626
257  520  0.665611
257  785  0.232202
258  519  0.667988
258  784  0.232455
259  518  0.667528
259  783  0.232367
260  517  0.667464
261  516  0.569078
261  782  0.232191
262  330  0.521103
262  333  0.0105205
262  781  0.232313
263  329  0.52439
263  332  0.0105396
263  780  0.231915
264  328  0.516242
264  331  0.0103273
264  514  0.109269
264  779  0.232152
265  327  0.510586
265  513  0.111267
265  778  0.231987
266  326  0.366916
266  512  0.0918377
266  771  0.108726
267  328  0.0586336
267  770  0.1109
268  322  0.0192997
268  327  0.068276
268  510  0.0564261
268  769  0.19185
269  326  0.0772748
269  509  0.0470745
269  768  0.192535
270  300  0.140421
270  325  0.0863735
270  333  0.0296259
270  336  0.0182979
270  767  0.191645
271  299  0.139785
271  332  0.0294377
271  335  0.0181421
272  281  0.0135737
272  296  0.337834
272  323  0.0292613
272  511  0.0169511
272  764  0.155043
272  767  0.0122013
273  280  0.013558
273  295  0.33546
273  322  0.0379661
273  510  0.0172088
273  763  0.157222
273  766  0.0122347
274  279  0.0102665
274  509  0.0154661
275  295  0.188798
275  328  0.0354624
275  762  0.202245
276  294  0.0676974
276  327  0.0137067
276  331  0.0236645
276  334  0.0116594
276  761  0.205305
277  293  0.368265
277  326  0.0169486
277  330  0.0266825
277  333  0.0129699
277  760  0.208809
278  292  0.555563
278  325  0.0452444
278  329  0.0266666
278  332  0.0127969
278  759  0.208442
278  760  0.0193853
279  291  0.555855
279  324  0.045291
279  328  0.0260994
279  331  0.0127825
280  290  0.556163
280  323  0.0453947
280  330  0.0122674
280  758  0.232514
281  289  0.552525
281  322  0.0452615
281  327  0.02133
281  757  0.232571
282  287  0.0255844
282  303  0.024108
282  326  0.0198093
282  756  0.232451
283  288  0.0489175
283  302  0.0345249
283  319  0.0129173
283  325  0.0152211
283  326  0.0221616
283  755  0.232574
284  301  0.0346875
284  318  0.0129871
284  325  0.0281218
284  754  0.23196
285  317  0.0128672
285  324  0.0320328
285  753  0.078831
286  299  0.0328916
286  323  0.0314048
287  298  0.0329094
287  316  0.0160489
287  322  0.0262259
288  315  0.0182046
288  321  0.0177013
288  753  0.15112
289  296  0.0778618
289  314  0.0188755
289  752  0.232896
290  295  0.0757772
290  313  0.0188761
290  751  0.233098
291  312  0.0185135
291  750  0.232993
292  749  0.233092
293  310  0.0163495
293  748  0.232687
294  309  0.0191814
294  747  0.233068
295  308  0.0191851
295  746  0.23308
296  307  0.0182315
296  745  0.23295
302  322  0.0413221
303  322  0.338985
303  730  0.119746
304  321  0.756251
304  729  0.128705
305  320  0.779697
306  319  0.790241
306  727  0.138772
307  318  0.790398
307  726  0.139091
308  317  0.784707
308  725  0.137781
309  315  0.0115554
309  316  0.758197
310  314  0.010654
310  356  0.0275812
310  653  0.159426
311  315  0.0150663
311  355  0.027592
311  652  0.159522
312  651  0.159462
313  353  0.0181895
313  650  0.159573
314  352  0.0276656
314  649  0.15957
315  351  0.0277292
315  648  0.159277
316  350  0.0277095
316  647  0.154236
317  612  0.152892
318  611  0.153136
319  610  0.153134
320  609  0.13392
321  345  0.0280081
321  608  0.0743309
321  609  0.01896
322  344  0.0367582
322  608  0.0779838
323  343  0.0368948
323  607  0.136865
324  342  0.0369127
324  579  0.0689802
324  606  0.135484
325  341  0.036619
325  578  0.0856418
325  605  0.133228
326  577  0.0296616
327  339  0.0229106
327  576  0.0307243
327  604  0.0300721
328  338  0.0331788
328  575  0.0869752
329  337  0.0319685
329  574  0.0870158
330  513  0.0117233
330  573  0.0870206
330  603  0.139238
331  512  0.0394861
331  572  0.0869445
331  602  0.144946
332  514  0.134239
332  571  0.0867863
332  601  0.145305
333  510  0.21803
333  513  0.141327
333  570  0.0866303
333  600  0.145398
334  509  0.225007
334  512  0.130112
334  569  0.0741288
334  599  0.144859
335  497  0.0727821
335  508  0.227772
335  568  0.0320464
335  598  0.144398
336  496  0.0827917
336  510  0.0568887
336  568  0.0121752
337  495  0.0837098
337  507  0.617292
337  597  0.143188
338  494  0.0835084
338  506  0.624131
338  596  0.142821
339  493  0.0768857
339  505  0.632437
339  595  0.128598
340  504  0.63332
341  350  0.0128055
341  491  0.0833165
341  502  0.667995
341  593  0.10642
341  594  0.0122541
342  349  0.0138678
342  490  0.0838474
342  501  0.667738
342  592  0.124744
343  348  0.0109344
343  489  0.0838339
343  500  0.66861
343  591  0.117245
344  488  0.0837623
344  499  0.668444
345  487  0.0647496
345  498  0.606276
346  486  0.0521964
347  497  0.0215609
348  376  0.011498
348  497  0.0106403
349  375  0.0122122
349  590  0.146745
350  373  0.0867116
350  392  0.0265011
350  589  0.150233
351  367  0.0223467
351  372  0.0871456
351  391  0.0269012
351  496  0.342504
351  588  0.150305
352  364  0.049676
352  366  0.035757
352  371  0.0870771
352  390  0.0269268
352  396  0.076232
352  495  0.353346
352  587  0.150049
353  363  0.0496428
353  365  0.0180397
353  370  0.0748615
353  389  0.0267835
353  395  0.076966
353  494  0.352948
353  497  0.0383849
353  586  0.150194
354  362  0.049503
354  365  0.1448
354  388  0.0259413
354  394  0.0771791
354  493  0.351839
354  496  0.0392576
354  585  0.150007
355  361  0.0473785
355  364  0.197338
355  368  0.0330402
355  387  0.0221684
355  393  0.0773082
355  492  0.34922
355  495  0.0400024
355  584  0.150389
356  363  0.196703
356  367  0.0326293
356  392  0.0771621
356  494  0.0399997
356  583  0.15028
357  362  0.121798
357  391  0.066596
357  490  0.0488607
357  493  0.0374292
357  581  0.0349855
358  388  0.014798
358  490  0.0113428
359  386  0.0165014
360  488  0.391556
360  578  0.150019
361  385  0.0952291
361  487  0.392106
361  577  0.150166
362  384  0.104548
362  486  0.391251
362  576  0.149848
363  383  0.10469
363  485  0.391289
363  575  0.149888
364  382  0.104685
364  484  0.391605
364  574  0.149981
365  381  0.104562
365  483  0.36351
366  480  0.0189147
366  496  0.146775
366  573  0.14683
367  380  0.104229
367  478  0.0420344
367  481  0.214082
367  495  0.161451
367  572  0.146658
368  379  0.103854
368  477  0.0428372
368  480  0.308441
368  494  0.161453
368  571  0.146871
369  378  0.0991469
369  440  0.203918
369  490  0.0103784
369  493  0.150333
369  570  0.0675021
370  439  0.262412
370  478  0.105687
370  489  0.0368896
370  492  0.121854
370  569  0.0675146
371  438  0.262443
371  477  0.105675
371  488  0.10452
371  568  0.146456
372  418  0.0602715
372  436  0.10357
372  437  0.228727
372  476  0.0112678
372  491  0.0362107
372  567  0.0908785
373  417  0.0603762
373  435  0.104259
373  436  0.226829
373  486  0.108496
373  552  0.0216818
373  566  0.0445493
374  416  0.059863
374  434  0.0696085
374  485  0.115418
374  551  0.0217738
374  566  0.011582
375  415  0.0531118
375  484  0.11462
375  550  0.0214908
375  564  0.011371
375  565  0.0130803
376  483  0.0961081
376  549  0.0197591
377  398  0.670953
378  397  0.775981
379  396  0.775453
379  561  0.016178
380  560  0.0162263
381  394  0.775376
382  393  0.784975
383  392  0.785134
383  557  0.0153961
384  391  0.776878
384  556  0.0139724
385  390  0.666812
385  555  0.0129557
390  487  0.0141043
391  486  0.012878
392  485  0.0129959
393  484  0.0143267
393  487  0.0924731
394  483  0.0127321
394  486  0.0946106
395  485  0.0953347
396  484  0.0942628
399  434  0.202712
399  435  0.022645
399  482  0.535182
400  433  0.305846
400  434  0.0114043
400  481  0.536631
401  413  0.0580799
401  432  0.334001
401  475  0.0124646
401  480  0.53718
401  546  0.0119712
402  412  0.0583741
402  431  0.333987
402  474  0.0127106
402  479  0.536924
403  411  0.0581758
403  430  0.333605
403  473  0.0127835
403  478  0.537203
403  533  0.0292808
404  472  0.0128025
404  477  0.536983
404  532  0.0304027
405  410  0.0536874
405  417  0.10779
405  425  0.0634964
405  428  0.345635
405  434  0.010375
405  435  0.018001
405  471  0.0127894
405  476  0.0108986
406  416  0.109135
406  424  0.0628544
406  427  0.339618
406  433  0.0130224
406  434  0.0169862
406  470  0.0127026
406  530  0.0328399
407  415  0.107784
407  432  0.0138568
407  469  0.0112369
407  529  0.033551
408  414  0.101781
408  440  0.010666
408  441  0.028742
408  528  0.0347636
409  413  0.0248442
409  440  0.0328817
409  527  0.0352845
410  421  0.192394
410  438  0.0142679
410  526  0.0349705
411  421  0.037956
411  438  0.0561231
411  525  0.0345932
412  419  0.294314
412  421  0.0656732
412  462  0.0100066
413  418  0.30383
413  420  0.0835795
413  425  0.0168549
413  426  0.066401
413  436  0.232484
413  461  0.0103041
413  523  0.0213126
413  524  0.0143814
414  424  0.0167469
414  425  0.0728035
414  435  0.232865
414  460  0.0103027
414  522  0.0214197
414  523  0.0143717
415  423  0.0165117
415  424  0.0710479
415  434  0.224251
415  459  0.010036
415  521  0.0224952
415  522  0.0132005
416  520  0.0235262
417  432  0.0280899
417  519  0.0224231
418  432  0.0773081
418  451  0.0129318
418  519  0.0100371
419  431  0.0740493
419  433  0.0298007
419  450  0.0132819
420  432  0.0331954
420  449  0.0134126
420  517  0.0140454
421  428  0.0590407
421  430  0.0589256
421  431  0.0212269
421  448  0.0135138
421  502  0.0431213
421  516  0.0140925
422  447  0.0130145
422  501  0.0406627
422  515  0.0120734
425  499  0.0581786
425  513  0.0103275
426  498  0.0588185
427  497  0.0593785
428  442  0.0102577
428  496  0.0594056
429  441  0.0113149
430  494  0.0563975
431  440  0.135797
431  493  0.0564186
431  508  0.0166232
432  439  0.171001
432  492  0.0501671
432  507  0.0188635
433  438  0.138808
433  490  0.0121149
433  506  0.0188385
434  505  0.0188149
435  488  0.0558927
435  504  0.0140447
436  487  0.05589
438  481  0.0132724
438  485  0.0297655
439  480  0.0170924
439  484  0.0452189
440  479  0.0169204
440  483  0.0432465
442  476  0.938635
442  481  0.0103117
443  475  0.942183
443  480  0.0298104
444  474  0.940422
444  479  0.0288318
445  473  0.935246
446  472  0.933167
446  477  0.0175646
447  471  0.932884
447  473  0.0113649
447  476  0.0264847
448  472  0.0125518
448  475  0.0263434
449  470  0.934268
449  471  0.0127048
450  469  0.956557
451  468  0.960738
452  466  0.974915
453  465  0.988049
454  464  0.988459
455  463  0.987086
456  462  0.80109
477  500  0.0107333
478  499  0.0112047
479  498  0.0111196
483  496  0.0763734
484  495  0.156259
485  494  0.156261
486  493  0.156327
486  562  0.0200904
487  492  0.156469
487  561  0.0295165
489  559  0.0301751
490  558  0.0310887
491  557  0.031193
492  556  0.0311852
494  554  0.0327123
495  553  0.0327371
496  552  0.0327319
497  551  0.0322654
498  512  0.0110328
498  799  0.0120871
499  511  0.0142307
499  516  0.0114657
499  549  0.0250951
499  798  0.0140396
500  510  0.0137298
500  515  0.0124007
500  548  0.0292592
500  797  0.0139458
501  509  0.011729
502  513  0.0777572
502  546  0.0319444
502  795  0.0153809
503  512  0.0788384
503  545  0.0321132
503  794  0.0154759
504  511  0.0775525
504  544  0.0319453
504  567  0.10991
504  793  0.0154064
505  543  0.0305996
505  566  0.109495
507  541  0.0245365
507  564  0.161006
508  540  0.0231352
508  563  0.174132
509  519  0.0117221
509  539  0.0173835
509  562  0.175955
510  518  0.0467025
510  561  0.176618
511  517  0.046513
511  560  0.176594
512  559  0.172972
513  558  0.144712
517  554  0.181014
518  553  0.18293
519  552  0.182508
520  533  0.0199827
520  551  0.176821
521  532  0.0248
521  550  0.157441
522  532  0.0117215
522  547  0.0104201
523  531  0.0181409
524  529  0.0576717
524  546  0.136359
525  545  0.140956
526  544  0.141324
527  543  0.139904
529  540  0.0160583
530  538  0.11827
530  539  0.0120809
531  536  0.0328199
531  537  0.118379
532  536  0.0733224
534  544  0.363887
535  543  0.368901
536  542  0.370173
537  541  0.229307
540  800  0.0538381
541  799  0.0616042
542  798  0.0626387
543  797  0.0625934
544  796  0.0623911
545  795  0.0570493
546  552  0.0269911
546  794  0.0212742
547  551  0.0102933
549  787  0.0251358
550  786  0.0277842
551  785  0.0281491
552  784  0.0281623
553  561  0.0861741
553  639  0.0153403
554  560  0.086233
554  638  0.0153589
555  559  0.0534123
555  637  0.0153558
556  636  0.0145378
558  624  0.0270013
559  623  0.0686133
560  622  0.0688711
561  621  0.0688429
562  620  0.0549558
563  619  0.025329
564  642  0.0280775
564  781  0.0689332
565  617  0.0125783
565  620  0.489697
565  641  0.0167336
565  780  0.0709938
566  619  0.593742
566  779  0.0717685
567  618  0.607645
567  778  0.0718495
568  617  0.607036
568  741  0.0167919
568  777  0.05689
569  740  0.0169494
569  776  0.0520064
570  616  0.671996
570  739  0.0196943
571  615  0.672295
571  738  0.0196804
571  741  0.0539786
572  614  0.671714
572  737  0.0166163
572  740  0.0541312
573  613  0.671623
573  664  0.0131595
573  739  0.0544841
574  612  0.672348
574  663  0.0216079
574  738  0.0542489
575  611  0.608144
575  662  0.0217776
575  737  0.0539465
576  610  0.0762583
576  661  0.0221059
576  736  0.0533979
577  609  0.143146
577  660  0.0228638
577  735  0.0487701
578  608  0.672407
578  659  0.0230312
579  607  0.341154
579  658  0.0206297
580  607  0.338506
580  744  0.0707571
581  606  0.670666
581  655  0.0211568
581  743  0.0781783
582  605  0.671034
582  654  0.0232016
582  742  0.078929
583  604  0.68067
583  653  0.0233443
583  741  0.0801436
584  603  0.680224
584  652  0.0233401
584  729  0.0329856
584  740  0.0801393
585  602  0.54028
585  728  0.0313833
585  739  0.0714649
586  599  0.476813
586  602  0.0163654
587  598  0.526004
587  601  0.0237587
587  649  0.0205418
588  597  0.526534
588  599  0.0142621
588  648  0.0222873
588  670  0.120682
589  597  0.100101
589  599  0.0190946
589  602  0.0128498
589  647  0.0222921
589  669  0.121384
590  596  0.0921633
590  598  0.0182083
590  601  0.0184688
590  646  0.0221808
590  668  0.121183
591  595  0.0461777
591  600  0.0188195
591  645  0.0217493
591  667  0.120332
592  599  0.0181574
592  602  0.0153067
592  644  0.0195438
592  666  0.115655
593  598  0.0138483
593  601  0.0236262
593  643  0.0103286
594  600  0.0243302
594  610  0.016482
595  609  0.0164486
597  607  0.0181775
598  606  0.0183171
599  605  0.0181169
599  658  0.0717143
599  661  0.0109536
600  656  0.0313347
600  657  0.0774758
600  660  0.011706
601  655  0.0736198
601  656  0.0391674
602  654  0.113954
602  658  0.0138952
603  653  0.115754
603  657  0.0161164
604  652  0.115761
605  655  0.0154654
606  651  0.115916
606  654  0.0194416
607  650  0.116244
607  653  0.0196267
608  649  0.111286
608  652  0.0196232
609  651  0.0186022
610  648  0.117646
610  650  0.0134627
611  647  0.118302
613  645  0.145407
614  644  0.152217
615  643  0.142298
617  643  0.0746138
618  642  0.310435
619  641  0.310213
621  639  0.879398
622  638  0.880858
623  637  0.880406
624  633  0.0247298
624  636  0.843391
625  632  0.0269751
656  688  0.0254589
657  676  0.0113173
657  681  0.0422598
657  687  0.0311378
658  674  0.0659583
658  678  0.0132471
658  680  0.0399461
658  686  0.0317037
658  693  0.0287047
659  673  0.0835373
659  685  0.0312832
659  692  0.0384034
660  672  0.0835459
660  676  0.364583
660  691  0.0618702
661  671  0.0696617
661  675  0.377367
661  690  0.0622248
662  674  0.379136
662  689  0.0556455
663  673  0.379176
663  687  0.0176685
664  672  0.351252
664  687  0.0133069
666  687  0.0100278
667  686  0.010914
668  684  0.320572
669  683  0.34515
670  682  0.345685
670  729  0.0180541
671  681  0.133364
672  680  0.132718
672  727  0.13648
672  728  0.0123027
672  739  0.0155745
673  679  0.34369
673  726  0.138676
673  727  0.0106732
673  738  0.015674
674  725  0.139916
674  737  0.0156353
675  724  0.135778
675  736  0.0154837
676  723  0.121287
676  726  0.0131781
676  735  0.0132191
677  725  0.0136379
678  724  0.0129768
680  719  0.336576
681  718  0.401968
682  717  0.402144
683  716  0.401577
684  715  0.402082
685  714  0.402737
686  713  0.400404
687  711  0.0313445
687  712  0.336344
688  710  0.0193713
691  710  0.670997
691  711  0.0583735
692  709  0.958889
693  708  0.967623
694  707  0.994965
695  706  0.998327
696  705  0.997836
697  704  0.997248
698  703  0.754505
729  735  0.0198128
733  744  0.130467
734  743  0.141924
735  742  0.140171
742  774  0.313198
743  773  0.310272
745  771  0.66329
746  770  0.743167
747  769  0.744408
748  768  0.743004
749  767  0.743861
750  766  0.740613
753  764  0.75856
754  763  0.759902
755  762  0.758225
756  761  0.687346
766  777  0.0125985
768  775  0.0204605
769  774  0.025388
770  777  0.0906699
771  776  0.0662849
782  791  0.0362188
783  790  0.0393731
784  789  0.0365573
