2  17  0.109131
2  22  0.329276
2  25  0.0910902
3  15  0.0681051
3  16  0.128661
3  20  0.0122144
3  21  0.452402
3  24  0.206173
3  828  0.0162649
4  14  0.221389
4  20  0.473774
4  23  0.205746
5  13  0.222965
5  18  0.224903
5  19  0.3266
5  22  0.166125
6  12  0.221707
6  17  0.510129
6  18  0.179515
7  11  0.17444
7  16  0.674823
7  20  0.0121269
8  15  0.530403
18  826  0.0181971
19  825  0.0200815
20  824  0.0205381
21  823  0.0186818
22  825  0.158272
23  59  0.0162852
23  824  0.258708
23  844  0.0106485
24  58  0.0199194
24  823  0.259569
24  843  0.0106868
25  57  0.0199703
25  822  0.0570876
25  825  0.420946
26  56  0.0135121
26  824  0.581205
27  823  0.582319
28  39  0.771863
28  43  0.144036
28  55  0.0148731
29  38  0.772039
29  42  0.143727
29  54  0.0145206
30  37  0.753037
30  39  0.0162292
30  41  0.137766
30  53  0.0105739
31  38  0.0148762
33  38  0.0126261
38  50  0.0556242
39  49  0.0598837
40  48  0.0616461
41  47  0.0613731
42  46  0.0257621
43  843  0.010223
46  822  0.741917
47  821  0.911461
48  820  0.911064
49  819  0.914185
50  818  0.913758
51  817  0.913039
52  816  0.912099
53  815  0.887831
54  814  0.402768
54  815  0.0226442
55  814  0.0452254
55  829  0.0202397
56  812  0.801599
56  813  0.0437541
56  828  0.0285795
57  811  0.912211
57  827  0.0285845
58  810  0.91288
58  826  0.0258192
59  809  0.911854
59  825  0.025926
59  830  0.0104991
60  808  0.912141
60  824  0.0285938
60  829  0.0111104
61  116  0.0140032
61  566  0.0169079
61  807  0.86194
61  828  0.0106901
61  847  0.0104656
62  115  0.0139796
62  272  0.180769
62  565  0.01692
62  846  0.0104542
63  114  0.0140208
63  271  0.195723
63  564  0.0168785
63  845  0.0103432
64  113  0.0137744
64  270  0.195675
65  269  0.195852
66  111  0.0118471
66  268  0.196012
66  800  0.706343
67  267  0.195933
67  799  0.708276
68  109  0.0451315
69  108  0.0560216
69  265  0.191721
69  797  0.472669
70  107  0.0564611
70  264  0.191756
70  796  0.716315
71  78  0.0220151
71  99  0.0238134
71  106  0.0568109
71  263  0.160892
71  795  0.704133
72  77  0.0153299
72  98  0.0240717
72  105  0.0567498
72  262  0.0225085
73  97  0.0248732
73  104  0.0567305
73  790  0.427807
73  793  0.0106189
74  96  0.0249851
74  103  0.0565771
74  789  0.432571
75  95  0.0244554
75  788  0.397426
76  91  0.0196355
76  94  0.0132561
76  101  0.0115297
76  787  0.117635
76  791  0.0225272
77  90  0.0351451
77  100  0.0101989
78  88  0.0278677
78  89  0.0363734
78  789  0.243472
79  87  0.0282646
79  88  0.0364272
79  788  0.243857
80  86  0.0222394
80  87  0.0237945
80  272  0.674931
81  271  0.725618
82  98  0.0173038
82  270  0.725191
83  97  0.0202263
83  269  0.725715
84  96  0.0204144
84  262  0.165483
84  268  0.726275
85  95  0.0204055
85  261  0.18469
85  267  0.726232
86  94  0.0196031
86  260  0.185325
86  266  0.713697
87  223  0.0241666
87  259  0.185472
87  265  0.701726
88  222  0.0253283
88  258  0.185425
89  99  0.0294769
89  221  0.0253236
89  257  0.185085
89  263  0.695939
90  98  0.0299141
90  220  0.0238537
90  256  0.166186
90  262  0.404527
91  97  0.0305927
91  255  0.0749368
91  261  0.090789
91  262  0.291247
92  96  0.0263143
92  234  0.0160645
92  261  0.582904
93  233  0.016105
93  260  0.585167
94  232  0.0156376
95  214  0.0285663
95  231  0.0113882
95  237  0.0148578
95  258  0.485519
95  259  0.183047
96  213  0.0314998
96  236  0.0188477
96  257  0.484114
96  258  0.176418
97  212  0.0314966
97  237  0.0186887
98  211  0.0314845
99  210  0.0314973
99  234  0.0453364
99  235  0.706353
100  209  0.0312281
100  234  0.35968
101  208  0.0310416
102  207  0.0309105
102  232  0.845519
103  206  0.0167003
103  231  0.870121
104  230  0.869543
105  229  0.86884
106  228  0.868716
107  112  0.511013
107  116  0.0615875
107  227  0.268991
108  115  0.0531247
109  755  0.0164351
110  117  0.214084
110  557  0.0214007
110  754  0.0174101
111  116  0.282987
111  129  0.0184922
111  556  0.0257759
111  753  0.0177256
111  841  0.01249
112  128  0.0185259
112  555  0.0257794
112  752  0.017771
112  840  0.012514
113  127  0.0185079
113  554  0.0257584
113  751  0.0177393
113  839  0.0125012
114  126  0.0184689
114  199  0.0151076
114  227  0.51947
114  553  0.0257448
114  750  0.0177413
114  838  0.0124833
115  125  0.0107041
115  198  0.0151382
115  226  0.521354
115  552  0.0246955
115  749  0.0177787
115  837  0.0124638
116  197  0.0151319
116  225  0.416348
116  748  0.0177762
116  836  0.0123765
117  123  0.0154303
117  747  0.0165513
118  122  0.0113264
118  225  0.467336
119  182  0.0145206
119  224  0.856425
120  181  0.0568648
120  223  0.892628
120  745  0.017187
121  180  0.0570159
121  222  0.892644
121  744  0.0175998
122  179  0.057223
122  221  0.89128
122  743  0.0176249
123  178  0.0571595
123  220  0.840377
123  742  0.0173953
124  177  0.0569021
124  217  0.0168093
124  218  0.133287
124  741  0.0168419
125  176  0.0571569
125  217  0.116913
125  218  0.0784268
126  175  0.056898
127  172  0.0328702
127  217  0.0152036
128  171  0.036723
128  213  0.0717767
128  214  0.0445162
128  215  0.0306066
128  216  0.0142917
128  739  0.0169983
129  738  0.0169938
130  170  0.0552144
131  169  0.0592338
132  168  0.0595885
132  210  0.889636
133  167  0.0595698
133  209  0.89661
134  166  0.059317
134  208  0.897482
135  207  0.889733
136  206  0.889682
137  732  0.0169472
138  163  0.0590839
138  205  0.921628
138  731  0.0177876
139  162  0.0594
139  204  0.921863
139  730  0.0177908
140  161  0.0594617
140  203  0.917567
140  729  0.017781
141  160  0.0578278
141  201  0.0101715
141  728  0.0177804
142  727  0.0177865
143  200  0.916516
143  726  0.0175795
144  157  0.0585723
144  199  0.938385
145  156  0.0586387
145  198  0.938439
146  155  0.0584128
146  197  0.938045
147  195  0.0476918
148  194  0.042861
149  177  0.334361
149  193  0.0253406
150  176  0.880183
151  175  0.916727
152  174  0.922498
153  173  0.888774
155  171  0.457436
157  168  0.869669
158  167  0.881059
158  169  0.0537844
159  166  0.878146
159  168  0.0556411
160  167  0.0487594
175  196  0.0120735
176  195  0.0116968
177  192  0.528667
178  191  0.936865
179  190  0.937182
180  189  0.909199
182  187  0.66938
182  191  0.014785
183  190  0.0123822
197  549  0.0269056
198  548  0.026945
199  547  0.0269477
202  544  0.0269613
203  543  0.0269572
204  542  0.0269683
204  722  0.0162472
205  541  0.0269639
205  721  0.0165954
206  540  0.026306
206  720  0.0165952
207  539  0.0214743
207  719  0.016604
208  718  0.0164408
210  679  0.0165703
211  678  0.016582
212  536  0.0262812
212  677  0.0165985
213  535  0.0274516
213  676  0.0166099
214  534  0.0273913
214  675  0.0164562
215  533  0.0272336
215  674  0.0161084
216  532  0.026887
216  673  0.014843
217  531  0.0232169
218  353  0.0181713
218  530  0.0167914
219  352  0.023356
219  529  0.0165931
220  351  0.0239434
220  353  0.0151706
221  350  0.0160023
221  352  0.0166752
221  845  0.0116316
222  350  0.0303155
222  844  0.011716
223  349  0.0386343
223  843  0.0117175
224  266  0.0111264
224  348  0.0468042
224  842  0.0117076
225  265  0.0167348
225  347  0.0469008
225  841  0.0116854
226  346  0.0469015
226  840  0.0114465
227  264  0.0103129
227  345  0.0468733
228  263  0.0230527
228  344  0.0390391
229  262  0.0211618
232  259  0.0304969
232  343  0.046424
233  342  0.0466599
234  258  0.0753772
234  341  0.0467053
235  257  0.0821949
235  340  0.0466995
236  339  0.0464169
237  255  0.744538
238  254  0.966243
239  253  0.976209
240  252  0.996115
241  251  0.996199
242  250  0.99663
243  249  0.990209
244  248  0.376957
253  828  0.0139495
254  827  0.0139797
255  826  0.014062
256  825  0.0141196
257  338  0.0400488
257  824  0.0139607
258  337  0.040428
258  823  0.013736
259  336  0.0391593
261  822  0.0126588
262  279  0.0231126
262  821  0.0143261
263  278  0.0246232
263  333  0.0127009
263  820  0.0143394
264  277  0.0680554
265  276  0.0680976
266  275  0.0680709
267  274  0.0678749
273  787  0.693404
274  786  0.861196
274  823  0.0415325
275  785  0.863654
275  822  0.0450633
276  784  0.864552
276  821  0.0456079
277  783  0.864496
277  820  0.0456074
278  290  0.0310506
278  782  0.851913
278  818  0.010297
278  819  0.0450023
279  289  0.0313411
279  817  0.0567446
280  288  0.0470024
280  776  0.190804
280  780  0.527943
280  781  0.0320034
280  801  0.0179995
280  816  0.0577887
281  287  0.0467424
281  775  0.201243
281  800  0.0180274
281  815  0.0580085
282  286  0.0178179
282  774  0.186306
282  778  0.613722
282  799  0.0180093
282  814  0.0151944
283  777  0.637331
283  798  0.0179708
284  776  0.638202
284  797  0.0179705
284  812  0.0565475
285  775  0.625037
285  796  0.0179166
285  811  0.0579302
286  795  0.0174666
286  810  0.0579768
287  768  0.885343
287  809  0.0564306
288  767  0.886704
288  808  0.0564689
289  766  0.887614
289  807  0.0554153
290  765  0.887628
291  764  0.883384
291  805  0.0538964
292  763  0.873151
292  804  0.0543653
293  332  0.807282
293  803  0.0536088
294  331  0.903977
294  802  0.0449732
295  330  0.920992
296  329  0.924014
296  800  0.0153063
297  328  0.926565
297  799  0.0520446
298  327  0.926902
298  798  0.0516732
299  326  0.926648
299  797  0.0515981
300  325  0.926055
300  796  0.0512383
301  795  0.0405496
302  596  0.0102694
302  794  0.0374665
303  595  0.0112575
304  321  0.915433
304  341  0.0371901
304  792  0.0128811
305  320  0.930273
305  340  0.0372607
305  791  0.0125444
306  319  0.933129
306  339  0.0366677
306  790  0.0121817
307  318  0.934153
308  317  0.934054
308  337  0.0393574
309  316  0.733547
309  336  0.0395389
310  335  0.0397027
311  334  0.0398225
312  333  0.0398487
313  332  0.0331776
314  330  0.0118289
314  331  0.0164531
315  328  0.0205547
315  329  0.0168758
316  327  0.0215307
317  326  0.0198181
317  327  0.0154119
319  335  0.0116366
320  334  0.0131766
321  333  0.0132985
322  332  0.0131946
323  331  0.0129449
324  330  0.0111065
336  763  0.0112057
336  782  0.0110101
337  781  0.0110392
338  761  0.808755
338  780  0.0106914
339  760  0.900483
340  759  0.902656
341  758  0.902452
342  592  0.11791
342  757  0.733196
343  591  0.188857
343  756  0.574833
345  589  0.949178
346  588  0.951246
347  587  0.951244
348  586  0.946786
349  583  0.0122311
349  585  0.931937
350  582  0.0132532
350  583  0.683893
350  584  0.175573
352  581  0.436888
352  582  0.109339
353  580  0.957187
354  579  0.966337
355  578  0.968703
356  530  0.0101973
356  577  0.968135
357  529  0.0108085
357  576  0.968855
358  528  0.017201
358  575  0.965371
359  527  0.0166494
360  573  0.127458
360  574  0.832481
361  572  0.127711
361  573  0.831831
362  523  0.0266825
362  571  0.126128
362  572  0.811733
363  522  0.0299698
364  521  0.0297817
365  520  0.0295102
365  569  0.104508
365  572  0.0185894
366  518  0.0299964
366  568  0.10796
366  571  0.723487
367  517  0.0299015
367  567  0.0100826
367  570  0.734266
368  516  0.0244066
368  569  0.737971
369  568  0.73682
370  379  0.386472
370  514  0.03539
370  567  0.101507
371  378  0.944172
371  513  0.0361941
372  377  0.944055
372  512  0.0361954
373  511  0.0360156
374  510  0.0360648
375  508  0.0360962
376  507  0.0361074
377  506  0.036232
378  505  0.0362299
379  504  0.0361647
380  503  0.036197
381  502  0.0362012
382  501  0.0362059
382  567  0.821357
383  500  0.0330294
383  566  0.946782
384  499  0.0298236
384  565  0.946678
385  494  0.0104709
385  564  0.478756
386  493  0.0104918
386  564  0.47898
387  563  0.948137
388  562  0.950979
389  561  0.936461
391  559  0.840993
392  558  0.95684
393  557  0.961941
394  479  0.0109352
394  556  0.963732
395  478  0.0108788
395  555  0.96373
396  554  0.958013
397  472  0.0169958
397  553  0.938524
398  471  0.0170266
399  470  0.0170276
399  551  0.0653312
400  469  0.0170424
401  485  0.0101996
402  484  0.97413
403  466  0.0170404
403  483  0.975204
404  465  0.0170285
404  482  0.975258
405  464  0.0159175
405  480  0.493179
405  481  0.487479
406  479  0.982059
407  478  0.982095
408  477  0.982031
409  476  0.979799
410  475  0.979538
412  474  0.0614092
414  473  0.972009
415  472  0.978657
416  471  0.977962
417  453  0.908063
417  456  0.0134614
417  470  0.0386668
418  452  0.904668
418  455  0.0144954
419  454  0.0142573
420  450  0.979978
420  453  0.0125728
421  449  0.984269
421  452  0.0109661
422  448  0.994269
423  447  0.99666
424  446  0.995048
425  445  0.996807
426  444  0.996807
427  443  0.995915
428  438  0.0128884
428  442  0.985265
429  437  0.0420291
429  441  0.933886
430  436  0.074052
430  437  0.312328
431  435  0.0312043
431  436  0.255728
432  438  0.036953
432  439  0.190865
432  440  0.0142196
454  470  0.143901
455  469  0.115113
456  468  0.113576
456  469  0.777153
457  468  0.790785
457  469  0.0230716
458  468  0.0217163
459  465  0.337193
459  466  0.233842
460  464  0.129973
481  497  0.0129965
482  496  0.0145371
483  494  0.0202314
484  493  0.0206716
485  492  0.0216262
485  549  0.951968
486  491  0.0175598
486  548  0.865854
487  547  0.865136
488  546  0.958043
489  545  0.958829
490  544  0.94769
491  543  0.934626
492  542  0.928765
493  513  0.957284
494  512  0.95777
496  510  0.960289
497  509  0.960764
498  508  0.958485
499  507  0.960188
500  506  0.951772
518  539  0.0257635
519  538  0.0275053
519  544  0.0145862
520  537  0.0277282
520  543  0.0304413
521  536  0.027786
521  541  0.0469727
521  542  0.0363563
522  535  0.0277505
522  540  0.0620896
522  541  0.826872
523  539  0.0214393
524  539  0.913399
525  532  0.0156817
525  538  0.940413
526  531  0.0154297
526  537  0.941247
527  536  0.942206
528  535  0.940042
568  807  0.0170597
569  806  0.0173129
570  805  0.0174389
571  804  0.0176072
574  801  0.0175947
575  800  0.0172745
580  791  0.0140549
581  790  0.0187661
582  789  0.0191329
583  788  0.0191358
585  786  0.0190415
586  785  0.0189477
587  672  0.0230718
587  784  0.0189748
588  671  0.0231511
588  783  0.0188606
589  670  0.023151
590  669  0.0231318
591  597  0.0151375
591  668  0.0231979
592  667  0.0231601
593  666  0.0229682
594  665  0.0229604
595  663  0.0114094
595  664  0.0116789
595  757  0.0119429
596  662  0.0227175
597  661  0.0227154
597  756  0.341978
598  660  0.0180598
598  755  0.837498
599  754  0.909048
599  783  0.0120129
600  753  0.919547
600  782  0.025062
601  781  0.0250839
602  751  0.821695
602  780  0.0249488
603  719  0.0275083
603  750  0.938549
604  718  0.0277692
604  749  0.94281
605  717  0.0277813
605  748  0.942948
606  716  0.0275076
606  747  0.938461
607  715  0.0268828
608  616  0.0101697
608  714  0.0256262
609  615  0.0114683
609  713  0.0165482
609  744  0.94298
610  743  0.943168
611  742  0.942287
612  685  0.0111229
612  741  0.937804
613  684  0.0166393
613  740  0.881358
614  683  0.0167311
615  682  0.0163285
615  735  0.011994
615  738  0.759708
616  737  0.563213
617  690  0.015318
617  734  0.882316
618  633  0.0153191
618  681  0.0176164
618  689  0.0175835
618  733  0.925612
619  632  0.0152251
619  680  0.017705
619  688  0.0175766
619  732  0.925716
620  679  0.0176632
620  687  0.0174588
620  731  0.926348
621  630  0.0462042
621  686  0.0171427
621  730  0.924043
622  629  0.0467813
622  728  0.728325
623  628  0.0458223
623  727  0.728426
624  683  0.0508069
625  682  0.0600104
625  726  0.801336
626  725  0.794139
627  680  0.0853946
628  679  0.0944166
628  723  0.821032
629  677  0.0183124
629  678  0.075958
629  722  0.82351
630  676  0.0328803
630  721  0.820403
633  676  0.0374774
635  673  0.0887683
636  671  0.928405
637  670  0.954039
638  669  0.972408
639  654  0.0166511
639  668  0.973311
640  653  0.0166312
640  666  0.975209
641  665  0.974706
642  651  0.0113906
642  664  0.975293
643  650  0.0156119
643  663  0.974341
644  662  0.955999
645  655  0.0601758
645  661  0.858435
646  654  0.0969447
646  656  0.0116451
646  659  0.270971
646  660  0.166343
647  653  0.0696352
647  655  0.0124616
647  658  0.194396
648  653  0.0250418
670  719  0.0199367
671  718  0.0242121
672  717  0.0246552
673  716  0.021061
676  719  0.0147769
677  713  0.0111817
678  712  0.0113916
679  711  0.0114201
681  717  0.634533
682  689  0.0127509
682  716  0.6776
682  718  0.125413
683  688  0.0103979
683  715  0.684762
683  717  0.124868
684  714  0.672777
685  712  0.0207187
685  713  0.541098
686  711  0.0381039
687  710  0.0357662
688  712  0.846936
689  711  0.906099
690  710  0.907104
691  708  0.544779
691  709  0.454125
692  707  0.999455
693  706  0.99995
694  705  0.999957
695  704  0.99937
696  703  0.997798
697  702  0.617786
709  735  0.0107921
710  734  0.0110789
711  733  0.0111247
712  732  0.0104822
716  729  0.0757911
717  728  0.100621
718  727  0.106682
719  726  0.10718
720  725  0.0955904
722  768  0.0226983
723  767  0.0227456
725  765  0.0154397
726  764  0.0326731
727  763  0.0340197
728  762  0.0340149
729  761  0.0340594
730  759  0.0360309
731  758  0.0360768
732  757  0.0360594
733  756  0.0360662
734  754  0.0353866
735  753  0.0354179
736  752  0.0354776
738  749  0.0358389
739  748  0.0358673
757  793  0.0161792
758  792  0.01981
759  766  0.0160963
759  791  0.0198386
760  765  0.0173997
760  789  0.0260969
761  788  0.0262984
762  787  0.0266506
763  786  0.0266523
765  784  0.026811
766  783  0.0268026
767  782  0.0237753
788  802  0.0102689
788  804  0.055319
788  805  0.0167043
789  801  0.0137378
789  803  0.0553378
789  804  0.0222844
790  802  0.0554331
790  803  0.0213442
790  818  0.0101034
791  800  0.0884926
791  817  0.0102582
792  799  0.117078
793  798  0.102788
793  816  0.0174698
794  815  0.0186024
795  814  0.0194641
796  813  0.0195411
798  811  0.0196499
799  810  0.019901
800  809  0.0199004
801  808  0.0196299
823  838  0.0179314
824  837  0.0179743
825  836  0.0166981
825  852  0.0457444
826  851  0.177272
827  850  0.191448
828  833  0.0104879
828  849  0.192729
829  834  0.0100888
829  848  0.167517
831  846  0.18063
831  852  0.329146
832  845  0.188292
832  851  0.662029
833  850  0.722469
834  843  0.196075
834  849  0.725832
835  842  0.19603
835  848  0.724024
836  841  0.195414
836  847  0.725296
837  844  0.0161881
837  845  0.706393
838  843  0.0171686
838  844  0.697682
839  843  0.265588
