1  742  0.112314
2  16  0.4388
2  736  0.0733985
2  741  0.137095
3  12  0.014153
3  15  0.588182
3  17  0.0161597
3  735  0.147774
3  740  0.142048
4  14  0.5889
4  16  0.0158704
4  734  0.147433
4  739  0.131891
5  13  0.58569
5  733  0.146356
6  14  0.0190377
6  732  0.0618301
6  744  0.0145288
7  11  0.0724188
7  13  0.0195893
7  732  0.0236183
7  736  0.0849399
7  743  0.0184926
8  742  0.0166424
9  733  0.0227677
10  732  0.0229664
11  19  0.306586
11  740  0.0283208
12  18  0.30637
12  739  0.0282722
13  17  0.190334
13  738  0.0234509
15  739  0.010788
15  743  0.023569
16  738  0.011529
16  742  0.0250809
17  736  0.0129545
18  735  0.0136085
18  737  0.169078
18  740  0.475182
19  736  0.167581
19  739  0.474852
20  736  0.0223345
22  734  0.718131
23  733  0.651874
24  732  0.71909
25  731  0.988497
26  730  0.998443
27  729  0.998286
28  728  0.998843
29  727  0.993467
30  54  0.0332406
31  53  0.0314336
31  54  0.920576
32  53  0.928212
32  54  0.0357479
33  53  0.0358754
34  52  0.0391624
35  50  0.988433
36  49  0.999531
37  48  0.999728
38  47  0.995228
39  46  0.953677
58  725  0.736494
59  724  0.935565
60  723  0.984064
61  722  0.996032
62  721  0.996976
63  720  0.99745
64  719  0.995235
66  716  0.919602
67  714  0.0545123
67  715  0.943204
68  713  0.0564684
69  712  0.0563481
69  713  0.9233
70  712  0.942114
71  711  0.937187
72  709  0.981099
73  708  0.99171
74  707  0.99884
75  706  0.345462
76  705  0.34362
77  704  0.997504
78  703  0.996283
79  702  0.993295
80  701  0.828358
82  636  0.77011
83  635  0.979835
84  634  0.995538
85  633  0.995658
86  631  0.998789
87  630  0.998999
88  629  0.998764
89  627  0.0133184
89  628  0.95017
90  626  0.0258144
91  627  0.043368
92  625  0.397945
92  626  0.0349785
93  623  0.0206706
93  624  0.517955
93  628  0.0180804
94  627  0.0665896
95  608  0.0364079
95  622  0.379341
95  626  0.0738957
96  607  0.0384154
96  621  0.191855
96  625  0.0738361
97  606  0.0384425
97  621  0.764717
98  605  0.038423
98  620  0.960179
99  604  0.0384441
99  619  0.961092
100  603  0.0384387
100  618  0.961049
101  602  0.0354734
101  617  0.959088
102  601  0.0318478
102  616  0.952243
103  615  0.231057
104  599  0.0119851
104  615  0.0152313
105  613  0.956683
106  612  0.954175
107  611  0.894656
109  607  0.35396
110  606  0.352899
110  607  0.321477
111  151  0.63382
111  606  0.319341
112  150  0.824752
112  605  0.166249
113  149  0.825046
113  604  0.166385
114  148  0.825025
114  603  0.16537
115  144  0.0326646
115  147  0.819783
116  143  0.0499862
116  145  0.0550174
116  146  0.734589
117  142  0.0622118
117  144  0.106994
118  142  0.0885056
118  144  0.0120109
119  140  0.800245
120  139  0.801327
120  144  0.0161842
121  138  0.773576
121  146  0.0174324
122  137  0.635326
122  143  0.0524244
122  145  0.0245427
123  135  0.0509513
123  136  0.467177
123  142  0.060933
123  144  0.0251181
124  134  0.0997909
124  137  0.149859
124  141  0.0609648
124  143  0.0250622
125  133  0.090262
125  135  0.0116459
125  136  0.25179
125  140  0.0559941
125  142  0.0239027
126  133  0.0313974
126  135  0.320935
126  139  0.0549936
127  134  0.350789
127  138  0.0508252
128  133  0.269337
128  136  0.0131899
129  135  0.0133613
129  136  0.021743
130  135  0.0162707
131  140  0.0487523
132  139  0.0488927
133  138  0.0428197
137  152  0.0672787
138  151  0.0747407
139  150  0.0816545
140  149  0.0816311
141  148  0.0680665
148  600  0.0618609
149  599  0.0597755
153  597  0.990326
154  596  0.99552
155  595  0.997252
156  594  0.997083
157  593  0.829114
158  185  0.550028
158  592  0.39198
159  184  0.611137
159  591  0.378001
160  183  0.908517
160  187  0.014352
161  182  0.86302
162  182  0.0221434
162  185  0.0222497
163  184  0.0231682
164  180  0.750939
165  179  0.975756
166  178  0.99188
167  177  0.991918
168  176  0.990902
169  175  0.969725
186  592  0.559945
187  591  0.60005
188  590  0.608195
189  589  0.412398
190  588  0.213873
190  589  0.571181
191  588  0.770096
192  586  0.0120711
192  587  0.967509
193  586  0.96586
194  585  0.968509
196  583  0.975278
197  582  0.98083
198  581  0.978784
199  580  0.974039
200  314  0.0104899
200  562  0.011453
200  579  0.294053
201  313  0.0144501
201  322  0.145065
201  561  0.0102094
201  578  0.0957502
202  295  0.0119561
202  312  0.015127
202  321  0.146734
202  561  0.584933
202  577  0.21241
203  294  0.0154315
203  311  0.0154041
203  320  0.148335
203  478  0.0424347
203  560  0.596688
204  293  0.015482
204  310  0.0153722
204  319  0.148722
204  477  0.0425027
204  559  0.601617
204  574  0.038296
205  228  0.0424204
205  231  0.0184233
205  291  0.152104
205  294  0.0298072
205  476  0.0426736
205  558  0.599423
205  573  0.0388444
206  227  0.0424391
206  290  0.152929
206  293  0.0300657
206  475  0.0425639
206  557  0.59987
206  572  0.0388255
207  226  0.0424933
207  289  0.168864
207  292  0.0296137
207  295  0.0114816
207  513  0.0732035
207  556  0.516722
208  225  0.0424833
208  228  0.830942
208  291  0.0290229
208  294  0.0113356
208  512  0.0694761
209  224  0.0425149
209  227  0.832098
209  290  0.0289925
209  293  0.0113234
209  511  0.0692705
210  223  0.0425238
210  226  0.890827
210  301  0.0249788
210  510  0.0144192
211  225  0.891325
211  300  0.0250424
212  222  0.0419751
212  224  0.891772
212  299  0.0250867
212  387  0.0132479
213  221  0.0420271
213  223  0.8918
213  298  0.0248597
213  386  0.0191555
214  220  0.041957
214  222  0.88903
214  385  0.0195456
215  219  0.0160598
215  220  0.0489658
215  384  0.0127738
216  220  0.0677372
217  382  0.0196517
218  296  0.029939
218  381  0.0198335
219  295  0.0344587
219  380  0.0198298
220  294  0.0344764
220  379  0.0198018
221  293  0.0344279
221  378  0.0198127
222  291  0.0347469
222  377  0.0197946
223  290  0.0352613
223  376  0.0197932
224  289  0.035499
224  375  0.0193268
225  287  0.0139868
225  288  0.0206225
225  374  0.0175968
226  286  0.0275096
227  249  0.0690233
228  248  0.0690538
228  370  0.01672
229  247  0.0686415
229  369  0.0157852
230  246  0.0599902
230  368  0.0119524
231  241  0.0103463
231  286  0.334037
231  511  0.0628177
232  240  0.0102103
232  285  0.334241
232  510  0.0627505
233  345  0.0143814
233  507  0.0156924
233  509  0.0476998
234  242  0.0763388
234  283  0.386957
234  344  0.017216
234  506  0.0188487
234  508  0.0242874
234  509  0.0238379
235  241  0.0782769
235  282  0.399003
235  343  0.0174165
235  505  0.019489
235  508  0.0356534
235  511  0.341739
236  240  0.0298118
236  281  0.398839
236  342  0.012738
236  510  0.355172
237  280  0.398888
237  283  0.0103856
237  506  0.0483016
237  509  0.357152
238  279  0.398767
238  282  0.010445
238  505  0.0493104
238  508  0.356743
239  281  0.0100102
239  303  0.0249368
240  302  0.0286227
240  505  0.043017
240  506  0.0131628
241  258  0.387155
241  301  0.0296827
241  411  0.0343613
241  504  0.0714511
242  257  0.41201
242  300  0.0296704
242  410  0.0293988
242  503  0.0658328
243  256  0.420626
243  299  0.0112617
244  255  0.421528
244  410  0.224031
245  254  0.421203
245  297  0.0279039
245  409  0.3099
246  253  0.41861
246  296  0.0239207
246  408  0.346972
247  252  0.398344
247  407  0.356696
248  294  0.0282542
248  406  0.359266
248  512  0.0195433
249  293  0.0282972
249  405  0.359207
249  511  0.0205858
250  292  0.0259429
250  404  0.279622
250  510  0.0171318
252  285  0.463249
253  284  0.513237
254  283  0.556316
255  282  0.564376
256  281  0.567948
257  280  0.569459
258  279  0.570265
259  278  0.978769
260  277  0.979134
260  385  0.0102131
261  276  0.967968
261  384  0.0102951
262  383  0.0102865
263  382  0.0102903
264  381  0.0102954
265  272  0.676879
265  273  0.0271151
265  274  0.0226425
265  380  0.0101862
266  271  0.421465
284  395  0.0117194
284  506  0.056349
285  394  0.0168751
285  505  0.0667584
286  504  0.120554
287  392  0.0440639
287  503  0.118252
288  392  0.0107433
288  502  0.0857833
289  390  0.409575
289  475  0.0361494
289  574  0.0948571
290  389  0.483525
290  474  0.0912453
290  573  0.102839
291  388  0.486327
291  473  0.0915211
291  572  0.102854
292  387  0.223331
292  472  0.0914202
292  571  0.0997476
293  311  0.0295301
293  312  0.0286602
293  386  0.225902
293  471  0.0940896
293  567  0.0411669
293  570  0.0776408
294  310  0.0149412
294  385  0.488325
294  470  0.0941342
294  566  0.0950047
295  310  0.0880266
295  384  0.48835
295  469  0.0940932
295  565  0.0952464
296  309  0.130615
296  311  0.0267386
296  312  0.0493152
296  383  0.487429
296  468  0.0596436
296  564  0.0832153
297  308  0.130793
297  382  0.4881
297  563  0.0696651
298  307  0.13082
298  310  0.155437
298  381  0.488117
299  306  0.121618
299  309  0.287916
299  380  0.405037
299  510  0.0109232
300  308  0.288305
300  344  0.329288
300  371  0.0134048
300  509  0.0111134
301  307  0.287621
301  343  0.3527
301  370  0.0137872
301  376  0.0292799
301  508  0.0111528
302  306  0.109495
302  342  0.345531
302  369  0.0101002
303  343  0.0286741
304  342  0.0336699
306  340  0.511042
307  339  0.571562
308  338  0.57152
309  337  0.571633
310  320  0.0210381
310  336  0.550596
310  471  0.0805442
311  319  0.0199466
311  470  0.0807068
312  319  0.0120083
312  334  0.540047
312  469  0.0804329
313  318  0.0101904
313  333  0.541924
314  332  0.539303
315  331  0.511032
318  461  0.168781
318  568  0.0214714
319  328  0.524841
319  460  0.183323
319  567  0.024824
320  327  0.508947
320  459  0.178591
320  566  0.0251355
321  458  0.173862
321  565  0.0249747
322  457  0.168495
322  458  0.0104974
323  334  0.124729
323  457  0.0153056
324  333  0.127714
324  455  0.0109957
324  456  0.017512
325  332  0.12814
326  331  0.126698
326  574  0.0919601
327  573  0.0951439
328  442  0.0568626
328  572  0.0939035
328  580  0.0125584
329  441  0.185973
329  579  0.0213966
330  440  0.186877
330  578  0.0218004
331  439  0.187073
331  570  0.0767479
331  577  0.0218298
332  438  0.186752
332  569  0.0768229
332  576  0.0200684
333  437  0.118055
333  568  0.0707933
334  436  0.0595201
334  437  0.0683714
334  512  0.0117375
334  513  0.0470435
334  567  0.0311971
335  436  0.126819
336  435  0.185283
336  511  0.154056
337  375  0.0189787
337  434  0.179876
337  510  0.169481
338  374  0.018681
338  433  0.13989
338  509  0.171435
339  432  0.122711
339  508  0.171129
340  409  0.137523
341  371  0.0885737
341  408  0.194174
341  506  0.184591
342  370  0.027474
342  407  0.209792
342  505  0.192392
343  369  0.0308647
343  406  0.213622
343  504  0.197321
344  368  0.0940258
344  369  0.0100642
344  404  0.0208158
344  503  0.194083
345  368  0.0111296
345  404  0.0412209
345  502  0.155334
346  366  0.529796
346  402  0.417334
346  403  0.0297713
347  365  0.530502
347  401  0.434489
347  402  0.0153517
348  364  0.530036
348  400  0.448461
349  363  0.5306
349  399  0.446745
350  362  0.530328
350  398  0.425751
351  361  0.529764
352  360  0.528576
352  396  0.416773
353  359  0.511167
353  395  0.445641
354  358  0.297104
354  394  0.447987
355  393  0.44779
356  391  0.0900258
356  392  0.344746
357  390  0.0929949
358  389  0.03847
358  391  0.287667
360  390  0.350536
361  389  0.4176
362  388  0.446666
363  387  0.46515
364  386  0.467934
365  385  0.468667
366  384  0.468914
367  383  0.468783
368  382  0.468617
369  378  0.0130374
369  381  0.468178
370  377  0.0171517
370  380  0.470772
371  379  0.401496
387  504  0.0206589
388  503  0.0138495
390  501  0.0959023
391  500  0.191771
392  499  0.194967
393  498  0.196053
394  497  0.195888
395  496  0.195325
396  495  0.194305
397  494  0.192149
398  493  0.184815
399  492  0.149255
401  415  0.0190157
401  490  0.070722
402  414  0.0179318
402  415  0.073159
402  489  0.0702688
403  414  0.0731023
405  412  0.0259954
409  492  0.0104413
409  507  0.0164382
410  491  0.0159505
410  506  0.0222173
411  426  0.0113396
411  433  0.0460761
411  490  0.0164385
411  505  0.0231748
412  426  0.018805
412  432  0.0658426
412  489  0.0164148
412  500  0.56009
413  424  0.0599282
413  425  0.0145684
413  431  0.0849906
413  499  0.569675
414  423  0.197324
414  430  0.0903909
414  498  0.570775
415  422  0.196648
415  429  0.0901407
415  497  0.560373
416  421  0.129087
416  496  0.520989
418  426  0.0329057
419  424  0.0212519
419  426  0.0486078
420  425  0.0375859
420  492  0.546435
421  491  0.69918
422  490  0.709202
423  489  0.70916
424  486  0.106911
424  488  0.667132
425  485  0.37246
425  486  0.0117597
425  487  0.395462
426  484  0.802249
427  483  0.808207
428  482  0.807668
429  481  0.808421
430  480  0.808414
431  479  0.807909
432  478  0.808296
433  476  0.808306
434  475  0.808285
435  474  0.808226
436  473  0.807767
437  472  0.0797235
439  457  0.0132829
439  470  0.788779
440  456  0.0133864
440  469  0.782283
441  468  0.732035
442  454  0.918241
442  467  0.0174197
443  453  0.946726
444  452  0.953346
445  451  0.906284
446  450  0.454094
457  466  0.0499822
457  467  0.689354
457  468  0.046499
458  465  0.0498434
458  466  0.692915
458  467  0.0482382
459  465  0.657634
459  466  0.042926
459  471  0.0173977
460  470  0.0174418
461  469  0.0173894
462  468  0.0223111
472  561  0.09349
473  560  0.0936503
474  559  0.0936467
475  558  0.0935663
476  547  0.0271386
476  557  0.0936409
477  546  0.02909
477  556  0.0841497
479  514  0.0481625
479  545  0.0478593
480  513  0.130657
480  544  0.0567603
481  512  0.131136
481  543  0.0568386
482  511  0.130704
482  542  0.0568125
483  510  0.0433374
483  541  0.0568272
484  540  0.0567262
485  508  0.141458
486  507  0.181633
487  506  0.188433
488  505  0.190064
489  504  0.189518
490  503  0.188108
491  502  0.186812
492  501  0.177065
509  539  0.0110051
510  538  0.0121806
511  522  0.034571
511  537  0.0112619
511  567  0.0119229
512  521  0.0513371
512  566  0.0229316
513  520  0.0513999
513  565  0.0226804
514  519  0.033745
514  552  0.602297
515  551  0.673003
516  550  0.692187
516  578  0.0221006
517  546  0.0264201
517  549  0.700218
517  564  0.118202
517  573  0.0210377
517  577  0.0258134
518  545  0.0132696
518  548  0.675094
518  563  0.118378
518  572  0.0210194
518  576  0.0249646
519  545  0.431307
519  547  0.275357
519  562  0.118486
519  571  0.020988
519  575  0.0233307
520  544  0.714785
520  546  0.0426528
520  561  0.118517
520  570  0.0203434
521  543  0.740489
521  560  0.112309
521  573  0.0186228
522  535  0.118354
522  542  0.743551
522  559  0.0157273
522  572  0.0171291
523  534  0.192704
523  541  0.742592
524  533  0.193283
524  568  0.0452628
525  532  0.193458
525  539  0.0306191
525  567  0.0466531
526  531  0.190412
526  540  0.011028
526  566  0.047316
527  538  0.705644
527  565  0.0472059
528  537  0.742143
528  564  0.0472294
529  536  0.727394
529  563  0.0468756
530  535  0.67771
530  562  0.0453056
531  561  0.0399869
540  560  0.0290996
541  559  0.0291434
542  558  0.0281522
543  557  0.0258656
544  559  0.117196
545  558  0.135512
546  557  0.137759
546  574  0.0334175
547  556  0.136573
547  573  0.0353519
549  572  0.0345864
550  571  0.033817
552  569  0.0320299
553  568  0.0346524
554  567  0.0330774
556  565  0.0729876
557  564  0.0893588
557  570  0.0128512
558  563  0.0821798
558  569  0.0128554
560  566  0.0153471
564  574  0.0158984
564  579  0.493446
565  573  0.0154974
565  578  0.54759
566  573  0.0111228
566  577  0.557449
567  576  0.55153
568  575  0.500822
570  574  0.0117958
570  579  0.0208522
571  578  0.021488
572  577  0.0205418
598  605  0.128513
599  604  0.145412
612  625  0.0115584
613  624  0.0109676
642  700  0.908284
643  699  0.986491
644  698  0.992937
645  697  0.997232
646  696  0.999355
647  695  0.999357
648  694  0.997958
649  693  0.996206
650  666  0.919381
651  665  0.991071
652  664  0.991882
654  662  0.992333
655  661  0.983107
667  692  0.0111986
668  692  0.0629273
669  692  0.0589142
670  689  0.162349
670  690  0.695308
670  691  0.0430148
671  688  0.209466
671  689  0.714416
672  688  0.715457
673  686  0.628329
673  687  0.361118
674  685  0.983768
675  684  0.983169
676  683  0.988231
677  682  0.980758
