1  45  0.141072
1  930  0.10973
1  970  0.023108
2  44  0.228099
2  929  0.179608
2  969  0.0262212
3  43  0.252913
3  46  0.261414
3  928  0.193989
3  931  0.0444191
3  968  0.0278803
4  42  0.251795
4  45  0.261523
4  927  0.194877
4  930  0.0438257
5  41  0.230283
5  44  0.253574
5  926  0.194293
5  929  0.03395
6  879  0.0658052
6  925  0.192013
7  42  0.019517
7  43  0.224005
7  878  0.214439
7  928  0.0336079
8  42  0.211887
8  877  0.213928
8  927  0.034136
9  922  0.0136228
9  926  0.034263
10  39  0.465045
10  40  0.0287115
10  876  0.314834
10  925  0.0274628
11  38  0.557653
11  39  0.0217096
11  875  0.363002
11  924  0.0205348
12  37  0.583287
12  38  0.0109268
12  874  0.372624
12  923  0.01747
13  36  0.596878
13  873  0.398591
14  35  0.596879
14  872  0.398644
15  34  0.594974
15  871  0.398411
16  33  0.581917
16  870  0.397882
17  32  0.518268
17  869  0.398076
18  30  0.226783
18  868  0.397225
19  30  0.0369617
19  31  0.0683072
19  867  0.386877
20  30  0.0647503
20  31  0.0583291
20  865  0.3456
21  30  0.0607968
21  31  0.0712326
21  864  0.304493
21  865  0.0118988
22  30  0.0742503
22  863  0.331164
23  29  0.0646636
23  862  0.382083
24  861  0.381371
25  860  0.379823
26  859  0.36881
29  44  0.276254
30  43  0.387633
31  42  0.38754
32  41  0.385731
33  40  0.37545
46  487  0.0298404
47  486  0.0226522
47  487  0.230085
48  485  0.0125549
48  486  0.82464
49  485  0.97558
50  484  0.996324
51  483  0.976432
53  481  0.982028
54  480  0.99974
55  479  0.999291
56  478  0.999843
57  477  0.999812
58  476  0.999535
59  474  0.0411698
60  474  0.669748
61  472  0.974543
61  473  0.0224124
62  471  0.996364
63  470  0.993681
64  469  0.994613
65  468  0.993102
66  103  0.982659
66  106  0.0166436
67  102  0.983105
67  105  0.0166294
68  101  0.982655
68  104  0.0165357
69  100  0.983285
69  103  0.0164644
70  99  0.981587
70  102  0.0163749
72  97  0.995202
73  96  0.998017
74  95  0.99802
75  94  0.997806
76  93  0.986137
80  93  0.0110672
81  92  0.953863
82  91  0.994983
83  90  0.992449
84  89  0.720358
110  467  0.901422
111  466  0.985164
112  465  0.986976
113  464  0.986802
114  463  0.986953
115  462  0.859421
116  272  0.0171519
117  184  0.0886108
117  271  0.0189875
117  460  0.238768
118  183  0.0972076
118  459  0.126485
120  181  0.999027
121  180  0.99954
122  179  0.996831
123  178  0.986415
124  177  0.983863
125  175  0.335249
125  176  0.652445
126  174  0.665115
126  175  0.32742
127  173  0.997073
128  172  0.998627
129  171  0.992163
130  170  0.928514
131  165  0.933351
131  168  0.0120611
132  164  0.981985
133  163  0.994572
134  162  0.999722
135  161  0.99984
136  160  0.99985
137  159  0.992945
140  156  0.9703
141  155  0.994968
142  154  0.997504
143  153  0.996181
144  152  0.998986
145  151  0.996394
183  272  0.0170139
185  270  0.998432
186  269  0.998994
187  268  0.999181
188  267  0.905301
189  266  0.901383
190  265  0.99831
191  264  0.999143
192  263  0.99918
193  262  0.998925
194  261  0.998182
195  260  0.96674
198  257  0.0548768
199  257  0.736334
200  234  0.0103476
200  252  0.064584
200  255  0.0147179
200  256  0.742869
201  233  0.0103621
201  251  0.0651444
201  258  0.0174382
202  232  0.0101568
202  252  0.0101316
202  255  0.517247
203  228  0.0236078
204  227  0.0251115
205  252  0.115159
207  223  0.982089
208  222  0.9827
209  221  0.982685
211  220  0.981608
212  219  0.97912
213  218  0.943272
232  251  0.80956
233  250  0.969914
234  249  0.970406
235  248  0.969189
236  247  0.966161
237  246  0.950643
238  244  0.0314839
238  245  0.352895
242  251  0.0155942
243  250  0.0178307
244  249  0.0176469
273  459  0.753132
274  458  0.994678
275  457  0.995132
276  456  0.994854
277  454  0.316396
278  454  0.653591
279  452  0.328853
279  453  0.623025
280  451  0.984597
281  450  0.984112
282  449  0.994109
283  448  0.994622
284  447  0.997805
285  446  0.999297
286  445  0.999711
287  444  0.996372
288  443  0.991881
289  442  0.949011
290  419  0.0667479
291  418  0.0776506
292  417  0.0404088
292  438  0.011427
292  439  0.143683
293  417  0.929782
294  416  0.976866
295  415  0.978204
296  414  0.976072
297  413  0.976546
298  412  0.538039
299  412  0.44157
300  411  0.875585
301  410  0.85218
302  409  0.698286
303  388  0.200908
304  387  0.259279
304  406  0.720021
305  386  0.259252
305  405  0.722497
306  385  0.258448
306  404  0.721538
307  384  0.258056
307  402  0.372833
307  403  0.361499
308  382  0.261742
308  401  0.733989
309  381  0.261805
309  400  0.733918
310  379  0.263674
310  399  0.696522
311  378  0.271974
312  377  0.271581
313  376  0.271842
313  397  0.564822
314  375  0.266716
314  396  0.711309
315  372  0.0391592
315  374  0.233212
316  371  0.0675481
316  394  0.717956
317  370  0.0682016
317  372  0.196889
317  393  0.72278
318  369  0.0383332
318  371  0.195517
318  392  0.713684
319  369  0.225134
320  368  0.255505
320  389  0.723149
321  367  0.25576
321  388  0.725596
322  361  0.0119951
322  366  0.236749
322  387  0.72548
323  360  0.0644478
323  386  0.721623
324  382  0.0808372
324  385  0.640201
325  358  0.155308
325  363  0.0380191
325  381  0.0658399
325  383  0.0111434
326  356  0.137777
326  357  0.457159
326  362  0.0283099
326  380  0.176165
327  355  0.138554
327  356  0.491462
327  361  0.0239713
327  362  0.010457
327  379  0.232461
328  354  0.139354
328  355  0.487423
328  360  0.0234384
328  361  0.0107212
328  362  0.0184721
328  378  0.156084
329  353  0.139866
329  354  0.447582
329  361  0.0196621
329  377  0.0792556
329  378  0.087676
330  351  0.433095
330  353  0.186353
330  360  0.0199567
330  377  0.165586
331  350  0.662873
331  359  0.019757
331  376  0.242456
332  349  0.689147
332  375  0.242793
332  380  0.0104955
333  347  0.0103163
333  348  0.68786
333  356  0.0101338
333  357  0.0180338
333  374  0.242321
333  379  0.01075
334  346  0.0113093
334  347  0.674797
334  355  0.0100965
334  356  0.0185431
334  378  0.0107369
335  354  0.0102702
335  355  0.0180903
335  377  0.0107338
336  345  0.0705529
336  376  0.0103331
337  345  0.0840915
338  343  0.118908
338  344  0.066284
338  346  0.171365
338  351  0.023816
338  372  0.250867
338  374  0.010484
339  345  0.154675
339  350  0.0274317
339  371  0.251429
339  373  0.0106984
340  344  0.0108474
340  346  0.0139091
340  349  0.027173
340  370  0.251944
340  372  0.010724
341  369  0.228638
341  371  0.0106856
342  368  0.204939
342  369  0.0341837
343  367  0.202095
343  368  0.0576958
344  367  0.0577816
345  365  0.0970569
345  366  0.0633679
350  360  0.238535
351  359  0.297582
352  358  0.304435
358  365  0.0211358
363  384  0.0108465
365  382  0.463359
366  381  0.46549
367  380  0.464496
368  379  0.465095
369  378  0.421329
388  403  0.0498218
389  402  0.23219
390  401  0.253046
391  400  0.252982
392  399  0.253815
393  398  0.251896
419  442  0.015909
420  441  0.626919
421  440  0.603115
423  437  0.0163331
424  436  0.0169122
424  438  0.0561255
425  434  0.0195511
425  436  0.947799
426  433  0.0195883
426  435  0.952924
427  432  0.0193113
427  434  0.9529
428  433  0.930652
487  967  0.0399593
487  970  0.481929
488  859  0.0305954
488  966  0.0401559
488  969  0.511915
489  858  0.399588
489  968  0.515754
490  857  0.39996
490  963  0.0699051
490  967  0.503365
491  856  0.399784
491  962  0.083113
491  964  0.139843
491  966  0.340191
492  855  0.399966
492  961  0.160964
492  963  0.409465
493  854  0.399956
493  960  0.16171
493  962  0.414611
494  853  0.3959
494  959  0.161106
494  961  0.406911
495  852  0.372179
495  958  0.156489
495  960  0.393033
496  507  0.016791
496  957  0.0814874
497  956  0.0459548
498  507  0.402961
499  504  0.0532318
499  505  0.0422037
499  506  0.432479
499  769  0.0597314
500  504  0.0162206
500  505  0.32767
500  508  0.0336398
500  768  0.060353
501  507  0.0375747
501  767  0.0564573
502  506  0.0275355
502  765  0.0300748
502  769  0.0591559
503  763  0.128102
503  765  0.0255612
503  768  0.0235053
504  762  0.269717
504  764  0.030414
504  767  0.0233242
505  761  0.268782
505  762  0.0379226
505  766  0.0592356
506  760  0.172531
506  761  0.036757
506  764  0.0483109
506  959  0.035338
507  688  0.278503
507  763  0.0456158
507  958  0.034695
508  687  0.384537
508  957  0.0190848
509  686  0.395181
510  685  0.399724
510  958  0.125985
511  684  0.400868
511  957  0.452787
512  683  0.401261
512  956  0.513745
513  682  0.401018
513  955  0.581902
514  681  0.401577
514  954  0.588681
515  680  0.401414
515  953  0.588753
516  679  0.40162
516  952  0.589332
517  678  0.401464
517  951  0.589222
518  595  0.39356
518  950  0.588219
519  594  0.396936
519  948  0.291942
519  949  0.296951
520  593  0.396894
520  947  0.583857
521  592  0.39725
521  946  0.583864
522  591  0.397108
522  945  0.583804
523  590  0.396692
523  944  0.583582
524  573  0.0125831
525  545  0.0120907
525  546  0.0994973
525  572  0.012476
525  699  0.419391
526  544  0.0125396
526  545  0.131423
526  549  0.117782
526  698  0.558738
527  544  0.132858
527  548  0.164987
527  574  0.0119704
527  697  0.266106
528  543  0.067206
528  547  0.176973
528  573  0.0150529
528  696  0.28556
529  546  0.168056
529  572  0.0146018
529  695  0.589144
530  541  0.304868
530  545  0.0619075
530  571  0.0112745
530  694  0.589105
531  540  0.383068
531  693  0.589606
532  539  0.395057
532  692  0.590168
533  538  0.387251
533  691  0.59012
534  690  0.579151
535  689  0.572445
536  688  0.564387
537  687  0.491368
538  547  0.0143222
538  551  0.0337745
538  576  0.384615
538  686  0.119708
539  547  0.069325
539  550  0.0605968
539  575  0.386101
540  546  0.0594625
540  549  0.0570292
540  574  0.386493
540  685  0.0124249
541  573  0.386901
541  684  0.011633
542  572  0.387159
543  571  0.135871
544  553  0.047085
544  570  0.0959794
545  552  0.0449159
545  569  0.343746
546  551  0.033312
546  568  0.322969
547  571  0.0135938
548  570  0.0135138
549  569  0.0118209
550  565  0.0512474
550  571  0.0134723
551  564  0.0501471
551  675  0.0280834
552  563  0.0464586
552  572  0.0254977
552  674  0.0379905
553  561  0.0104295
553  571  0.0276816
553  673  0.0387522
553  682  0.167583
554  561  0.0464891
554  672  0.0387554
554  681  0.172513
555  560  0.0420125
555  567  0.714247
555  671  0.0386951
555  680  0.172316
556  566  0.716158
556  670  0.0387646
556  679  0.172652
557  565  0.710538
557  669  0.0387551
557  678  0.172569
558  668  0.0371783
559  667  0.0370214
560  666  0.0321724
561  665  0.0109354
562  598  0.178873
563  597  0.194147
564  596  0.200077
565  595  0.203819
566  594  0.201814
570  592  0.169141
571  591  0.185348
575  589  0.596193
576  588  0.600835
577  584  0.010015
577  587  0.603538
578  586  0.604803
579  585  0.599692
583  689  0.0110665
584  688  0.0144042
585  684  0.337637
585  687  0.0155864
586  683  0.356133
586  686  0.0159778
587  682  0.35434
587  685  0.0160384
588  684  0.0158592
589  680  0.356234
589  683  0.0146132
590  679  0.368169
591  678  0.368175
591  681  0.0144963
592  677  0.367899
592  680  0.0119574
593  676  0.342658
594  679  0.0135427
595  678  0.0135373
596  674  0.0121467
596  676  0.0760444
597  674  0.0116305
597  675  0.157828
597  676  0.0327676
598  674  0.199589
598  675  0.0518039
600  673  0.950515
601  672  0.954579
602  671  0.947448
604  669  0.934163
605  668  0.958979
606  667  0.960159
607  666  0.96043
608  664  0.947594
608  665  0.049276
609  663  0.995854
610  662  0.996765
611  661  0.998097
612  660  0.997659
613  659  0.998101
614  658  0.997247
615  622  0.939916
616  621  0.924386
617  627  0.0392543
618  626  0.0507917
619  625  0.0522932
620  624  0.0199103
624  656  0.502393
625  655  0.528488
626  653  0.0106233
626  655  0.0318749
627  654  0.0652909
628  652  0.792634
628  653  0.035479
629  650  0.020017
629  651  0.949192
630  650  0.949803
631  648  0.521668
631  649  0.47566
632  647  0.998375
633  646  0.999315
634  645  0.998607
635  644  0.998433
636  643  0.997801
637  642  0.655166
688  761  0.0500645
689  760  0.0536885
691  758  0.380906
692  757  0.381777
694  756  0.394498
695  755  0.394468
696  754  0.394406
697  753  0.394748
698  752  0.392941
699  751  0.37783
700  750  0.343246
702  719  0.013425
704  718  0.0161529
704  725  0.0102884
705  716  0.278448
705  724  0.0150337
705  938  0.595351
706  715  0.278659
706  720  0.0372819
706  723  0.0150588
706  937  0.596311
707  714  0.275583
707  719  0.0376543
707  722  0.014995
707  936  0.596086
708  713  0.266996
708  720  0.0569401
708  935  0.596368
709  718  0.0806233
709  719  0.0358332
709  934  0.596366
710  717  0.101903
710  718  0.0139692
710  933  0.595247
711  716  0.108519
711  932  0.595256
712  931  0.593419
713  929  0.041093
714  927  0.537968
714  928  0.0223541
715  883  0.0172454
715  926  0.564539
716  882  0.0190918
716  925  0.563303
717  748  0.0442458
717  881  0.0182185
718  747  0.0504698
718  881  0.420493
718  885  0.0360627
719  746  0.0488861
719  880  0.525492
719  884  0.0360228
720  745  0.0440977
720  879  0.535036
720  883  0.0358273
721  744  0.0137758
721  747  0.341726
721  878  0.529972
722  746  0.342664
722  877  0.522063
723  875  0.0819659
723  876  0.341304
724  745  0.733881
724  874  0.163074
725  744  0.883309
725  873  0.0735767
726  743  0.958033
727  742  0.983043
728  741  0.986789
729  740  0.987459
730  739  0.987346
730  741  0.0114225
731  738  0.977487
731  740  0.0119086
732  737  0.567395
732  739  0.0121912
733  738  0.0120554
746  875  0.112756
747  874  0.119431
748  871  0.0320333
749  870  0.0355004
750  871  0.0123292
752  868  0.418651
753  867  0.584678
754  866  0.588357
755  865  0.589227
756  864  0.58915
757  863  0.588035
759  861  0.557211
760  860  0.586608
761  859  0.584267
763  855  0.0482078
763  857  0.510672
764  851  0.216337
764  854  0.0484053
765  850  0.230399
765  853  0.0476996
765  855  0.534701
766  849  0.230393
766  854  0.527456
767  848  0.230153
768  847  0.156486
768  853  0.147775
769  847  0.0734126
769  853  0.0164108
770  844  0.0267383
770  846  0.146315
770  851  0.74368
771  784  0.147667
771  850  0.760529
772  783  0.14792
772  841  0.0608501
772  844  0.0163356
772  849  0.760566
773  782  0.143292
773  840  0.0608652
773  843  0.0147222
773  848  0.760029
774  781  0.0534617
774  839  0.059959
774  847  0.759304
779  793  0.0102929
780  789  0.0338478
780  792  0.0111179
780  841  0.74361
781  788  0.0327272
781  791  0.0107699
781  840  0.748345
782  839  0.745775
783  793  0.757776
784  789  0.0135492
784  792  0.777983
785  791  0.753935
792  837  0.0360631
792  839  0.154304
793  838  0.155898
794  836  0.902316
794  837  0.0850599
795  835  0.995107
796  834  0.998964
797  833  0.998974
798  832  0.994689
801  829  0.984241
802  828  0.998864
803  827  0.991178
806  824  0.985405
807  823  0.996788
808  822  0.997514
809  821  0.999386
810  820  0.99998
811  819  0.999936
812  818  0.998721
813  817  0.810572
877  922  0.102286
878  921  0.147298
879  920  0.153989
879  935  0.0215405
879  967  0.0358307
880  919  0.154283
880  934  0.0215885
880  966  0.0363819
881  918  0.153773
881  922  0.0904588
881  929  0.0598933
881  933  0.0216131
881  965  0.0277193
882  917  0.15197
882  928  0.0773586
882  932  0.0222747
882  963  0.0120466
883  920  0.49365
883  927  0.0845344
883  931  0.0221386
883  935  0.0392651
884  919  0.510326
884  926  0.0955984
884  934  0.0394824
885  895  0.160515
885  918  0.510838
885  925  0.094963
885  933  0.0395435
886  894  0.17507
886  917  0.501394
886  928  0.0145339
886  931  0.0134806
886  932  0.0181467
887  893  0.1422
887  927  0.0154461
887  930  0.0249181
888  915  0.392451
888  916  0.0487412
888  924  0.0105782
888  925  0.0303623
888  926  0.0102283
888  929  0.0240544
889  914  0.408049
889  915  0.0469274
889  923  0.0158943
889  924  0.180391
890  913  0.397187
890  914  0.038945
890  922  0.0157043
890  923  0.242144
891  911  0.258149
891  919  0.0110537
891  921  0.0156798
891  922  0.248824
891  926  0.0238749
892  910  0.257974
892  911  0.162069
892  918  0.0110528
892  921  0.248781
892  925  0.0238828
893  909  0.180739
893  910  0.163247
893  919  0.23885
893  923  0.0100476
893  924  0.0136004
894  909  0.191512
894  918  0.246987
894  922  0.0199574
895  907  0.235847
895  908  0.176771
895  917  0.238145
896  906  0.228887
896  912  0.516292
896  920  0.0196584
897  904  0.0571214
897  911  0.536565
897  919  0.0194932
898  904  0.0921502
898  910  0.536736
898  918  0.0190235
899  904  0.0921654
899  909  0.519693
905  912  0.0140813
906  911  0.0139548
925  932  0.0180652
926  931  0.0174923
930  955  0.0100187
932  954  0.297734
932  969  0.0124215
933  953  0.315023
933  968  0.0143228
934  952  0.317883
934  967  0.0143009
935  951  0.317908
935  966  0.0141463
936  950  0.317994
937  949  0.318072
938  948  0.306635
939  946  0.0156623
943  962  0.0707597
944  961  0.0800904
945  960  0.0801021
946  959  0.0808756
947  958  0.0808705
948  957  0.0757449
949  956  0.0751464
950  955  0.0745344
956  972  0.15299
957  971  0.265595
958  968  0.0141038
958  970  0.288731
959  969  0.289688
960  967  0.179602
960  968  0.145683
961  966  0.324235
