1  509  0.941614
2  500  0.0129088
2  508  0.954951
3  499  0.0193974
3  507  0.959056
4  498  0.0191077
4  506  0.945443
5  439  0.189571
5  497  0.0151009
5  504  0.0586786
5  505  0.712894
6  438  0.207102
6  503  0.114968
7  231  0.640894
7  271  0.0153755
7  437  0.213909
7  496  0.0135232
7  502  0.0398691
7  504  0.0140545
8  230  0.650319
8  270  0.0155329
8  434  0.0103094
8  436  0.211942
8  495  0.0133902
9  229  0.649594
9  269  0.0153332
9  432  0.0108869
10  228  0.644366
10  431  0.0114349
11  227  0.629621
11  267  0.0152751
11  433  0.0778194
12  31  0.014459
12  226  0.539431
12  266  0.0164189
12  430  0.024468
12  432  0.072822
13  30  0.0234448
13  265  0.0164417
14  29  0.0266965
14  222  0.127567
14  224  0.0511302
14  264  0.0163703
14  428  0.1688
15  28  0.0286992
15  221  0.159911
15  225  0.0195331
15  263  0.0161076
15  373  0.0138437
15  427  0.185105
15  430  0.0190749
16  220  0.152276
16  429  0.0189479
17  26  0.0353647
17  138  0.0171015
17  201  0.0300798
17  212  0.0259043
17  216  0.115271
17  222  0.014125
17  372  0.0362897
17  426  0.214877
18  25  0.0357235
18  131  0.041575
18  137  0.0176844
18  200  0.0315678
18  210  0.0207115
18  211  0.0230487
18  213  0.256586
18  214  0.0107462
18  215  0.117839
18  371  0.0507087
18  425  0.2162
18  427  0.0265635
19  24  0.0350081
19  130  0.0415959
19  136  0.0176497
19  199  0.031555
19  209  0.0226529
19  212  0.257645
19  216  0.0298171
19  370  0.0507375
19  424  0.216073
19  426  0.0265975
20  31  0.0138596
20  129  0.0406862
20  131  0.563551
20  208  0.0145922
20  210  0.023556
20  211  0.0188991
20  213  0.141854
20  215  0.0222583
20  369  0.05101
20  425  0.022475
21  30  0.0167279
21  130  0.564543
21  209  0.0335719
21  212  0.136343
21  216  0.0108385
21  368  0.051011
21  424  0.022429
22  29  0.0179736
22  212  0.0254406
22  367  0.0509514
23  28  0.0183514
23  128  0.692343
23  211  0.167738
23  214  0.0249535
23  366  0.0496279
24  127  0.695606
24  210  0.168025
24  213  0.0250779
24  364  0.049792
25  126  0.69627
25  209  0.168023
25  212  0.0251224
25  363  0.0503957
26  125  0.695126
26  208  0.163838
26  211  0.0239372
26  362  0.0430458
28  124  0.0753821
29  226  0.0243323
30  123  0.728972
30  204  0.103452
30  225  0.0338511
30  360  0.0168351
31  122  0.728881
31  203  0.10318
31  224  0.0349846
31  359  0.0179825
32  121  0.727349
32  202  0.100006
32  223  0.0357338
32  358  0.0157733
33  120  0.728916
33  201  0.0840829
33  222  0.0354373
34  43  0.0177533
34  95  0.0146821
34  119  0.729426
34  144  0.0578066
34  200  0.0567109
34  221  0.0333299
35  40  0.0152986
35  42  0.0602837
35  45  0.0382891
35  94  0.0149107
35  118  0.71855
35  143  0.0583294
35  355  0.0180774
36  41  0.0400353
36  44  0.0433366
36  93  0.0149774
36  117  0.649478
36  142  0.0553648
36  354  0.0180402
37  43  0.0464939
37  92  0.0157453
37  353  0.0176328
38  75  0.212716
38  91  0.0158273
38  352  0.0146065
39  74  0.2318
39  90  0.0159006
40  73  0.236535
40  89  0.0159257
40  115  0.016933
40  138  0.0653882
40  201  0.0181323
41  45  0.0143171
41  48  0.0363342
41  52  0.401006
41  105  0.0623065
41  113  0.028834
41  137  0.0675454
41  200  0.0208875
42  51  0.409191
42  88  0.0159197
42  104  0.0623333
42  112  0.0311788
42  136  0.0675322
42  199  0.0201176
43  50  0.385248
43  87  0.0159105
43  103  0.054549
43  135  0.0617264
43  198  0.0165208
44  49  0.269632
44  86  0.0149406
45  199  0.0709072
46  117  0.024211
46  133  0.0111276
46  198  0.079825
46  218  0.0362231
47  116  0.0986112
47  132  0.0122306
47  197  0.0908133
47  217  0.0488061
48  83  0.0171563
48  115  0.0974476
48  130  0.0157862
48  196  0.0912931
48  216  0.0495869
49  82  0.0172473
49  112  0.018188
49  115  0.0569225
49  130  0.022892
49  195  0.0351871
50  111  0.0529834
50  114  0.189607
50  128  0.0278442
50  129  0.0316
50  194  0.0345541
50  214  0.0509996
51  80  0.0915691
51  110  0.0533948
51  113  0.190196
51  127  0.0281124
51  128  0.0314826
51  193  0.090463
51  213  0.0510712
52  79  0.0917722
52  109  0.0528148
52  112  0.187819
52  126  0.0153955
52  192  0.0891281
52  212  0.0508877
53  73  0.0111873
53  78  0.0918577
53  115  0.0685678
53  126  0.0445182
53  154  0.047909
54  77  0.0918448
54  110  0.152145
54  114  0.0594949
54  125  0.0576066
54  153  0.0473812
54  210  0.0466222
55  72  0.525987
55  76  0.0863649
55  109  0.14447
55  124  0.0575808
55  209  0.046629
56  71  0.828492
56  75  0.0575887
57  70  0.968482
57  73  0.0146267
58  69  0.978534
58  72  0.014542
59  68  0.976061
59  70  0.0164116
60  67  0.967547
60  69  0.0168052
61  66  0.808054
61  68  0.0156644
71  120  0.0239662
71  152  0.0301443
72  114  0.0135549
72  119  0.0600406
72  144  0.0422249
72  151  0.103829
73  108  0.274776
73  113  0.0163454
73  118  0.0603419
73  143  0.0428959
73  150  0.1131
74  107  0.275644
74  112  0.0123958
74  117  0.0592126
74  133  0.0203175
74  142  0.04287
74  149  0.112888
75  106  0.276424
75  115  0.0105229
75  116  0.0559119
75  132  0.0265902
75  141  0.0427836
75  148  0.112585
76  105  0.276869
76  110  0.0176856
76  113  0.31474
76  131  0.0300133
76  140  0.0421661
76  147  0.111996
77  104  0.276748
77  109  0.0177189
77  112  0.323514
77  115  0.0930959
77  130  0.0300182
77  146  0.111956
78  108  0.0156092
78  111  0.323933
78  114  0.0973342
78  128  0.155134
78  129  0.0202947
78  145  0.0103462
79  105  0.0192414
79  110  0.323782
79  113  0.0973324
79  127  0.173462
79  128  0.010213
80  104  0.0197375
80  109  0.323555
80  112  0.0972942
80  126  0.184678
81  102  0.655925
81  108  0.120644
81  125  0.184851
82  101  0.703263
83  100  0.705026
83  123  0.187846
84  99  0.500484
84  122  0.187515
85  121  0.185718
86  97  0.674144
86  120  0.186068
87  96  0.760254
88  95  0.792047
88  119  0.189145
89  94  0.776322
89  118  0.189179
90  117  0.18892
91  116  0.188648
92  115  0.18845
93  114  0.178031
94  112  0.0170323
95  112  0.144344
96  106  0.0269859
97  105  0.0741948
97  110  0.180373
98  104  0.0740697
98  109  0.180655
99  105  0.0133024
99  108  0.176405
100  104  0.0109362
102  195  0.0110791
103  194  0.0113708
104  108  0.101085
104  110  0.0833044
104  193  0.0113868
105  109  0.0683519
105  192  0.0113873
106  191  0.0113466
107  190  0.0107583
108  115  0.0590014
109  114  0.0498647
109  188  0.0112256
110  187  0.0112444
111  186  0.0112286
124  131  0.0126035
124  210  0.0132122
125  130  0.0124761
125  209  0.013276
126  208  0.0116611
129  138  0.179719
129  201  0.0501883
130  137  0.196326
130  200  0.0527494
131  136  0.191749
131  199  0.0527275
133  417  0.0182016
134  416  0.0191209
136  147  0.11686
136  210  0.279289
136  213  0.0118155
136  261  0.0159905
136  414  0.255702
137  146  0.116909
137  209  0.28226
137  212  0.0118678
137  260  0.0159977
137  413  0.255864
138  145  0.113427
138  208  0.277202
138  211  0.0112846
138  259  0.0158658
138  412  0.262161
139  258  0.0143063
139  411  0.259133
140  235  0.0154696
141  234  0.0155176
141  409  0.229856
142  233  0.015465
142  408  0.262152
143  232  0.0153055
143  407  0.262714
144  406  0.262704
145  201  0.455798
145  405  0.262032
146  157  0.0235735
146  200  0.488499
147  156  0.0236133
147  199  0.488385
147  400  0.0928854
148  399  0.087729
150  196  0.599462
150  400  0.0134754
151  195  0.600182
152  194  0.599467
152  397  0.203603
153  192  0.597608
153  396  0.219811
154  189  0.0256652
154  191  0.603258
154  395  0.22015
155  190  0.605874
156  188  0.396206
156  189  0.307004
156  394  0.216822
157  187  0.696202
157  393  0.215552
158  186  0.711788
159  402  0.019962
160  183  0.120915
160  401  0.0254753
161  186  0.0220273
161  400  0.0259058
162  185  0.0217213
162  399  0.023774
163  180  0.859667
163  181  0.0795538
163  398  0.0162216
164  179  0.993214
165  178  0.995805
166  177  0.997879
167  176  0.996009
168  175  0.997747
169  174  0.984654
186  392  0.0679624
187  390  0.255759
188  389  0.257095
189  388  0.257407
190  387  0.25713
191  386  0.257018
193  384  0.263273
194  383  0.263243
195  382  0.262647
196  381  0.260173
198  365  0.0616749
199  210  0.0326484
199  364  0.267842
200  209  0.0332195
200  363  0.268058
201  208  0.0325287
201  362  0.257533
209  266  0.273553
210  265  0.281563
211  264  0.281839
212  225  0.0136894
212  263  0.280353
215  222  0.375135
215  260  0.279865
216  221  0.392801
216  259  0.281914
217  258  0.278199
218  257  0.23552
219  256  0.100148
220  236  0.182304
221  232  0.013703
221  235  0.198449
222  230  0.0103545
222  231  0.0157603
222  234  0.118819
223  233  0.0686586
223  234  0.116728
224  233  0.168133
225  232  0.212486
230  265  0.0266342
231  264  0.0274515
231  503  0.0140762
232  240  0.0121236
232  263  0.0281678
232  502  0.652113
233  239  0.0110249
233  262  0.0254108
233  501  0.653209
234  260  0.0227772
234  500  0.653766
235  259  0.0253238
235  499  0.653747
236  258  0.0249849
236  498  0.597875
239  258  0.0117789
240  493  0.0351084
240  494  0.0679632
241  256  0.61872
241  493  0.0435123
242  255  0.987623
243  254  0.988145
244  253  0.987988
245  252  0.925907
246  251  0.701479
257  494  0.0420991
258  493  0.026502
258  494  0.0444795
259  493  0.074322
260  274  0.0131119
260  491  0.53499
260  495  0.0260972
261  490  0.538713
261  494  0.0261538
262  273  0.0410001
262  489  0.538467
263  272  0.0478168
263  357  0.0304431
263  488  0.538661
264  271  0.0499109
264  356  0.0402255
264  487  0.525947
264  497  0.0156576
265  270  0.0469448
265  355  0.0415445
265  362  0.072066
265  486  0.466216
265  496  0.0139004
266  354  0.0416747
266  361  0.0788277
266  484  0.019879
267  353  0.0413861
267  360  0.0405945
267  485  0.0350293
268  352  0.0387778
268  360  0.629519
269  351  0.0292035
269  359  0.755517
270  358  0.762463
271  357  0.762037
272  355  0.107588
272  356  0.297798
272  362  0.0201887
273  354  0.0989573
273  361  0.0199518
275  325  0.0132536
275  326  0.0128831
275  352  0.0395508
275  360  0.0368908
276  351  0.0317516
276  359  0.039502
277  358  0.0396825
278  357  0.0291146
279  321  0.734086
280  320  0.969936
281  319  0.988579
282  318  0.982161
283  317  0.975531
284  316  0.673125
284  317  0.0133972
285  316  0.0188541
286  314  0.997942
287  313  0.999424
288  312  0.99807
289  311  0.9967
290  310  0.99639
291  308  0.118322
291  309  0.880863
292  307  0.235462
292  308  0.761611
293  306  0.352104
294  305  0.292159
297  302  0.108104
297  304  0.0248209
297  307  0.63663
298  306  0.637534
299  305  0.54497
324  446  0.0212695
325  445  0.0268044
326  339  0.0139411
326  444  0.0282432
326  484  0.0436245
327  338  0.875876
327  443  0.0286641
327  483  0.0592686
328  337  0.876694
328  442  0.0282293
328  482  0.0592814
329  336  0.86885
329  481  0.059236
330  335  0.538156
330  480  0.0434987
332  402  0.0249051
333  401  0.0314371
334  400  0.0319307
335  399  0.0319088
336  398  0.0318943
336  458  0.0620541
337  397  0.0318252
337  457  0.0624187
338  396  0.0318192
338  456  0.0625395
339  350  0.951369
340  349  0.952155
341  348  0.884554
342  347  0.642904
355  384  0.028451
355  452  0.0643401
356  383  0.0286026
356  451  0.0653098
357  382  0.0286032
357  450  0.0656029
358  381  0.0283428
358  449  0.0653774
359  448  0.0648913
360  447  0.0591297
363  380  0.016074
363  443  0.067975
363  483  0.444531
363  495  0.0710471
364  442  0.0680438
364  482  0.444536
364  494  0.0704743
365  379  0.210338
365  401  0.0678044
365  441  0.0109187
365  481  0.430735
366  378  0.291345
366  400  0.0844876
366  493  0.0972224
367  377  0.292078
367  399  0.0846177
367  492  0.0990977
368  376  0.292354
368  398  0.0830538
368  478  0.437667
368  491  0.0992215
369  375  0.288711
369  396  0.0801965
369  477  0.437011
369  490  0.0992168
370  374  0.109908
370  394  0.022614
370  395  0.0662118
370  457  0.343373
370  459  0.0112545
370  476  0.0927272
370  489  0.0990482
371  393  0.0368529
371  456  0.344751
371  475  0.0926634
371  488  0.0991109
372  392  0.0370649
372  394  0.0608983
372  455  0.359008
372  457  0.0459582
372  487  0.0722979
373  393  0.0616352
373  456  0.0461226
373  474  0.0649762
374  391  0.0992235
374  444  0.0108043
374  454  0.464844
374  473  0.0649521
375  390  0.099568
375  443  0.0141217
375  453  0.492923
375  471  0.0342922
375  472  0.032677
376  389  0.0994295
376  442  0.014137
376  452  0.49296
376  470  0.0666152
377  388  0.0980485
377  451  0.492528
377  469  0.0657469
378  409  0.0122008
378  450  0.492105
379  408  0.0133471
379  449  0.444476
380  385  0.0975596
380  407  0.0148529
381  406  0.014877
381  465  0.0666291
382  400  0.364791
382  405  0.0147933
382  464  0.0668955
383  399  0.363193
383  463  0.0669207
384  398  0.346564
384  399  0.0826881
384  462  0.0668586
385  397  0.193815
385  398  0.109165
385  461  0.0656798
386  397  0.125093
387  399  0.0124241
388  395  0.511592
388  398  0.01394
388  458  0.0657069
389  394  0.506741
389  397  0.0140254
389  457  0.0657775
390  396  0.0139242
390  456  0.0644647
396  443  0.0509176
396  455  0.0152344
397  442  0.0166435
397  454  0.015216
398  452  0.0191459
399  440  0.0495684
399  451  0.0196574
400  439  0.0526892
400  450  0.0196995
401  449  0.0193101
402  448  0.0158145
405  436  0.660567
405  437  0.0486248
406  435  0.670855
406  436  0.0434283
407  434  0.67618
407  435  0.0380539
408  433  0.667103
409  433  0.0188353
410  429  0.5228
410  430  0.0128226
410  431  0.0188349
410  432  0.01968
411  428  0.543585
412  426  0.720702
413  425  0.743224
414  424  0.743226
415  423  0.737845
416  422  0.705763
437  442  0.0112903
442  453  0.0536986
442  504  0.0406964
443  452  0.053519
443  503  0.0408435
449  494  0.164291
450  493  0.311087
451  492  0.337123
452  491  0.341304
453  490  0.34131
454  489  0.341027
455  488  0.339945
456  483  0.384864
456  487  0.0647019
457  482  0.436154
458  481  0.434625
459  477  0.503985
460  476  0.904003
461  475  0.903886
462  474  0.930992
463  473  0.930865
464  472  0.931378
465  471  0.896471
477  483  0.0120271
481  487  0.0171645
482  486  0.0106763
493  505  0.0249481
494  504  0.0334789
495  503  0.0327443
