1  384  0.0417409
2  38  0.0116599
2  77  0.6714
2  383  0.0609208
3  37  0.0145622
3  76  0.812664
3  96  0.0556115
3  382  0.0664798
4  13  0.0210982
4  36  0.0145577
4  75  0.812805
4  95  0.0558369
4  381  0.0664852
5  12  0.0213383
5  35  0.0133754
5  74  0.812272
5  94  0.0557443
5  380  0.0664366
6  11  0.0209194
6  73  0.812185
6  93  0.0545378
6  379  0.0663474
7  72  0.7655
8  21  0.0729022
9  20  0.0755489
9  70  0.01995
9  91  0.0459185
10  90  0.0571298
11  18  0.723209
11  89  0.0571614
11  376  0.0648696
12  17  0.726873
12  88  0.0569971
12  375  0.0656373
13  87  0.0564615
13  374  0.0657028
14  373  0.0656091
15  372  0.0649382
16  371  0.0633345
16  413  0.0105968
17  74  0.0293283
17  370  0.0585412
17  412  0.0130075
18  30  0.010099
18  73  0.0355328
18  369  0.0240676
18  411  0.0134948
19  29  0.0102186
19  33  0.232493
19  72  0.0328976
19  326  0.0155174
19  410  0.0135749
20  27  0.0517326
20  32  0.266559
20  71  0.0221922
20  325  0.0173959
20  409  0.013608
21  26  0.0658083
21  31  0.277649
21  324  0.0179452
21  408  0.0135954
22  30  0.278496
22  323  0.0177327
22  407  0.0135781
23  29  0.264329
23  406  0.0127214
30  71  0.0302067
31  70  0.0303105
32  69  0.0113286
33  71  0.0457897
33  403  0.0271561
34  69  0.684518
34  70  0.0373269
34  402  0.0335631
35  68  0.82891
35  69  0.01911
35  401  0.0335406
36  67  0.894428
36  323  0.0375959
36  400  0.0335556
37  66  0.894881
37  322  0.0376418
37  399  0.033593
38  65  0.894253
38  321  0.037612
38  398  0.0335194
39  64  0.894514
39  320  0.0376214
39  397  0.0333639
40  318  0.0370893
41  63  0.890884
41  317  0.0371676
42  62  0.89144
42  316  0.0374885
43  61  0.875947
43  315  0.0348394
44  60  0.661689
45  265  0.0891537
46  264  0.089607
47  56  0.0135375
47  263  0.0895849
48  55  0.0133479
48  57  0.502167
48  58  0.0664822
48  59  0.0397364
48  60  0.122608
48  262  0.0896436
49  55  0.011026
49  57  0.0720925
49  58  0.0353777
49  59  0.16306
49  261  0.0896266
50  55  0.0100222
50  58  0.145334
50  260  0.0881068
51  259  0.0676413
54  67  0.0125018
54  256  0.0110057
55  66  0.0123684
56  65  0.0115031
71  238  0.0106308
72  236  0.0849687
73  235  0.0949594
73  322  0.0178513
74  234  0.0952156
74  321  0.0184575
75  84  0.0455887
75  233  0.0955075
75  320  0.0185784
76  83  0.0450777
76  85  0.0108392
76  232  0.0955081
76  319  0.0184723
77  231  0.0953544
77  318  0.01239
78  230  0.0950638
79  229  0.094967
80  143  0.0245162
80  228  0.0947309
80  317  0.0198018
80  403  0.011775
80  484  0.385475
80  489  0.0139346
80  491  0.0174763
81  142  0.0309192
81  226  0.0173748
81  227  0.0759015
81  316  0.0206576
81  402  0.0142438
81  483  0.636331
81  486  0.0114886
81  488  0.0183956
81  490  0.0208593
82  225  0.0343718
82  315  0.0206299
82  401  0.0142322
82  482  0.635328
83  93  0.0105374
83  116  0.01072
83  124  0.0130428
83  140  0.0536309
83  224  0.0333611
83  314  0.0204689
83  400  0.0142136
83  481  0.620169
84  92  0.0105584
84  115  0.0107282
84  123  0.0188168
84  139  0.0542715
84  313  0.0202469
84  399  0.0142087
84  463  0.0255789
84  484  0.012841
85  91  0.0105502
85  114  0.0107607
85  122  0.0199647
85  138  0.0536509
85  195  0.0656351
85  314  0.0316182
85  462  0.0268303
85  479  0.168338
85  480  0.12176
85  483  0.0105802
86  113  0.0107732
86  121  0.019593
86  145  0.593442
86  194  0.0640164
86  313  0.0314599
87  112  0.0107681
87  144  0.599336
87  193  0.0623603
87  312  0.0313495
88  134  0.0481214
88  143  0.599746
89  133  0.0651272
89  141  0.0153594
89  142  0.585503
89  166  0.0165173
89  192  0.0625497
89  311  0.0117839
89  457  0.0486639
90  120  0.019701
90  132  0.0650085
90  140  0.0299105
90  141  0.559144
90  191  0.0625442
90  310  0.0122409
90  456  0.0727087
91  131  0.0647327
91  139  0.0433943
91  164  0.0177104
91  190  0.0618301
91  309  0.0115865
91  455  0.0792098
92  119  0.359188
92  130  0.0637637
92  140  0.262494
92  163  0.0184935
92  189  0.0586427
92  454  0.0840598
93  118  0.367985
93  129  0.063766
93  139  0.26219
93  162  0.0184933
93  187  0.05711
93  453  0.0848998
94  117  0.421933
94  128  0.0633187
94  161  0.0176743
94  186  0.0566031
94  452  0.0849022
95  116  0.432876
95  119  0.0301464
95  127  0.0613949
95  157  0.0105677
95  166  0.0126603
95  185  0.0548153
95  451  0.0833157
96  112  0.011632
96  113  0.0102686
96  115  0.423508
96  118  0.0303005
96  156  0.0105851
96  165  0.0126672
96  183  0.0200891
96  449  0.0789001
97  111  0.0115346
97  164  0.0110762
97  448  0.0604055
98  114  0.0435428
98  124  0.0259865
98  177  0.0248947
99  110  0.0364183
99  113  0.0421017
99  123  0.0208686
99  154  0.0309458
99  176  0.02699
99  184  0.0163886
99  446  0.0748496
100  109  0.0375717
100  112  0.0396631
100  118  0.029064
100  153  0.0335033
100  175  0.0270472
100  183  0.0170522
100  445  0.0754931
100  453  0.0131152
101  117  0.0328743
101  152  0.0337856
101  174  0.0240372
101  182  0.0155318
101  452  0.0132143
102  115  0.221024
102  151  0.033707
103  114  0.681059
103  172  0.0186509
103  450  0.0195623
104  113  0.712533
104  171  0.018614
104  449  0.0203826
105  112  0.709515
105  148  0.0581265
105  448  0.0204084
106  111  0.49098
106  147  0.0581189
106  447  0.0203714
107  146  0.0579782
107  176  0.016698
107  446  0.0203637
107  485  0.0537203
108  145  0.0573622
108  175  0.0169541
108  445  0.0203069
108  484  0.0593164
109  174  0.0160785
109  444  0.0155041
109  483  0.0596676
110  173  0.0125448
110  482  0.0564967
111  170  0.0146504
112  141  0.0852804
112  169  0.0178421
112  480  0.0447421
113  140  0.0857568
113  479  0.044237
114  137  0.010117
114  139  0.0858218
114  478  0.0396722
115  122  0.048208
115  136  0.0123218
115  138  0.109686
115  166  0.0318589
115  382  0.0227767
115  477  0.0181819
116  121  0.0470284
116  165  0.0318846
116  381  0.0227913
117  137  0.0701284
117  164  0.031871
117  380  0.0227778
118  133  0.0107276
118  135  0.166517
118  136  0.0927336
118  163  0.0318825
118  379  0.0227826
118  444  0.116523
119  134  0.240414
119  162  0.0317501
119  378  0.0226241
119  443  0.116702
120  131  0.0246244
120  134  0.0621237
120  376  0.0129246
120  442  0.116716
121  130  0.0314939
121  132  0.559027
121  133  0.033829
121  140  0.0800264
121  157  0.0320416
121  441  0.116961
122  129  0.0312408
122  131  0.593233
122  139  0.0801763
122  156  0.0321058
122  440  0.116821
123  128  0.0204538
123  130  0.594885
123  138  0.0802577
123  155  0.0315427
124  129  0.482741
124  137  0.077793
124  147  0.0634999
124  154  0.026078
124  436  0.0263078
125  146  0.115324
125  436  0.0139175
126  145  0.12622
126  434  0.0766424
127  134  0.0708167
127  144  0.127239
127  433  0.0768081
128  143  0.126998
128  432  0.0767482
129  140  0.0103276
129  142  0.123573
129  431  0.0766415
130  139  0.0112305
130  430  0.0762641
131  138  0.0107386
131  140  0.124105
131  195  0.0724787
132  139  0.117815
132  194  0.0725128
133  193  0.0724971
134  189  0.0157556
134  192  0.0641864
135  188  0.0436719
136  187  0.044952
137  186  0.0437907
137  189  0.0175841
138  187  0.0330378
139  185  0.0279775
139  186  0.0318199
142  183  0.110166
143  182  0.111723
143  359  0.0102872
143  482  0.0100371
144  181  0.111944
144  358  0.0104414
144  480  0.0555942
144  481  0.0145378
145  180  0.111644
145  357  0.0104416
145  479  0.0571081
145  480  0.0139444
146  178  0.0795566
146  356  0.0103658
147  177  0.0772018
147  475  0.0171428
147  477  0.550479
148  226  0.0688383
148  374  0.0119329
148  474  0.0240064
148  476  0.626637
149  170  0.0208941
149  174  0.0377967
149  225  0.0694191
149  373  0.0119165
149  473  0.023986
149  475  0.626531
150  169  0.0229686
150  173  0.0465099
150  174  0.0437946
150  224  0.069468
150  372  0.0117063
150  472  0.0237158
150  474  0.626097
151  168  0.0230065
151  172  0.0475155
151  173  0.042744
151  223  0.067713
151  371  0.0115212
151  473  0.567124
152  167  0.0231506
152  171  0.0485131
152  222  0.0568094
152  370  0.0108803
153  166  0.0234698
153  169  0.848124
154  168  0.852266
155  167  0.856588
156  163  0.0452618
156  166  0.857344
157  162  0.0447549
157  165  0.850877
157  327  0.020701
158  326  0.0207454
159  164  0.0123459
159  325  0.0206451
161  324  0.030167
162  323  0.0325845
163  322  0.0325884
164  321  0.0325654
165  320  0.0325812
166  319  0.0325711
167  318  0.0194572
168  298  0.072079
169  297  0.081908
170  296  0.0843668
170  466  0.141665
170  470  0.0190136
171  180  0.0104276
171  185  0.0144297
171  277  0.0118761
171  295  0.085384
171  465  0.181905
171  472  0.334594
172  184  0.0144224
172  276  0.0118378
172  464  0.127391
172  468  0.0308466
172  471  0.335144
173  183  0.0107613
173  221  0.01098
173  275  0.0116519
173  409  0.0162565
173  463  0.0683417
173  464  0.0662694
173  467  0.0338121
173  470  0.331023
174  274  0.0109963
174  292  0.0868198
174  408  0.0216021
174  463  0.120101
174  466  0.0347923
174  469  0.320677
175  181  0.0166233
175  291  0.0884091
175  407  0.0431953
175  462  0.173815
175  465  0.0346329
176  218  0.0112525
176  223  0.0101353
176  290  0.0883563
176  406  0.0431259
176  461  0.173092
177  217  0.0101023
177  289  0.0880627
177  405  0.0414761
177  460  0.155387
177  467  0.0284547
178  288  0.0876754
178  404  0.0379657
178  455  0.023805
178  466  0.0303116
179  287  0.0841595
179  454  0.0258156
180  217  0.0110524
180  265  0.0245261
180  453  0.0255621
181  264  0.0246397
181  463  0.0236625
182  263  0.0245922
182  284  0.0723656
182  460  0.0168273
182  463  0.169714
183  219  0.01045
183  262  0.0243646
183  283  0.0732487
183  451  0.0291422
183  459  0.0246788
183  462  0.252139
184  213  0.0274476
184  218  0.011117
184  450  0.0291505
184  458  0.020769
184  461  0.244469
185  217  0.0112195
185  449  0.0289637
186  211  0.211285
186  448  0.0195255
187  210  0.262416
187  457  0.485652
188  209  0.266242
188  456  0.511015
189  208  0.267858
189  455  0.520939
190  207  0.268537
190  454  0.522159
191  206  0.268851
191  453  0.518325
192  204  0.268653
192  228  0.0186574
193  203  0.269671
193  227  0.0417568
193  451  0.513127
194  202  0.25973
194  226  0.0417604
194  450  0.515445
195  449  0.51227
197  223  0.0778612
198  222  0.0930858
198  447  0.31559
199  221  0.0971629
199  446  0.498249
200  220  0.0975394
200  445  0.124701
201  219  0.0932414
202  443  0.551758
203  217  0.0979536
203  442  0.5525
204  216  0.0990521
204  426  0.0492711
204  441  0.554573
205  425  0.0497126
205  440  0.554325
206  215  0.100867
207  214  0.0979675
207  418  0.555096
208  213  0.0795602
208  417  0.61146
209  416  0.621015
210  415  0.62224
211  414  0.621761
212  413  0.621579
213  412  0.618066
214  411  0.573893
215  443  0.0103658
216  280  0.0555124
216  442  0.0105196
217  277  0.0300853
217  279  0.0615009
217  410  0.570273
217  441  0.0105318
217  465  0.0103029
218  276  0.0299522
218  278  0.0438253
218  409  0.607778
218  440  0.0103537
218  464  0.010124
219  275  0.028918
219  278  0.0167923
219  408  0.610034
220  277  0.0324205
220  407  0.611926
221  406  0.578166
221  411  0.0196501
222  410  0.0228258
223  404  0.0115759
223  409  0.0237742
223  446  0.0117737
224  408  0.0237997
224  445  0.0124589
225  272  0.0107235
226  443  0.0131179
227  442  0.0131519
228  269  0.77014
228  277  0.023705
228  435  0.0484885
228  441  0.0131026
229  268  0.778109
229  276  0.023681
229  434  0.0415997
229  440  0.0118321
230  267  0.778476
230  275  0.0234655
230  433  0.0412651
230  437  0.0111373
231  266  0.780341
231  274  0.0229271
231  432  0.0486513
231  436  0.0156881
232  273  0.0187247
232  431  0.0487861
232  435  0.0172529
233  264  0.782897
233  430  0.0486745
233  434  0.0162575
234  263  0.783618
234  433  0.0137294
235  261  0.485156
235  262  0.407097
236  260  0.865152
237  259  0.859494
238  258  0.863699
239  256  0.499355
239  257  0.441539
240  255  0.943449
241  254  0.956463
242  253  0.958646
244  251  0.960886
245  250  0.955566
262  429  0.0647758
263  428  0.0671099
264  269  0.0173573
264  270  0.0107987
264  427  0.0674727
265  426  0.0670101
280  402  0.81226
281  401  0.812354
282  400  0.812335
283  399  0.813098
284  398  0.776318
286  396  0.48401
287  395  0.517918
290  389  0.0121325
290  392  0.725988
290  394  0.0307856
291  388  0.0128713
291  391  0.728996
291  393  0.0321506
294  313  0.86233
295  312  0.884316
296  311  0.884711
297  310  0.859849
302  309  0.0150823
303  308  0.0137583
307  316  0.026674
308  315  0.0222779
314  388  0.281151
315  386  0.714328
315  387  0.141741
316  385  0.901106
317  384  0.90104
318  383  0.901216
319  382  0.902176
320  381  0.902177
321  380  0.901361
322  379  0.901228
323  378  0.898603
324  371  0.0340524
324  372  0.23473
324  373  0.0579657
325  369  0.0606059
325  371  0.245116
325  372  0.0592566
325  375  0.0119767
326  331  0.0223262
326  332  0.0254336
326  368  0.0663206
326  370  0.216001
327  334  0.0106412
327  367  0.0340365
327  369  0.214093
327  374  0.0724786
328  367  0.747336
328  373  0.0426624
329  366  0.852205
330  365  0.853029
331  364  0.817569
333  362  0.380851
333  377  0.0984523
334  360  0.853054
334  376  0.104726
335  359  0.855685
335  375  0.105722
336  344  0.0201903
336  358  0.856509
336  374  0.105938
337  343  0.0196536
337  357  0.853445
337  372  0.0341231
337  373  0.0750986
338  356  0.638835
338  371  0.0652776
338  372  0.0432204
339  370  0.0958886
340  352  0.0219737
340  368  0.0957905
341  351  0.020601
341  354  0.0107238
341  367  0.0966173
342  366  0.0942517
343  365  0.085615
343  366  0.0123812
344  365  0.0151233
345  364  0.0145883
346  371  0.0113082
347  360  0.03385
347  370  0.0117048
348  359  0.0267535
348  369  0.011639
349  368  0.0110209
357  366  0.0117418
358  365  0.0116215
368  373  0.0117078
368  375  0.0155141
369  376  0.0372939
369  377  0.0139825
370  374  0.0197112
370  375  0.0168373
371  376  0.0263073
371  377  0.0378605
372  376  0.0248273
372  377  0.0173945
385  483  0.0309851
386  482  0.0288967
388  402  0.0131591
388  479  0.0237118
389  401  0.0131624
390  400  0.0130818
390  477  0.0916255
391  476  0.100374
392  398  0.0133862
392  475  0.100368
393  397  0.0106841
393  474  0.100306
394  473  0.0930604
399  472  0.0939281
400  471  0.0941563
401  470  0.0939012
402  469  0.0935286
405  417  0.057292
406  416  0.0661681
406  464  0.0717358
406  485  0.0536915
407  415  0.0668762
407  463  0.0751098
407  469  0.0101297
407  484  0.0584308
408  414  0.0617036
408  462  0.0749206
408  483  0.0586816
409  413  0.0406337
409  461  0.074243
409  482  0.0532034
410  460  0.0636428
410  467  0.0373975
411  466  0.0397732
413  464  0.145428
414  463  0.16847
415  457  0.037127
415  462  0.202219
416  456  0.0380619
416  461  0.20232
417  455  0.037048
417  460  0.20246
418  454  0.0292705
418  459  0.200291
419  458  0.192348
420  457  0.168148
421  439  0.0140093
422  438  0.0156379
422  453  0.0451467
422  455  0.0631477
423  452  0.046517
423  454  0.0565119
424  452  0.0359091
425  435  0.721915
425  450  0.0550609
425  451  0.0353232
426  434  0.722255
426  449  0.121605
427  433  0.7138
427  448  0.121607
428  432  0.299503
428  446  0.0148625
428  447  0.105605
430  444  0.120085
431  443  0.120307
434  441  0.1203
435  440  0.118208
437  457  0.0125937
438  456  0.0132435
440  454  0.0961072
441  453  0.104594
442  451  0.094769
442  452  0.0730312
443  450  0.0966699
443  451  0.0719426
444  449  0.168557
445  476  0.0134848
446  475  0.0133377
449  465  0.0164913
449  472  0.0130277
450  464  0.0168212
451  463  0.0168145
451  469  0.0140301
452  468  0.0124517
453  461  0.0108689
454  460  0.0128685
461  470  0.0124183
461  485  0.0539042
462  469  0.0131395
462  484  0.058529
463  483  0.0599702
464  482  0.0570069
468  475  0.0104369
468  477  0.143443
469  474  0.0135237
469  476  0.161044
470  475  0.116902
