2  79  0.0201574
4  77  0.0410594
5  74  0.0187479
5  76  0.0446967
6  73  0.029597
6  75  0.044774
7  74  0.0459144
8  72  0.941264
9  71  0.974718
10  70  0.965466
11  40  0.319031
12  38  0.674787
12  39  0.160814
12  68  0.010445
13  37  0.995059
14  36  0.994438
15  35  0.985614
16  34  0.895097
17  31  0.0178625
18  30  0.0196131
18  32  0.888625
19  29  0.0201298
19  31  0.972837
20  28  0.0200787
20  30  0.975091
21  29  0.923083
23  28  0.351526
43  66  0.478969
45  64  0.989931
46  63  0.991456
47  62  0.991088
48  61  0.905528
52  57  0.515599
52  59  0.268366
53  58  0.195804
74  224  0.810839
75  223  0.947
76  222  0.952279
77  221  0.952907
78  220  0.955999
79  219  0.947408
80  218  0.933335
81  185  0.321493
81  186  0.206932
81  217  0.121725
81  223  0.0385043
82  222  0.0396166
83  215  0.019755
83  221  0.0394311
84  182  0.842572
84  214  0.0101452
84  220  0.0381638
85  181  0.939003
85  219  0.0154478
86  180  0.984209
87  179  0.996533
88  178  0.99755
89  177  0.997043
90  176  0.997612
91  175  0.997604
92  174  0.958633
93  173  0.839253
93  174  0.0383779
94  173  0.157946
95  171  0.671542
95  172  0.27675
96  156  0.0102477
97  155  0.0102583
98  154  0.0102044
98  170  0.749927
99  169  0.978687
100  168  0.979281
101  151  0.0101581
101  167  0.97109
103  148  0.968612
104  147  0.984188
105  146  0.985811
106  145  0.987765
107  144  0.987738
108  124  0.0180836
108  143  0.96311
109  142  0.942973
110  122  0.882523
111  121  0.948887
111  123  0.040791
112  120  0.95519
112  122  0.0414732
113  119  0.953497
113  121  0.0415366
114  118  0.590568
114  120  0.0401281
124  134  0.0484801
125  130  0.0264458
125  131  0.0267615
125  132  0.0146793
125  133  0.0520824
125  135  0.0925924
125  137  0.015018
125  138  0.0111244
125  143  0.0105632
126  134  0.192267
126  142  0.0203511
127  131  0.0149601
127  133  0.198379
127  135  0.0170606
127  136  0.0754265
127  137  0.0375128
127  138  0.029509
127  141  0.0228802
128  132  0.116175
128  135  0.096085
128  136  0.0392448
128  137  0.0349045
128  140  0.0214079
129  134  0.0739421
134  139  0.297372
134  140  0.0262016
134  141  0.0222016
135  142  0.0179749
149  163  0.594824
150  162  0.632834
151  160  0.650844
152  159  0.62629
155  164  0.299087
156  163  0.315805
157  162  0.283725
185  193  0.0159584
186  192  0.0158706
190  219  0.0287117
191  218  0.0595912
192  213  0.137193
192  217  0.822582
193  212  0.137327
193  216  0.824149
194  211  0.129895
194  215  0.733076
195  205  0.0201656
195  210  0.0908802
195  215  0.0810284
196  204  0.02396
196  214  0.155936
197  203  0.023243
198  212  0.806741
199  211  0.802616
