1  216  0.0227076
2  215  0.0340963
2  227  0.740731
3  214  0.0441483
3  226  0.89183
4  213  0.0435527
4  225  0.886062
5  212  0.0362396
5  224  0.773525
6  221  0.766718
7  220  0.871568
8  219  0.887685
9  218  0.887694
10  217  0.862461
12  215  0.848405
13  214  0.730176
18  170  0.681668
19  169  0.996291
20  168  0.996405
21  167  0.994604
22  166  0.995108
23  165  0.994729
24  164  0.981056
25  81  0.0438178
25  103  0.0229546
25  162  0.528127
26  62  0.397921
26  80  0.0468693
26  161  0.495037
27  61  0.397118
27  79  0.046872
27  101  0.0554816
27  102  0.0166963
27  160  0.459356
28  60  0.394857
28  78  0.0468768
28  100  0.0890144
28  101  0.0379491
28  102  0.0278915
28  103  0.0157167
29  77  0.0468357
29  99  0.0863267
29  100  0.036601
29  101  0.0267789
29  102  0.0151334
29  158  0.163966
30  76  0.0150521
30  98  0.0793461
30  99  0.0321228
30  100  0.0224023
30  101  0.0129837
30  157  0.160953
31  58  0.912242
31  75  0.0131387
32  57  0.917762
32  74  0.0436618
33  56  0.916287
34  55  0.884809
36  52  0.818333
36  53  0.12472
36  72  0.0408864
37  51  0.829398
37  52  0.116073
37  71  0.0410544
38  50  0.755142
38  70  0.0396702
39  48  0.796687
39  49  0.0757642
40  47  0.804656
40  48  0.150853
41  46  0.815703
41  47  0.129317
41  68  0.0378796
42  67  0.0380092
43  66  0.0380567
44  65  0.0363743
48  64  0.0407589
49  63  0.0457548
50  62  0.0467774
51  61  0.0462943
52  60  0.0434873
56  159  0.0132184
57  158  0.0157311
58  157  0.0159755
59  87  0.455622
59  156  0.0102384
60  86  0.549775
61  85  0.549869
62  84  0.549819
63  83  0.360865
64  83  0.187083
64  163  0.290235
65  82  0.544198
65  162  0.0128566
66  81  0.544933
66  162  0.333264
67  80  0.545389
67  161  0.383411
67  163  0.014415
68  79  0.536016
68  160  0.383291
68  162  0.0144143
69  159  0.155372
70  75  0.0165738
71  76  0.306833
71  102  0.277046
71  103  0.115703
72  76  0.010516
72  101  0.278439
72  102  0.115832
73  100  0.27885
73  101  0.115396
74  90  0.0108948
74  99  0.260901
74  100  0.105861
75  89  0.0530024
75  93  0.0390474
75  98  0.204826
75  99  0.075627
76  88  0.068957
76  91  0.0291579
76  92  0.0614386
77  91  0.0596177
77  92  0.0214631
78  86  0.123654
79  85  0.123552
79  88  0.269648
80  84  0.100273
80  87  0.269822
81  86  0.25373
84  163  0.0341558
85  162  0.0184272
86  162  0.0216571
87  161  0.0400651
88  156  0.353229
88  160  0.0400052
89  155  0.361573
89  159  0.0344352
90  154  0.362479
91  98  0.0110554
91  153  0.2899
91  157  0.0103323
92  97  0.0132973
92  156  0.0130392
93  155  0.0110106
99  110  0.191495
100  109  0.233228
100  110  0.0379588
101  108  0.231148
101  109  0.044246
101  110  0.120546
102  107  0.193031
102  108  0.0429
102  109  0.138667
103  107  0.0163676
103  108  0.135735
106  159  0.369452
107  158  0.561324
108  157  0.575727
109  156  0.573919
110  153  0.474951
111  152  0.984339
112  151  0.985185
113  150  0.955232
114  149  0.906215
114  150  0.0272065
115  147  0.120006
115  149  0.0536147
116  145  0.419603
116  146  0.119495
116  148  0.0799706
117  144  0.368354
117  147  0.078588
118  144  0.0563523
119  142  0.938464
119  143  0.0331781
120  141  0.978646
121  140  0.973813
123  138  0.991868
124  137  0.996788
125  136  0.996617
126  135  0.996858
127  134  0.995869
128  133  0.987507
171  207  0.951219
172  206  0.99725
173  205  0.997387
174  204  0.99638
175  203  0.881051
179  199  0.181567
179  202  0.392021
180  201  0.412692
182  197  0.982758
183  196  0.999852
184  195  0.999895
185  194  0.999204
186  193  0.987944
187  192  0.64789
217  233  0.0187929
218  232  0.0200586
219  231  0.0199383
220  230  0.0192664
221  229  0.0180931
