1  626  0.400167
2  627  0.128512
2  708  0.0570619
3  578  0.0112461
3  625  0.610908
3  626  0.26993
3  707  0.0707863
4  577  0.0110965
4  624  0.615546
4  625  0.266409
4  713  0.0100124
5  576  0.0111059
5  623  0.617431
5  624  0.257805
5  705  0.0723343
5  712  0.0107442
6  622  0.560408
6  704  0.072372
7  70  0.760877
7  703  0.0723972
8  69  0.851004
8  71  0.0241925
8  702  0.0717695
9  68  0.86007
9  70  0.0238052
9  701  0.0653771
10  67  0.860505
10  69  0.0200516
11  66  0.852889
12  65  0.823516
12  699  0.0228821
13  44  0.013833
13  64  0.71056
13  698  0.029427
14  697  0.0294214
15  42  0.818782
15  213  0.0120844
16  41  0.905349
16  212  0.0122423
16  222  0.0111393
17  40  0.908319
17  211  0.0122952
17  221  0.0111853
18  39  0.892718
18  220  0.0111767
19  24  0.0391585
21  36  0.0211736
21  208  0.0123474
22  207  0.013282
23  32  0.0148557
23  33  0.0227775
23  34  0.0983545
23  35  0.0172417
23  36  0.0177806
23  37  0.011076
23  206  0.0125569
24  31  0.0167989
24  32  0.0261108
24  33  0.11266
24  34  0.019
24  35  0.0186767
24  36  0.0112523
24  39  0.0135901
24  205  0.0122789
25  30  0.0139993
25  38  0.365177
25  203  0.017952
26  31  0.0211064
26  33  0.0669521
26  34  0.0344927
26  35  0.0214753
26  37  0.364027
26  202  0.0250538
27  32  0.0670665
27  33  0.0355422
27  34  0.0220462
27  36  0.360515
27  201  0.0255884
28  41  0.0179605
28  200  0.0257754
29  40  0.0180657
29  199  0.0257689
30  39  0.0166122
30  198  0.0232325
33  192  0.0173277
34  191  0.0158541
36  189  0.0243459
37  188  0.0278094
38  187  0.028157
39  186  0.0281711
40  184  0.0281565
41  183  0.0281524
42  182  0.0245674
45  60  0.825461
45  694  0.0299069
46  59  0.946843
46  693  0.0342935
47  58  0.946885
47  692  0.0350992
48  57  0.947108
48  691  0.0352942
49  56  0.938972
50  685  0.0452192
51  684  0.0452677
52  683  0.0453208
53  682  0.0453479
54  681  0.0449379
56  679  0.0449057
57  678  0.0450476
58  677  0.0440471
59  676  0.0436248
62  635  0.0194127
63  177  0.021447
63  634  0.0214499
64  176  0.0264161
64  633  0.0222191
65  175  0.0275885
65  632  0.0225722
66  174  0.0279725
66  631  0.0219768
67  173  0.0247862
67  630  0.0185853
69  171  0.0299853
69  558  0.0130309
70  170  0.0332285
70  557  0.018203
70  619  0.0528324
71  169  0.0332094
71  556  0.0181978
71  618  0.0532864
74  575  0.685296
75  574  0.854359
76  573  0.895822
77  572  0.92073
78  97  0.0366959
78  571  0.924183
79  96  0.0654055
79  570  0.923018
80  95  0.068837
80  569  0.924653
81  94  0.037362
81  568  0.92317
82  93  0.044823
82  567  0.9077
83  92  0.103932
83  565  0.0148055
84  91  0.108129
84  566  0.190004
85  90  0.107913
87  566  0.0510898
88  566  0.0105087
89  564  0.838728
90  563  0.880775
91  562  0.873457
92  561  0.873158
94  560  0.923171
95  559  0.923395
96  558  0.922879
97  548  0.0201305
97  557  0.92323
97  560  0.0146401
98  168  0.0334108
98  547  0.0204473
98  556  0.923018
98  559  0.0149103
99  167  0.0336218
99  546  0.0205476
99  555  0.806478
99  558  0.0149219
100  111  0.736326
100  166  0.033746
100  545  0.0210813
100  548  0.027133
100  557  0.014937
101  109  0.0559665
101  110  0.75979
101  165  0.0337401
101  544  0.0209661
101  547  0.0272356
101  556  0.0149306
102  108  0.0501808
102  109  0.634097
102  164  0.030612
102  546  0.024497
102  552  0.0202504
102  555  0.0133594
103  551  0.0188824
105  111  0.0107547
105  159  0.0150223
106  158  0.0151591
109  116  0.105789
110  115  0.106529
112  550  0.799306
113  549  0.797362
115  547  0.868852
116  546  0.870962
117  154  0.0216506
117  544  0.919358
118  153  0.0221463
118  543  0.947233
119  152  0.0220217
119  542  0.946311
120  151  0.0199779
120  540  0.475042
120  541  0.475589
121  539  0.945642
122  538  0.944804
124  147  0.047783
125  146  0.0477244
126  145  0.0464525
127  142  0.0117658
127  144  0.0377839
127  488  0.0266892
128  141  0.0234214
128  143  0.0245652
128  487  0.0293523
129  140  0.0294986
129  486  0.0287973
130  139  0.0300199
131  138  0.0252517
132  483  0.552696
133  482  0.555351
134  229  0.159086
134  481  0.55547
135  228  0.159874
135  480  0.521928
136  227  0.160118
136  479  0.501313
136  491  0.194643
137  226  0.160198
137  478  0.494753
137  490  0.205686
138  225  0.156598
138  489  0.205322
139  224  0.150681
139  488  0.204625
140  223  0.119216
140  487  0.202311
141  486  0.170916
143  204  0.0470903
144  203  0.0509893
144  284  0.013664
145  202  0.0521472
145  283  0.0175194
146  201  0.050111
146  283  0.0565171
146  484  0.0364312
147  199  0.0280692
147  483  0.0379067
148  157  0.010843
148  184  0.022199
148  195  0.0141176
148  200  0.010358
148  281  0.595913
149  156  0.0103725
149  183  0.0220654
149  194  0.0213869
149  197  0.0647248
149  280  0.735282
150  182  0.018582
150  193  0.0214784
150  196  0.0760288
150  279  0.755336
151  192  0.0207826
151  195  0.0793091
151  278  0.759702
152  194  0.0793386
152  277  0.760747
153  193  0.0486728
153  276  0.762842
154  178  0.0328467
154  192  0.0168827
154  275  0.763838
155  177  0.0371845
155  189  0.0698765
155  191  0.0390884
155  274  0.734919
156  176  0.0372481
156  188  0.113862
157  175  0.0369546
157  187  0.120598
157  271  0.189784
157  272  0.296646
158  172  0.790288
158  186  0.120325
159  167  0.01893
159  171  0.794044
159  185  0.120247
160  166  0.0225675
160  170  0.796985
160  184  0.120192
161  165  0.0183202
161  169  0.785531
161  183  0.119739
161  262  0.0138618
162  261  0.0141174
163  260  0.0141024
164  177  0.0170708
164  259  0.0141448
165  176  0.0217752
165  258  0.0141665
166  175  0.022001
166  257  0.014157
168  177  0.0458341
168  179  0.0212448
168  273  0.0102245
169  176  0.0631193
169  178  0.0206783
169  273  0.0104624
170  175  0.064354
170  253  0.0131936
170  271  0.0137774
170  272  0.0103509
171  252  0.0124965
171  270  0.0136713
174  267  0.637725
175  247  0.0477289
175  266  0.729936
176  246  0.047217
177  245  0.0466075
178  244  0.04687
178  263  0.748936
179  243  0.0467532
179  262  0.749499
180  261  0.748504
181  260  0.746862
182  259  0.748478
183  222  0.012325
183  241  0.0534663
183  258  0.749421
184  221  0.0123046
184  240  0.0535876
184  257  0.747003
185  239  0.0534979
186  220  0.0114006
186  223  0.276021
186  224  0.0273844
186  226  0.036901
186  229  0.151658
186  238  0.0534696
186  253  0.0243406
186  256  0.0830927
187  222  0.226825
187  228  0.133079
187  237  0.0406547
187  252  0.0156593
188  209  0.384638
188  221  0.192472
188  227  0.107852
188  254  0.015205
189  208  0.603161
189  220  0.0797468
189  226  0.078426
189  253  0.0148295
190  203  0.0329137
190  207  0.726635
190  252  0.0129815
191  202  0.0521358
191  206  0.748685
192  201  0.0567884
192  205  0.209427
193  200  0.0572549
193  204  0.209895
194  203  0.74958
195  202  0.68898
197  204  0.0126477
198  203  0.0139887
199  219  0.0114811
200  218  0.011482
203  215  0.0105158
204  214  0.0114532
205  213  0.0113994
211  219  0.339715
211  222  0.622387
212  218  0.339748
212  221  0.6229
213  217  0.210431
213  220  0.602944
218  707  0.0102307
219  706  0.010265
220  705  0.0102666
221  235  0.0157585
221  704  0.0102629
222  234  0.0167965
222  703  0.0102707
223  233  0.017288
223  702  0.0102293
226  697  0.0140432
227  252  0.0192548
227  696  0.0140746
228  251  0.0209455
228  253  0.0341301
228  695  0.0140674
229  250  0.0133279
229  252  0.0462201
229  694  0.0131819
230  252  0.0141785
230  693  0.0120141
231  250  0.720106
232  249  0.83702
233  248  0.900976
234  247  0.90899
235  246  0.906459
236  245  0.90129
237  244  0.837197
241  487  0.0150552
242  486  0.0151128
243  485  0.0151487
246  482  0.0151279
247  481  0.0151738
248  273  0.0138923
248  480  0.0151567
249  272  0.0126236
249  479  0.0151737
249  536  0.0563078
250  271  0.0126192
250  478  0.0151625
250  535  0.113426
251  270  0.0139313
251  477  0.0152202
251  534  0.171165
252  269  0.0136092
252  476  0.0151869
252  533  0.181256
253  475  0.0148016
253  532  0.184487
254  474  0.0121813
254  531  0.184354
255  530  0.18426
256  288  0.0128155
256  529  0.184472
257  287  0.0128294
257  528  0.181834
258  263  0.0132039
258  286  0.0128041
258  490  0.181257
259  489  0.18376
260  488  0.184637
261  276  0.0127844
261  487  0.0638522
262  275  0.0145362
262  486  0.0643516
263  273  0.0123564
263  485  0.185068
264  484  0.183637
265  272  0.0314165
265  483  0.177255
266  271  0.0566577
266  481  0.0358543
267  481  0.0142781
268  480  0.0128297
269  278  0.0176823
269  281  0.0108799
270  276  0.0108675
270  277  0.0199103
270  280  0.0108156
270  289  0.0139773
271  288  0.0496767
272  287  0.0499651
272  368  0.0108235
273  279  0.0216013
273  286  0.0492479
273  367  0.0108508
274  366  0.0108461
275  365  0.0108196
279  285  0.0160375
282  481  0.252746
283  480  0.360405
284  479  0.404866
285  355  0.0101
285  478  0.413065
286  354  0.0101078
286  477  0.465019
287  353  0.0101079
287  476  0.266707
288  352  0.0100991
288  476  0.567787
289  475  0.841114
290  474  0.687361
291  309  0.0107732
291  473  0.344053
291  474  0.247739
291  475  0.0214906
292  308  0.0114278
292  473  0.624135
292  474  0.0107756
293  307  0.0115587
293  472  0.98718
294  306  0.0115367
294  471  0.986497
295  470  0.986977
296  469  0.272647
297  468  0.272943
298  467  0.987484
299  466  0.987632
300  465  0.986149
301  464  0.986391
302  463  0.986302
303  462  0.37882
304  441  0.0119403
305  440  0.0154093
306  397  0.0209032
306  439  0.0166605
307  368  0.027573
307  396  0.025555
307  438  0.0158366
307  461  0.0161192
308  367  0.0273539
308  395  0.0255455
308  437  0.0128121
308  458  0.0299579
308  460  0.0157717
309  366  0.0211027
309  394  0.0254858
309  457  0.0303875
309  459  0.0128767
310  393  0.0248894
310  456  0.0291895
311  392  0.0214708
311  455  0.0206354
312  365  0.85897
312  370  0.0280336
313  364  0.863406
313  369  0.028663
313  390  0.0149942
314  335  0.049087
314  363  0.856451
314  368  0.0315536
314  389  0.015161
315  334  0.0488409
315  367  0.0299422
315  388  0.0149814
316  362  0.0134927
316  387  0.0130915
317  332  0.0538721
317  364  0.0548726
318  331  0.0569973
318  363  0.0556449
319  330  0.051898
319  360  0.832185
319  362  0.0513767
320  359  0.861985
320  361  0.032621
321  358  0.884437
322  329  0.0667746
322  357  0.886325
323  328  0.0808991
323  356  0.871448
324  355  0.545632
327  352  0.406472
327  355  0.0210074
328  333  0.121674
328  335  0.240423
328  354  0.0265572
329  334  0.139714
329  353  0.0223127
330  352  0.0120806
330  356  0.032645
331  355  0.343627
332  354  0.428588
333  353  0.4283
335  352  0.0720942
337  345  0.0136319
338  344  0.0147567
338  347  0.019516
338  348  0.0972505
338  349  0.156436
338  350  0.106459
338  351  0.272011
339  346  0.0216187
339  347  0.113557
339  348  0.180119
339  349  0.125769
339  350  0.293691
339  351  0.0145104
339  448  0.0155301
339  460  0.0138075
340  346  0.110473
340  347  0.175231
340  348  0.128139
340  349  0.29582
340  350  0.0161715
340  447  0.0193887
340  459  0.0229745
341  346  0.116462
341  347  0.111202
341  348  0.248708
341  349  0.0148491
341  446  0.0206331
341  458  0.0259981
342  445  0.0210611
342  457  0.0262744
343  444  0.020101
343  456  0.0259439
344  443  0.0161374
344  455  0.0248885
345  453  0.0201146
346  452  0.0201288
347  451  0.0199477
348  450  0.0191409
349  449  0.0159456
353  368  0.030776
354  367  0.0308169
357  364  0.0195888
366  385  0.0240327
366  462  0.503286
367  384  0.0267984
367  461  0.782326
368  383  0.0268002
368  460  0.781924
369  381  0.027124
369  436  0.880385
370  380  0.0271193
370  435  0.881374
371  379  0.0273066
371  433  0.911875
371  457  0.0494742
372  378  0.0269812
372  432  0.911989
372  456  0.0492936
373  377  0.0212063
373  431  0.910562
373  455  0.0489802
374  430  0.907704
374  454  0.0489055
375  453  0.0463159
376  428  0.905281
377  427  0.912151
378  397  0.015397
378  426  0.911161
379  396  0.0224031
379  425  0.909592
380  395  0.0228467
380  424  0.908168
380  446  0.0390756
381  394  0.0233469
381  423  0.905242
381  445  0.0398405
382  392  0.21094
382  393  0.0191671
382  444  0.0395879
383  391  0.323177
383  392  0.0115584
383  396  0.012261
383  443  0.0372029
384  390  0.344341
384  421  0.386729
384  422  0.0116332
385  394  0.0102097
385  420  0.366007
385  421  0.01137
386  393  0.0154793
386  415  0.0108534
386  440  0.0393305
387  394  0.0114196
387  408  0.0162467
387  414  0.0114024
387  418  0.215815
387  439  0.0397119
388  393  0.0119199
388  407  0.019445
388  413  0.0113326
388  417  0.221374
388  438  0.0397219
389  397  0.0677845
389  412  0.0109547
389  418  0.0262115
389  422  0.0109505
389  437  0.0396114
390  396  0.120811
390  415  0.0537334
390  417  0.0286935
390  436  0.0366956
391  395  0.0460428
391  404  0.0154258
391  414  0.0529633
391  420  0.0274198
392  403  0.0125813
392  419  0.0517464
392  420  0.0112404
392  434  0.0110915
393  402  0.0151566
393  409  0.0116491
393  414  0.0258242
393  418  0.0641111
393  419  0.0173236
393  420  0.0172007
393  433  0.0106972
394  401  0.0196805
394  413  0.0140547
394  417  0.0624267
395  407  0.0155589
395  413  0.409654
395  416  0.0393612
396  406  0.0160948
396  412  0.440691
397  405  0.013258
397  411  0.439186
397  416  0.262557
398  407  0.0115679
398  410  0.436278
398  415  0.394369
399  406  0.0126825
399  408  0.157144
399  409  0.279844
399  414  0.434747
400  405  0.0126214
400  407  0.312104
400  413  0.439873
401  406  0.291061
401  408  0.0975463
401  412  0.440402
401  457  0.0255288
402  407  0.0640962
402  411  0.432041
402  431  0.0139468
402  456  0.0236625
403  410  0.404496
403  430  0.0141374
403  455  0.0239464
404  429  0.0141612
404  454  0.0265591
405  428  0.0141288
405  453  0.0264626
406  452  0.0249373
407  426  0.0139553
408  425  0.0138609
408  450  0.0157737
409  449  0.024576
410  419  0.0137926
410  448  0.0240731
411  418  0.0163624
411  447  0.0221301
412  417  0.0159418
413  439  0.010008
420  432  0.056163
421  431  0.0655069
422  430  0.0655164
423  429  0.0621673
436  445  0.0116122
437  444  0.0131516
438  445  0.0109685
439  444  0.0114363
440  448  0.0124583
440  459  0.05384
441  447  0.0125337
441  458  0.0640139
441  459  0.0119421
441  460  0.0166223
442  457  0.0644215
442  458  0.0134738
442  459  0.401072
443  457  0.0125743
443  458  0.492326
443  459  0.0160199
444  453  0.0210754
444  457  0.14709
444  458  0.0192925
445  452  0.0254528
445  454  0.0626127
445  456  0.144688
446  451  0.0221639
446  455  0.490255
446  456  0.0210211
447  455  0.0199922
449  458  0.0140415
449  459  0.0439457
450  457  0.014715
450  458  0.0522261
450  459  0.0287541
451  457  0.0509967
451  458  0.0342122
452  457  0.030043
486  533  0.330028
487  532  0.456559
488  531  0.456354
489  530  0.455748
490  529  0.451257
492  525  0.575578
493  524  0.594748
493  532  0.323402
494  531  0.323651
495  522  0.625649
495  530  0.323646
496  521  0.63534
496  529  0.324114
497  520  0.634963
497  528  0.323948
497  685  0.0175089
498  508  0.0126998
498  519  0.563844
498  527  0.313886
498  684  0.0176002
499  507  0.0212457
500  506  0.0219996
500  683  0.0180422
501  505  0.0161275
501  517  0.511494
501  526  0.014642
501  682  0.0276013
502  516  0.502189
502  525  0.013778
502  681  0.0275902
503  680  0.0275839
504  512  0.0197026
504  514  0.464979
504  679  0.0275578
505  511  0.0201167
505  513  0.520517
505  515  0.0613285
505  520  0.184144
505  524  0.0276821
505  678  0.0276001
506  512  0.50719
506  514  0.0566021
506  518  0.0469829
506  519  0.175992
506  523  0.0265711
506  677  0.0274429
507  517  0.0523449
507  518  0.150581
507  676  0.017935
508  516  0.050971
509  518  0.0138586
509  519  0.026883
509  674  0.0114319
510  517  0.0164408
510  518  0.0343303
511  517  0.0346495
512  516  0.0162488
515  637  0.02636
516  636  0.0265483
517  635  0.0265556
518  634  0.0264666
519  633  0.0250658
521  526  0.0220002
521  631  0.0257069
522  630  0.025605
524  628  0.0253643
525  627  0.0254426
526  626  0.0250473
528  539  0.017268
529  538  0.0178796
530  537  0.0167973
531  536  0.0122073
539  567  0.0130682
540  566  0.0130389
542  564  0.0202805
543  563  0.0210726
545  562  0.0251094
546  561  0.0256623
547  560  0.0258042
548  559  0.0257972
549  558  0.0250303
550  556  0.0170797
550  637  0.0102043
551  636  0.0102178
560  628  0.0241702
561  627  0.025267
562  626  0.0256115
563  625  0.0254117
564  600  0.0168808
565  599  0.0188029
566  598  0.0202179
567  597  0.0203347
568  596  0.0192531
569  592  0.0184646
570  591  0.0185495
571  590  0.0118342
571  623  0.0189866
572  590  0.0251014
572  622  0.0192517
573  589  0.0307003
573  621  0.0204086
574  588  0.0394841
575  587  0.0405758
576  586  0.0414182
576  618  0.753205
577  585  0.0345869
577  617  0.823702
578  616  0.829724
579  615  0.828841
580  614  0.828944
581  613  0.829172
584  610  0.812832
585  609  0.812568
586  608  0.811687
587  600  0.181815
587  607  0.677237
588  599  0.645296
588  607  0.0322175
589  598  0.683408
589  605  0.0529928
589  606  0.0634296
590  597  0.688787
590  605  0.0609501
591  596  0.70118
591  603  0.118328
592  602  0.120815
592  604  0.0482698
593  600  0.0305652
593  603  0.0415992
594  599  0.023358
594  600  0.0208156
595  599  0.0109522
595  600  0.0168249
596  605  0.0111163
597  604  0.0260867
597  623  0.0461325
598  603  0.0172007
598  622  0.0464088
599  606  0.0171703
600  605  0.0291948
600  606  0.0132515
601  619  0.168577
602  618  0.168821
603  611  0.0136446
603  617  0.168796
604  610  0.0153328
604  616  0.16885
605  615  0.168196
606  614  0.167124
607  613  0.138283
608  613  0.0122368
627  715  0.607329
628  714  0.762346
628  715  0.0112637
629  713  0.381814
630  713  0.460732
631  712  0.870394
632  711  0.869533
633  710  0.860695
634  709  0.842056
634  717  0.0135109
635  708  0.772089
635  716  0.0250044
636  715  0.0262677
637  675  0.0702942
637  707  0.0932711
637  714  0.0264642
638  713  0.0246258
640  672  0.800762
641  671  0.969803
642  670  0.982747
643  669  0.960873
644  668  0.936765
644  669  0.0265724
645  667  0.658252
645  668  0.0477003
646  666  0.20997
647  665  0.37961
647  666  0.501251
648  665  0.610799
649  664  0.994019
650  663  0.994052
651  662  0.994052
652  661  0.992271
653  659  0.0127105
654  659  0.0195479
672  706  0.0440069
672  708  0.0240999
673  705  0.37028
673  707  0.280312
674  704  0.370718
675  703  0.371131
675  706  0.440929
676  702  0.363821
676  705  0.481797
676  707  0.0356023
677  699  0.0312404
677  704  0.481719
678  703  0.481579
678  706  0.0482015
679  697  0.35248
679  702  0.413167
679  705  0.0497505
680  696  0.37065
680  699  0.303162
680  704  0.0497353
681  695  0.368812
681  698  0.335494
681  700  0.115674
681  703  0.0496314
682  694  0.340632
682  697  0.335879
682  699  0.119264
682  702  0.0494465
683  695  0.0213942
683  698  0.112068
683  701  0.0412484
684  692  0.615197
684  694  0.0167765
684  696  0.0112115
685  691  0.61817
686  693  0.0177703
686  694  0.0316184
687  692  0.0152325
687  693  0.0334139
687  694  0.0138526
688  692  0.017033
688  693  0.0121001
