1  11  0.0102988
1  30  0.0116676
1  33  0.0772863
2  10  0.014189
2  14  0.269038
2  29  0.0193096
2  32  0.129303
3  9  0.0183639
3  12  0.0631721
3  13  0.321748
3  28  0.0212411
3  31  0.143958
3  34  0.0115826
3  40  0.0107887
4  11  0.174103
4  12  0.203286
4  30  0.133924
5  10  0.265597
6  11  0.0119551
8  24  0.142227
8  25  0.014286
10  22  0.279709
10  24  0.0224125
10  27  0.0111399
11  21  0.271058
11  23  0.0164991
12  20  0.241405
30  47  0.0517191
31  46  0.0561148
32  45  0.0443203
33  47  0.0776513
34  46  0.0846066
35  45  0.0643129
37  46  0.0563107
38  45  0.0447577
39  47  0.16648
40  46  0.180174
41  45  0.0686513
