2  10  0.0511045
3  9  0.0601154
12  899  0.906048
13  898  0.910771
14  169  0.021393
14  897  0.911586
15  167  0.0566174
15  170  0.0241046
15  896  0.901404
16  166  0.0614641
16  169  0.0274733
16  894  0.0282745
16  895  0.876145
17  22  0.062238
17  24  0.0725088
17  87  0.025476
17  165  0.0872009
17  168  0.0458934
17  893  0.048006
18  23  0.0422401
18  86  0.0193152
18  93  0.0210216
18  164  0.0581162
18  167  0.0445437
18  892  0.0460566
19  86  0.0109251
19  92  0.0259093
19  163  0.0290461
19  164  0.0578216
19  166  0.022802
19  891  0.0387379
19  892  0.0246801
20  85  0.0202099
20  91  0.0269511
20  163  0.110717
20  891  0.0244851
21  84  0.0267233
21  90  0.0241597
21  162  0.142896
22  83  0.0267771
22  86  0.013842
22  161  0.14326
23  34  0.0341683
23  87  0.123994
23  160  0.143309
24  33  0.0342179
24  85  0.146538
24  86  0.0680344
24  159  0.143303
24  894  0.0457455
25  32  0.0334179
25  84  0.203182
25  89  0.0118932
25  158  0.139848
25  893  0.0446031
26  31  0.0287611
26  83  0.203101
26  88  0.0151127
26  157  0.138539
26  892  0.0390783
27  82  0.204204
28  81  0.204666
28  87  0.586984
28  156  0.130555
29  80  0.201504
29  86  0.587029
29  155  0.127904
30  85  0.544137
31  84  0.147486
32  39  0.010381
32  78  0.0201687
32  83  0.0702599
32  85  0.0253057
33  77  0.0307764
33  79  0.136375
33  81  0.0521871
33  84  0.442367
33  154  0.138732
34  76  0.0276484
34  78  0.13664
34  80  0.0528857
34  83  0.532077
34  153  0.139171
35  40  0.0834591
35  82  0.562545
35  152  0.139095
36  41  0.015446
36  77  0.0402311
36  79  0.0424825
36  81  0.566174
36  151  0.139128
37  150  0.137045
38  149  0.119409
39  147  0.0413817
40  146  0.0415983
41  76  0.892618
41  145  0.0405406
42  75  0.935978
42  141  0.0336464
43  74  0.941875
43  140  0.0349777
44  73  0.945899
44  139  0.0345894
45  72  0.944566
45  138  0.0341409
47  70  0.782804
47  135  0.0269708
48  69  0.935285
48  134  0.0269523
49  68  0.930071
49  133  0.0262849
50  67  0.890659
50  132  0.0240248
53  64  0.984865
54  63  0.985522
55  62  0.984482
56  61  0.646627
64  123  0.0106814
65  122  0.0280891
65  128  0.018331
66  121  0.0281009
66  127  0.0182948
67  120  0.0281042
68  119  0.0230689
69  125  0.0160443
70  124  0.0185739
71  123  0.0185826
72  122  0.0186487
73  117  0.0124707
73  121  0.0185734
75  115  0.0503235
76  114  0.0510313
77  113  0.0510585
78  112  0.051018
78  114  0.0887004
79  111  0.0509683
79  113  0.0893018
80  112  0.0894504
81  111  0.0894602
82  106  0.0437662
82  110  0.0879912
83  105  0.0476635
83  109  0.0851138
84  104  0.0486853
85  103  0.0483689
85  108  0.0793129
86  102  0.0362241
86  107  0.0757694
87  894  0.0405953
88  99  0.0455236
88  893  0.0436222
89  98  0.0523811
89  892  0.0435716
90  97  0.0532391
90  891  0.0413714
91  96  0.0435953
91  102  0.0153583
91  890  0.0207207
92  101  0.0170116
94  893  0.281776
95  892  0.318834
95  894  0.014363
96  891  0.324719
96  892  0.0143616
97  890  0.163025
98  890  0.589794
99  889  0.83562
100  888  0.842242
101  887  0.841079
102  886  0.840925
103  885  0.838961
105  856  0.822757
106  855  0.850018
107  854  0.853156
108  853  0.853369
109  852  0.85339
110  851  0.852435
111  850  0.852435
112  849  0.852379
113  543  0.0329041
113  848  0.81484
114  542  0.033129
114  847  0.785618
115  510  0.0516649
115  511  0.0135495
115  541  0.033493
115  847  0.0229909
116  510  0.0137576
116  845  0.0470066
116  846  0.0406905
117  144  0.0121934
117  508  0.769574
118  143  0.01276
118  147  0.0258504
118  507  0.772046
119  142  0.0129686
119  146  0.0290934
119  506  0.773956
119  812  0.0316492
119  844  0.0107599
120  141  0.0129362
120  145  0.0290142
120  505  0.77449
120  811  0.0334059
120  843  0.0113857
121  144  0.0234864
121  504  0.774485
121  728  0.0639287
122  145  0.0452925
122  503  0.774365
122  727  0.0644587
123  144  0.0495493
123  502  0.619528
123  726  0.0665363
124  137  0.010972
124  143  0.0509129
124  501  0.418034
124  725  0.0654049
125  136  0.0132433
125  141  0.387733
125  142  0.0341112
125  724  0.050873
126  135  0.0133479
126  140  0.914658
126  723  0.0242547
127  139  0.915698
127  154  0.0112261
127  722  0.0154769
128  138  0.91546
128  153  0.0112638
128  721  0.0154489
129  137  0.878746
129  152  0.014569
130  135  0.0834991
130  151  0.0152018
131  150  0.0150471
132  149  0.0132825
135  145  0.0161159
136  144  0.0153301
141  501  0.229539
141  723  0.0208647
142  500  0.601089
142  722  0.0208549
143  499  0.721443
143  721  0.0202431
144  498  0.737958
144  720  0.0179302
144  724  0.0106589
145  497  0.752297
145  723  0.0226483
146  722  0.0223466
147  496  0.720158
147  721  0.0215422
148  495  0.721814
149  494  0.726153
149  720  0.0193697
150  493  0.720382
150  494  0.0373193
150  719  0.0205529
151  492  0.715961
151  493  0.0431117
151  718  0.0207958
152  481  0.0107709
152  492  0.0388818
153  480  0.778532
153  482  0.0144247
154  479  0.804601
154  481  0.0177281
155  478  0.811523
155  480  0.0202775
155  698  0.0211798
156  477  0.811525
156  479  0.0203825
156  697  0.0212012
157  476  0.809493
157  478  0.0204291
157  696  0.0212113
158  477  0.0203795
158  695  0.0212046
159  474  0.383336
159  475  0.383043
159  476  0.0184505
159  694  0.0212139
160  693  0.0211964
161  473  0.850078
162  472  0.8522
163  471  0.854697
164  470  0.854689
165  469  0.854758
168  466  0.849674
169  465  0.852595
170  464  0.854211
171  463  0.854348
171  899  0.083427
172  462  0.799709
172  898  0.0840095
173  897  0.0839249
174  896  0.0849715
175  458  0.0394175
175  895  0.0847181
176  428  0.149318
176  457  0.0360932
176  458  0.794909
177  427  0.159993
177  453  0.0206082
177  457  0.800332
178  452  0.0212667
178  456  0.780524
179  451  0.0220825
180  424  0.934445
181  423  0.99406
182  422  0.996676
183  421  0.998272
184  420  0.998254
185  419  0.989317
188  418  0.0196757
189  416  0.906415
189  417  0.0414734
190  415  0.996835
191  414  0.997903
192  413  0.996493
193  412  0.9008
194  411  0.904919
195  410  0.99859
196  409  0.993449
197  406  0.0254264
197  408  0.947631
198  404  0.691751
198  405  0.0703103
199  403  0.947206
200  402  0.947283
201  401  0.945889
201  404  0.0278955
202  400  0.938773
202  403  0.0294589
204  210  0.0105569
206  398  0.115222
207  398  0.260049
208  395  0.0191439
208  396  0.610303
208  397  0.270614
209  394  0.0184015
209  395  0.938434
209  396  0.0108753
210  216  0.012346
210  394  0.941322
211  393  0.941488
212  392  0.892276
213  392  0.0167909
214  388  0.0208353
214  390  0.0320365
214  391  0.0268199
215  385  0.0157178
217  384  0.995087
218  383  0.999296
219  382  0.999849
220  381  0.999105
221  380  0.882602
222  380  0.0513743
223  378  0.0787082
224  378  0.786959
225  377  0.923972
226  376  0.905639
227  373  0.274753
227  375  0.684504
228  372  0.884495
229  371  0.998339
230  370  0.997088
231  369  0.995534
233  365  0.970454
234  364  0.992321
235  363  0.985192
237  361  0.987588
238  360  0.998381
239  359  0.998082
240  358  0.998005
241  357  0.993481
243  252  0.0109379
243  306  0.0618767
243  344  0.0301218
243  354  0.264423
243  355  0.394759
243  356  0.0559748
244  251  0.0109541
244  305  0.0618801
244  343  0.0303229
244  353  0.440973
245  304  0.0496775
245  342  0.0250058
245  352  0.412228
246  341  0.0114537
247  301  0.0104514
247  302  0.0269429
248  300  0.0116764
248  301  0.0252564
248  354  0.353419
249  298  0.0370766
249  308  0.0365478
249  348  0.410985
249  349  0.0479734
249  353  0.370804
250  297  0.0371447
250  307  0.0379551
250  347  0.412586
250  348  0.0479455
250  352  0.370883
251  294  0.010177
251  296  0.0207436
251  306  0.522118
251  309  0.0106477
251  351  0.353991
252  293  0.0130416
252  298  0.0377184
252  305  0.522475
252  308  0.0106662
252  349  0.322765
253  293  0.0163401
253  297  0.037728
253  304  0.521988
253  307  0.0106647
253  348  0.321629
253  349  0.0141137
254  291  0.0746472
254  292  0.0356617
254  294  0.299291
254  295  0.0324527
254  303  0.190369
254  306  0.0226438
255  290  0.128153
255  293  0.425774
255  305  0.0224149
255  347  0.0868021
256  289  0.146277
256  291  0.0525919
256  292  0.42539
256  306  0.238972
257  288  0.114257
257  290  0.26081
257  298  0.0419493
257  305  0.239022
258  290  0.210464
258  297  0.0417122
258  304  0.237165
259  288  0.856881
260  287  0.981966
261  286  0.997141
262  285  0.997738
263  284  0.997753
264  283  0.996815
265  282  0.995961
266  281  0.995507
267  280  0.994222
268  279  0.970978
269  277  0.0742573
270  278  0.0284801
271  275  0.0219016
290  295  0.0125646
290  300  0.18528
290  303  0.0162276
290  306  0.0217283
291  298  0.0104678
291  299  0.242613
291  305  0.0217623
292  297  0.0148183
292  298  0.251552
292  304  0.0280271
293  300  0.0203376
293  303  0.0341363
293  306  0.0530266
294  299  0.0230429
294  305  0.0429492
295  304  0.0423509
295  305  0.0190427
296  304  0.0207628
297  303  0.102206
297  356  0.0225178
298  302  0.0391315
298  303  0.209968
298  355  0.0225533
299  354  0.02244
300  353  0.0202956
301  350  0.012829
302  349  0.016674
303  348  0.0175312
305  346  0.0166859
307  345  0.919728
308  344  0.930199
309  343  0.92995
310  342  0.926828
312  341  0.951173
313  340  0.965302
313  352  0.0130727
314  339  0.96717
314  351  0.0139818
315  338  0.968085
315  350  0.0139793
316  337  0.967048
316  349  0.0139767
317  348  0.0136024
318  347  0.0122229
319  334  0.352824
320  333  0.357083
321  331  0.0119051
321  332  0.344908
321  335  0.59879
321  344  0.0116212
322  330  0.0215079
322  334  0.618614
322  343  0.011642
323  330  0.300776
323  333  0.617822
323  342  0.0114223
324  329  0.358594
324  332  0.620625
325  331  0.620005
326  330  0.503186
326  337  0.0115439
327  336  0.0115439
328  335  0.0115448
329  334  0.0111859
347  356  0.0361736
348  355  0.0354315
348  356  0.0651022
349  354  0.0232472
349  355  0.0654591
350  354  0.0249715
426  435  0.0105412
426  445  0.0177782
426  449  0.665678
427  434  0.0109482
427  444  0.0203495
427  448  0.761099
428  443  0.0188498
428  447  0.796376
429  446  0.797539
429  894  0.133531
430  445  0.622673
430  893  0.137011
431  441  0.0101754
431  892  0.137633
432  891  0.137758
433  889  0.138164
434  888  0.138314
435  440  0.0119886
435  441  0.0123874
435  887  0.137875
436  886  0.137308
437  885  0.13523
438  884  0.112478
440  882  0.123351
441  881  0.138479
442  880  0.140738
443  879  0.139803
446  848  0.140885
447  847  0.140966
448  846  0.137242
449  845  0.126873
451  843  0.0386812
452  631  0.0263
453  630  0.0539283
453  822  0.0712307
454  629  0.053684
454  821  0.0715467
455  820  0.0714476
456  627  0.066264
456  819  0.0709379
457  626  0.0712289
457  816  0.0221194
457  818  0.0426488
458  625  0.0722726
458  815  0.0229685
458  817  0.0407276
459  624  0.0721002
459  813  0.0269314
459  814  0.0178733
460  623  0.0702773
460  812  0.0355148
460  813  0.0110121
461  621  0.0709443
461  811  0.0410845
462  620  0.0709621
462  634  0.0443105
463  619  0.0710036
463  622  0.0116811
463  633  0.0567943
464  618  0.0697224
464  621  0.0116747
464  632  0.0568036
465  617  0.0640636
465  620  0.0116582
465  631  0.0567177
466  619  0.011619
466  630  0.0567218
467  629  0.0527647
470  602  0.131227
471  601  0.141494
472  600  0.142488
473  599  0.142324
474  598  0.141574
476  498  0.0307798
476  595  0.105126
476  673  0.0195548
477  497  0.0326136
477  594  0.10698
477  672  0.0206829
478  496  0.0326115
478  593  0.106981
478  671  0.0206833
479  495  0.0317599
479  592  0.105958
479  670  0.020683
480  494  0.0295801
480  591  0.102966
480  669  0.0206649
481  491  0.784238
481  668  0.0206812
482  490  0.784933
482  493  0.026795
482  667  0.0206813
482  715  0.0458965
483  489  0.759801
483  492  0.0269602
483  666  0.0206777
483  714  0.0506686
484  488  0.28925
484  491  0.0264043
484  589  0.0601199
484  664  0.019751
484  713  0.0521914
485  588  0.0606593
485  589  0.011757
485  663  0.0197409
485  712  0.0524614
486  587  0.0594702
486  588  0.0111511
486  662  0.0185744
486  711  0.0524393
487  585  0.0440886
487  710  0.0521644
488  706  0.0428163
489  583  0.0894981
489  641  0.0163
489  705  0.0524613
490  582  0.0896362
490  640  0.0178359
490  704  0.0525004
491  581  0.0896933
491  639  0.0178426
491  702  0.0526513
492  580  0.0777567
492  638  0.0173271
492  701  0.0526543
493  579  0.0757821
493  637  0.0171806
493  700  0.0526522
495  699  0.0525625
496  504  0.0117807
496  570  0.0224258
496  578  0.0179211
496  633  0.0102914
496  698  0.0526045
497  503  0.0116378
497  556  0.0255135
497  569  0.0224544
497  573  0.0131623
497  577  0.0179816
497  631  0.0154811
497  697  0.052587
498  555  0.0309796
498  568  0.0203129
498  572  0.0131495
498  630  0.0154883
498  677  0.0496644
499  554  0.0309719
499  567  0.0197892
499  571  0.01172
499  629  0.0153962
499  676  0.0506957
500  552  0.0194175
500  553  0.024425
500  566  0.013405
500  628  0.0140972
500  675  0.0509983
501  551  0.0307557
501  552  0.0177808
501  596  0.024645
501  674  0.0512744
502  550  0.0378604
502  551  0.0112123
502  595  0.0297299
502  623  0.0112143
502  673  0.0512903
503  549  0.0493271
503  570  0.0215527
503  594  0.0339485
503  622  0.0122627
503  672  0.0513963
504  548  0.0493268
504  569  0.0216429
504  593  0.03395
504  621  0.0122607
504  671  0.0513937
505  547  0.046775
505  568  0.0216188
505  592  0.0319312
505  670  0.0470963
506  567  0.0211337
506  587  0.0108745
507  542  0.011918
507  566  0.0147277
507  586  0.0126263
508  541  0.0145298
508  542  0.0188163
508  585  0.0127231
509  538  0.267787
509  541  0.0163748
509  616  0.010355
509  832  0.271135
509  843  0.0271727
510  537  0.331591
510  540  0.0102223
510  615  0.011482
510  816  0.0588743
510  831  0.376557
510  842  0.0706112
511  536  0.354214
511  614  0.0114504
511  815  0.0597019
511  830  0.376787
511  841  0.0805161
512  535  0.354294
512  814  0.059863
512  829  0.375697
512  838  0.0790521
512  840  0.0699154
513  534  0.354707
513  609  0.0114088
513  813  0.0597026
513  828  0.37409
513  837  0.124313
513  839  0.0380659
514  533  0.356967
514  608  0.0147299
514  611  0.0101056
514  812  0.0597877
514  827  0.374306
514  836  0.157984
515  532  0.357041
515  607  0.0155633
515  610  0.0102798
515  811  0.0590113
515  826  0.372488
515  835  0.165339
516  531  0.35688
516  606  0.0155735
516  825  0.366113
516  834  0.165295
517  530  0.352616
517  605  0.0144202
517  648  0.0153875
517  833  0.123845
518  532  0.273369
518  607  0.0703079
518  647  0.0166349
519  528  0.351105
519  531  0.275105
519  606  0.0706212
519  627  0.0211528
519  631  0.0154872
519  647  0.0121509
519  702  0.0232466
519  811  0.0124178
520  527  0.349969
520  530  0.276066
520  605  0.0683727
520  626  0.0217197
520  630  0.0163611
520  645  0.0222997
520  646  0.0141127
520  701  0.0246162
520  810  0.0131731
520  816  0.0290154
520  831  0.0161948
521  529  0.277981
521  549  0.0778902
521  625  0.0218205
521  629  0.0153382
521  644  0.0225792
521  645  0.0136131
521  700  0.0246172
521  815  0.0291119
521  830  0.0161545
522  528  0.271147
522  548  0.0801969
522  550  0.0125708
522  601  0.106209
522  624  0.0186778
522  628  0.013166
522  643  0.0198889
522  699  0.0246
522  814  0.0257909
522  829  0.013943
523  527  0.146693
523  547  0.0847019
523  549  0.0495491
523  600  0.192621
523  698  0.024551
524  546  0.0646363
524  548  0.0496319
524  599  0.192727
524  697  0.024307
525  546  0.0739607
525  598  0.192767
526  545  0.093986
526  597  0.192417
527  595  0.192061
528  543  0.161816
528  594  0.191948
529  542  0.162254
529  593  0.19142
530  541  0.161938
530  590  0.0100371
530  591  0.012007
531  540  0.165012
531  589  0.0108385
532  588  0.0101614
532  589  0.166632
533  588  0.16634
534  587  0.159998
534  823  0.0432536
535  822  0.0510541
536  585  0.0497639
536  824  0.0407685
537  585  0.0164601
538  584  0.016029
538  821  0.17779
539  584  0.0334757
539  820  0.228315
540  556  0.0259806
540  585  0.0148615
540  819  0.242987
540  843  0.0263461
541  555  0.0272792
541  579  0.0542438
541  583  0.2783
541  816  0.0223587
541  817  0.0898098
541  818  0.198458
541  842  0.0178922
542  554  0.0272075
542  578  0.0544135
542  582  0.279592
542  815  0.0225197
542  816  0.0905523
542  817  0.196249
542  841  0.0176456
543  553  0.020647
543  577  0.0465532
543  581  0.278644
544  577  0.0111021
545  552  0.0128449
545  575  0.011544
545  576  0.0186714
545  813  0.0125266
546  572  0.0114535
546  578  0.254211
546  579  0.0233393
546  672  0.0183698
546  848  0.0222013
547  577  0.25511
547  671  0.0183902
547  811  0.313846
547  847  0.022158
548  570  0.0169147
548  578  0.0291691
548  670  0.0184418
548  810  0.323795
549  569  0.0170581
549  573  0.291039
549  577  0.0291939
549  669  0.0184103
549  809  0.315592
549  811  0.0317193
550  568  0.0170387
550  572  0.294535
550  810  0.0438156
550  822  0.0355642
551  567  0.015896
551  571  0.155178
551  821  0.0351856
552  571  0.142272
552  820  0.0285575
553  570  0.282368
553  633  0.524121
554  569  0.0220166
554  574  0.0669944
554  632  0.525094
555  569  0.276196
555  573  0.0689714
555  631  0.525342
556  564  0.0105458
556  568  0.291876
556  572  0.0700939
556  630  0.523674
557  567  0.280855
557  571  0.0396034
557  629  0.438641
558  565  0.259242
558  571  0.0311294
558  626  0.414335
559  564  0.254923
559  570  0.0615276
559  625  0.436351
560  569  0.0535341
560  624  0.427342
561  623  0.386402
564  598  0.0138246
564  599  0.160308
565  598  0.365969
566  597  0.420383
567  596  0.427948
567  602  0.0150908
568  595  0.428758
568  601  0.0159666
569  578  0.0711239
569  582  0.0170452
569  594  0.422474
569  600  0.0136498
570  577  0.0710418
570  581  0.0171287
570  593  0.421519
570  599  0.0136045
571  576  0.0467255
571  591  0.0733118
572  577  0.198987
573  589  0.232764
574  588  0.22607
575  587  0.162576
576  584  0.0831628
577  582  0.0220822
577  583  0.080088
578  585  0.0475753
579  585  0.0819195
580  590  0.017654
580  623  0.0240146
580  669  0.0210465
581  589  0.0215092
581  594  0.02492
581  622  0.0494411
581  668  0.0686926
582  593  0.0246135
582  621  0.0268897
582  667  0.0688119
583  621  0.0371223
583  666  0.0688183
584  590  0.0176639
584  591  0.0191441
584  620  0.0601938
584  665  0.0687678
585  589  0.0173245
585  592  0.0312749
585  619  0.0601813
585  664  0.0677416
587  813  0.0102621
587  845  0.016356
588  661  0.0665172
588  812  0.0120686
588  844  0.0198276
589  660  0.0673278
589  811  0.0121902
589  843  0.0201003
590  659  0.0516573
590  842  0.0152591
592  601  0.128208
593  600  0.135681
593  728  0.0359744
594  599  0.132966
594  727  0.0361453
595  726  0.0363944
596  725  0.0363763
597  724  0.0363634
598  723  0.0363878
599  622  0.266996
599  722  0.0362953
600  621  0.271888
600  721  0.0362743
601  619  0.0149562
601  622  0.0117795
605  616  0.777173
606  615  0.905651
607  614  0.902013
608  613  0.592259
609  823  0.0137758
610  822  0.0164082
611  821  0.0162232
612  820  0.0143578
613  836  0.0178187
614  835  0.0188223
615  834  0.0188282
616  833  0.0156214
617  821  0.0258955
618  820  0.0301798
619  627  0.0676867
619  642  0.159653
619  819  0.031345
619  824  0.0347243
620  626  0.0678238
620  641  0.160807
620  818  0.03124
620  823  0.0350605
621  625  0.0534199
621  640  0.161101
621  817  0.0307476
621  822  0.0350563
622  639  0.161003
623  638  0.146345
623  821  0.0341003
624  820  0.0341439
625  819  0.0341928
626  634  0.0781626
626  635  0.0274545
627  633  0.0827295
629  812  0.0775638
630  811  0.0818839
631  810  0.0818616
633  843  0.0170949
634  842  0.0134311
637  809  0.463817
638  808  0.727816
639  807  0.802944
640  806  0.803
641  805  0.802571
642  804  0.802998
643  657  0.117715
643  803  0.802763
644  656  0.12607
644  802  0.784142
644  826  0.0118942
645  655  0.126422
645  801  0.762768
645  802  0.0187928
645  825  0.0120292
646  654  0.125804
646  801  0.0375715
646  824  0.0135733
647  736  0.0141607
647  796  0.500017
647  798  0.105637
647  800  0.0507641
647  823  0.0106818
648  735  0.0142811
648  795  0.500492
648  797  0.0996811
648  799  0.0469083
649  734  0.0120347
649  794  0.495587
650  793  0.387984
651  792  0.252462
651  793  0.15368
652  732  0.0487981
652  792  0.24667
652  795  0.0154844
652  819  0.0548049
653  731  0.119041
653  794  0.0115219
653  818  0.0563365
654  730  0.131377
654  752  0.672199
654  817  0.0566946
655  729  0.131409
655  751  0.672833
655  816  0.0567446
656  728  0.131405
656  750  0.672832
656  815  0.0566601
657  727  0.131171
657  749  0.672013
657  814  0.0523006
658  726  0.127268
658  748  0.665796
659  719  0.117485
659  724  0.118814
659  747  0.563728
660  723  0.131619
661  717  0.69406
661  722  0.110597
662  716  0.849798
662  721  0.0351856
663  715  0.890896
664  714  0.893488
665  713  0.863137
666  701  0.136873
666  712  0.756727
667  698  0.0137816
667  700  0.137322
667  711  0.744502
668  697  0.0138454
668  710  0.742795
669  696  0.0144868
669  698  0.601704
669  700  0.0119882
669  709  0.239915
670  697  0.604232
671  694  0.0265017
671  696  0.602283
671  698  0.182526
672  693  0.0263801
672  697  0.182766
672  706  0.0825858
673  692  0.0105339
673  694  0.497314
673  696  0.180656
673  705  0.0758982
675  692  0.826362
676  691  0.875554
677  690  0.878862
678  689  0.703384
681  686  0.0652712
684  693  0.0691469
685  692  0.0696076
686  691  0.0664031
692  699  0.0134945
693  698  0.0316868
696  702  0.0351973
697  701  0.0229194
700  706  0.0797841
700  715  0.0132071
701  706  0.349509
701  714  0.013324
702  709  0.212846
702  712  0.153028
703  711  0.154156
704  710  0.145879
706  822  0.0272633
707  821  0.0273416
708  820  0.0273267
709  819  0.0273126
710  818  0.0124395
715  726  0.0264022
716  725  0.0276329
717  724  0.0406171
718  723  0.0619266
722  746  0.0285319
723  745  0.0303193
725  746  0.478448
725  812  0.0554512
726  745  0.504429
726  811  0.0591949
727  743  0.402626
727  744  0.260044
727  810  0.0614764
728  742  0.649427
728  809  0.0480205
729  740  0.666944
729  811  0.0385156
730  739  0.669589
730  809  0.131736
731  738  0.668285
731  808  0.183901
732  737  0.605834
732  791  0.078975
732  807  0.19063
733  790  0.079774
733  806  0.190647
734  789  0.0794618
734  797  0.0152818
734  805  0.190528
735  788  0.0791381
735  796  0.0247937
735  804  0.183489
736  787  0.0779864
736  795  0.0238408
736  802  0.190544
737  801  0.190735
738  800  0.185127
739  751  0.090848
739  752  0.0551511
740  750  0.0920532
740  751  0.0543831
740  798  0.173621
741  749  0.0925369
741  797  0.174777
742  748  0.0862051
742  750  0.0542104
742  796  0.174827
743  749  0.052108
743  795  0.171772
744  792  0.022737
745  752  0.0438586
745  791  0.0209565
748  792  0.0615256
749  755  0.0114905
749  791  0.0619852
750  790  0.0498878
755  795  0.0101055
756  795  0.105529
757  794  0.194996
758  792  0.0259802
758  793  0.209219
759  792  0.211973
760  790  0.816558
761  789  0.88463
762  786  0.0707425
762  788  0.892499
763  785  0.0353978
763  787  0.893671
764  785  0.945973
765  784  0.99823
766  783  0.998273
767  782  0.997697
768  781  0.997721
771  778  0.99838
772  777  0.999557
811  822  0.0126571
812  821  0.012186
813  820  0.0101687
815  826  0.0219002
816  825  0.0222626
816  835  0.0184928
817  824  0.024345
817  834  0.0187007
820  835  0.0117739
820  836  0.149587
820  837  0.055089
821  835  0.171259
821  836  0.0705806
822  834  0.183299
822  835  0.0710936
823  832  0.458496
823  834  0.0342341
824  831  0.58719
825  830  0.587652
834  841  0.01504
834  842  0.0179158
835  841  0.0190791
849  877  0.101347
849  878  0.0167041
850  876  0.101347
851  876  0.0117567
852  874  0.017476
852  875  0.110483
853  873  0.017277
853  874  0.112442
854  873  0.112641
856  872  0.151383
857  871  0.208574
858  870  0.209571
859  869  0.209417
860  868  0.207634
862  884  0.731808
863  883  0.779449
864  882  0.776732
865  881  0.772429
866  880  0.654427
867  879  0.346477
867  880  0.100235
868  879  0.19154
869  879  0.206052
870  878  0.782006
871  877  0.779179
872  876  0.296615
