1  17  0.23228
2  9  0.171345
2  16  0.290194
3  8  0.205359
3  15  0.311915
4  14  0.301679
5  12  0.0255217
5  14  0.0119515
6  13  0.257826
7  15  0.0321403
8  14  0.0321091
14  774  0.589973
15  773  0.639906
16  772  0.646213
17  771  0.647708
18  770  0.329069
18  772  0.010329
19  770  0.602082
20  769  0.96198
21  768  0.957597
22  767  0.944185
22  768  0.0367861
23  767  0.0454898
25  766  0.136297
26  764  0.813164
26  765  0.1401
27  763  0.997145
28  762  0.999639
29  761  0.999382
30  760  0.999546
32  758  0.999516
33  757  0.999672
34  756  0.999736
35  755  0.501668
36  754  0.497047
37  753  0.996169
38  751  0.964629
39  750  0.964014
39  752  0.0104954
40  749  0.960508
40  751  0.0104425
42  747  0.116861
42  748  0.0689181
43  746  0.059015
44  746  0.93959
45  745  0.998432
46  744  0.999211
47  743  0.998902
48  742  0.999423
49  741  0.997224
50  740  0.918435
51  456  0.916359
51  739  0.039345
52  455  0.945216
53  108  0.0175731
53  454  0.946377
54  107  0.021482
54  453  0.945272
58  104  0.0686661
58  451  0.897071
59  103  0.0781733
59  450  0.897469
60  102  0.0785738
60  449  0.896956
61  100  0.0833557
61  101  0.0394193
61  367  0.0331485
62  99  0.1227
62  366  0.0331592
62  373  0.0111085
62  447  0.0527762
63  98  0.125188
63  365  0.0331346
63  372  0.0121281
64  97  0.125835
64  364  0.0330959
64  371  0.0122105
64  445  0.433007
65  370  0.0112126
65  444  0.386606
66  83  0.0286862
66  95  0.0699704
66  444  0.0145184
67  82  0.0537913
67  94  0.107937
67  445  0.0504781
67  446  0.0187996
68  81  0.0623122
68  445  0.0189766
69  80  0.0645565
69  92  0.131954
69  443  0.68256
70  79  0.0646562
70  91  0.133766
70  442  0.750481
71  78  0.0468401
71  90  0.134343
71  441  0.7519
72  89  0.128727
72  440  0.750212
74  380  0.607827
75  88  0.0146516
75  89  0.0150873
75  379  0.729492
76  88  0.0213013
76  378  0.731662
77  86  0.129351
77  87  0.0114698
77  377  0.730593
78  85  0.155513
78  376  0.365736
79  84  0.156254
79  375  0.328346
80  374  0.665226
81  375  0.0159831
82  372  0.117283
82  374  0.0192627
83  373  0.0246649
83  446  0.0220445
84  371  0.714028
84  445  0.0268754
85  370  0.719516
85  444  0.0256858
86  369  0.712449
86  407  0.0351915
86  443  0.0212816
87  368  0.704469
87  406  0.0406839
87  442  0.0191796
88  159  0.115872
88  367  0.508769
88  405  0.0635836
89  158  0.165659
89  365  0.0593507
89  367  0.148691
89  404  0.0645463
90  364  0.0589605
90  366  0.287047
90  403  0.064556
91  156  0.776854
91  402  0.0637464
92  155  0.777609
93  154  0.777449
94  153  0.777497
95  152  0.778065
95  401  0.0668215
96  151  0.778291
96  400  0.0708243
97  131  0.205346
97  150  0.566626
97  399  0.0710031
98  108  0.0403449
98  130  0.210176
98  149  0.508992
98  398  0.0709421
99  107  0.134842
99  129  0.280893
99  131  0.0148997
99  148  0.219019
99  397  0.070963
100  106  0.135015
100  121  0.0269685
100  128  0.281097
100  130  0.0134263
100  133  0.0298208
100  396  0.0710012
101  105  0.0836314
101  127  0.279614
101  133  0.0128297
101  144  0.0973512
101  395  0.0709334
101  442  0.0275377
102  117  0.030883
102  119  0.338365
102  131  0.0966803
102  143  0.0999943
102  370  0.0106048
102  381  0.015697
102  394  0.0167035
102  441  0.0288334
103  118  0.340152
103  130  0.0962231
103  142  0.100145
103  369  0.0106391
103  440  0.0288225
104  116  0.500451
104  141  0.0403739
104  368  0.010571
104  379  0.0208255
104  439  0.0263151
105  115  0.552272
105  140  0.0364122
105  367  0.0100618
105  381  0.026758
105  438  0.0192619
105  451  0.0464933
106  114  0.571279
106  119  0.0102897
106  139  0.0939804
106  377  0.0438451
106  380  0.0267927
106  437  0.0155617
106  450  0.0465463
107  113  0.565474
107  118  0.010171
107  376  0.0528039
107  379  0.0269565
107  449  0.0465204
108  375  0.0535874
109  374  0.0471407
110  146  0.0522966
111  145  0.063795
111  372  0.0878361
111  377  0.0280609
111  739  0.0157381
112  136  0.0840198
112  144  0.0661017
112  371  0.0915354
112  376  0.0284987
112  738  0.0232987
113  135  0.108117
113  143  0.0660151
113  370  0.0914086
113  375  0.0251175
113  737  0.024101
114  133  0.101938
114  142  0.0660527
114  369  0.0913712
114  736  0.0240967
115  133  0.0176768
115  141  0.0639633
115  366  0.034452
115  368  0.0644227
115  373  0.0311901
115  735  0.0205807
116  132  0.030745
116  140  0.0570722
116  365  0.111498
116  372  0.0342349
117  124  0.0262718
117  130  0.249072
117  364  0.11546
117  371  0.0344092
118  129  0.379199
118  363  0.115624
118  370  0.0342953
118  692  0.0154582
119  124  0.0133458
119  128  0.377817
119  362  0.115627
119  369  0.0343273
119  691  0.0155378
120  125  0.0224955
120  126  0.0791529
120  127  0.335783
120  361  0.042995
120  368  0.034285
120  690  0.0155118
121  360  0.038871
121  367  0.0341213
121  689  0.0153837
122  359  0.110545
123  148  0.0415653
123  358  0.0993704
124  147  0.0601898
124  357  0.0904737
124  660  0.0171591
125  146  0.0547693
125  148  0.014646
125  659  0.0177108
126  145  0.0181504
126  148  0.0125457
126  658  0.0178193
127  146  0.0269782
127  147  0.017587
127  162  0.0106351
127  358  0.0103097
127  657  0.0178873
128  143  0.0117823
128  145  0.0982945
128  161  0.0123082
128  357  0.0118129
128  365  0.0270752
128  656  0.0178691
129  142  0.011999
129  144  0.115723
129  160  0.0137596
129  169  0.0495325
129  356  0.0122438
129  364  0.0294119
129  655  0.0178454
130  143  0.116716
130  159  0.0129912
130  168  0.103043
130  363  0.0297273
131  142  0.116874
131  167  0.103143
131  362  0.0297273
131  383  0.0136895
132  141  0.113376
132  157  0.0117343
132  166  0.103047
132  361  0.0128584
132  382  0.014273
132  652  0.0122057
133  139  0.0108411
133  140  0.0426694
133  150  0.0134476
133  156  0.011728
133  165  0.101678
133  360  0.0103788
133  381  0.0174187
133  651  0.013561
134  155  0.0111043
134  359  0.0251909
134  380  0.0174183
134  650  0.0134766
135  379  0.0173722
136  147  0.52348
136  164  0.12899
136  648  0.0124423
137  146  0.525953
137  163  0.129937
137  647  0.0117095
138  145  0.526208
138  162  0.115469
139  144  0.517923
140  160  0.115576
141  159  0.136746
141  646  0.0146752
142  158  0.136781
142  645  0.017962
143  157  0.136588
143  644  0.017992
144  156  0.13491
144  643  0.0180013
145  642  0.0179817
146  152  0.0553452
146  641  0.0179856
147  151  0.0480359
147  640  0.0179936
148  378  0.0176798
148  639  0.017245
149  377  0.0214862
149  638  0.0139837
150  376  0.0222579
151  375  0.0223079
152  374  0.0223216
153  373  0.0222081
154  372  0.022208
155  593  0.0142721
155  728  0.020396
156  371  0.0197432
156  592  0.0147184
156  727  0.0213539
157  365  0.0352917
157  370  0.0206579
157  591  0.0146957
157  726  0.0214822
158  364  0.0188211
158  366  0.0708345
158  369  0.0205523
158  590  0.0145713
158  725  0.021503
159  364  0.542636
159  724  0.0214673
160  363  0.784191
160  367  0.0469317
161  362  0.784039
161  366  0.0469266
162  361  0.76655
164  362  0.0571041
165  361  0.0576294
166  358  0.804024
166  360  0.0274621
167  357  0.894726
168  356  0.895536
169  355  0.942721
170  354  0.942024
171  352  0.354599
171  353  0.618887
172  351  0.998757
173  350  0.998887
174  349  0.999379
175  348  0.999163
176  346  0.0247606
176  347  0.875204
178  345  0.983503
179  344  0.986749
180  342  0.0192207
180  343  0.979016
181  341  0.961254
181  342  0.0331562
182  340  0.974175
183  339  0.934166
184  338  0.78922
184  339  0.0493562
185  338  0.0782805
186  336  0.694709
186  337  0.0954366
187  335  0.71293
188  334  0.565617
188  335  0.12673
189  334  0.149093
189  335  0.0136445
190  334  0.0190017
191  332  0.502037
193  330  0.957993
194  329  0.998032
195  328  0.998185
196  327  0.997489
197  326  0.915873
199  238  0.0398097
199  324  0.0174162
199  326  0.026038
200  237  0.131181
200  322  0.0841595
200  325  0.046103
201  321  0.0605661
201  324  0.0183236
202  235  0.836732
202  321  0.0112274
203  234  0.892357
203  319  0.0954363
204  233  0.894741
204  318  0.0959493
205  232  0.869748
205  317  0.0948798
206  316  0.0476883
207  230  0.297539
207  315  0.0413146
208  229  0.904446
208  314  0.0872252
209  228  0.907749
210  227  0.908132
210  312  0.0349476
210  313  0.0260535
211  226  0.908122
211  254  0.0127681
211  311  0.053921
212  225  0.779135
212  253  0.0128711
212  310  0.0458591
213  224  0.648373
213  225  0.125508
213  310  0.0284343
214  222  0.431675
214  224  0.250544
214  309  0.0345368
215  220  0.0208205
215  221  0.382473
215  223  0.376493
215  250  0.0269313
215  307  0.0389986
215  308  0.0211455
216  222  0.368572
216  249  0.0396262
216  306  0.0468668
217  248  0.0411415
217  305  0.0442165
218  247  0.0447026
218  304  0.0192366
219  246  0.0449769
222  244  0.0550853
223  243  0.0559264
224  242  0.0282032
225  242  0.0457183
226  241  0.0842459
227  240  0.0847243
228  239  0.0852888
229  238  0.0841876
230  237  0.0682659
236  324  0.575892
237  323  0.730811
238  317  0.0145426
238  323  0.076888
239  316  0.0148919
239  321  0.794097
239  322  0.0629614
240  311  0.0211472
240  315  0.0148517
240  319  0.0252012
240  320  0.797849
241  310  0.0212409
241  314  0.0149213
241  319  0.79936
241  320  0.0391955
242  309  0.0214627
242  313  0.0147221
242  317  0.828396
242  319  0.0387559
243  308  0.0198211
243  316  0.38234
243  318  0.0379846
244  256  0.0554059
244  315  0.393993
244  317  0.0239332
245  255  0.0599135
245  314  0.863471
246  254  0.0632275
246  313  0.863454
247  253  0.0598444
247  312  0.829987
248  252  0.0347858
251  310  0.786837
252  309  0.844111
253  308  0.800215
257  304  0.889941
258  303  0.98781
259  302  0.988048
260  301  0.946723
261  299  0.0101419
261  300  0.88313
261  301  0.0347292
262  299  0.699006
262  300  0.0691907
263  294  0.0501546
263  299  0.0985319
264  293  0.0518744
264  295  0.0825381
264  296  0.034748
264  297  0.316354
264  298  0.124233
265  294  0.0953473
266  292  0.994091
267  291  0.994554
268  290  0.994669
269  289  0.994637
270  288  0.984024
272  285  0.240258
273  284  0.254766
273  285  0.620283
274  283  0.245479
274  284  0.5979
274  285  0.019613
276  287  0.0104292
277  286  0.014247
314  325  0.0170535
315  324  0.0179452
316  323  0.0182533
317  322  0.0178873
364  705  0.0211438
365  704  0.0211305
366  703  0.0206364
367  579  0.0362366
368  578  0.036713
369  577  0.0368519
370  575  0.012116
370  576  0.0255089
371  574  0.0235518
372  573  0.0234286
374  446  0.0897004
374  572  0.0360646
375  445  0.0470202
375  571  0.0371061
376  444  0.0561453
376  570  0.0376772
377  443  0.105539
378  568  0.0383937
379  441  0.124307
379  567  0.0384009
380  440  0.124622
380  566  0.038391
381  439  0.815313
381  565  0.0383983
382  393  0.05797
382  438  0.854707
382  564  0.0366177
383  392  0.0586701
383  435  0.0604996
383  437  0.850815
384  391  0.05658
384  434  0.145487
384  436  0.762434
385  390  0.0460383
385  433  0.306424
385  435  0.593362
386  432  0.530856
386  434  0.353037
387  431  0.85118
388  430  0.91342
389  429  0.899836
390  426  0.309065
390  428  0.547651
391  425  0.697826
392  424  0.713537
392  426  0.155624
393  424  0.15058
394  422  0.89742
395  411  0.0108433
395  421  0.905687
396  410  0.0108372
396  420  0.903144
397  419  0.898473
398  418  0.826279
403  414  0.88057
404  413  0.915655
405  412  0.915255
406  411  0.861273
410  440  0.0415007
411  439  0.0641009
412  438  0.0658015
413  437  0.0658048
414  436  0.0651044
415  435  0.0532833
417  433  0.0248647
418  432  0.02509
418  434  0.0126776
419  433  0.0130664
420  427  0.026737
420  432  0.0112529
421  426  0.0286244
423  431  0.0135562
424  430  0.0142885
436  561  0.0290776
437  560  0.0360447
438  559  0.0360986
439  451  0.0353529
440  450  0.0414988
441  449  0.04142
452  553  0.0331309
453  552  0.0331431
454  551  0.0329567
455  550  0.0325496
456  509  0.0347462
457  508  0.0370116
457  738  0.800807
458  507  0.0387995
458  737  0.899907
458  739  0.0232
459  506  0.0387993
459  736  0.89953
459  738  0.0238691
460  505  0.0381898
460  730  0.0115758
460  737  0.0234702
461  504  0.0335349
461  728  0.905509
461  736  0.0127608
462  498  0.0146993
462  727  0.934976
463  497  0.0147267
463  726  0.934531
464  496  0.0147299
464  725  0.922026
465  724  0.0370964
465  725  0.0130739
466  724  0.885971
467  723  0.901435
468  722  0.888835
469  481  0.0195592
469  704  0.0121527
469  721  0.845921
470  478  0.024291
470  480  0.0737402
470  703  0.0178272
470  720  0.683228
471  476  0.829682
471  479  0.0743627
471  702  0.0176152
471  703  0.0116691
472  478  0.0743027
472  480  0.0163895
472  701  0.017454
472  702  0.0116961
473  479  0.0140649
473  700  0.0162491
473  701  0.0115762
474  700  0.0106129
475  698  0.0222643
476  697  0.0225492
477  488  0.0319294
477  499  0.0218329
477  709  0.0202296
478  487  0.034392
478  498  0.0218368
479  486  0.0341223
480  485  0.0259393
480  496  0.0194133
481  705  0.0744107
481  709  0.0284436
483  492  0.0344414
484  491  0.0353757
484  704  0.493223
484  706  0.0100204
485  490  0.0355425
485  702  0.218706
485  703  0.679061
485  705  0.0113711
486  701  0.142448
486  702  0.67579
486  703  0.013599
487  700  0.469633
487  701  0.347619
487  702  0.0132321
488  699  0.885017
489  698  0.891555
490  697  0.892703
491  650  0.48936
492  649  0.675104
492  696  0.274605
493  648  0.675804
493  695  0.274697
494  647  0.675202
494  694  0.274429
495  646  0.673608
495  693  0.27357
496  635  0.0131548
496  645  0.669418
496  692  0.272003
497  634  0.028641
497  644  0.655985
497  690  0.0985015
497  691  0.164156
498  633  0.15642
498  643  0.601528
498  689  0.149811
499  632  0.158766
499  639  0.0432087
499  640  0.0177575
499  688  0.148285
500  638  0.0373692
505  630  0.881001
506  629  0.948296
507  628  0.948331
508  627  0.94815
510  625  0.906936
511  549  0.033567
511  624  0.946011
512  548  0.0335895
512  623  0.950625
513  547  0.0335692
513  622  0.950638
514  621  0.951198
515  522  0.0394586
515  620  0.951225
516  521  0.0394263
516  619  0.950618
517  618  0.942194
519  615  0.735939
520  536  0.0197366
520  614  0.744418
521  535  0.0226189
521  538  0.104591
521  613  0.744814
522  534  0.0228321
522  537  0.157291
522  547  0.0116789
522  612  0.743809
523  533  0.022347
523  536  0.159428
523  546  0.794503
524  532  0.0208172
524  535  0.159693
524  545  0.798414
525  534  0.156952
525  544  0.79907
526  543  0.796871
527  535  0.0276275
527  538  0.196302
527  542  0.468998
528  534  0.0368576
528  537  0.32078
529  533  0.0142185
529  536  0.251783
529  540  0.044998
530  540  0.0262499
531  538  0.0327224
531  539  0.0298955
532  540  0.032069
533  539  0.0351075
533  542  0.0491324
534  541  0.0959538
535  540  0.0630862
538  615  0.0720793
539  614  0.147868
540  613  0.179742
541  612  0.182242
542  611  0.180708
543  607  0.0142795
543  610  0.172059
544  606  0.015972
544  608  0.0386541
545  605  0.0160563
546  604  0.0159353
547  601  0.0207185
547  606  0.704742
547  607  0.108575
547  608  0.0190615
547  611  0.0640982
548  600  0.0228619
548  605  0.72109
548  606  0.10914
548  607  0.0157252
548  610  0.0716546
549  599  0.0230988
549  604  0.846574
549  609  0.0716707
550  598  0.021265
550  603  0.8472
550  608  0.0639194
551  602  0.84688
552  596  0.0156401
552  600  0.0528979
552  601  0.796508
552  605  0.0412166
552  606  0.0200897
553  595  0.0220307
553  599  0.103182
553  604  0.0675104
554  598  0.0959339
554  600  0.722266
554  603  0.0670142
555  599  0.721045
555  602  0.0635131
556  597  0.248112
556  598  0.572197
557  591  0.022724
557  596  0.387135
557  597  0.372928
558  565  0.0551751
558  590  0.0232744
558  595  0.525034
559  564  0.0611248
559  568  0.397949
559  589  0.0211072
559  601  0.0652586
560  567  0.397025
560  574  0.0344322
560  600  0.0657881
561  566  0.287999
561  573  0.0344853
561  593  0.355325
561  599  0.0639726
562  572  0.0345924
562  592  0.364986
563  591  0.366559
564  571  0.0486425
564  590  0.366414
565  570  0.0613071
565  589  0.350646
565  597  0.0655905
566  587  0.0478835
566  596  0.102559
567  586  0.0464506
567  588  0.0352717
567  595  0.107637
568  586  0.107938
569  580  0.0464942
569  585  0.0780134
569  593  0.413806
570  579  0.0566952
570  590  0.043044
570  592  0.439175
571  578  0.0464654
571  589  0.0529615
571  591  0.417038
573  591  0.0434365
574  579  0.0292089
574  588  0.230774
574  590  0.0486345
575  587  0.120831
576  587  0.631517
577  586  0.751538
578  583  0.0104951
578  585  0.721752
585  701  0.0158664
586  700  0.0218934
587  699  0.0232038
588  698  0.0235434
589  697  0.0235731
590  696  0.0235776
592  695  0.0236142
593  694  0.0235966
594  693  0.0235857
595  692  0.0236151
596  691  0.01721
598  634  0.0148527
598  690  0.0125276
599  633  0.0210101
599  689  0.0188204
600  632  0.0210151
600  688  0.0188209
601  631  0.0210142
601  687  0.0188093
602  686  0.013619
603  630  0.0305032
604  629  0.0310739
605  628  0.0211776
606  632  0.0119022
607  626  0.0314892
607  631  0.0120079
608  625  0.0319832
608  630  0.0122731
609  617  0.010635
609  624  0.0320064
609  629  0.0123692
610  616  0.0106073
610  623  0.0320432
610  628  0.0120447
611  622  0.0319578
612  621  0.031
630  636  0.0338075
631  635  0.0214521
631  636  0.286434
631  657  0.105183
631  686  0.0106637
632  656  0.105885
632  685  0.0116339
632  689  0.0103837
633  639  0.0466014
633  640  0.0154189
633  655  0.105697
633  684  0.0116275
633  687  0.0115426
633  688  0.0100641
634  638  0.0179188
635  640  0.242394
635  688  0.097526
636  652  0.0489688
636  664  0.0111644
636  687  0.110053
637  686  0.0794015
638  662  0.013764
639  649  0.115687
639  661  0.187391
640  648  0.115726
640  660  0.187589
641  647  0.10344
641  659  0.187155
642  646  0.0517618
642  658  0.180222
645  655  0.187223
646  654  0.187329
647  653  0.186632
648  652  0.159944
652  695  0.668438
653  694  0.676784
654  693  0.677049
655  692  0.678163
656  691  0.567286
657  691  0.110365
658  690  0.218849
659  688  0.201664
660  687  0.235348
660  688  0.461222
661  687  0.471155
662  685  0.944644
662  686  0.0208602
663  684  0.96578
664  683  0.968336
666  682  0.969735
667  681  0.979411
668  680  0.980379
669  679  0.9797
670  678  0.944381
672  676  0.0564449
704  726  0.0118106
705  725  0.0116369
711  723  0.0215056
712  722  0.0244196
713  721  0.0268821
714  720  0.0246554
715  726  0.0101515
716  725  0.0109839
717  724  0.0124203
