2  932  0.689111
3  18  0.0124589
3  931  0.786843
4  17  0.0125357
4  930  0.799647
5  16  0.0113129
5  929  0.785511
6  928  0.721657
9  931  0.149694
10  23  0.0131098
10  930  0.171828
11  22  0.0126744
11  929  0.169394
12  21  0.0102401
12  928  0.158642
13  927  0.114725
16  23  0.95354
17  22  0.952583
21  930  0.013315
24  927  0.675644
25  926  0.969996
26  925  0.991971
27  924  0.992163
28  923  0.991607
29  922  0.992017
30  921  0.991047
31  920  0.990787
32  919  0.987121
33  917  0.682019
34  891  0.735765
35  890  0.906855
36  889  0.977346
37  888  0.985516
38  887  0.987296
39  886  0.988135
40  885  0.95892
41  761  0.463286
41  884  0.516535
42  760  0.463534
42  883  0.514249
43  652  0.0795869
43  759  0.469384
43  794  0.0415506
43  843  0.233652
43  882  0.0601846
44  758  0.468451
44  793  0.0419229
44  821  0.039661
44  842  0.261251
45  650  0.0974566
45  757  0.468685
45  792  0.0419873
45  819  0.0104021
45  820  0.0508487
45  841  0.264183
46  649  0.102081
46  756  0.454645
46  791  0.0419858
46  840  0.244196
47  648  0.102134
47  755  0.33565
47  790  0.0419663
47  818  0.0786439
47  839  0.223389
47  840  0.0272896
48  647  0.100443
48  755  0.0170276
48  789  0.0415715
48  817  0.0807559
48  839  0.0475007
49  753  0.010506
49  754  0.023056
49  788  0.0376094
49  816  0.0826863
49  838  0.064516
50  753  0.0162967
50  787  0.0135613
50  815  0.081777
51  644  0.0130139
51  752  0.0109292
51  814  0.0809392
51  838  0.0942494
52  603  0.0213558
52  619  0.579829
52  785  0.0127876
52  813  0.068915
52  837  0.245839
53  602  0.0491161
53  618  0.585058
53  784  0.0121802
53  836  0.265318
54  601  0.0629507
54  617  0.586878
54  835  0.266534
55  600  0.0669174
55  602  0.012378
55  616  0.58801
55  834  0.267521
56  599  0.0665729
56  601  0.0167258
56  614  0.202391
56  615  0.386054
56  833  0.267306
57  598  0.0306424
57  600  0.0182994
57  613  0.589825
57  771  0.0141819
57  832  0.267545
58  599  0.0182537
58  612  0.589852
58  770  0.0143195
58  831  0.267423
59  596  0.0787443
59  611  0.588737
59  769  0.0140802
59  830  0.221246
60  595  0.0815293
60  610  0.589362
60  768  0.0140582
60  787  0.0182911
61  609  0.571945
61  786  0.0296836
61  829  0.122945
62  607  0.0239521
62  785  0.0297062
62  828  0.120165
62  829  0.116983
63  592  0.780898
63  784  0.0296594
63  827  0.0125747
63  828  0.1194
64  591  0.783367
64  605  0.0173072
64  607  0.0238051
64  783  0.0298709
64  827  0.121451
65  590  0.784626
65  604  0.0172944
65  606  0.0238657
65  782  0.0298388
65  826  0.123549
66  95  0.0226095
66  589  0.784726
66  592  0.175279
67  94  0.0340778
67  588  0.784755
67  591  0.17618
68  93  0.0344782
68  587  0.784724
68  590  0.176455
69  92  0.0341191
69  586  0.775632
69  589  0.176609
70  91  0.0498718
70  585  0.72975
70  588  0.176614
71  90  0.0722805
71  584  0.662918
71  587  0.176395
72  89  0.469467
72  583  0.138542
72  586  0.174927
73  585  0.160835
74  88  0.977424
75  87  0.988798
76  86  0.990308
77  85  0.981451
78  83  0.0121081
90  583  0.678942
91  582  0.830054
92  579  0.0121422
92  581  0.910912
93  578  0.0307904
93  580  0.932649
94  577  0.0304737
94  579  0.932506
95  577  0.927664
96  576  0.959301
96  781  0.0300694
97  575  0.963856
97  780  0.032586
98  574  0.962844
98  779  0.032589
99  572  0.0643561
99  778  0.0325768
100  571  0.0601596
100  572  0.552104
100  777  0.0325713
101  570  0.0600915
101  571  0.752811
101  776  0.0312474
102  775  0.0152062
103  569  0.821029
104  568  0.992399
105  567  0.996289
106  566  0.997324
107  565  0.993303
108  564  0.988727
110  563  0.370345
112  551  0.992769
113  550  0.998039
114  549  0.997006
115  548  0.999454
116  547  0.999239
117  546  0.999338
118  545  0.997892
119  544  0.997566
120  141  0.127467
121  141  0.094727
124  138  0.997912
125  137  0.998974
126  136  0.999587
127  135  0.998929
128  134  0.982223
142  539  0.0100504
142  540  0.0491537
143  539  0.0534688
144  537  0.993293
145  536  0.997808
146  535  0.996365
147  534  0.999362
148  533  0.999384
149  532  0.989639
150  529  0.408005
150  531  0.561618
151  528  0.988205
152  527  0.9981
153  526  0.997223
154  525  0.976321
156  522  0.451808
157  521  0.975625
158  520  0.992262
159  519  0.991905
161  517  0.967491
162  516  0.965603
163  515  0.482637
164  515  0.511176
165  514  0.994286
166  513  0.994347
167  512  0.456334
168  511  0.458075
169  510  0.994103
170  508  0.993882
171  507  0.99218
172  506  0.993601
173  505  0.993864
174  504  0.871946
175  503  0.67341
175  504  0.118947
176  502  0.441727
176  503  0.311639
177  502  0.540165
178  500  0.223337
178  501  0.768504
179  499  0.223954
179  500  0.767394
180  366  0.251826
181  365  0.375519
181  499  0.10494
182  364  0.394576
182  497  0.209656
183  363  0.392371
183  496  0.208665
183  497  0.360017
184  362  0.39208
184  496  0.35747
189  330  0.837497
190  329  0.96737
191  328  0.991565
192  327  0.994035
193  326  0.994026
194  325  0.662781
195  324  0.329258
195  325  0.328825
196  324  0.655926
197  323  0.987211
198  322  0.99542
199  321  0.998733
200  320  0.998287
201  319  0.998828
202  318  0.99793
203  317  0.998699
204  316  0.998717
205  315  0.992572
206  314  0.955973
207  294  0.0897421
208  293  0.0902855
208  312  0.899296
209  292  0.0906844
209  311  0.889077
210  219  0.120179
210  291  0.0907577
211  218  0.120101
211  290  0.0906182
211  309  0.758541
212  217  0.106247
212  219  0.081421
212  308  0.446585
213  218  0.0666008
213  288  0.0659506
213  307  0.155802
214  306  0.24384
215  307  0.0430913
216  306  0.0248229
216  307  0.107253
217  306  0.127227
218  285  0.0992112
218  303  0.231391
218  304  0.0566989
218  305  0.133025
219  284  0.0992938
219  302  0.117173
220  283  0.0992481
220  302  0.742322
221  301  0.872035
222  300  0.873533
223  281  0.0991423
223  299  0.872589
224  280  0.0997998
225  245  0.0101401
225  279  0.0999872
225  297  0.867026
226  244  0.0120998
226  278  0.100238
226  296  0.87381
227  243  0.0121148
227  277  0.0996155
227  295  0.873718
228  242  0.0121126
228  276  0.0924548
228  294  0.870785
229  241  0.0120587
229  272  0.0473489
229  275  0.0386732
229  293  0.867112
230  240  0.0107477
230  271  0.0486264
230  275  0.0118584
230  291  0.433164
230  292  0.384578
231  270  0.04837
231  274  0.0176857
231  288  0.467317
231  290  0.362883
232  269  0.042581
232  287  0.688384
233  286  0.853226
234  271  0.0497605
234  285  0.865136
234  291  0.0100086
235  270  0.0501175
235  284  0.86457
236  269  0.0468597
238  267  0.0248246
239  261  0.798697
239  266  0.0173094
240  260  0.969497
241  259  0.985648
242  258  0.987094
243  257  0.986447
244  256  0.986665
246  254  0.017757
246  255  0.971003
247  254  0.916582
248  252  0.0475106
270  279  0.0147549
270  308  0.0123087
271  278  0.0162211
271  283  0.855017
271  307  0.0128358
272  277  0.015824
272  282  0.862703
272  306  0.0128563
273  281  0.865518
273  305  0.0127493
274  280  0.81326
274  304  0.0117404
277  300  0.0114708
278  299  0.0116143
279  298  0.0102163
284  291  0.0125344
285  290  0.0124366
287  302  0.0125885
288  301  0.0188859
289  300  0.0206584
290  299  0.0206637
291  298  0.0205492
296  314  0.03823
297  309  0.014161
297  313  0.0400771
298  308  0.0284984
298  311  0.0190907
298  312  0.0416876
299  307  0.0291313
299  310  0.0604532
300  306  0.0282003
300  309  0.0601602
333  361  0.0435708
334  360  0.0553593
337  358  0.140968
337  495  0.481215
338  357  0.133601
338  494  0.488818
339  493  0.48866
340  492  0.340879
341  352  0.986671
342  351  0.98832
343  350  0.988559
344  349  0.974268
355  367  0.146109
356  366  0.203365
357  365  0.217094
358  364  0.228217
358  367  0.0248766
359  363  0.086891
359  366  0.031037
360  365  0.0309709
360  495  0.0354524
361  494  0.0360387
362  493  0.0358018
363  492  0.0266647
364  495  0.0254948
365  494  0.0185093
366  493  0.11891
367  492  0.493653
368  491  0.896949
369  490  0.991695
370  489  0.991767
371  488  0.991237
372  487  0.991799
373  486  0.991792
374  485  0.990632
375  484  0.816086
377  419  0.0113576
377  481  0.815755
377  484  0.0606176
378  418  0.0144834
378  480  0.850989
378  483  0.125939
379  417  0.0147652
379  479  0.850594
379  482  0.126197
380  416  0.0148796
380  478  0.849751
380  481  0.126049
381  415  0.0149032
381  477  0.845322
381  480  0.125489
382  479  0.107531
383  411  0.590946
383  477  0.0116806
384  410  0.592319
384  475  0.369782
385  474  0.356681
387  408  0.96835
387  411  0.0191068
388  407  0.970291
388  410  0.0190998
389  406  0.968622
389  409  0.017337
390  405  0.970323
391  404  0.969952
392  403  0.606484
393  403  0.328699
394  401  0.111477
394  402  0.654776
395  401  0.495697
395  408  0.0223286
396  407  0.0256367
397  406  0.0256395
398  405  0.0237943
411  466  0.0231959
411  469  0.0435163
413  467  0.03539
413  468  0.547748
413  471  0.012889
414  463  0.199287
414  466  0.028426
414  467  0.649172
414  470  0.0152432
415  462  0.216302
415  466  0.657255
415  469  0.0153761
416  461  0.215349
416  464  0.712414
417  460  0.194222
417  463  0.72357
418  459  0.0803146
418  462  0.724397
419  458  0.032475
419  461  0.724794
420  459  0.887427
421  458  0.942043
422  457  0.97429
423  456  0.975169
426  453  0.981907
427  452  0.988967
428  451  0.990478
429  450  0.986526
431  448  0.994367
432  447  0.994313
433  446  0.994788
434  445  0.994696
435  444  0.990177
437  442  0.61252
459  483  0.0131998
460  482  0.0136881
461  478  0.0113174
461  481  0.013846
462  477  0.0118255
462  480  0.0139043
463  479  0.0135358
464  476  0.090553
465  475  0.0999999
466  474  0.0971787
552  561  0.996416
553  560  0.997172
554  559  0.973874
572  775  0.0148336
573  774  0.0286366
574  773  0.0307914
575  772  0.0308056
576  771  0.0260826
578  768  0.0258359
579  767  0.0258982
580  766  0.0258166
583  765  0.0219894
584  764  0.0243187
585  763  0.0244595
586  762  0.0245018
587  761  0.0244679
588  760  0.0125901
589  760  0.0118689
590  759  0.0237336
591  758  0.0237327
592  757  0.0236326
594  818  0.0151398
594  825  0.0726486
594  829  0.0163106
595  747  0.105435
595  817  0.0148886
595  824  0.0673371
595  828  0.0160977
596  746  0.106626
597  745  0.100754
597  769  0.0737957
597  822  0.0329673
598  606  0.0151747
598  608  0.369226
598  744  0.100722
598  768  0.0807871
598  821  0.0333376
599  605  0.0497108
599  607  0.513678
599  743  0.10836
599  767  0.09721
599  817  0.0429038
600  604  0.0403696
600  606  0.508398
600  742  0.108336
600  766  0.0973636
600  816  0.044549
600  819  0.0243867
601  764  0.0999165
602  741  0.101908
602  763  0.0940997
602  812  0.012932
602  815  0.0826424
603  740  0.102976
603  762  0.0947876
603  814  0.0847398
604  739  0.106547
604  761  0.102797
604  813  0.0886768
604  834  0.0137891
605  737  0.0553803
605  738  0.0544171
605  760  0.102804
605  809  0.0174238
605  811  0.143295
605  833  0.0137997
606  736  0.107719
606  759  0.102791
606  808  0.017427
606  810  0.144655
606  832  0.0137834
607  735  0.10768
607  758  0.102764
607  807  0.0174427
607  809  0.144841
607  831  0.0137366
608  806  0.0173919
608  808  0.144755
609  658  0.114145
609  757  0.0947102
609  807  0.144797
610  657  0.116408
610  756  0.0910107
610  805  0.04704
610  806  0.114661
610  829  0.0145093
611  656  0.116911
611  755  0.0750393
611  804  0.0481436
611  805  0.113663
611  828  0.0145627
612  655  0.116915
612  749  0.0679297
612  803  0.157041
612  827  0.0145523
613  654  0.116908
613  748  0.06834
613  802  0.158403
613  826  0.0145502
614  652  0.116633
614  747  0.0690774
614  801  0.155438
614  825  0.0133779
615  651  0.116578
615  746  0.0682179
615  799  0.0680281
615  800  0.0875131
616  650  0.11595
616  745  0.059986
616  798  0.133809
617  797  0.100783
620  644  0.753797
621  643  0.961321
622  642  0.994061
623  641  0.994308
624  640  0.997767
625  639  0.999076
626  638  0.99899
627  637  0.985593
628  635  0.0344901
629  635  0.0660628
645  753  0.525486
646  752  0.638665
647  751  0.651274
648  745  0.0201235
648  750  0.64999
648  751  0.0214652
649  744  0.0705603
649  748  0.649911
649  750  0.0232879
650  743  0.0748534
650  747  0.649502
650  749  0.0248318
651  742  0.0747462
651  745  0.0373358
651  748  0.0227275
652  741  0.0733204
652  744  0.0381595
652  745  0.427727
654  739  0.0801221
654  743  0.703047
655  738  0.0791799
655  742  0.703284
655  874  0.0658267
656  737  0.078066
656  741  0.70324
656  873  0.0662903
657  740  0.702651
657  872  0.066297
658  736  0.0398845
658  739  0.701986
658  871  0.066321
659  870  0.0629411
660  734  0.970212
660  743  0.0209845
661  733  0.970681
661  742  0.0210938
662  732  0.969091
662  741  0.0211219
663  731  0.969495
663  740  0.0212482
664  730  0.971611
664  739  0.0213263
665  729  0.971625
665  738  0.0213272
666  728  0.971581
666  737  0.0213266
667  727  0.97155
667  736  0.021326
668  735  0.0213249
669  726  0.971634
669  734  0.01934
670  725  0.970887
671  693  0.0212673
671  724  0.970457
672  692  0.0243704
672  723  0.971598
673  691  0.0233195
673  722  0.969193
674  691  0.318828
674  721  0.179611
675  690  0.979869
676  689  0.980104
677  688  0.978307
678  687  0.974319
679  686  0.89582
691  718  0.118558
692  717  0.119712
692  721  0.764919
693  720  0.791974
694  715  0.0308356
694  718  0.0107268
694  719  0.788913
695  713  0.0106041
696  716  0.0255523
697  717  0.0225455
700  714  0.0130901
701  712  0.947493
702  711  0.98626
703  710  0.986786
704  709  0.985716
715  732  0.0231456
716  731  0.0240072
717  730  0.0250722
718  729  0.0250718
719  728  0.0250026
721  727  0.0166284
722  726  0.0103042
736  841  0.0102629
737  840  0.0120248
738  839  0.0120244
738  865  0.0506015
739  838  0.0120184
739  864  0.0508025
740  837  0.0110052
740  863  0.0506256
741  828  0.0126676
741  862  0.0505714
742  827  0.0130331
742  861  0.0499663
743  826  0.0132266
744  795  0.0128772
744  825  0.0153422
744  844  0.0151394
745  783  0.020987
745  794  0.0129876
745  824  0.0152526
745  843  0.0157873
745  858  0.0274419
746  782  0.0227278
746  793  0.0130416
746  823  0.0114064
746  842  0.0157238
746  857  0.0169796
747  781  0.0258627
747  792  0.0130373
747  841  0.015318
747  855  0.0148195
748  759  0.018866
748  761  0.0127545
748  780  0.026579
748  827  0.0613656
749  758  0.0188138
749  760  0.0127619
749  819  0.0346666
749  826  0.0622196
750  756  0.0133985
750  759  0.0126731
750  778  0.0199966
750  780  0.0127771
750  818  0.0432767
750  825  0.0676806
751  756  0.0364802
751  777  0.0307199
751  779  0.0127541
751  817  0.0432652
751  824  0.0672289
752  776  0.0304513
752  778  0.0122665
754  774  0.0416264
755  773  0.044352
755  793  0.0561508
755  812  0.0423314
755  820  0.0576175
756  772  0.0448181
756  792  0.0610733
756  811  0.0449163
756  819  0.0681438
757  771  0.0442883
757  790  0.0193981
757  791  0.0520914
757  795  0.0732609
757  810  0.0224861
757  818  0.0687942
758  789  0.0289538
758  790  0.0425704
758  794  0.0733991
758  810  0.0584927
758  817  0.0682633
759  768  0.047934
759  788  0.0383993
759  792  0.0740342
759  809  0.0858393
759  816  0.0644637
760  767  0.0546702
760  789  0.0294147
760  791  0.0768403
760  808  0.142447
761  766  0.0542654
761  787  0.0486108
761  788  0.0209077
761  807  0.146828
762  786  0.0577631
762  790  0.0802748
762  806  0.147642
762  840  0.0223296
762  862  0.461111
763  785  0.0576066
763  786  0.0101109
763  789  0.080526
763  805  0.14828
763  839  0.0223431
763  861  0.462067
764  788  0.063334
764  838  0.0222982
764  860  0.461933
765  784  0.063287
765  804  0.150895
765  837  0.0212067
765  859  0.46017
766  783  0.0634693
766  786  0.0674356
766  803  0.152747
766  836  0.0202737
766  858  0.44588
767  782  0.0630155
767  787  0.115267
767  802  0.152761
767  835  0.0202847
767  855  0.0169428
768  785  0.489024
768  786  0.0606041
768  801  0.152794
768  834  0.0200188
769  784  0.552533
769  800  0.152593
770  783  0.557924
770  799  0.152427
770  827  0.0856737
771  781  0.309681
771  782  0.313132
771  798  0.151894
771  826  0.0864648
772  780  0.577355
772  795  0.103515
772  797  0.0371264
772  825  0.0937586
773  779  0.561602
773  780  0.0650677
773  794  0.106227
773  796  0.0297242
773  824  0.093752
774  793  0.10322
774  823  0.0886108
776  793  0.0202025
777  792  0.0205609
778  793  0.0175627
778  821  0.091301
779  788  0.114878
779  792  0.0195577
779  820  0.0952606
780  787  0.115762
780  819  0.0954635
781  786  0.115132
781  790  0.046977
781  818  0.0946209
782  789  0.0476598
782  817  0.0945617
783  788  0.0473271
783  816  0.0942278
784  815  0.0400711
784  821  0.010783
784  856  0.0227425
785  820  0.0115641
785  855  0.0267843
786  819  0.0116426
786  855  0.0210119
787  795  0.0840962
787  818  0.0116543
788  794  0.0799275
788  817  0.0116507
788  852  0.509583
789  851  0.524334
790  850  0.524833
791  849  0.524813
792  848  0.523738
793  847  0.524523
794  846  0.524542
795  816  0.0568897
795  845  0.517083
796  815  0.183272
797  814  0.291016
798  813  0.317189
798  843  0.343185
799  812  0.165404
799  842  0.340138
800  811  0.0137142
800  812  0.16882
800  841  0.242948
801  809  0.0120908
801  811  0.322293
801  841  0.0110571
802  808  0.0120431
802  810  0.323727
802  839  0.339801
803  809  0.322537
803  838  0.345154
806  835  0.318229
807  834  0.337489
808  833  0.337254
809  832  0.33743
810  815  0.0105574
810  831  0.328567
811  829  0.0100554
815  844  0.0654482
816  827  0.339532
816  843  0.0992859
817  826  0.337661
818  841  0.173516
819  824  0.366605
819  825  0.0147283
819  840  0.178982
820  839  0.178812
820  882  0.0728419
821  881  0.0879745
822  837  0.164477
822  880  0.117558
823  836  0.173424
823  879  0.124851
824  835  0.17195
824  878  0.126562
825  833  0.169843
825  877  0.125763
826  832  0.169838
826  834  0.011838
826  852  0.135635
827  831  0.137843
827  833  0.0114912
827  851  0.139752
828  850  0.140942
829  849  0.14096
830  848  0.140596
831  847  0.140425
832  846  0.139024
834  841  0.0312579
834  845  0.0589654
835  840  0.0274212
835  843  0.0723233
835  844  0.026702
836  842  0.0691229
837  841  0.0401571
838  879  0.0117824
839  878  0.012926
840  877  0.0129746
843  873  0.0564624
844  872  0.0702176
845  871  0.0741544
846  865  0.021496
846  870  0.0737462
847  864  0.0110198
847  869  0.0728924
848  864  0.0242913
848  868  0.0636275
849  863  0.107884
850  862  0.124973
851  861  0.12555
851  865  0.0171314
852  860  0.124615
852  864  0.0170383
853  859  0.115365
853  863  0.011844
853  882  0.0153685
854  881  0.0165838
854  882  0.127982
855  880  0.0166984
855  881  0.14746
856  879  0.0161369
856  880  0.15071
857  879  0.152004
858  877  0.0362978
858  878  0.144987
859  876  0.0466298
859  877  0.120039
861  874  0.317209
862  873  0.318702
863  872  0.318201
864  871  0.296526
864  884  0.428614
865  883  0.468699
866  882  0.52062
867  881  0.524196
868  880  0.525314
869  879  0.526812
870  878  0.526405
871  877  0.49069
892  913  0.443341
893  912  0.98098
894  911  0.981466
895  910  0.98152
897  908  0.981596
898  907  0.981671
899  906  0.978742
900  905  0.960895
