2  9  0.0209746
2  14  0.404765
2  17  0.23159
2  250  0.0137526
2  253  0.0443986
3  8  0.0249433
3  13  0.488651
3  16  0.279567
3  19  0.0108346
3  249  0.0219127
3  252  0.0587509
4  12  0.480003
4  15  0.275463
4  18  0.01041
4  248  0.0214516
4  251  0.0580125
5  11  0.440739
5  14  0.261442
5  247  0.0196901
5  250  0.0545614
10  16  0.0427327
10  19  0.0424388
16  611  0.0104408
19  611  0.0112298
20  246  0.982389
21  245  0.985311
22  244  0.98692
23  243  0.98697
24  242  0.985507
25  241  0.611143
28  238  0.378473
29  237  0.378579
30  236  0.376564
30  240  0.182119
30  241  0.268407
31  203  0.0164543
31  235  0.306742
31  240  0.357749
32  202  0.0164333
33  201  0.0160595
33  237  0.0211897
33  238  0.585366
34  217  0.0443698
34  237  0.588377
35  45  0.0692316
35  214  0.0113961
35  215  0.0381356
35  216  0.0555095
35  236  0.611395
36  44  0.0693853
36  45  0.0194345
36  213  0.011597
36  214  0.106073
36  235  0.611035
37  44  0.0184683
37  212  0.0115282
37  213  0.107106
37  234  0.604247
38  211  0.0114843
38  212  0.107127
39  211  0.104176
40  210  0.0894159
44  205  0.821657
45  204  0.894302
46  203  0.978842
47  202  0.978717
48  201  0.978503
49  94  0.242117
49  95  0.0292417
49  200  0.698813
50  94  0.131901
50  153  0.0885368
51  92  0.791002
51  152  0.0889084
52  91  0.820038
52  151  0.0896882
53  90  0.814554
53  150  0.0872308
53  198  0.0158824
54  89  0.805513
54  149  0.0823399
54  197  0.0179182
54  198  0.0125651
56  88  0.850055
56  148  0.0328506
56  196  0.0612343
57  87  0.893086
57  147  0.0329708
57  195  0.0723191
58  86  0.894076
58  146  0.0329686
58  194  0.0723724
59  85  0.894049
59  145  0.0328392
59  193  0.0723127
60  84  0.89379
60  135  0.0245972
60  156  0.0723254
61  83  0.887147
61  134  0.0263472
61  155  0.0724511
62  81  0.026342
62  133  0.0260846
62  154  0.0724222
63  153  0.0724529
64  80  0.800658
64  152  0.0723236
65  79  0.814523
65  131  0.0241182
65  151  0.0705422
66  78  0.826827
66  130  0.0293055
66  150  0.0571526
67  77  0.886
67  129  0.0306463
68  76  0.882918
68  128  0.0290446
68  148  0.0647682
69  75  0.822412
69  77  0.0206202
69  147  0.0658892
70  76  0.0204479
70  146  0.0648503
73  143  0.0152499
75  88  0.0515865
75  145  0.0144337
76  87  0.0537066
76  144  0.0154196
77  85  0.0149065
77  86  0.0405509
77  143  0.0153768
78  84  0.0288731
78  123  0.043555
79  83  0.0178843
79  84  0.021531
79  122  0.0436373
80  121  0.0343826
82  119  0.0431676
83  118  0.0436089
84  117  0.0435923
85  116  0.0313161
86  115  0.0300019
89  125  0.0721617
90  124  0.0774939
91  123  0.0797029
93  100  0.0223998
93  105  0.0178926
93  122  0.0843965
94  99  0.023524
94  104  0.0177487
94  121  0.0844289
94  127  0.0190883
94  196  0.0367804
95  103  0.0157781
95  120  0.0813024
95  126  0.0193897
96  125  0.019311
97  124  0.0176815
98  119  0.0244524
98  120  0.0363435
98  196  0.0335002
99  122  0.0142286
99  195  0.0483151
99  200  0.0167152
100  118  0.844562
100  121  0.013437
100  127  0.010108
100  194  0.0482578
101  117  0.859345
101  126  0.0101521
101  193  0.0467357
102  116  0.897817
103  115  0.897998
103  123  0.0167356
103  189  0.0450377
104  114  0.860673
104  122  0.0168303
104  188  0.0450638
105  111  0.0992508
105  121  0.0168841
105  186  0.0476874
106  112  0.147465
106  113  0.0771936
106  120  0.0157024
106  185  0.0476151
107  184  0.0474229
108  183  0.0466729
109  182  0.0394441
110  117  0.0133779
111  116  0.0131508
111  181  0.0126315
116  165  0.0121453
117  163  0.0127029
117  164  0.014875
118  162  0.0372851
119  161  0.0374515
120  160  0.037402
121  159  0.0371725
121  195  0.778813
122  194  0.779254
123  193  0.779498
124  192  0.753903
125  191  0.692443
127  138  0.0157972
127  153  0.807723
128  137  0.0143363
128  152  0.808779
129  151  0.804013
134  146  0.0749188
135  145  0.0714211
135  146  0.805617
136  143  0.0136942
136  145  0.837763
138  143  0.936986
155  186  0.277532
155  194  0.0731974
156  185  0.27842
156  186  0.0404693
156  193  0.0742685
157  185  0.0267425
157  187  0.0368692
157  192  0.0725973
158  186  0.0446704
158  187  0.402415
158  191  0.0401691
159  183  0.144144
159  185  0.0478896
159  186  0.447468
160  183  0.042753
160  185  0.309821
160  187  0.0354945
161  186  0.0408557
161  187  0.0287497
162  183  0.288311
162  185  0.0427493
162  186  0.0304033
163  180  0.493925
163  185  0.022504
163  197  0.0100906
164  179  0.525534
164  183  0.0410209
164  196  0.0108208
165  178  0.526731
165  181  0.0454807
165  182  0.0111776
165  195  0.0108432
166  177  0.524659
166  179  0.444261
166  194  0.0106442
167  175  0.0230299
167  178  0.4567
168  177  0.454843
204  235  0.0758213
205  234  0.17481
206  233  0.875539
207  232  0.87878
208  231  0.877127
209  230  0.869695
210  229  0.838073
211  227  0.0325714
212  226  0.0329114
213  225  0.0332229
214  223  0.0307788
214  227  0.832713
215  222  0.0227399
215  226  0.846653
216  225  0.847378
217  224  0.650182
218  224  0.0248548
219  223  0.035877
220  233  0.104808
221  232  0.105337
222  231  0.104748
223  230  0.103242
224  229  0.0886533
247  257  0.108421
248  256  0.163265
249  255  0.194083
250  254  0.123356
256  612  0.535247
257  611  0.820383
258  610  0.980049
259  609  0.998989
260  608  0.999068
261  607  0.999592
262  606  0.998252
263  605  0.999206
264  604  0.999764
265  603  0.999738
266  602  0.99563
267  601  0.981725
270  572  0.841449
271  571  0.891255
272  570  0.903864
273  569  0.912372
274  568  0.897463
275  567  0.812963
275  568  0.0176502
276  567  0.0293457
277  566  0.0296414
278  568  0.061293
279  567  0.152798
280  565  0.111121
280  566  0.847449
281  565  0.884986
282  563  0.129582
282  564  0.868733
283  562  0.146138
283  563  0.852104
284  561  0.162662
284  562  0.828178
285  559  0.86636
286  558  0.871525
287  556  0.942967
288  555  0.943209
289  301  0.0380659
289  554  0.942711
290  300  0.0550258
290  553  0.943176
291  299  0.0550401
291  552  0.932535
292  298  0.0536565
293  550  0.871359
294  549  0.874805
295  548  0.73851
295  551  0.0257336
296  547  0.10751
296  550  0.0280897
298  548  0.142671
299  547  0.810717
300  546  0.934015
301  545  0.937704
302  544  0.938343
303  543  0.938342
303  561  0.0116803
304  542  0.936667
305  383  0.0550104
305  541  0.936618
306  382  0.0555642
306  540  0.936549
307  381  0.0555356
307  539  0.873986
308  321  0.149672
308  380  0.0535941
308  485  0.0239735
308  538  0.710756
309  320  0.165675
309  377  0.437277
309  484  0.0257001
309  512  0.0104747
310  319  0.169571
310  374  0.0382137
310  376  0.554332
310  483  0.0259584
310  511  0.0106264
310  536  0.0283034
311  318  0.176166
311  373  0.156098
311  375  0.584849
311  482  0.0246061
311  535  0.0166517
312  317  0.176174
312  372  0.154877
312  374  0.584862
312  481  0.0243165
313  371  0.0787529
313  372  0.59176
313  480  0.0122999
314  371  0.696827
314  386  0.0218
315  370  0.78244
315  385  0.0240434
316  369  0.788041
316  384  0.0260123
317  368  0.788108
317  383  0.026018
318  367  0.78808
318  382  0.0260104
319  366  0.785066
319  380  0.0156688
320  365  0.760972
320  379  0.0154783
321  363  0.574161
322  362  0.393049
323  336  0.743883
323  507  0.0506096
324  335  0.766332
324  374  0.048689
325  334  0.766594
325  337  0.0147243
325  373  0.0643756
325  505  0.144021
326  333  0.764676
326  336  0.0145777
326  372  0.064397
326  504  0.144467
327  332  0.47364
327  371  0.0643739
327  503  0.144422
328  335  0.012586
328  370  0.0641996
328  502  0.144412
329  334  0.0119927
329  501  0.129349
330  367  0.0340704
331  367  0.0175425
332  365  0.0707102
332  499  0.120339
333  364  0.0767075
333  498  0.132383
334  363  0.0355418
334  497  0.131953
335  362  0.0372172
335  496  0.13047
336  361  0.0853945
336  495  0.128984
337  493  0.0593591
338  359  0.790491
339  358  0.994928
340  357  0.994801
341  356  0.996038
342  355  0.996861
343  354  0.995164
345  352  0.897587
346  351  0.652705
360  488  0.0183413
361  487  0.0196294
362  483  0.100153
362  486  0.0103727
363  482  0.136203
364  481  0.136999
365  480  0.136889
367  479  0.143811
368  478  0.14374
369  477  0.143729
370  476  0.0349022
371  476  0.111183
372  475  0.150433
373  474  0.150443
373  531  0.0104052
374  383  0.0665118
374  473  0.150041
375  382  0.0667751
375  472  0.149972
375  502  0.0104531
375  528  0.0649637
376  381  0.0485339
376  501  0.0103322
376  527  0.0658142
377  526  0.0659171
378  525  0.0658067
378  530  0.0278825
379  445  0.0400478
379  483  0.0155748
379  524  0.0654583
379  529  0.0324001
380  444  0.0422419
380  481  0.152542
380  523  0.0644879
380  528  0.0322447
381  443  0.042234
381  463  0.0289507
381  480  0.164134
381  489  0.020177
381  519  0.0109366
381  531  0.0239333
381  533  0.0866424
382  442  0.0422524
382  462  0.157935
382  479  0.169578
382  488  0.0262536
382  518  0.0179301
382  530  0.0115414
382  532  0.110251
383  441  0.0422004
383  461  0.157985
383  478  0.169584
383  487  0.026498
383  517  0.0178964
383  528  0.0192147
383  531  0.110337
384  439  0.0413472
384  460  0.157829
384  477  0.169427
384  486  0.0265
384  516  0.0177601
384  528  0.367267
385  438  0.0409603
385  476  0.0268665
385  485  0.0253507
385  526  0.0604557
385  527  0.376325
385  559  0.0551148
386  437  0.0406046
386  525  0.0732292
386  526  0.373373
386  558  0.0551588
387  436  0.0371048
387  458  0.0891149
387  524  0.0777326
387  557  0.0551855
388  457  0.0927032
388  523  0.0395242
388  556  0.0552163
389  434  0.0280916
389  457  0.0185087
389  523  0.447596
389  555  0.0551484
390  395  0.0914195
390  399  0.366502
390  522  0.490393
391  398  0.367438
391  521  0.492831
392  397  0.266666
392  520  0.492202
395  517  0.499703
396  460  0.023348
396  516  0.501974
397  459  0.0238159
397  515  0.501788
398  514  0.499304
399  457  0.287293
399  460  0.0317365
400  416  0.0165001
400  454  0.0627364
400  456  0.28909
400  459  0.0317328
401  415  0.0192638
401  453  0.0823977
402  414  0.0194553
402  452  0.0838767
402  454  0.477112
402  457  0.0528381
403  413  0.014908
403  453  0.480188
404  451  0.131012
404  452  0.448074
405  450  0.161827
405  451  0.399647
405  454  0.251982
406  426  0.0695251
406  449  0.191535
406  453  0.258923
406  505  0.0142815
407  425  0.0695885
407  448  0.189596
407  450  0.0884241
407  451  0.0203827
407  452  0.258649
407  504  0.0143764
408  424  0.0693332
408  448  0.052434
408  450  0.0377038
408  451  0.255532
408  502  0.0142873
409  449  0.0324364
409  501  0.0140372
410  500  0.0130985
411  449  0.425117
412  422  0.0672042
412  444  0.299031
412  448  0.486827
413  421  0.0682441
413  443  0.300946
413  447  0.481622
413  483  0.0224248
414  420  0.0655788
414  442  0.300424
414  482  0.0287535
415  441  0.245309
415  445  0.0147497
415  481  0.0286553
417  427  0.048361
417  441  0.034239
417  443  0.490022
417  480  0.039463
417  554  0.0434227
418  426  0.0636485
418  440  0.229772
418  442  0.495776
418  479  0.0415309
418  553  0.0521678
419  425  0.063636
419  439  0.227728
419  441  0.495415
419  478  0.0415437
419  552  0.0261399
420  424  0.03942
420  439  0.47353
420  477  0.0415433
420  552  0.0279484
421  437  0.0827359
421  438  0.428949
421  476  0.0412853
421  551  0.0583099
422  435  0.713366
422  437  0.0181587
422  475  0.0412106
422  550  0.0590878
423  434  0.719475
423  474  0.04116
423  549  0.0593193
424  433  0.717793
424  548  0.0534815
425  435  0.0351548
425  547  0.0538896
426  434  0.0352953
426  454  0.0302794
426  546  0.0594884
427  453  0.0305545
427  545  0.0594639
428  452  0.0302209
428  544  0.0594911
429  451  0.029656
429  543  0.0594449
430  542  0.0183969
433  441  0.0522176
433  450  0.0134017
434  440  0.094831
434  442  0.0516488
434  449  0.0142505
435  439  0.077016
435  441  0.0511493
435  448  0.0142097
435  450  0.0142387
436  449  0.0143533
437  448  0.0142872
438  447  0.0140391
440  450  0.012807
441  449  0.0156845
442  448  0.0162089
442  450  0.0111242
447  542  0.0381896
448  541  0.0628943
449  540  0.0290149
450  539  0.0462404
451  538  0.0949083
452  537  0.0963109
453  536  0.0960894
454  535  0.0932879
455  534  0.0881451
457  513  0.0645384
460  476  0.461568
460  513  0.0614173
461  473  0.0675652
461  475  0.758902
462  472  0.0684381
462  474  0.762554
463  470  0.0232607
463  471  0.139395
463  473  0.765644
464  469  0.0237804
464  472  0.764957
465  470  0.217201
465  471  0.739416
466  470  0.457997
466  521  0.0107528
467  520  0.0107355
470  517  0.0112639
471  516  0.0114981
473  514  0.0121817
474  513  0.0234433
476  511  0.22675
477  510  0.616071
478  509  0.616604
479  507  0.621069
480  506  0.621043
481  505  0.620745
482  502  0.0144344
482  504  0.610507
483  499  0.0551944
483  500  0.201078
483  501  0.0443734
484  499  0.230643
484  500  0.0410335
484  501  0.0376039
485  497  0.645288
486  496  0.66663
486  535  0.156814
487  495  0.665863
487  534  0.157136
488  494  0.581265
488  533  0.157505
489  532  0.157677
490  531  0.157688
491  530  0.146343
492  529  0.119584
493  521  0.131224
494  520  0.131775
495  519  0.0661816
496  519  0.107794
497  518  0.183966
498  502  0.0120583
498  517  0.183967
499  516  0.183492
500  515  0.182318
501  514  0.181315
502  513  0.167374
514  535  0.173594
515  534  0.172575
517  532  0.204922
518  531  0.275027
519  530  0.282146
520  529  0.300359
521  528  0.310995
528  535  0.0112888
570  600  0.0203884
571  599  0.0280791
571  600  0.0101958
572  598  0.031356
572  599  0.0150037
573  597  0.0173649
574  597  0.894875
575  596  0.976945
576  595  0.983405
577  593  0.0126214
578  594  0.126227
579  592  0.972172
579  593  0.0234983
580  591  0.976218
580  592  0.0201769
581  590  0.918992
