1  103  0.423334
1  104  0.0629293
1  108  0.088665
2  107  0.117216
3  101  0.627512
3  106  0.122857
4  100  0.847939
4  105  0.12283
5  99  0.875039
5  104  0.122702
6  98  0.875304
6  103  0.122435
7  97  0.874601
7  102  0.0674916
8  96  0.81969
9  30  0.322346
9  100  0.0938547
10  28  0.0844001
10  29  0.492263
10  73  0.0331143
10  99  0.0935683
12  27  0.997032
13  26  0.99961
14  25  0.999368
15  24  0.9989
16  23  0.997969
17  22  0.873087
28  74  0.127121
29  74  0.065534
29  95  0.0138229
30  72  0.521075
31  71  0.994601
32  70  0.995331
33  69  0.986027
35  68  0.16279
36  66  0.946828
36  67  0.0446675
37  65  0.998168
38  64  0.996832
39  63  0.995119
40  62  0.98637
41  58  0.0431456
41  61  0.954838
42  57  0.259601
42  60  0.713389
43  56  0.688128
44  55  0.948132
45  54  0.965191
46  53  0.961435
47  56  0.0183918
48  55  0.0323561
49  54  0.0327791
73  95  0.217555
74  92  0.0151938
74  94  0.0759112
75  91  0.0152044
75  94  0.801269
76  90  0.0152005
76  93  0.959939
77  89  0.0152075
77  92  0.984597
78  88  0.0144551
78  91  0.984111
79  90  0.983768
80  89  0.984145
81  87  0.0119273
81  88  0.871714
82  86  0.0181904
82  87  0.701268
111  136  0.0570127
113  134  0.739009
114  133  0.998857
115  132  0.999924
116  131  0.999904
117  130  0.999869
118  129  0.999818
119  128  0.996323
120  127  0.992181
121  126  0.977022
