1  26  0.0113111
1  30  0.269569
2  25  0.011257
2  29  0.269949
3  8  0.0139457
3  28  0.262371
4  10  0.0111365
4  26  0.0143376
4  27  0.218554
4  85  0.0155798
4  86  0.065929
4  87  0.177769
5  84  0.0180499
5  85  0.0767064
5  86  0.212039
5  87  0.047577
6  83  0.0178606
6  84  0.07803
6  85  0.217595
6  86  0.0582136
6  87  0.0432484
7  24  0.0155018
7  82  0.0149646
7  83  0.0756266
7  84  0.216323
7  85  0.0601498
7  86  0.0548345
8  82  0.062449
8  83  0.204807
8  84  0.0584053
8  85  0.0571455
9  33  0.0207453
9  82  0.148581
9  83  0.0502858
9  84  0.0504154
10  25  0.06993
10  32  0.0231431
11  19  0.0125753
11  24  0.0688858
11  31  0.0208303
11  82  0.097875
12  18  0.0129138
12  20  0.0143651
12  23  0.0629821
12  81  0.113446
13  19  0.0144428
13  80  0.109319
14  79  0.0596841
15  77  0.0258515
16  76  0.0258514
17  25  0.0339845
17  75  0.0258134
18  24  0.0315278
19  23  0.0183812
19  81  0.0114563
20  51  0.0103295
20  80  0.0112353
20  85  0.0699873
21  84  0.0878729
22  83  0.0918371
23  82  0.0915372
24  34  0.223743
24  81  0.0861159
25  30  0.0102657
25  33  0.27872
25  80  0.0650234
26  32  0.280035
29  54  0.0213571
30  53  0.0219751
31  52  0.0231024
32  51  0.0226664
32  82  0.0160917
33  81  0.0196116
34  80  0.0173883
37  47  0.0296837
37  50  0.665981
38  46  0.0394861
38  49  0.940213
39  45  0.0374989
39  48  0.940502
40  47  0.784905
50  81  0.0150318
51  81  0.0355142
52  79  0.620813
52  80  0.0206793
53  78  0.970804
54  77  0.971725
55  76  0.973588
56  75  0.972134
57  74  0.999422
58  73  0.999207
59  72  0.999904
60  71  0.998275
61  70  0.990861
62  69  0.850002
