1  302  0.0141744
1  333  0.0361672
2  301  0.0229604
2  332  0.0583478
2  335  0.0470011
3  300  0.0253328
3  331  0.0645392
3  334  0.0941859
3  336  0.012886
4  299  0.0231338
4  330  0.0605544
4  333  0.0902359
5  28  0.0128443
6  21  0.0347844
6  27  0.0128923
7  20  0.0394274
7  26  0.0121554
7  330  0.0253352
8  17  0.0221455
8  19  0.0401736
8  329  0.0235687
8  339  0.0115214
9  16  0.0261818
9  18  0.0391552
9  329  0.0810562
9  338  0.0195141
10  15  0.021863
10  327  0.0405946
10  328  0.0857959
10  337  0.017191
11  326  0.0445429
11  327  0.0831269
12  325  0.0449137
12  326  0.0707678
13  324  0.0444111
13  325  0.0567921
14  323  0.0428619
14  324  0.031753
15  304  0.0941582
15  322  0.0375278
15  338  0.0109802
16  303  0.102692
16  326  0.0746208
17  302  0.103589
17  325  0.099798
17  337  0.0256089
18  287  0.0157531
18  288  0.0348557
18  300  0.511594
18  324  0.128858
18  334  0.0203535
18  336  0.0288882
19  299  0.510169
19  302  0.010472
19  323  0.141309
19  333  0.0201693
20  286  0.141848
20  298  0.467799
20  301  0.0106846
20  316  0.0116554
20  322  0.14434
20  332  0.0175787
21  285  0.181862
21  300  0.0104556
21  315  0.0648752
22  284  0.183349
22  296  0.480776
22  314  0.0653454
22  320  0.153808
23  283  0.183389
23  295  0.547939
23  313  0.0652984
23  319  0.0532273
24  282  0.184055
24  294  0.558657
24  312  0.0652406
24  318  0.0546641
25  281  0.184064
25  293  0.559309
25  317  0.155405
26  280  0.183385
26  292  0.557311
26  311  0.060902
26  316  0.155129
27  279  0.181157
27  291  0.549518
27  310  0.0610078
27  315  0.155282
28  278  0.155088
28  288  0.015531
28  309  0.0611861
29  67  0.0102728
29  270  0.68118
29  287  0.0114459
29  308  0.0601062
29  312  0.165022
30  66  0.0117152
30  269  0.685383
30  286  0.0114285
30  307  0.0576267
30  311  0.165482
31  40  0.0171732
31  65  0.0117287
31  268  0.687255
31  274  0.0508683
31  285  0.0113818
31  310  0.149613
32  39  0.0170429
32  64  0.0117274
32  267  0.687693
32  273  0.0516851
33  38  0.0105646
33  40  0.036481
33  266  0.686843
33  272  0.051384
33  308  0.169658
34  39  0.0361885
34  265  0.686177
34  271  0.0513105
34  307  0.170302
35  306  0.161864
36  305  0.151964
36  306  0.0110727
37  284  0.0113832
37  304  0.134982
37  305  0.0197344
38  283  0.0120711
38  304  0.0279389
39  51  0.673944
39  223  0.0382412
39  282  0.012642
39  300  0.010418
39  302  0.0164121
39  303  0.0317646
40  50  0.696471
40  222  0.0384218
40  281  0.012658
41  49  0.70207
41  280  0.0127073
41  301  0.158346
42  48  0.703537
42  220  0.0434254
42  279  0.0127661
42  300  0.173535
43  47  0.435744
43  219  0.043454
43  278  0.0127424
43  299  0.143443
44  218  0.0434067
44  277  0.0127201
44  296  0.106612
44  298  0.10849
45  217  0.0433709
45  276  0.0125423
45  295  0.182534
45  297  0.0366716
46  216  0.0433783
46  275  0.0106048
46  294  0.224338
47  215  0.0431022
47  293  0.226626
48  213  0.0365165
48  292  0.226471
49  212  0.0298358
50  67  0.0387956
50  266  0.237356
51  66  0.0398492
51  265  0.237586
52  65  0.0404952
52  264  0.926812
53  64  0.04045
53  263  0.927469
54  262  0.927418
55  62  0.0411227
55  261  0.923022
56  61  0.0410688
56  260  0.923263
57  259  0.919844
58  254  0.0117518
58  258  0.80715
59  225  0.878228
59  253  0.0432874
60  224  0.879935
60  252  0.0456628
61  223  0.879951
61  251  0.0456515
62  222  0.878976
62  249  0.0445608
63  215  0.87481
63  248  0.0443488
64  214  0.90972
65  213  0.909745
66  211  0.0492908
66  212  0.840995
67  210  0.0967514
68  210  0.554704
70  208  0.976783
71  207  0.978287
72  206  0.978282
73  205  0.977242
74  204  0.974517
76  202  0.966448
77  201  0.966105
78  87  0.358974
78  93  0.0123839
78  94  0.0927847
78  95  0.0422273
78  162  0.0341571
78  167  0.015511
78  178  0.0437649
78  183  0.0122323
79  86  0.356128
79  87  0.127994
79  92  0.0121672
79  93  0.158563
79  152  0.0117536
79  161  0.0317354
79  166  0.0134672
79  167  0.080034
79  177  0.0411455
79  178  0.0416993
79  182  0.0106113
79  183  0.0403884
80  86  0.128603
80  92  0.159101
80  151  0.0123174
80  159  0.0276844
80  166  0.0805231
80  177  0.0417132
80  182  0.0405304
80  195  0.0220851
81  85  0.0491149
81  91  0.142151
81  98  0.0221238
81  150  0.0121203
81  158  0.0273855
81  165  0.0793258
81  176  0.0343228
81  181  0.0394936
81  194  0.0215559
82  97  0.0395559
82  149  0.0109815
82  157  0.0261769
82  193  0.016798
83  96  0.052528
83  156  0.0240803
83  163  0.0805558
83  174  0.0178359
83  179  0.0379043
84  95  0.0618357
84  116  0.0209759
84  147  0.0103772
84  162  0.075344
84  178  0.0326232
85  94  0.056064
85  115  0.0239067
85  190  0.0157869
86  97  0.0389775
86  114  0.024239
86  189  0.0160268
87  96  0.0388786
87  187  0.011729
88  186  0.010564
88  198  0.0327234
89  111  0.0356637
89  197  0.0343348
90  110  0.0411036
90  191  0.121368
90  196  0.0308165
91  109  0.0414649
91  190  0.138792
92  108  0.0315462
92  155  0.0292097
92  156  0.0473547
92  157  0.0793954
92  187  0.0243753
92  189  0.136761
93  108  0.0128095
93  154  0.0296905
93  155  0.0477344
93  156  0.0797993
93  187  0.120492
93  189  0.0162133
94  107  0.0225258
94  153  0.0293164
94  154  0.0220714
94  155  0.0795922
94  185  0.176384
94  188  0.0197061
95  154  0.0799126
95  179  0.056341
95  184  0.179482
95  187  0.0195335
96  105  0.0154573
96  152  0.112322
96  178  0.394065
96  183  0.178129
96  195  0.0163564
97  104  0.0336461
97  105  0.0511518
97  151  0.111052
97  152  0.0394201
97  177  0.394132
97  178  0.0384292
97  182  0.154528
98  103  0.0221878
98  104  0.0764942
98  126  0.0470207
98  147  0.0142617
98  151  0.0389798
98  177  0.0394858
99  103  0.0292136
99  125  0.0469064
99  146  0.0143412
100  124  0.0448078
100  145  0.0130033
100  173  0.489434
101  158  0.0128396
101  172  0.517552
102  171  0.525527
103  170  0.529158
104  122  0.0505499
104  155  0.0141929
104  169  0.529547
105  121  0.0507309
105  154  0.0136819
105  168  0.471508
106  120  0.0504908
106  145  0.0120894
107  144  0.0127082
108  142  0.134821
108  151  0.0210684
108  166  0.465192
108  182  0.0447834
109  117  0.0497843
109  139  0.0190101
109  141  0.124855
109  150  0.0207944
109  165  0.47018
109  181  0.05058
110  116  0.0486343
110  138  0.0204021
110  164  0.469231
110  180  0.0517457
111  127  0.0106704
111  139  0.0457534
111  143  0.0106317
111  148  0.0218051
111  163  0.463688
111  179  0.0514142
112  126  0.011454
112  137  0.302479
112  138  0.0356366
112  142  0.0130318
112  147  0.0239904
112  162  0.410726
112  178  0.0465151
113  125  0.0111716
113  136  0.433087
113  137  0.0201747
113  146  0.0230875
114  124  0.0105628
114  135  0.486925
114  142  0.0758395
114  145  0.0127072
114  159  0.0472371
114  161  0.142647
115  134  0.483234
115  140  0.0121231
115  141  0.0727234
115  158  0.0475118
115  160  0.118578
116  133  0.481508
116  139  0.0178747
116  140  0.0442245
116  157  0.0467909
117  132  0.240884
117  137  0.0949746
117  138  0.0157148
118  132  0.254962
118  136  0.111551
118  137  0.0101834
119  131  0.497029
119  135  0.118842
120  130  0.495968
120  133  0.0678634
120  134  0.0595409
120  153  0.0177281
121  129  0.489232
121  132  0.128884
122  128  0.475572
122  131  0.129578
122  151  0.238194
123  127  0.330191
123  130  0.115431
123  150  0.241117
124  149  0.236477
125  148  0.204487
127  145  0.0297034
127  146  0.035925
129  143  0.314583
130  142  0.34517
131  141  0.345138
132  140  0.335931
141  175  0.200786
142  174  0.207585
143  173  0.208648
144  157  0.0196641
144  172  0.208538
145  171  0.208388
146  170  0.208836
147  154  0.0250702
147  169  0.207958
153  164  0.0401988
154  159  0.375523
154  162  0.205741
155  161  0.204394
155  162  0.089643
156  161  0.0902137
160  180  0.0280651
161  179  0.0301228
163  177  0.101041
164  176  0.102618
165  175  0.102881
166  174  0.0564707
167  174  0.0546397
168  173  0.100952
171  198  0.0192614
172  197  0.0209797
173  193  0.11157
173  196  0.0213596
174  192  0.149005
174  195  0.021478
175  191  0.149245
175  194  0.020212
176  190  0.149667
177  189  0.149683
178  187  0.148935
179  186  0.146444
179  192  0.512041
180  185  0.134988
180  191  0.515355
181  190  0.515936
182  189  0.490005
183  187  0.0250979
184  198  0.0525162
185  197  0.0554704
186  196  0.0566235
187  195  0.0559662
209  247  0.0148236
210  246  0.0184425
212  245  0.0131611
213  244  0.0238103
214  243  0.023811
215  242  0.0237367
216  241  0.021699
223  240  0.0278931
224  239  0.0281126
225  238  0.0281191
225  267  0.040995
226  237  0.0276698
226  244  0.914655
226  266  0.0513566
227  243  0.9151
227  265  0.0513613
228  236  0.0271737
228  242  0.915607
228  264  0.0514857
229  235  0.0259354
229  240  0.916806
229  263  0.0514814
230  239  0.916811
230  262  0.0513358
231  238  0.910697
232  237  0.838661
236  249  0.0515916
237  248  0.0520055
238  247  0.051938
239  246  0.0518751
250  261  0.0614978
251  260  0.0657046
252  259  0.0653949
253  258  0.0474956
267  291  0.18893
268  290  0.185019
270  289  0.0912222
271  287  0.728516
271  288  0.0507402
272  277  0.0155986
272  286  0.785814
273  285  0.788135
274  284  0.787579
275  283  0.785757
276  282  0.747147
286  318  0.0101815
287  317  0.0105448
288  316  0.0105795
288  335  0.108955
289  315  0.0105553
289  334  0.150719
290  333  0.150038
292  309  0.0105318
292  331  0.164737
293  308  0.0107933
293  330  0.167503
294  329  0.167224
295  328  0.163541
296  325  0.0119734
296  327  0.156959
297  324  0.0184348
297  326  0.149654
298  323  0.0242396
298  325  0.135118
299  322  0.028457
300  321  0.0287621
301  323  0.056316
302  320  0.0147748
302  321  0.0239523
302  322  0.0687554
303  319  0.0122887
303  320  0.0312519
303  321  0.0658298
303  322  0.0149243
306  337  0.0187188
307  318  0.244517
307  336  0.0216645
308  317  0.250061
308  335  0.0185129
309  316  0.241228
310  338  0.0216773
311  337  0.0241901
312  335  0.0617887
313  334  0.0797862
313  336  0.132572
314  333  0.0794203
315  335  0.241231
316  331  0.0829105
316  334  0.264498
316  337  0.179844
317  330  0.0844061
317  333  0.264395
317  336  0.208913
318  329  0.0844592
318  332  0.264812
318  335  0.209069
319  328  0.0841776
319  331  0.264757
319  334  0.214589
320  327  0.0810274
320  330  0.250427
320  333  0.21427
321  326  0.0661131
321  328  0.0316474
321  331  0.228185
322  327  0.0305274
322  328  0.0417369
322  330  0.226759
323  329  0.217571
