1  71  0.0908251
2  70  0.112187
3  66  0.0207509
3  68  0.0700219
3  69  0.11401
3  105  0.018509
4  65  0.0201903
4  67  0.195123
4  104  0.0182909
5  66  0.557816
6  64  0.0136645
6  65  0.557586
7  63  0.0118149
8  62  0.0100747
8  107  0.33614
9  106  0.365703
10  63  0.556395
10  66  0.029242
10  105  0.37024
11  62  0.562092
11  65  0.0292526
11  104  0.370216
12  61  0.557541
12  64  0.0288678
12  103  0.362042
13  60  0.524525
13  63  0.0259065
13  102  0.301756
14  59  0.342834
18  33  0.141034
18  70  0.260054
19  32  0.551389
19  69  0.349372
20  31  0.603919
20  68  0.334442
21  30  0.604254
22  29  0.601724
22  66  0.352753
23  28  0.348019
23  65  0.349565
24  64  0.338919
25  63  0.325069
26  62  0.297012
27  61  0.293742
27  64  0.0292349
27  67  0.0142714
28  60  0.230089
28  63  0.0426244
28  66  0.015531
29  62  0.0490147
29  65  0.0154633
30  61  0.0485574
30  62  0.022967
30  64  0.0148014
31  61  0.0267507
31  62  0.0117955
32  61  0.0115803
33  59  0.516492
34  58  0.786339
35  57  0.870731
36  56  0.854413
37  55  0.831063
37  56  0.132081
38  55  0.15592
39  54  0.984783
40  53  0.844498
41  52  0.83539
42  51  0.978201
43  50  0.948352
67  105  0.400956
68  104  0.406749
69  103  0.455851
70  102  0.456341
72  101  0.899002
72  105  0.0764086
73  100  0.899635
73  104  0.0765402
74  103  0.0555403
75  98  0.902963
76  97  0.906644
76  101  0.0799301
77  96  0.906626
77  100  0.0800095
78  88  0.0357323
78  95  0.863515
78  99  0.0797837
79  87  0.0715236
79  94  0.798279
80  86  0.0713479
80  92  0.0108671
80  93  0.649381
80  97  0.0795522
81  85  0.0271683
81  91  0.0131258
81  96  0.0746317
82  91  0.610349
83  89  0.0203518
83  90  0.626753
83  92  0.0837077
84  91  0.0905109
85  90  0.0716887
