1  32  0.0193792
1  564  0.499429
2  12  0.0460585
2  31  0.0246716
2  563  0.569974
3  11  0.0771573
3  30  0.0257602
3  562  0.644556
3  566  0.0180323
4  10  0.0750316
4  29  0.0258101
4  561  0.643319
4  565  0.0177653
5  28  0.0250667
5  560  0.641283
5  568  0.0127302
7  115  0.229634
7  557  0.0128828
7  571  0.0239197
8  110  0.0230046
8  557  0.0305855
8  570  0.0271746
9  108  0.069839
9  113  0.452397
9  553  0.0307071
9  567  0.150699
10  107  0.0785606
10  112  0.484358
10  552  0.0323941
10  566  0.170128
11  106  0.0785675
11  111  0.485405
11  551  0.0325355
11  565  0.169923
12  105  0.0724952
12  110  0.467702
12  550  0.0305381
12  564  0.0389078
13  553  0.0697729
14  552  0.0718838
15  551  0.0723193
16  550  0.0681902
28  93  0.0368316
28  96  0.532482
28  97  0.011849
28  105  0.0185115
28  540  0.132622
28  567  0.0209879
29  92  0.043103
29  95  0.539208
29  104  0.0184421
29  117  0.0574993
29  539  0.133082
29  566  0.023239
29  570  0.0109978
30  91  0.0395325
30  94  0.54214
30  103  0.0106999
30  116  0.0577486
30  538  0.133504
30  565  0.0230293
30  569  0.0103153
31  93  0.51305
31  115  0.0576174
31  537  0.133488
31  564  0.0220697
32  91  0.288845
32  114  0.0320361
32  536  0.133535
32  563  0.0189888
33  89  0.512373
33  90  0.246759
33  105  0.0171565
33  113  0.0298791
33  535  0.132024
34  88  0.561124
34  89  0.199551
34  104  0.0171753
34  112  0.0550886
34  534  0.13038
35  87  0.606771
35  103  0.0170307
35  111  0.053534
35  532  0.112448
36  85  0.802374
36  102  0.0168775
36  531  0.112431
37  84  0.823825
37  101  0.0168539
37  530  0.107167
38  83  0.825025
38  100  0.0163497
38  530  0.0227554
39  82  0.825805
39  99  0.0127773
39  529  0.131136
40  81  0.820952
40  528  0.130986
41  80  0.760008
41  527  0.129748
42  79  0.535903
42  526  0.12555
43  525  0.115208
45  63  0.43679
45  76  0.048748
46  62  0.435189
46  75  0.0463018
47  74  0.0349467
48  60  0.486266
48  63  0.33678
48  354  0.122846
49  59  0.502
49  62  0.341751
49  353  0.12995
50  58  0.503826
50  61  0.342994
50  352  0.132784
51  57  0.501809
51  60  0.342859
51  351  0.132736
52  56  0.191038
52  59  0.285963
52  350  0.103156
55  348  0.12982
56  347  0.132745
57  346  0.133016
58  345  0.132996
59  343  0.116223
60  99  0.0123063
60  342  0.116317
61  69  0.0201886
61  98  0.0136471
61  340  0.132924
62  68  0.0196769
62  339  0.132708
63  96  0.019076
63  338  0.132955
64  72  0.0156781
64  78  0.698163
64  95  0.0198165
64  337  0.132753
65  71  0.0163434
65  77  0.745209
65  94  0.0195742
65  336  0.117789
66  76  0.752769
67  75  0.749361
68  74  0.723099
68  226  0.0189467
69  82  0.112846
69  89  0.0185369
69  225  0.0222089
70  81  0.11324
70  88  0.0187202
70  224  0.0221942
71  80  0.113678
71  223  0.0202133
72  79  0.11235
73  78  0.0914034
73  85  0.0221537
74  84  0.0237065
75  83  0.026054
76  82  0.0266204
76  183  0.0232381
77  81  0.0101342
77  182  0.0232583
78  181  0.0232392
79  180  0.0232048
80  179  0.0191217
81  178  0.0109421
84  177  0.0182815
84  333  0.114684
85  176  0.0239323
85  332  0.114729
86  175  0.0239762
86  331  0.11489
87  107  0.0431416
87  174  0.0239608
87  330  0.114928
88  106  0.0428973
88  173  0.0238122
88  329  0.114931
89  172  0.0235443
89  328  0.114929
90  103  0.145738
90  327  0.114867
90  565  0.024365
91  102  0.156767
91  115  0.0109699
91  564  0.0266538
92  101  0.159902
92  114  0.0118184
92  325  0.10879
92  563  0.0256774
93  100  0.15983
93  324  0.108523
93  563  0.0132525
94  99  0.157508
94  112  0.0154437
94  322  0.011885
94  323  0.0938471
94  562  0.110706
95  111  0.0154125
95  321  0.0235102
95  561  0.110667
96  560  0.110464
97  559  0.109805
98  107  0.568885
98  115  0.123173
98  316  0.0142253
98  322  0.0424637
99  106  0.569488
99  114  0.127155
99  315  0.0148076
99  321  0.0425997
100  105  0.566381
100  113  0.127522
100  314  0.0144886
100  320  0.0397935
101  112  0.127843
101  117  0.0317723
101  313  0.0142203
102  111  0.127518
102  116  0.0319677
102  312  0.0139895
103  110  0.117351
103  115  0.0321523
103  316  0.0376247
104  114  0.0321457
104  315  0.0381096
106  112  0.0331966
106  313  0.0389084
106  566  0.0338771
107  111  0.0269535
107  312  0.0388855
107  565  0.0326742
108  565  0.0110525
109  310  0.0326011
109  564  0.0830802
110  309  0.0328762
110  563  0.088739
111  322  0.0104863
111  562  0.0906267
112  307  0.0194955
112  321  0.010496
112  559  0.0567016
112  561  0.0905859
113  280  0.0162186
113  306  0.0172434
113  558  0.0350819
113  560  0.0874195
114  279  0.0239234
114  557  0.0810579
115  278  0.0246652
115  556  0.111636
115  558  0.0880127
116  277  0.0248089
116  316  0.0115318
116  555  0.105675
116  557  0.0801585
117  276  0.0248059
117  301  0.0164311
117  315  0.0124178
117  558  0.0849522
117  559  0.0107653
118  300  0.0159415
118  314  0.0106489
118  553  0.0941243
118  555  0.0527789
118  557  0.0798792
119  299  0.0135559
119  552  0.104203
119  553  0.0399742
120  552  0.0418748
120  553  0.321031
121  552  0.358434
122  551  0.363862
123  165  0.102622
123  549  0.665053
123  550  0.184111
124  164  0.118733
124  548  0.853487
125  163  0.125311
125  547  0.858088
126  162  0.125196
126  546  0.857116
127  161  0.126572
127  545  0.85609
128  160  0.128047
128  544  0.854692
129  159  0.128336
129  543  0.852252
130  158  0.129135
130  542  0.85633
131  157  0.129252
131  541  0.830126
132  156  0.128693
132  541  0.0274267
133  155  0.124607
133  540  0.836961
134  537  0.0155168
134  539  0.836056
135  536  0.0163077
135  538  0.830395
136  148  0.133719
136  535  0.0163273
136  537  0.806501
137  147  0.133817
137  536  0.68135
138  146  0.134028
139  145  0.133402
140  144  0.0826368
140  533  0.154489
140  534  0.0114413
140  535  0.0140306
141  532  0.148238
142  531  0.0216129
143  517  0.852983
144  516  0.857625
145  515  0.858962
146  514  0.859
147  513  0.859001
148  512  0.858917
149  511  0.845566
151  509  0.0112122
152  509  0.697079
153  508  0.83858
154  507  0.853304
155  506  0.846777
156  505  0.77764
157  168  0.0658462
158  167  0.0653748
158  251  0.0102295
159  166  0.0607523
159  250  0.0103709
160  165  0.0495722
160  249  0.0102305
161  200  0.0846725
161  314  0.0101107
162  199  0.102086
162  313  0.0105615
162  420  0.0121062
162  422  0.595847
163  198  0.102402
163  312  0.010559
163  421  0.596138
164  197  0.102451
164  419  0.314119
164  420  0.299301
165  196  0.0986141
165  418  0.610188
166  195  0.0900406
166  306  0.0150275
166  309  0.0101825
166  417  0.608991
167  305  0.0183722
167  308  0.0147567
167  416  0.612586
168  304  0.0186502
168  307  0.0150163
168  415  0.613431
169  414  0.582031
170  284  0.0125118
170  413  0.467469
171  283  0.027039
172  192  0.111232
172  273  0.0903313
172  275  0.0155196
172  282  0.0330855
172  288  0.658837
172  500  0.0291948
173  191  0.111411
173  272  0.0909097
173  274  0.015427
173  281  0.0331201
173  287  0.659536
173  499  0.0290924
174  190  0.110955
174  271  0.0897082
174  280  0.0325842
174  286  0.658985
174  498  0.021522
175  189  0.105581
175  270  0.0711693
175  279  0.0310147
175  285  0.656133
176  185  0.0488268
176  270  0.0115915
176  277  0.0375498
176  284  0.630322
177  184  0.0516808
177  187  0.0305172
177  269  0.0167706
177  276  0.0391144
178  183  0.0520894
178  186  0.050482
178  249  0.0198033
178  268  0.0140055
178  275  0.0393906
178  281  0.0765656
178  282  0.236502
179  185  0.0502932
179  244  0.0118975
179  246  0.234923
179  248  0.0198944
179  279  0.0994319
180  184  0.0292502
180  243  0.0139688
180  245  0.265323
180  247  0.019776
180  278  0.0996637
180  280  0.042594
181  244  0.269239
181  246  0.0185893
181  277  0.0897623
181  279  0.0397196
182  242  0.639197
182  243  0.135366
182  276  0.0201096
183  235  0.0114155
183  241  0.826221
184  219  0.0173133
184  234  0.0122434
184  240  0.833287
185  218  0.0174228
185  233  0.0124047
185  239  0.832402
186  232  0.0124358
186  238  0.831516
187  231  0.0125853
187  237  0.828688
188  215  0.016911
188  230  0.0125803
189  214  0.0104556
189  217  0.0215032
189  229  0.0125394
189  235  0.326633
189  236  0.156553
190  216  0.023134
190  234  0.196667
191  235  0.0389309
191  236  0.171585
192  214  0.393834
192  235  0.176102
193  213  0.864731
194  212  0.881315
195  211  0.885575
196  210  0.886701
197  209  0.887133
198  207  0.353483
198  208  0.528319
199  206  0.695889
200  206  0.12695
201  205  0.081488
206  237  0.038727
207  236  0.0387549
208  235  0.0386137
208  241  0.0534315
209  234  0.0370182
209  240  0.0602155
210  233  0.0363218
210  239  0.0598714
211  232  0.035435
211  238  0.0543407
212  230  0.0341433
213  229  0.0342693
213  235  0.08885
214  228  0.0341079
214  234  0.479032
215  227  0.0333462
215  233  0.791472
216  232  0.843978
217  224  0.0268789
217  231  0.900559
218  223  0.0168836
218  230  0.900257
219  229  0.892331
220  227  0.0383262
221  227  0.0201246
227  335  0.0181493
228  334  0.0210091
229  333  0.0218507
230  332  0.0217942
231  331  0.0216249
232  317  0.0324494
233  316  0.0388661
234  315  0.0216543
235  314  0.0241733
236  313  0.048421
237  312  0.0484387
238  311  0.048333
239  277  0.0257224
239  310  0.0480804
240  276  0.0278412
240  309  0.0480072
241  275  0.0285932
243  270  0.151079
244  269  0.174447
244  271  0.126199
244  278  0.0110304
245  268  0.177716
245  270  0.142281
245  277  0.0111896
246  259  0.0237944
246  269  0.145813
246  276  0.0109601
247  258  0.0290473
247  267  0.851699
248  257  0.0296962
248  263  0.0415021
248  266  0.861393
249  256  0.029725
249  262  0.0441238
249  265  0.861734
250  255  0.0241229
250  261  0.0445411
250  264  0.856932
251  260  0.0456622
251  263  0.845932
252  259  0.0460473
252  262  0.692505
252  278  0.0292121
253  258  0.0384677
253  277  0.0341132
254  260  0.448916
254  261  0.0429943
254  276  0.0345958
255  275  0.034694
255  500  0.0104822
256  274  0.0338735
256  499  0.0104315
258  271  0.0182764
259  270  0.0178948
261  268  0.0248205
262  267  0.0245763
262  285  0.0165324
263  284  0.0168032
264  283  0.0180082
265  282  0.0183168
268  280  0.196916
269  279  0.23739
270  278  0.246961
271  277  0.247989
272  276  0.180267
275  502  0.0193494
276  499  0.0102477
279  498  0.152011
280  497  0.188388
281  496  0.199202
282  304  0.0186015
282  307  0.0534677
282  495  0.199317
283  303  0.0189176
283  306  0.054103
283  494  0.174792
284  302  0.0190849
284  305  0.0544029
284  490  0.214289
285  301  0.0190895
285  304  0.0543955
285  489  0.223693
286  300  0.0148903
286  488  0.224205
287  487  0.22434
288  301  0.0528907
288  486  0.221817
289  300  0.0522223
289  485  0.105115
290  299  0.0495031
291  404  0.0220549
291  485  0.107427
292  403  0.0274659
292  411  0.213867
292  484  0.224001
293  402  0.02747
293  410  0.210866
293  483  0.224549
294  302  0.0338746
294  401  0.0274635
294  406  0.279134
294  409  0.108572
294  482  0.224348
295  301  0.0358039
295  400  0.0274652
295  405  0.457253
295  481  0.224662
296  300  0.0136438
296  399  0.0218937
296  404  0.462149
296  480  0.224261
297  398  0.0145744
297  403  0.462511
297  411  0.08543
297  479  0.222732
298  402  0.462157
298  410  0.0852621
299  401  0.460509
299  409  0.0822903
299  475  0.0884351
300  400  0.180084
300  408  0.0754479
300  474  0.0275081
300  478  0.025896
301  399  0.117994
301  473  0.0256188
301  477  0.0289208
302  398  0.381401
302  472  0.085016
304  396  0.0408465
304  470  0.0406441
304  473  0.0127532
305  472  0.0120456
307  352  0.0108659
307  396  0.0363759
308  350  0.0153446
308  371  0.0228548
309  333  0.301299
309  370  0.0336127
309  391  0.0138521
309  395  0.0128796
309  470  0.0135239
310  332  0.273371
310  348  0.021181
310  369  0.0408048
310  390  0.0105326
310  393  0.0206319
310  469  0.0133708
311  331  0.273548
311  334  0.0638645
311  347  0.200745
311  368  0.0439038
311  392  0.023213
311  468  0.012088
312  330  0.306468
312  333  0.0872257
312  342  0.0120256
312  346  0.249238
312  367  0.0429466
312  388  0.0148332
312  391  0.0246342
312  477  0.0137479
313  329  0.306471
313  332  0.087244
313  340  0.0176892
313  345  0.249756
313  365  0.0494355
313  387  0.0148568
313  390  0.0245932
313  476  0.013747
314  328  0.296425
314  331  0.0865774
314  339  0.0177747
314  343  0.256568
314  364  0.0493369
314  475  0.0112538
315  330  0.0852159
315  338  0.0170242
315  342  0.259967
315  363  0.049583
315  385  0.0178151
316  326  0.302472
316  329  0.0734647
316  341  0.258862
316  362  0.0489819
316  384  0.0178149
317  325  0.298405
317  328  0.0691459
317  340  0.250965
317  361  0.0462768
317  383  0.0177951
318  324  0.217237
318  327  0.0672235
318  336  0.0949976
318  339  0.154881
318  360  0.0296161
318  382  0.0177204
319  335  0.153701
319  381  0.0160736
320  325  0.0134784
320  331  0.032638
320  334  0.164938
320  378  0.0114162
321  330  0.249789
321  333  0.167599
321  377  0.019544
322  329  0.250613
322  332  0.16759
322  360  0.014865
322  376  0.0195652
323  328  0.233246
323  331  0.164587
323  359  0.0150128
323  375  0.0195684
324  358  0.014323
324  374  0.0191857
325  330  0.0179334
325  357  0.0135935
325  373  0.0184738
330  339  0.0104141
330  354  0.0116987
331  338  0.169617
331  353  0.0118865
331  389  0.0189044
332  337  0.167455
332  346  0.0555874
332  352  0.0119652
332  388  0.0189334
333  345  0.0578661
333  351  0.011947
333  387  0.0189298
334  344  0.0591366
334  386  0.0141203
335  343  0.059376
335  368  0.023568
335  468  0.124828
336  342  0.0581356
336  366  0.0315733
336  367  0.0273001
336  377  0.0173377
336  467  0.224535
337  360  0.0140725
337  365  0.0695251
337  376  0.017349
337  406  0.113815
337  466  0.224701
338  359  0.0141879
338  364  0.0697836
338  375  0.0173372
338  405  0.115243
338  465  0.22487
339  358  0.0107268
339  363  0.0698885
339  374  0.0165553
339  404  0.115187
339  464  0.224921
340  357  0.0105583
340  367  0.0106637
340  373  0.0142741
340  403  0.115362
340  463  0.224141
341  366  0.0109537
341  402  0.110399
342  360  0.0596513
342  365  0.0109897
342  400  0.0547252
343  399  0.0139015
344  361  0.0383822
344  457  0.191823
345  352  0.025312
345  456  0.220409
346  351  0.0249693
346  359  0.256948
346  455  0.221908
347  358  0.289461
348  357  0.296633
348  396  0.230415
348  453  0.228202
349  356  0.295612
349  395  0.231328
349  452  0.228522
350  355  0.232135
350  394  0.217509
350  451  0.228499
351  450  0.228764
352  449  0.228697
353  368  0.212175
353  430  0.0322727
353  433  0.0188206
353  448  0.161127
354  367  0.278766
354  429  0.122538
354  432  0.0600194
355  366  0.278803
355  431  0.0570127
356  365  0.278801
356  428  0.238449
356  518  0.129246
357  364  0.268346
357  427  0.240078
357  517  0.131123
358  426  0.239999
358  516  0.130911
359  425  0.240148
359  515  0.131378
360  424  0.240083
360  514  0.131298
361  399  0.177352
361  422  0.0136404
361  513  0.117235
362  398  0.301508
363  397  0.338285
363  421  0.225272
364  396  0.35303
364  420  0.225197
365  395  0.353043
365  419  0.222691
366  394  0.346158
366  416  0.103087
366  418  0.106556
367  393  0.219384
367  415  0.184567
368  414  0.180089
369  413  0.160097
370  393  0.582193
370  412  0.108234
371  392  0.876011
372  391  0.934355
373  390  0.893562
374  390  0.046535
375  389  0.951398
376  388  0.951523
377  387  0.951439
378  385  0.907817
378  386  0.0583773
379  384  0.932518
393  403  0.0105446
393  411  0.0155508
394  410  0.0149336
395  406  0.163794
396  405  0.163867
396  415  0.0108336
397  404  0.123476
397  414  0.0100309
399  412  0.0206377
399  506  0.0156106
400  411  0.0474938
400  505  0.0190285
401  410  0.0469816
402  409  0.0403425
402  503  0.128159
403  502  0.135774
404  501  0.13578
405  500  0.135862
406  499  0.135158
408  497  0.0159896
409  497  0.0605111
410  496  0.0722326
411  495  0.0705955
411  496  0.0313386
413  495  0.0529722
414  494  0.0843584
415  493  0.10093
416  492  0.0989918
417  491  0.054942
418  488  0.136424
419  487  0.140775
420  486  0.140971
421  485  0.127594
423  483  0.2811
424  482  0.749167
425  481  0.754733
426  480  0.754116
427  479  0.75447
428  477  0.710097
429  476  0.710065
431  475  0.751225
432  474  0.752673
433  473  0.729995
434  472  0.626039
436  470  0.213022
437  470  0.0387001
438  447  0.970499
439  446  0.979533
440  445  0.967335
449  470  0.285793
450  468  0.730111
451  467  0.763634
452  466  0.755188
453  465  0.745316
454  465  0.0172978
455  463  0.723053
455  464  0.0243359
456  462  0.620115
483  503  0.443289
484  502  0.612365
485  501  0.614508
486  500  0.616473
487  499  0.616243
488  498  0.6034
489  497  0.514014
490  497  0.0503147
491  495  0.0141108
491  496  0.044442
518  531  0.809717
519  530  0.847965
520  529  0.859609
521  528  0.804938
522  527  0.609531
543  567  0.0230739
544  566  0.0265216
546  564  0.115286
547  563  0.13043
548  562  0.135312
549  561  0.135136
550  558  0.0137215
550  560  0.134401
551  557  0.0131807
552  558  0.109488
563  570  0.0117746
