2  566  0.628826
3  33  0.107886
3  34  0.0146375
3  565  0.717221
4  32  0.108262
4  33  0.0244567
4  564  0.727272
5  31  0.104977
5  563  0.520559
6  563  0.121941
7  30  0.0874488
9  28  0.868518
10  27  0.986277
11  26  0.994719
12  25  0.994493
13  24  0.994722
14  23  0.977819
15  22  0.816405
30  566  0.0104194
31  565  0.0109205
33  563  0.0154185
34  563  0.149776
35  562  0.77387
36  561  0.931074
36  564  0.0139633
37  51  0.0180768
37  560  0.931134
37  563  0.0139666
38  50  0.0375164
38  558  0.416967
38  559  0.515049
38  561  0.023143
39  49  0.0375749
39  557  0.830053
39  560  0.023149
40  48  0.0378823
40  555  0.910213
40  559  0.0228737
41  47  0.0378405
41  554  0.911449
41  558  0.0219602
42  46  0.0234367
42  553  0.929878
42  555  0.0198348
43  552  0.904
43  554  0.0192984
45  550  0.13663
46  549  0.294466
46  550  0.664988
47  548  0.294182
47  549  0.666979
48  548  0.667195
49  546  0.621099
49  547  0.337958
50  545  0.94811
51  544  0.89588
54  78  0.709622
54  562  0.0103185
55  62  0.0114766
55  77  0.954418
55  561  0.0123222
56  61  0.011211
56  76  0.954588
56  560  0.0123196
57  75  0.954019
58  74  0.948339
60  71  0.889372
61  70  0.953948
62  69  0.951379
62  548  0.0127455
63  68  0.831434
63  547  0.0204249
64  546  0.0204321
65  545  0.0191413
68  543  0.0266548
69  542  0.0312437
70  541  0.0312032
71  540  0.0289252
72  539  0.026286
73  538  0.0190444
79  535  0.803864
80  534  0.970257
81  533  0.970109
82  532  0.962576
83  531  0.503692
83  544  0.0203557
84  530  0.534102
84  543  0.0210604
85  529  0.971092
85  542  0.0213569
86  528  0.970719
86  541  0.021346
88  495  0.877372
89  494  0.958079
90  493  0.993839
91  492  0.997406
92  491  0.998713
93  490  0.999875
94  489  0.999456
95  488  0.999921
96  487  0.999852
97  486  0.992935
98  485  0.991849
101  171  0.0117558
102  170  0.0124934
102  171  0.461388
103  169  0.0109466
103  170  0.48552
103  171  0.0358738
104  169  0.483311
104  170  0.0367567
104  171  0.0193398
104  222  0.0136971
105  168  0.442325
105  172  0.0232281
105  221  0.024476
106  169  0.0419087
106  171  0.0252731
106  220  0.0226882
107  167  0.0286027
107  168  0.0554137
107  221  0.0115442
108  220  0.0101272
109  166  0.993278
110  165  0.998148
111  164  0.999356
112  163  0.999981
113  162  0.999972
114  161  0.999425
115  160  0.999955
116  159  0.999632
117  158  0.999701
118  157  0.969323
119  129  0.0143501
120  128  0.0144354
121  127  0.0143678
121  154  0.439025
123  152  0.970447
124  151  0.982471
125  150  0.9826
126  149  0.98202
127  148  0.982446
128  147  0.981689
129  146  0.928848
130  143  0.0241519
130  145  0.606894
130  146  0.0500054
131  140  0.0154549
131  142  0.0289761
131  143  0.0295878
131  145  0.0978186
131  151  0.0172817
132  139  0.0130877
132  141  0.0313574
132  144  0.140974
132  150  0.0173264
133  142  0.0173999
133  149  0.0173298
134  140  0.0818016
134  142  0.338429
134  143  0.0216834
134  145  0.223583
134  148  0.0173512
135  139  0.0313136
135  141  0.424917
135  144  0.349532
135  147  0.0173423
136  140  0.334889
136  143  0.370027
136  146  0.0173359
137  142  0.243035
137  145  0.0147853
176  220  0.0660628
177  219  0.0357046
178  219  0.93581
179  218  0.991963
180  217  0.998702
181  216  0.997388
182  215  0.998224
183  214  0.997351
184  213  0.998639
185  212  0.997723
186  211  0.998405
187  210  0.993333
188  209  0.934338
189  208  0.931
191  207  0.978618
192  204  0.0114508
192  206  0.982695
193  203  0.0116026
193  205  0.984454
195  204  0.980553
196  203  0.949211
222  484  0.793583
223  483  0.987247
224  482  0.987422
225  481  0.986305
226  480  0.975559
229  478  0.892457
230  477  0.984019
231  476  0.984034
232  475  0.932666
233  474  0.563802
234  251  0.370897
234  474  0.0114439
234  475  0.0275546
235  244  0.0123876
235  250  0.556946
235  433  0.0670335
235  473  0.0101315
235  474  0.247696
236  243  0.0151461
236  249  0.559989
236  432  0.067166
236  473  0.333476
237  242  0.0152455
237  248  0.5611
237  431  0.0671614
237  472  0.339392
238  247  0.555511
238  250  0.049107
238  430  0.0645091
238  471  0.246176
239  245  0.0198999
239  429  0.062549
239  470  0.198983
240  244  0.0115726
240  249  0.221599
241  248  0.26128
241  426  0.0598027
242  247  0.249655
242  261  0.0674529
242  425  0.0601209
243  260  0.0674378
243  424  0.0593935
244  259  0.0643149
244  423  0.0496431
246  257  0.0180682
247  256  0.0695356
247  426  0.0106409
248  255  0.0711714
248  425  0.0108371
248  473  0.0188317
249  254  0.0675058
249  424  0.0107414
249  472  0.0130928
250  419  0.0462892
251  418  0.0463515
251  470  0.24777
252  417  0.0463783
252  469  0.828458
253  416  0.0462891
253  468  0.828809
254  414  0.0489866
254  467  0.826825
255  413  0.0491042
255  466  0.82721
256  412  0.0501784
256  417  0.0117456
256  433  0.208794
256  464  0.0972636
256  465  0.454016
257  409  0.0138031
257  411  0.0460755
257  416  0.0117393
257  432  0.208873
257  463  0.194947
257  464  0.222346
258  408  0.0472848
258  415  0.0117358
258  431  0.208115
258  462  0.293467
258  466  0.0124807
259  322  0.01012
259  407  0.137845
259  410  0.0153467
259  464  0.092434
260  273  0.124457
260  276  0.0196453
260  321  0.0142079
260  406  0.149616
260  409  0.0162
260  416  0.0263002
260  463  0.178463
261  272  0.128522
261  320  0.0141718
261  408  0.0162888
261  415  0.0272521
261  462  0.184397
262  273  0.410274
262  404  0.157408
262  414  0.0271953
263  271  0.189263
263  272  0.440096
263  403  0.160785
263  413  0.0270464
264  270  0.166164
264  271  0.367411
264  402  0.160521
265  401  0.158824
266  400  0.151827
267  399  0.126257
269  323  0.0202201
270  322  0.022061
270  323  0.139245
271  321  0.022389
271  322  0.162429
271  417  0.0275365
271  469  0.0467154
272  321  0.170175
272  416  0.0275704
272  468  0.0466987
273  319  0.0205105
273  320  0.168923
273  415  0.027497
274  318  0.0192253
274  414  0.0260538
274  463  0.0393328
275  413  0.0161022
275  462  0.0265694
276  319  0.0119397
277  317  0.255333
277  460  0.683024
278  316  0.287867
278  459  0.683232
279  315  0.299691
279  458  0.681814
280  314  0.304147
280  457  0.682437
281  313  0.305964
281  456  0.682074
282  312  0.305639
282  455  0.611352
283  311  0.305641
283  454  0.259698
284  310  0.305955
285  308  0.304306
285  434  0.487885
286  307  0.305893
286  433  0.677401
287  306  0.305884
287  432  0.677188
288  431  0.502299
290  303  0.181727
290  429  0.53457
291  299  0.0192199
291  428  0.536818
292  298  0.0224171
292  302  0.95923
293  301  0.959991
294  300  0.956551
295  299  0.6947
304  429  0.114423
305  428  0.136876
306  427  0.679224
307  426  0.6833
308  425  0.67752
309  324  0.065429
309  423  0.233559
309  424  0.375573
310  323  0.207476
310  422  0.466474
311  322  0.216627
311  421  0.465753
312  321  0.219875
312  420  0.46386
313  320  0.215706
313  419  0.463162
316  415  0.0210588
318  413  0.389926
318  418  0.0251238
318  434  0.0110185
319  412  0.491451
319  417  0.0428935
319  433  0.0147248
320  411  0.491421
320  416  0.04281
320  432  0.0147388
321  415  0.0427246
321  431  0.0147082
323  408  0.516861
324  407  0.565616
325  406  0.577433
325  411  0.0120706
325  422  0.218428
326  405  0.577006
326  410  0.0121829
326  421  0.218415
327  396  0.0183894
327  404  0.576574
327  409  0.0121247
327  420  0.217176
328  395  0.0196321
328  397  0.0695102
328  403  0.576549
328  408  0.0120551
328  419  0.214448
329  357  0.0757819
329  394  0.0172375
329  402  0.463536
329  418  0.16206
330  356  0.107633
330  393  0.012771
330  395  0.273964
330  398  0.0289326
331  355  0.109982
331  394  0.338212
331  395  0.0766332
331  397  0.0290371
332  354  0.110007
332  389  0.0433601
332  393  0.338763
332  394  0.0764269
332  395  0.0235892
332  397  0.0850763
333  352  0.41622
333  381  0.0150193
333  388  0.220222
333  392  0.121981
333  396  0.0862835
334  351  0.417033
334  380  0.0155396
334  387  0.220386
334  393  0.0226384
334  395  0.0861151
334  397  0.0566909
335  349  0.932321
335  396  0.0501656
336  348  0.932944
337  347  0.936069
338  346  0.936799
338  393  0.0513977
339  345  0.888997
339  392  0.0502599
340  390  0.0161952
341  389  0.0159608
343  391  0.0117962
344  390  0.0127157
345  389  0.0127151
351  378  0.344507
351  390  0.0471415
352  377  0.344635
352  389  0.0481745
352  393  0.0119427
354  375  0.879764
355  374  0.883773
356  373  0.88441
357  372  0.882084
358  371  0.883698
359  370  0.480349
359  402  0.0356705
360  369  0.47981
360  401  0.0297635
361  368  0.879383
361  400  0.0277344
362  367  0.577684
362  399  0.0383452
363  398  0.034456
363  402  0.0390567
364  401  0.0449305
365  400  0.0451693
366  396  0.0519959
366  399  0.0449274
367  395  0.0611816
367  398  0.0448691
368  394  0.0631122
368  397  0.0446147
369  393  0.0633773
370  392  0.0637179
371  391  0.0624414
373  395  0.0168372
374  394  0.0177718
374  395  0.0231983
375  393  0.017715
375  394  0.0232805
376  389  0.490674
376  393  0.0226337
377  388  0.625935
377  392  0.0189358
378  387  0.626663
379  386  0.603745
380  385  0.569023
380  388  0.0436526
381  387  0.0400959
382  386  0.0184628
387  417  0.0132398
389  416  0.220832
390  415  0.230083
391  414  0.239783
392  413  0.240973
393  412  0.241139
394  411  0.240972
395  410  0.226692
397  406  0.228556
398  405  0.212678
408  430  0.141352
409  429  0.141917
410  428  0.142148
411  427  0.14257
412  426  0.142575
413  425  0.142465
413  430  0.0403891
414  424  0.127613
414  429  0.0405113
415  422  0.0175025
416  427  0.0430024
417  426  0.0448985
418  425  0.0449523
419  430  0.0465708
420  429  0.0467598
421  428  0.0465973
422  427  0.0389974
435  454  0.602534
436  453  0.988017
437  452  0.98792
438  451  0.989458
439  450  0.989683
440  449  0.987462
441  448  0.978329
442  447  0.794653
455  463  0.0160212
455  467  0.0316953
456  462  0.0179989
456  466  0.038097
457  465  0.0389234
458  464  0.037604
497  525  0.702702
498  524  0.926109
499  523  0.986456
500  522  0.99476
501  521  0.994796
502  520  0.994157
503  519  0.986991
505  517  0.961124
506  516  0.981548
507  515  0.956323
529  538  0.0173246
530  537  0.0184187
531  536  0.0120936
549  559  0.0281828
550  558  0.0282962
551  557  0.0257043
