1  27  0.0199959
2  13  0.0269407
2  26  0.0228415
2  28  0.0245222
2  35  0.0786321
3  12  0.0330727
3  15  0.0153927
3  25  0.0260849
3  27  0.0278658
3  34  0.0947474
4  14  0.0149243
4  24  0.0178733
4  30  0.0195512
4  33  0.0938394
4  42  0.12469
4  204  0.0115281
5  13  0.0130397
5  29  0.0246731
5  32  0.0887425
5  41  0.34381
5  203  0.013116
6  24  0.0670749
6  28  0.0269334
6  31  0.0762167
6  40  0.395906
6  202  0.0135456
7  23  0.0911294
7  27  0.0284146
7  39  0.402441
7  201  0.0136234
8  22  0.0940415
8  26  0.0282729
8  38  0.402483
8  200  0.0136353
9  21  0.0928355
9  24  0.0137446
9  28  0.0550556
9  37  0.390881
10  23  0.0132114
10  27  0.0561762
11  20  0.132197
11  26  0.0500579
11  32  0.302121
11  197  0.0135636
12  19  0.135419
12  31  0.302724
12  196  0.0136144
13  195  0.013577
13  283  0.0315452
14  23  0.0927329
14  27  0.26562
14  194  0.0134927
14  282  0.0345694
15  22  0.0997404
15  26  0.280658
15  48  0.0219925
15  193  0.013448
15  280  0.239756
16  23  0.0206864
16  25  0.273628
16  27  0.0486324
16  34  0.0101641
16  47  0.0230403
16  279  0.268156
16  281  0.033524
17  22  0.0261632
17  26  0.050147
17  33  0.0100535
17  46  0.0230364
17  278  0.26805
17  280  0.0335167
18  23  0.0102608
18  45  0.0213693
19  273  0.0399093
19  277  0.164258
20  272  0.0399123
20  275  0.0166761
20  276  0.161765
21  271  0.0396931
21  275  0.130568
22  34  0.0307081
22  232  0.0115042
22  246  0.258354
22  270  0.0388355
23  33  0.0234519
23  40  0.0237437
23  231  0.0115538
23  245  0.258864
23  269  0.0381563
24  39  0.0243062
24  230  0.0116162
24  244  0.259324
25  31  0.0386595
25  38  0.0242759
25  229  0.0116278
25  243  0.259304
25  268  0.0296749
26  34  0.141816
26  228  0.0116283
26  242  0.148414
26  267  0.0273927
27  33  0.121404
27  36  0.0190974
27  227  0.0114797
31  223  0.171618
31  277  0.0312896
31  283  0.038482
32  222  0.171672
32  276  0.0314279
32  282  0.0406536
33  61  0.0143187
33  221  0.171389
33  259  0.0159574
33  275  0.0314845
33  281  0.0416053
34  60  0.0143283
34  220  0.171273
34  258  0.0160314
34  274  0.0314951
34  280  0.0415853
35  59  0.0140619
35  257  0.0157955
36  58  0.012897
36  80  0.0207007
36  242  0.103021
36  256  0.0150085
37  57  0.0112918
37  66  0.0268051
37  79  0.0207185
37  117  0.0391723
37  130  0.0359626
37  186  0.0110546
37  241  0.103288
37  271  0.027492
38  65  0.0268984
38  78  0.0206868
38  116  0.0443999
38  129  0.0350836
38  151  0.0242829
38  185  0.0110457
38  240  0.103131
38  246  0.0150266
38  270  0.0275321
39  64  0.0269281
39  115  0.0312499
39  128  0.0328652
39  150  0.0243003
39  184  0.0107183
39  239  0.0960964
39  245  0.0152729
39  269  0.0266496
40  63  0.0263735
40  149  0.022177
40  244  0.0150655
41  113  0.0543911
41  182  0.0100235
42  59  0.0302604
42  112  0.057468
42  147  0.0122565
42  181  0.0101678
42  242  0.0243224
42  283  0.34122
43  52  0.0106601
43  58  0.0314985
43  110  0.275616
43  241  0.0243459
43  282  0.504842
44  51  0.0108921
44  57  0.0315347
44  109  0.277472
44  240  0.02433
44  264  0.0194655
44  281  0.546878
45  56  0.0315229
45  108  0.277799
45  239  0.0235171
45  263  0.0195036
45  280  0.547443
46  54  0.0164159
46  55  0.0171061
46  68  0.0195793
46  107  0.279155
46  238  0.0128408
46  262  0.0195014
46  279  0.549368
47  53  0.0307499
47  67  0.0197295
47  106  0.278888
47  261  0.0194912
47  278  0.549385
48  52  0.0192348
48  66  0.0197845
48  223  0.0110037
48  277  0.548009
49  222  0.0109927
49  276  0.535635
50  65  0.0198211
50  99  0.509117
50  221  0.0108423
50  275  0.374036
51  64  0.0198043
51  98  0.510141
51  220  0.0107544
51  274  0.369269
52  62  0.0240786
52  97  0.510914
53  61  0.0249865
53  96  0.510565
53  99  0.380413
54  60  0.0241072
54  95  0.511038
54  98  0.380599
55  94  0.510958
55  97  0.380584
56  61  0.0134422
56  93  0.496314
56  96  0.380198
57  95  0.380351
58  94  0.379388
59  88  0.475143
59  92  0.0493555
60  87  0.491954
60  90  0.0555426
60  91  0.0401448
62  86  0.0164867
62  87  0.0125956
63  84  0.870391
63  202  0.0149872
64  83  0.907725
64  201  0.0182213
65  82  0.908524
65  200  0.0183462
66  81  0.908254
66  199  0.0183596
67  76  0.0260625
67  80  0.867156
67  198  0.0183238
68  75  0.0739839
69  74  0.0562035
69  196  0.0103682
70  77  0.692958
70  195  0.0181539
70  216  0.0112561
71  76  0.688691
71  194  0.0181946
71  215  0.0114785
72  150  0.010521
72  193  0.0182138
72  214  0.0115009
73  149  0.0105071
73  192  0.0160872
75  147  0.0189217
76  146  0.0188906
77  145  0.0183936
78  144  0.0181833
79  127  0.0477341
80  126  0.0492017
81  125  0.0501844
82  124  0.0502107
82  201  0.0131707
83  123  0.0497234
83  200  0.0134323
86  122  0.0201589
86  197  0.0173093
87  121  0.0211682
87  196  0.0179737
88  119  0.011669
88  195  0.0175973
89  118  0.0108668
89  128  0.0101578
90  127  0.010605
91  126  0.0102642
92  191  0.0218488
93  114  0.0686908
93  190  0.0227521
94  113  0.0713399
94  189  0.0230546
95  112  0.0719521
95  188  0.0230386
96  111  0.0719088
96  187  0.0230682
97  110  0.0726229
97  186  0.0230807
98  109  0.0726394
98  185  0.0230186
99  108  0.0723449
102  182  0.0202689
103  181  0.0218488
103  267  0.013512
103  273  0.503363
104  180  0.0158161
104  266  0.0134081
104  272  0.50307
104  283  0.0303262
105  271  0.500599
105  282  0.0342559
106  179  0.0121867
106  259  0.0103304
106  264  0.0142981
106  270  0.496935
106  281  0.0359402
107  178  0.0180519
107  258  0.0103298
107  268  0.331153
107  280  0.0359425
108  116  0.127505
108  151  0.0214869
108  201  0.180143
108  262  0.0210267
108  267  0.179038
108  279  0.0358776
109  115  0.127588
109  150  0.021109
109  200  0.199204
109  261  0.0217546
109  278  0.0345362
110  114  0.0790251
110  175  0.028091
110  199  0.199555
111  174  0.0404628
111  198  0.177414
111  235  0.0509836
111  259  0.0242655
111  262  0.157003
112  127  0.386608
112  173  0.0404697
112  225  0.0301272
112  234  0.0510124
112  258  0.0239161
112  261  0.157406
113  126  0.151297
113  172  0.0403432
113  224  0.0303365
113  233  0.0509067
113  260  0.154152
114  125  0.163437
114  171  0.0396772
114  223  0.0297848
114  232  0.0507297
114  257  0.0500944
114  259  0.127093
115  124  0.442028
115  221  0.0305437
115  230  0.0191954
115  256  0.168901
116  123  0.44124
116  220  0.030898
116  229  0.0191656
116  255  0.169605
117  122  0.346706
117  219  0.027126
117  254  0.165182
119  176  0.0143928
119  206  0.0112257
119  253  0.140612
119  269  0.111219
120  175  0.015131
120  205  0.0118605
120  252  0.141083
120  268  0.121148
121  223  0.185348
121  251  0.0270964
121  267  0.123547
122  156  0.0267885
122  222  0.187006
122  266  0.117198
123  151  0.145144
123  155  0.0305507
123  174  0.0366122
123  201  0.0185403
123  221  0.187406
123  262  0.0246032
124  150  0.145051
124  154  0.0305538
124  173  0.0368238
124  200  0.0191341
124  220  0.187373
124  261  0.0248946
125  148  0.108839
125  153  0.0266321
125  170  0.0133126
125  172  0.0367109
125  199  0.0191139
125  219  0.163514
125  260  0.0212645
126  147  0.119825
126  169  0.0182026
126  171  0.0363675
126  186  0.0147164
126  198  0.0203922
126  259  0.0179724
127  147  0.097563
127  168  0.0198509
127  185  0.0147016
127  198  0.0104863
128  167  0.0182659
128  216  0.0155613
129  145  0.417658
129  184  0.0126678
129  197  0.134141
130  144  0.438467
130  183  0.0127728
130  196  0.147482
130  214  0.0251429
131  143  0.435343
131  182  0.0118629
131  191  0.0284444
131  194  0.104161
131  195  0.0739244
131  275  0.012741
132  190  0.0391516
132  193  0.18761
132  196  0.144394
132  274  0.0154361
132  278  0.0157215
133  141  0.474292
133  189  0.0403582
133  192  0.187931
133  195  0.147774
133  273  0.0163887
133  276  0.0221747
133  277  0.0320669
134  140  0.472011
134  179  0.0100884
134  188  0.0387704
134  191  0.18825
134  194  0.148908
134  215  0.0104984
134  272  0.0134594
134  275  0.0421572
134  276  0.0174852
135  139  0.342718
135  178  0.0101572
135  190  0.18738
135  193  0.149122
135  214  0.0105831
135  274  0.0573648
136  188  0.0317684
136  192  0.14841
137  188  0.0175274
137  191  0.144757
137  272  0.0657514
138  271  0.0843214
139  185  0.395959
139  270  0.0871463
140  184  0.401524
140  269  0.0872633
141  150  0.0121111
141  183  0.40177
141  268  0.0872447
142  149  0.0125328
142  182  0.400899
142  266  0.0810302
143  148  0.0119814
143  265  0.081159
144  181  0.401735
144  264  0.0809246
145  180  0.401338
146  179  0.400134
147  178  0.399092
147  261  0.0223281
149  157  0.0136254
149  158  0.012361
149  165  0.0180393
149  175  0.0394383
149  176  0.0120907
149  260  0.10129
150  155  0.180938
150  156  0.0100001
150  161  0.0133555
150  174  0.0645797
150  259  0.109159
151  160  0.013323
151  163  0.0480557
151  173  0.0645466
151  258  0.109432
152  162  0.0244195
152  257  0.0538339
153  162  0.218617
153  180  0.0128971
153  216  0.0985138
153  257  0.0543863
154  161  0.274507
154  179  0.0189376
154  215  0.113555
154  221  0.0141858
154  256  0.104667
154  262  0.123015
155  160  0.269891
155  178  0.0203813
155  214  0.115061
155  220  0.0141901
155  255  0.104651
155  261  0.123069
156  177  0.0201799
156  213  0.100507
156  219  0.0126304
156  254  0.0911693
156  260  0.118363
159  257  0.123507
160  174  0.513906
160  256  0.12488
161  173  0.514329
161  255  0.124856
162  172  0.518706
162  254  0.108656
163  168  0.0422912
163  171  0.52164
164  169  0.031789
166  177  0.092518
167  176  0.113881
167  197  0.123729
168  175  0.114847
168  196  0.139393
170  194  0.174978
171  193  0.192408
172  192  0.192575
173  191  0.192879
174  190  0.193092
175  189  0.193128
175  210  0.133258
175  273  0.0114491
176  188  0.178724
176  209  0.116468
176  272  0.0114533
177  271  0.0114451
178  185  0.100238
178  186  0.0533685
178  228  0.0937429
178  270  0.0114403
179  184  0.0759341
179  207  0.155136
179  227  0.0939179
180  206  0.177658
180  226  0.0938749
181  205  0.180882
181  225  0.0950678
182  204  0.150149
182  224  0.0949795
183  223  0.0946049
184  201  0.177889
184  222  0.058566
185  200  0.209919
186  199  0.209781
186  220  0.0240852
187  201  0.107168
188  197  0.208863
188  200  0.116247
188  253  0.0366361
189  196  0.209472
189  199  0.120687
189  252  0.0385437
190  195  0.18335
190  198  0.121971
190  251  0.0368521
191  197  0.113551
192  196  0.0659463
194  218  0.0158381
194  248  0.0379513
195  217  0.0252741
195  247  0.0510503
196  216  0.0289819
196  246  0.0550684
197  215  0.0299612
197  244  0.0837502
198  214  0.0301662
198  243  0.088159
198  252  0.125416
199  210  0.086118
199  242  0.085475
199  251  0.130765
200  209  0.0865495
200  241  0.0813308
200  250  0.130627
201  208  0.0826021
201  249  0.121264
204  209  0.0241041
205  210  0.0749346
207  216  0.0159854
208  215  0.0170711
209  214  0.0136637
210  225  0.0614504
213  222  0.171941
214  221  0.232523
214  262  0.142946
215  220  0.176058
215  261  0.142362
216  260  0.124873
219  257  0.167689
220  244  0.0143316
220  256  0.174767
220  262  0.0486265
221  243  0.0147698
221  255  0.174763
221  261  0.0486636
222  253  0.015406
222  254  0.151868
222  260  0.0485772
223  252  0.0304304
223  258  0.0487161
224  257  0.048863
225  240  0.0606206
225  251  0.143009
225  256  0.0485824
226  238  0.71192
226  250  0.124553
227  237  0.721845
228  236  0.723287
229  235  0.719927
229  246  0.177094
230  234  0.274062
230  245  0.177611
231  244  0.175936
232  243  0.173758
234  240  0.0108875
234  241  0.070383
234  242  0.0135056
234  244  0.010242
235  243  0.0111114
236  242  0.011584
241  252  0.0134148
242  252  0.0413035
243  250  0.0757059
243  251  0.0422762
244  249  0.0574696
249  275  0.0119439
251  268  0.0127948
251  274  0.226834
252  267  0.0138598
252  273  0.265763
253  266  0.0133104
253  272  0.265575
254  271  0.265225
255  262  0.0278853
255  270  0.263169
256  261  0.0276705
256  268  0.0390202
257  265  0.0168428
257  268  0.111003
258  264  0.0179059
258  267  0.172495
259  268  0.0225853
260  266  0.038645
267  274  0.0150022
268  273  0.0170637
