1  43  0.0462394
1  73  0.855259
2  42  0.0692532
2  72  0.930174
3  41  0.0692911
3  71  0.930261
4  40  0.0693756
4  70  0.93025
5  39  0.0691513
5  69  0.929303
6  38  0.0689404
6  68  0.92878
7  67  0.740411
9  66  0.0317308
10  26  0.556939
10  42  0.0171259
10  49  0.0225917
10  65  0.0103509
11  25  0.557771
11  43  0.0249531
11  50  0.157934
12  24  0.559541
12  41  0.038776
12  42  0.0380443
12  48  0.0550115
12  49  0.189041
13  23  0.557603
13  40  0.0580148
13  47  0.108403
14  39  0.0425895
14  48  0.121386
15  21  0.401637
15  39  0.0644194
15  48  0.016903
16  20  0.354677
16  37  0.0133259
16  38  0.094996
16  45  0.149683
16  46  0.147355
16  47  0.0202563
17  36  0.0133048
17  37  0.0951242
17  44  0.150802
17  45  0.14751
17  46  0.0198032
18  35  0.012316
18  36  0.0925524
18  43  0.15091
18  44  0.144107
18  45  0.0178376
19  42  0.150086
20  34  0.0948686
20  41  0.0252149
20  42  0.139169
21  33  0.0953012
21  40  0.0107788
22  39  0.0566154
23  31  0.0497969
23  41  0.149907
24  30  0.105469
24  37  0.0557997
24  40  0.180067
25  29  0.0653276
25  39  0.180342
25  41  0.0722367
26  35  0.0549549
26  38  0.180375
26  40  0.0856259
27  34  0.0399002
27  39  0.10158
28  36  0.097816
28  37  0.164076
28  38  0.102518
28  44  0.449557
29  35  0.0950658
29  36  0.160042
29  37  0.101032
29  43  0.452726
30  34  0.036284
30  42  0.455163
31  35  0.0175242
32  40  0.452495
33  39  0.427006
34  38  0.247998
43  65  0.101663
43  76  0.0197041
44  64  0.109627
44  75  0.0199198
45  63  0.129091
45  67  0.0181213
46  62  0.129162
46  66  0.0176726
46  72  0.0318184
46  76  0.032381
47  61  0.128502
47  65  0.0174214
47  71  0.0321584
47  75  0.0324854
48  60  0.126208
48  70  0.0319908
48  74  0.0325434
49  68  0.0329002
49  73  0.0324872
50  63  0.0279165
50  66  0.446167
50  67  0.0624059
50  72  0.0300149
51  57  0.129509
51  62  0.0281442
51  65  0.808808
51  71  0.0225865
52  56  0.0493132
52  61  0.027482
52  64  0.826756
53  63  0.829489
54  62  0.813192
55  60  0.0147898
