2  27  0.0133348
2  642  0.719769
3  26  0.0325677
3  641  0.957786
4  25  0.0334885
4  640  0.957747
5  24  0.0335188
5  639  0.957043
6  23  0.0335244
6  638  0.874122
7  22  0.0335387
7  58  0.025674
8  21  0.0331749
9  20  0.0318451
10  19  0.0301905
10  55  0.915704
11  30  0.0112979
11  54  0.915706
11  534  0.0299188
12  29  0.0152897
12  53  0.686225
12  533  0.0301176
13  532  0.0301486
14  27  0.929444
14  531  0.0301849
15  26  0.934747
15  530  0.03015
16  25  0.935636
16  529  0.0301352
17  24  0.927184
17  528  0.0300381
18  23  0.57402
21  259  0.0271614
22  258  0.0300063
23  257  0.0300426
24  256  0.0296398
25  255  0.0292078
26  253  0.0298025
27  252  0.0297891
28  53  0.0759992
28  251  0.0300128
29  52  0.128747
29  250  0.0300044
30  51  0.135098
30  249  0.0299944
31  50  0.103078
31  51  0.0114052
31  53  0.0136468
31  248  0.0298579
32  52  0.0204142
32  247  0.0288452
33  246  0.0265056
34  49  0.988204
35  48  0.993963
36  47  0.997209
37  46  0.997169
38  45  0.98292
39  44  0.933183
53  642  0.0238513
54  641  0.0337305
55  640  0.0337298
56  244  0.0178864
58  243  0.0243666
58  637  0.909678
59  242  0.0286914
59  636  0.959867
60  241  0.0294144
60  635  0.959854
61  240  0.0294972
61  634  0.943573
62  239  0.0294649
63  148  0.134259
63  238  0.027278
63  632  0.761168
64  129  0.0204299
64  147  0.165953
64  300  0.0205352
64  631  0.76762
65  128  0.0212317
65  146  0.170724
65  299  0.0205883
65  630  0.759493
66  127  0.0276722
66  145  0.176162
66  298  0.0124898
66  629  0.736877
67  126  0.0287712
67  144  0.17761
68  125  0.0282967
68  143  0.177865
68  296  0.0139952
68  300  0.0373526
68  628  0.632919
69  124  0.0200547
69  142  0.177732
69  295  0.022221
69  299  0.0372498
69  627  0.0248266
70  141  0.177832
70  294  0.0222287
70  298  0.0369662
70  627  0.693757
71  140  0.176701
71  293  0.016825
71  626  0.717724
72  139  0.1727
72  292  0.0148589
72  625  0.717707
73  137  0.029644
73  291  0.0134993
74  102  0.0782592
74  136  0.0268292
74  137  0.0146663
75  101  0.101801
75  622  0.704679
76  100  0.104193
76  136  0.0147031
76  621  0.701508
77  97  0.146232
77  99  0.0962211
78  89  0.015106
78  96  0.837823
78  619  0.0184679
79  88  0.015131
79  95  0.969314
80  87  0.0140901
80  94  0.969864
81  93  0.971032
82  92  0.969803
83  91  0.880474
85  89  0.0757486
97  135  0.0500357
97  615  0.0109039
97  619  0.364069
98  134  0.0489119
98  618  0.362616
99  132  0.0433073
99  617  0.306424
100  123  0.0884128
100  131  0.0454409
100  614  0.690652
100  615  0.0111481
101  122  0.087049
101  130  0.0443159
101  613  0.71764
102  612  0.719885
103  120  0.264112
103  611  0.719902
104  119  0.269579
104  610  0.719344
105  118  0.270374
105  609  0.719714
106  117  0.273266
106  608  0.719839
107  116  0.271274
107  607  0.719633
108  115  0.261946
108  606  0.715769
109  599  0.0291001
109  603  0.0120391
109  605  0.524998
110  598  0.0148886
111  598  0.323076
112  597  0.364065
112  601  0.0860899
112  603  0.195899
113  141  0.0524445
113  596  0.36425
113  602  0.196928
114  140  0.056043
114  595  0.365616
114  599  0.102704
114  601  0.167484
115  139  0.0643109
115  543  0.0148477
115  594  0.365462
115  598  0.130116
115  599  0.0380227
116  125  0.022345
116  138  0.0643438
116  542  0.0143106
116  593  0.364087
116  597  0.181564
117  124  0.0223948
117  136  0.0848599
117  534  0.0261393
117  592  0.363931
117  596  0.182044
118  123  0.0206031
118  135  0.136045
118  509  0.0380801
118  533  0.027632
118  591  0.163891
118  594  0.0553519
118  595  0.114428
119  134  0.135635
119  508  0.0381507
119  532  0.0279905
119  593  0.110515
120  294  0.131421
120  367  0.0540472
120  507  0.0381614
120  531  0.0281
120  592  0.110111
121  132  0.113658
121  293  0.165316
121  366  0.0570044
121  402  0.0750402
121  506  0.034934
121  530  0.0130046
121  591  0.042858
122  129  0.068764
122  131  0.21656
122  242  0.01569
122  244  0.12947
122  292  0.17636
122  308  0.0730349
122  365  0.0570154
122  401  0.0755495
122  505  0.031653
123  128  0.0703764
123  130  0.216579
123  241  0.0158076
123  243  0.130034
123  291  0.176541
123  307  0.0732671
123  364  0.0570121
123  400  0.0758578
123  504  0.0315269
124  129  0.213736
124  131  0.0121617
124  240  0.0162419
124  242  0.153898
124  290  0.187941
124  306  0.0733907
124  363  0.0569644
124  399  0.0758778
125  130  0.0120473
125  241  0.153889
125  289  0.187932
125  305  0.0731818
125  362  0.0570145
125  398  0.0758778
126  239  0.0121416
126  240  0.138106
126  288  0.17504
126  361  0.0575457
126  397  0.0754597
126  599  0.0291535
127  237  0.150265
127  287  0.160217
127  360  0.0567932
127  598  0.0294324
128  164  0.106872
128  236  0.196052
128  286  0.0394532
128  302  0.0762881
128  359  0.0553562
128  597  0.0294659
129  144  0.0155952
129  160  0.0120778
129  163  0.113344
129  235  0.199644
129  301  0.0763469
129  357  0.0550695
129  394  0.0757838
129  596  0.0293472
130  143  0.0266094
130  159  0.0130948
130  162  0.112943
130  164  0.0136336
130  234  0.216313
130  300  0.076452
130  356  0.0549523
130  393  0.0758928
131  142  0.0266124
131  149  0.0102046
131  163  0.0137708
131  233  0.216335
131  298  0.0770564
131  355  0.0549391
131  392  0.0758918
132  141  0.0263111
132  148  0.0102688
132  157  0.0151016
132  232  0.216081
132  297  0.0772702
132  354  0.049139
132  391  0.0736696
133  140  0.021993
133  147  0.0102722
133  156  0.0160009
133  231  0.215771
133  296  0.0771277
133  390  0.0608178
134  155  0.0159595
134  161  0.15954
134  230  0.215558
134  295  0.0768766
134  353  0.0188869
134  373  0.0501263
135  144  0.011322
135  154  0.0155168
135  160  0.169496
135  229  0.214831
135  294  0.0767624
135  328  0.0108214
135  352  0.0189076
135  372  0.0567723
136  143  0.0108513
136  159  0.173897
136  178  0.268538
136  293  0.0323635
136  371  0.056847
137  152  0.0134375
137  156  0.155355
137  158  0.140458
137  177  0.269115
138  150  0.0220511
138  155  0.281329
138  157  0.0295343
138  176  0.269538
138  369  0.0573739
139  149  0.0225414
139  154  0.316072
139  175  0.26971
139  368  0.0577667
140  148  0.0223871
140  153  0.121297
140  174  0.102897
140  367  0.0576833
141  147  0.0215618
141  152  0.120828
141  173  0.102898
141  366  0.0577713
141  543  0.0178637
142  151  0.315491
142  172  0.269712
142  365  0.0574094
142  542  0.0178793
142  603  0.0520155
143  149  0.239517
143  171  0.269628
143  364  0.0544452
143  602  0.0520539
144  170  0.245176
144  361  0.018016
144  363  0.0295853
144  541  0.021105
144  601  0.0466825
145  169  0.19456
145  360  0.0186466
145  540  0.0294549
146  167  0.0545278
146  359  0.0185657
146  539  0.0313949
147  166  0.0538412
147  358  0.0166398
147  538  0.0322975
148  169  0.0450546
148  537  0.0319374
149  168  0.0658972
149  361  0.015242
149  599  0.0128362
149  631  0.0339867
150  164  0.105701
150  167  0.0637858
150  360  0.0137706
150  598  0.0127108
151  163  0.111882
151  165  0.0457048
152  161  0.0726
152  163  0.0720073
152  268  0.0271731
152  535  0.0348755
152  596  0.0118122
153  159  0.0112098
153  162  0.111545
153  267  0.0618503
153  300  0.155516
153  543  0.0191766
153  595  0.0346505
154  159  0.0838914
154  168  0.0158887
154  266  0.0619646
154  285  0.0194318
154  533  0.0471013
154  542  0.0190823
154  594  0.0347344
155  167  0.0152567
155  265  0.061892
155  284  0.01947
155  532  0.0501356
155  541  0.0171189
155  593  0.0346956
156  166  0.010461
156  264  0.0614051
156  283  0.0194563
156  297  0.176772
156  531  0.0508058
156  592  0.0344416
157  263  0.0605361
157  282  0.0194598
157  296  0.17933
157  530  0.0515986
157  537  0.0101762
157  591  0.0329806
158  262  0.027406
158  281  0.0194078
158  295  0.18013
158  325  0.0296476
158  529  0.0516952
158  535  0.0210351
158  590  0.0275733
159  262  0.0279979
159  280  0.019376
159  291  0.0209314
159  294  0.180283
159  324  0.0313019
159  528  0.0518276
159  534  0.027332
160  168  0.0265561
160  260  0.0190078
160  261  0.0274103
160  290  0.0260698
160  292  0.0223949
160  293  0.109981
160  323  0.0313376
160  527  0.0510346
160  533  0.0272819
160  588  0.0176527
161  167  0.0201396
161  322  0.03138
161  526  0.0456004
161  532  0.0273044
161  587  0.0165597
162  224  0.024539
162  291  0.212478
162  321  0.0312712
162  531  0.0272626
163  180  0.056668
163  223  0.0251768
163  290  0.21469
163  312  0.0289803
163  318  0.0149008
163  320  0.0116361
163  530  0.0113736
164  222  0.0243544
164  289  0.158093
164  311  0.0232345
164  317  0.024929
165  178  0.124476
165  285  0.429099
165  288  0.0238169
165  316  0.0259044
165  387  0.0168374
166  177  0.124787
166  284  0.43201
166  287  0.0654828
166  315  0.0260235
166  386  0.0168831
167  176  0.125002
167  283  0.33255
167  314  0.0259249
168  175  0.124903
168  283  0.0510583
168  313  0.0255161
169  174  0.101355
169  281  0.50935
169  383  0.0158721
170  280  0.542199
170  382  0.0169932
171  279  0.57816
171  381  0.0171002
172  278  0.578366
172  380  0.0171002
173  277  0.578096
173  379  0.0170277
174  276  0.578419
174  378  0.0166801
175  275  0.577874
176  274  0.520134
178  197  0.554171
179  187  0.026821
179  196  0.566481
179  259  0.0120617
180  186  0.0292316
180  195  0.56745
180  228  0.0240038
180  258  0.013635
181  185  0.0111698
181  194  0.385804
181  257  0.0122031
182  192  0.0156619
182  194  0.164839
183  191  0.0150756
183  193  0.326945
184  192  0.326319
184  254  0.011052
185  190  0.230249
185  191  0.267058
185  224  0.0308803
185  226  0.111234
185  253  0.0118266
185  589  0.0379376
186  223  0.0600162
186  225  0.129326
186  252  0.0117699
186  588  0.045734
187  251  0.0106949
187  587  0.0425131
188  221  0.29186
189  220  0.325276
190  219  0.362446
190  366  0.0185389
191  218  0.362533
191  365  0.0185602
192  217  0.361942
192  364  0.01855
193  216  0.358109
193  363  0.0185549
194  214  0.122381
194  215  0.209349
194  362  0.0185511
194  589  0.0215276
195  211  0.115743
195  213  0.244389
195  361  0.0186053
195  588  0.0273261
196  210  0.118221
196  212  0.243829
196  360  0.0185602
196  587  0.0273236
197  209  0.119081
197  211  0.242857
197  359  0.0182497
197  586  0.0273179
198  208  0.118543
198  358  0.0176861
198  585  0.0254007
199  207  0.11439
199  209  0.187208
199  210  0.0363591
199  219  0.0289903
199  273  0.581189
200  209  0.0362228
200  218  0.0290637
200  272  0.58266
201  205  0.0131785
201  217  0.0288883
201  271  0.579778
203  268  0.403735
203  269  0.0561047
204  213  0.0103503
204  267  0.604349
205  213  0.0153631
205  266  0.604707
206  212  0.0125087
206  265  0.604409
207  264  0.603932
208  263  0.604202
209  262  0.602903
210  259  0.0243281
211  258  0.0255741
212  259  0.480076
213  258  0.486775
214  252  0.052016
214  257  0.250438
215  231  0.0131927
215  251  0.172159
215  254  0.0141157
216  224  0.019949
216  226  0.244995
216  230  0.0155406
216  250  0.175889
216  253  0.015075
217  223  0.0411046
217  225  0.294112
217  249  0.170663
217  252  0.0129281
218  222  0.0333749
218  224  0.284794
218  228  0.0148011
218  229  0.0289733
219  227  0.0152257
219  228  0.0292119
220  226  0.0118532
220  227  0.028402
220  246  0.211364
220  584  0.0391797
221  226  0.0239645
221  245  0.232837
221  583  0.063066
222  244  0.24879
222  582  0.0927339
223  243  0.2488
223  581  0.0937844
224  242  0.248506
224  580  0.0940506
225  241  0.248437
225  258  0.0355855
225  579  0.0940526
226  257  0.036572
226  578  0.0934141
227  239  0.017457
227  240  0.220339
227  256  0.0371427
227  257  0.237597
227  577  0.0919275
228  239  0.218858
228  255  0.0340952
228  256  0.410221
229  237  0.0255841
229  254  0.0187171
229  255  0.413786
230  236  0.0352207
230  237  0.023271
230  251  0.0105138
230  254  0.415353
231  235  0.0207567
231  250  0.011035
231  253  0.399447
232  244  0.0122052
232  252  0.310463
233  242  0.0282998
233  244  0.492093
234  241  0.0284136
234  243  0.496251
235  240  0.0249891
235  242  0.494662
236  241  0.287018
241  582  0.0107473
242  581  0.0119167
243  580  0.0297737
244  579  0.0297833
245  252  0.0144813
245  578  0.0229636
246  251  0.0158109
247  252  0.0125904
248  515  0.0143335
248  584  0.012915
249  514  0.0172957
249  583  0.0153781
250  513  0.0176409
250  582  0.0150665
251  512  0.0175492
251  515  0.0378955
251  581  0.0109107
251  584  0.0206827
252  511  0.0164964
252  514  0.0477826
252  583  0.0247144
253  513  0.0487398
253  582  0.0249146
254  503  0.0208588
254  512  0.045547
254  581  0.0195953
255  502  0.0277011
256  501  0.0277688
256  579  0.0144078
257  500  0.0264666
257  510  0.17941
258  499  0.0173244
258  509  0.216011
259  508  0.215996
259  530  0.0113565
260  507  0.214488
260  529  0.0127408
261  528  0.0127724
262  505  0.184078
263  504  0.178517
265  503  0.19083
266  502  0.200189
266  503  0.0167979
267  362  0.011751
267  501  0.200929
267  502  0.0170106
267  534  0.0121416
268  360  0.0126635
268  361  0.150504
268  533  0.0125898
269  359  0.0198919
269  360  0.141555
269  532  0.0126164
270  357  0.209217
270  358  0.0168987
271  356  0.356739
272  355  0.356071
272  529  0.012519
273  528  0.0124803
274  353  0.405778
275  352  0.412505
276  351  0.412636
277  350  0.412415
278  349  0.41264
279  348  0.412619
280  347  0.410275
281  346  0.408608
282  345  0.393844
283  312  0.0941808
283  344  0.311554
284  311  0.0953112
284  341  0.0407404
285  310  0.0943967
285  340  0.0422085
285  343  0.212601
286  309  0.053225
286  311  0.143206
286  341  0.0199786
286  342  0.183377
287  310  0.214717
287  340  0.0155405
287  341  0.163736
288  307  0.0150645
288  309  0.320132
288  340  0.13235
289  306  0.0168921
289  308  0.513412
290  305  0.0168887
290  307  0.513663
291  306  0.513687
292  304  0.107323
292  305  0.422805
293  303  0.197732
293  304  0.302184
294  302  0.224214
294  588  0.0125736
295  587  0.0123671
296  301  0.0468412
299  582  0.120038
300  581  0.127876
301  580  0.128625
301  628  0.235651
302  579  0.128562
302  627  0.235886
303  578  0.0656319
303  626  0.235892
304  533  0.0755192
304  577  0.0354003
304  625  0.23604
305  532  0.0965865
305  624  0.235861
306  531  0.0996847
307  530  0.100046
307  622  0.163445
308  529  0.100001
308  621  0.236024
309  620  0.235517
310  509  0.0157523
310  527  0.158467
310  619  0.234265
311  508  0.0158566
311  526  0.158771
311  618  0.211753
312  339  0.231023
312  507  0.0158765
313  337  0.201001
313  338  0.21413
313  506  0.0158167
313  525  0.50175
314  336  0.228826
314  337  0.186813
314  505  0.0158172
314  524  0.503753
315  335  0.253972
315  504  0.0146755
315  523  0.39004
316  334  0.225762
316  335  0.0398252
317  521  0.468736
318  520  0.507738
319  332  0.424584
319  519  0.508988
320  331  0.430788
320  518  0.508766
321  330  0.431854
321  517  0.509053
322  329  0.431349
322  516  0.503333
323  328  0.429892
323  515  0.484638
324  513  0.0108692
325  513  0.0151077
328  509  0.521566
329  508  0.523805
330  351  0.0419272
330  507  0.524056
331  350  0.0428746
331  506  0.523701
332  349  0.04317
332  505  0.523863
333  348  0.0431702
333  504  0.50936
334  347  0.0431245
335  346  0.0430472
336  502  0.0166386
336  503  0.512407
337  501  0.0164509
337  502  0.515383
338  343  0.0963667
338  501  0.515021
339  361  0.0343353
340  360  0.0309017
340  361  0.138356
341  359  0.0180112
341  360  0.1324
342  359  0.0637049
343  361  0.276199
345  359  0.40408
346  358  0.507401
347  357  0.527873
348  356  0.535966
349  355  0.533597
350  354  0.223891
361  490  0.0115782
362  489  0.0116203
362  499  0.836008
363  488  0.0116154
363  498  0.848389
364  487  0.0116176
364  497  0.854211
365  496  0.854227
366  495  0.85416
367  494  0.851726
368  493  0.85263
368  588  0.0453542
369  587  0.0453393
370  393  0.0230767
370  586  0.0443498
371  376  0.0543586
371  392  0.023096
371  490  0.834487
372  489  0.801697
373  390  0.781903
374  389  0.878046
375  388  0.903758
376  387  0.915109
376  509  0.0104557
377  386  0.914525
377  487  0.0107784
377  508  0.0105338
377  580  0.0433145
378  385  0.904365
378  486  0.0107917
378  507  0.0105615
378  579  0.0433802
379  485  0.010591
379  506  0.0105597
379  578  0.0433499
380  484  0.0104354
380  505  0.0105677
380  577  0.0433682
381  504  0.0105568
381  576  0.0432614
382  575  0.0282595
386  446  0.010918
387  445  0.0111019
388  444  0.0110174
389  443  0.010281
389  463  0.0100839
390  462  0.011386
391  461  0.0132366
391  476  0.0121304
392  460  0.0135909
392  475  0.0133092
392  487  0.809133
392  570  0.0156135
393  459  0.013581
393  474  0.0133054
393  486  0.809059
393  569  0.0156331
394  485  0.100794
394  568  0.0155307
395  567  0.0152657
396  566  0.0115385
397  438  0.879289
398  437  0.914662
399  436  0.914692
400  435  0.914834
401  434  0.914147
402  433  0.914607
403  432  0.90862
404  431  0.86899
406  429  0.844584
407  428  0.837577
407  587  0.028744
408  428  0.0389075
408  586  0.0377817
408  588  0.0100122
409  426  0.0262228
409  427  0.041233
409  585  0.0358669
412  425  0.842763
412  584  0.0611498
413  424  0.908737
413  583  0.0723705
414  423  0.922609
414  582  0.0735457
415  422  0.924472
415  581  0.0736553
416  421  0.922059
416  580  0.07275
417  579  0.0705353
421  544  0.0705213
422  543  0.0734619
424  542  0.074941
425  541  0.074923
426  540  0.0747232
427  539  0.074785
428  538  0.0748267
429  537  0.0748216
430  536  0.0745794
431  535  0.0737313
432  534  0.0545439
433  494  0.0490716
434  493  0.0564835
434  532  0.0169679
435  492  0.0565029
435  531  0.0182883
436  530  0.016162
437  490  0.0555242
437  529  0.0160608
438  489  0.0570658
439  453  0.0208563
439  487  0.0272806
440  452  0.0208888
441  451  0.0208809
441  485  0.709357
442  450  0.0206153
442  453  0.0388251
442  484  0.904164
443  452  0.0389097
443  483  0.903894
444  451  0.0389045
444  482  0.900445
445  450  0.0379215
446  480  0.903312
447  479  0.905623
448  478  0.902502
448  503  0.0154988
449  466  0.18803
449  477  0.71095
449  502  0.0162551
450  465  0.44304
450  466  0.184433
450  501  0.0162625
451  465  0.184635
451  500  0.0153916
452  463  0.784918
452  496  0.016482
453  462  0.804946
453  495  0.0206812
454  461  0.804486
454  476  0.0166925
454  494  0.0213052
455  460  0.79975
455  471  0.0114284
455  475  0.0168583
455  493  0.0212073
456  470  0.0114301
456  472  0.0917443
456  474  0.0141591
456  492  0.0179157
457  469  0.0113332
457  471  0.109116
457  489  0.0286128
458  470  0.109549
458  488  0.0297026
459  469  0.110029
459  487  0.029824
460  468  0.109994
460  486  0.0298005
461  467  0.0996174
462  483  0.0198872
463  482  0.0256615
464  481  0.0296968
465  480  0.0287531
467  476  0.757286
468  475  0.851931
469  474  0.851975
470  570  0.0131456
471  569  0.0131606
472  568  0.0130886
473  567  0.0124178
474  554  0.0117164
475  553  0.0124771
476  552  0.0132608
477  551  0.0143059
480  538  0.011724
480  548  0.014415
481  537  0.0130618
481  547  0.0144822
482  536  0.0131482
482  546  0.0144658
483  535  0.0131767
483  545  0.0144529
484  534  0.0131253
484  544  0.0144341
486  493  0.02154
487  492  0.02108
494  534  0.011322
495  533  0.0702446
496  532  0.0882848
497  531  0.095088
498  530  0.0965743
499  529  0.0965229
501  527  0.17107
502  526  0.172394
503  525  0.181321
504  524  0.181804
505  523  0.181443
507  521  0.145293
508  520  0.17895
509  519  0.177612
517  576  0.281758
518  575  0.289502
519  574  0.291744
520  573  0.291632
521  572  0.291283
522  571  0.291846
523  570  0.29221
524  569  0.291643
525  546  0.28732
526  545  0.308487
527  544  0.310656
528  543  0.314073
528  594  0.035232
528  615  0.223985
529  542  0.309092
529  593  0.0187387
529  614  0.22401
530  613  0.220475
531  539  0.0905944
531  540  0.0651999
531  591  0.0752615
531  612  0.180015
532  538  0.0944758
532  590  0.179722
533  538  0.0117074
533  589  0.208433
534  542  0.0133294
534  588  0.216726
535  541  0.012276
535  587  0.207785
537  585  0.0111699
539  584  0.0108552
539  585  0.144581
540  583  0.0108872
540  584  0.169547
541  583  0.165399
543  581  0.222606
544  580  0.227374
544  599  0.215352
545  578  0.362592
545  598  0.215608
546  577  0.412336
546  580  0.0147521
546  597  0.215899
547  576  0.413759
547  579  0.0148112
547  596  0.215839
548  575  0.414328
548  578  0.0148073
549  568  0.0410414
549  574  0.414608
549  577  0.0147909
549  594  0.21566
550  560  0.0210562
550  567  0.0378838
550  573  0.406564
550  593  0.216006
551  559  0.0216248
551  576  0.0151317
551  592  0.215991
552  567  0.0115039
552  575  0.0151731
552  591  0.185928
553  562  0.431665
553  566  0.0200817
553  570  0.396704
553  574  0.0151208
554  561  0.416951
554  565  0.0213054
554  569  0.149897
555  560  0.338676
555  564  0.0208422
556  567  0.313583
557  566  0.303705
558  564  0.0145906
558  567  0.0155538
558  587  0.0346436
559  564  0.0208683
559  566  0.0217479
559  568  0.0163412
559  586  0.0374676
560  565  0.0211871
560  585  0.0353534
566  583  0.0141737
566  584  0.0380021
567  583  0.0448046
568  581  0.190965
569  580  0.211525
570  579  0.211456
571  578  0.176438
581  586  0.0107358
591  609  0.0347378
592  608  0.0655616
592  611  0.0406481
592  612  0.0232769
593  607  0.0640699
594  606  0.0641617
594  610  0.109484
595  604  0.0653239
595  609  0.111797
596  603  0.067026
596  608  0.11245
597  602  0.0651949
597  607  0.111228
598  606  0.0169472
599  604  0.0143231
599  606  0.0935668
600  605  0.105608
601  609  0.043617
601  637  0.0263198
602  608  0.0455769
602  636  0.0298828
603  607  0.0369949
603  635  0.0298841
604  634  0.0298076
605  633  0.029131
607  628  0.0294059
608  627  0.0294382
609  626  0.0283965
610  625  0.0282654
613  622  0.0235611
614  621  0.0224622
