3  13  0.0102422
4  12  0.0109005
12  23  0.0179361
13  22  0.0201633
14  21  0.0170678
18  60  0.0133674
19  59  0.0139998
22  54  0.0861333
23  53  0.0940735
24  54  0.0123333
26  51  0.515024
27  50  0.608803
28  50  0.0230798
29  48  0.908546
31  46  0.997838
32  45  0.998179
33  44  0.996817
34  43  0.998563
35  42  0.997458
36  41  0.65515
65  87  0.77462
66  86  0.958571
67  85  0.998476
68  84  0.999212
69  83  0.999679
70  82  0.998127
71  81  0.998607
72  80  0.999027
73  79  0.999421
74  78  0.811124
