1  17  0.0144038
2  16  0.0166365
3  15  0.0194257
3  648  0.0166275
6  12  0.0424436
6  106  0.0689268
6  646  0.0340888
7  11  0.0162571
7  105  0.0646708
8  104  0.0486322
9  18  0.111179
10  17  0.123572
11  16  0.118393
11  22  0.0173378
12  21  0.0198911
12  51  0.0168688
12  403  0.0110211
12  648  0.0128822
13  20  0.0184748
13  50  0.0168699
13  402  0.0158779
14  49  0.0168693
14  401  0.0185507
15  48  0.0168853
15  106  0.0190525
15  109  0.0193146
15  400  0.0200903
15  646  0.0246132
16  47  0.016723
16  105  0.01866
16  111  0.0645168
16  399  0.0200039
16  438  0.0101275
16  648  0.166722
17  106  0.0307337
17  110  0.0640968
17  398  0.0193941
17  437  0.0101246
17  647  0.160701
18  104  0.0245725
18  105  0.037549
18  436  0.0100228
19  44  0.0168359
19  103  0.028246
19  104  0.036894
20  43  0.0169909
20  102  0.0286446
20  107  0.0569415
20  644  0.0867266
21  42  0.017054
21  101  0.0149736
21  106  0.0597346
21  643  0.0938906
22  41  0.0170995
22  103  0.0118614
22  105  0.0549741
22  642  0.0803097
23  40  0.0170825
23  101  0.722107
23  102  0.0112706
23  280  0.017245
23  640  0.0133188
23  641  0.0470626
24  39  0.016969
24  100  0.81396
24  279  0.0189113
24  639  0.0249596
24  640  0.0322558
25  38  0.0163284
25  99  0.919526
25  278  0.0203778
25  638  0.0317251
26  98  0.919765
26  277  0.0203817
26  637  0.0317251
27  97  0.919764
27  276  0.0203796
27  636  0.0316966
28  37  0.0186158
28  96  0.921517
28  275  0.0183946
28  635  0.0273968
29  36  0.0186057
29  95  0.921343
30  35  0.0176919
30  94  0.428657
31  93  0.422976
31  634  0.0216432
32  92  0.912412
32  633  0.0217837
33  91  0.861421
33  632  0.0214344
34  87  0.0358372
34  91  0.0149006
35  54  0.0495728
35  86  0.0361263
35  90  0.0146962
36  55  0.0143768
36  85  0.0360596
37  53  0.858812
37  84  0.0359714
38  52  0.875888
38  83  0.0358874
38  246  0.0381443
39  51  0.874529
39  82  0.0330725
39  245  0.0443346
40  49  0.0716187
40  50  0.761484
40  244  0.0443252
41  48  0.127294
41  243  0.0442832
42  47  0.0689022
42  78  0.0115834
42  242  0.0442853
43  77  0.0121077
43  78  0.0124882
43  241  0.0441238
44  76  0.0121174
45  239  0.0441288
46  75  0.0330561
46  238  0.0441327
47  74  0.0352751
47  237  0.0440088
48  73  0.0356316
48  236  0.0428023
49  72  0.0355866
49  140  0.0415454
50  71  0.0355569
50  139  0.0514866
51  70  0.0355813
51  138  0.0531561
52  68  0.0149385
52  69  0.0194737
52  137  0.0533278
53  67  0.02988
53  136  0.0533194
54  66  0.028128
54  91  0.0426016
54  135  0.0527228
55  64  0.0201669
55  90  0.731774
55  134  0.0355441
56  63  0.0196224
56  89  0.894949
57  62  0.0143612
57  88  0.951473
58  87  0.95582
59  86  0.95337
60  85  0.944345
64  84  0.48296
65  83  0.958417
66  82  0.962008
67  81  0.962672
68  80  0.962366
69  79  0.274764
70  78  0.267201
71  77  0.949028
90  130  0.0382982
91  129  0.0541887
92  128  0.0541547
93  127  0.0541442
94  126  0.0518363
95  124  0.0542355
96  123  0.0543029
97  122  0.0534814
98  121  0.0532295
100  119  0.0504417
102  642  0.143778
103  641  0.173906
103  645  0.0174592
104  622  0.0540355
104  640  0.178671
104  644  0.0205649
105  621  0.108279
105  639  0.182053
105  643  0.0203417
106  113  0.0580879
106  620  0.124888
106  638  0.181715
106  642  0.0102476
107  112  0.0422719
107  619  0.124885
108  618  0.124711
108  649  0.0914636
109  617  0.12471
109  634  0.178285
109  648  0.105287
110  616  0.11063
110  633  0.184582
111  555  0.0225024
111  558  0.0695429
111  632  0.184443
111  646  0.0388587
112  554  0.0171581
112  556  0.109162
112  557  0.0397131
112  559  0.239378
112  631  0.140736
112  645  0.014555
112  647  0.0462701
113  551  0.104647
113  555  0.142766
113  558  0.260946
113  646  0.0517759
114  550  0.121888
114  554  0.0829978
114  557  0.228284
114  630  0.0137002
114  645  0.0445737
115  549  0.125402
115  628  0.0116868
115  629  0.0115774
116  324  0.020905
116  430  0.747769
116  548  0.125298
117  323  0.0210662
117  429  0.840738
118  322  0.0211034
118  428  0.894776
119  321  0.0211031
119  427  0.894945
120  320  0.0207898
120  426  0.894993
121  319  0.0202071
121  425  0.895593
122  163  0.0166539
122  424  0.888646
123  162  0.0276782
123  249  0.0141969
123  423  0.876703
124  161  0.0346593
124  248  0.0149304
124  422  0.861827
125  160  0.0655727
125  247  0.0249503
125  415  0.145709
125  421  0.602686
126  159  0.0735009
126  246  0.0274183
126  414  0.324062
127  158  0.07353
127  413  0.327251
128  157  0.0735173
128  244  0.0292546
128  412  0.327359
129  156  0.0735908
129  243  0.030083
129  411  0.327639
129  414  0.405575
130  155  0.0515471
130  242  0.0293904
130  410  0.2536
130  413  0.406097
131  155  0.0216128
131  412  0.405773
132  154  0.0428844
132  394  0.0151028
132  411  0.402851
132  415  0.0497076
133  239  0.0286408
133  393  0.0151563
133  414  0.0498312
133  640  0.0213581
134  152  0.0686012
134  238  0.0279748
134  639  0.0218293
135  151  0.0702772
135  408  0.317633
135  409  0.0181699
135  412  0.0290813
135  638  0.0219622
136  145  0.0107084
136  150  0.0657975
136  394  0.171503
136  407  0.310525
136  411  0.0432926
136  415  0.0198669
136  637  0.0219626
137  144  0.0116367
137  148  0.0502052
137  393  0.173008
137  407  0.0191227
137  414  0.0199393
137  636  0.0219609
138  147  0.0415523
138  234  0.031812
138  392  0.164804
138  404  0.303058
138  406  0.0263278
138  409  0.0235125
138  413  0.0182934
138  635  0.0207531
139  233  0.0319613
139  403  0.30437
139  405  0.0245317
139  412  0.0163247
140  232  0.0316327
140  402  0.304177
141  231  0.031688
141  401  0.304052
141  623  0.0202257
142  394  0.278044
142  400  0.29554
142  622  0.0217734
143  230  0.227255
143  339  0.0214867
143  388  0.0178142
143  393  0.292373
143  621  0.0217706
144  229  0.303769
144  235  0.0538613
144  338  0.0417086
144  387  0.0183011
144  390  0.0180909
144  391  0.0139453
144  392  0.307468
144  403  0.0137959
144  620  0.0217035
145  228  0.299088
145  232  0.0106033
145  234  0.0549168
145  337  0.0417323
145  386  0.0189843
145  389  0.018126
145  390  0.0145019
145  391  0.304578
145  402  0.0189362
145  619  0.0200678
146  231  0.0342156
146  233  0.0539159
146  385  0.021313
146  401  0.0204434
146  618  0.0167878
147  227  0.296107
147  230  0.0604023
147  336  0.0425632
147  384  0.0185406
147  400  0.0210998
148  226  0.30048
148  228  0.468403
148  229  0.033958
148  335  0.0427903
148  399  0.023207
148  566  0.0208516
149  225  0.300508
149  227  0.507491
149  334  0.0427901
149  398  0.0232017
149  565  0.0208536
150  178  0.0688514
150  226  0.508387
150  333  0.0427219
151  177  0.0691181
151  225  0.507238
151  332  0.0427146
152  176  0.0692479
152  221  0.69005
153  175  0.0692441
153  220  0.757245
153  223  0.041255
154  174  0.0687456
154  219  0.76285
154  222  0.0394881
155  218  0.760789
155  220  0.0480033
155  329  0.0391835
156  172  0.0116383
156  173  0.0310538
156  217  0.75031
156  219  0.0480093
156  328  0.0395639
157  215  0.747901
157  216  0.01261
157  218  0.0376684
157  327  0.0391358
158  214  0.792878
158  215  0.0124365
158  326  0.0374539
159  169  0.0680646
159  213  0.813574
160  168  0.0677944
160  212  0.813002
161  167  0.0656598
161  211  0.809234
162  166  0.0381652
162  210  0.798388
163  209  0.72994
164  321  0.011413
164  415  0.0135208
165  319  0.0361961
165  414  0.0135687
166  171  0.047904
166  173  0.0244728
166  204  0.0302892
166  206  0.154256
166  207  0.0507189
166  318  0.0581148
166  413  0.0128797
167  172  0.0165146
167  203  0.0333303
167  204  0.0274669
167  317  0.0581001
167  412  0.0122106
168  202  0.0309799
168  205  0.0208693
168  316  0.0580996
169  315  0.0581214
170  314  0.0577152
171  313  0.0576453
172  202  0.0173443
172  312  0.0410878
172  416  0.0366917
173  200  0.751431
173  415  0.0392146
174  199  0.757331
174  310  0.0174137
174  414  0.0392186
175  198  0.756002
175  203  0.0281226
175  413  0.038588
176  196  0.264208
176  197  0.497617
176  202  0.0382432
176  279  0.0250766
177  195  0.76456
177  201  0.0411242
177  278  0.0608744
177  412  0.0249922
178  194  0.763143
178  200  0.0411252
178  277  0.0607457
178  411  0.0247874
179  193  0.75522
179  199  0.0410583
179  276  0.0605387
179  394  0.0254267
179  555  0.0217885
180  191  0.0270117
180  196  0.0114876
180  197  0.0144162
180  393  0.025538
180  554  0.0219488
181  190  0.0155492
181  192  0.0573517
181  195  0.0221591
181  274  0.044009
181  392  0.0257079
181  409  0.0435959
181  553  0.0220262
182  190  0.71667
182  195  0.0165474
182  273  0.0433852
182  391  0.02565
182  408  0.0436498
182  552  0.0220254
183  189  0.736929
183  193  0.0239937
183  194  0.0147382
183  246  0.0598608
183  407  0.0436498
183  551  0.0219913
184  192  0.0251056
184  245  0.0760359
184  390  0.0162689
184  406  0.0428801
185  244  0.0760198
185  405  0.0393833
186  243  0.0758268
186  388  0.0249976
187  242  0.0720543
187  387  0.0260972
188  386  0.025913
189  219  0.035531
189  240  0.072747
189  385  0.0251328
190  218  0.0356129
190  239  0.0709688
190  384  0.023088
191  217  0.0356192
192  216  0.035576
193  229  0.0388963
193  235  0.068657
193  236  0.0113525
194  228  0.0389361
194  234  0.0692196
194  235  0.0109652
195  227  0.0389291
196  213  0.0271066
196  226  0.0345352
196  232  0.0535524
197  212  0.0269831
197  231  0.0815355
198  211  0.0221324
198  220  0.010145
198  230  0.0835488
199  207  0.0356244
199  219  0.0101797
199  222  0.010908
199  229  0.0839975
200  206  0.0341793
200  222  0.0108478
200  228  0.0839926
201  227  0.0836507
202  212  0.017668
203  211  0.0239007
204  210  0.0246306
204  218  0.0328044
205  209  0.0144461
205  217  0.0366015
206  216  0.0280301
207  216  0.0264585
208  215  0.0352227
209  214  0.0272457
216  226  0.02979
217  225  0.0266292
223  403  0.0313249
224  402  0.0391146
225  401  0.043162
226  400  0.0435656
227  399  0.0451281
228  398  0.0438562
231  381  0.453914
231  397  0.0887422
232  380  0.620154
232  396  0.106052
233  379  0.66909
233  395  0.110913
234  378  0.675898
234  394  0.110516
235  377  0.676102
235  393  0.10917
236  376  0.675701
239  278  0.332633
239  399  0.0158113
240  277  0.33228
240  377  0.0133651
240  398  0.0154293
241  276  0.330747
241  279  0.0123031
241  372  0.0102937
241  376  0.0135528
242  250  0.0865104
242  271  0.0651117
242  279  0.232048
242  371  0.0104472
242  375  0.0105369
243  249  0.118654
243  270  0.0690084
243  273  0.0401273
243  274  0.0387921
243  275  0.0183663
243  278  0.464208
243  370  0.0103315
244  269  0.0669288
244  272  0.0407839
244  277  0.464215
245  276  0.465048
246  267  0.0558743
246  270  0.0312237
246  273  0.015596
246  274  0.0130849
246  275  0.456501
248  265  0.0668545
248  272  0.0856321
248  416  0.013563
248  625  0.017917
249  264  0.0676656
249  415  0.0144423
249  624  0.0195308
250  263  0.0673224
250  623  0.0193638
251  262  0.0647184
251  269  0.733387
251  622  0.0188612
252  268  0.881527
252  621  0.0181112
253  260  0.0641844
253  267  0.907439
253  620  0.015974
254  259  0.0468554
254  266  0.906658
255  265  0.907059
255  556  0.0110804
256  264  0.905504
256  555  0.0113004
257  554  0.0112938
258  553  0.0112047
267  414  0.0147213
268  413  0.0148148
269  412  0.0148464
270  411  0.0148752
270  414  0.0455132
271  410  0.013092
271  413  0.0458226
272  412  0.0458277
273  411  0.0439063
274  394  0.0195991
275  364  0.0116387
275  393  0.0201604
276  363  0.0146332
276  392  0.019955
276  409  0.0560123
277  362  0.0146371
277  391  0.017601
277  408  0.0562158
278  361  0.0146366
278  407  0.0562189
279  309  0.0170824
279  360  0.0146006
279  406  0.0507021
280  308  0.0169717
280  359  0.0140041
280  405  0.0433232
281  307  0.016829
281  374  0.731178
282  305  0.0140758
282  373  0.881245
283  304  0.0141952
283  372  0.893491
284  303  0.0134671
284  371  0.890172
285  369  0.896039
286  368  0.903458
287  300  0.0126634
287  367  0.90793
288  299  0.0151832
288  366  0.90713
289  365  0.907924
290  297  0.0154097
290  310  0.0272333
290  364  0.907938
291  309  0.0346733
291  363  0.905602
292  308  0.0346746
292  362  0.90419
293  307  0.0348659
293  361  0.8636
294  306  0.0350768
294  345  0.0894673
295  305  0.0348122
295  344  0.127143
296  304  0.0325942
296  339  0.0114444
296  343  0.132295
296  348  0.102069
297  338  0.012949
297  342  0.149081
297  347  0.630786
297  359  0.0131568
298  302  0.0141154
298  309  0.0187801
298  337  0.0123161
298  341  0.148589
298  346  0.706907
298  358  0.0143652
299  308  0.0186106
299  345  0.707222
299  357  0.0139999
300  307  0.0155629
300  340  0.123394
300  344  0.707267
301  339  0.121897
301  343  0.694632
301  355  0.0102158
302  310  0.0100626
302  311  0.0138024
302  339  0.0276983
302  343  0.0126786
303  309  0.0187497
303  337  0.0243723
303  338  0.0764534
303  341  0.105169
303  342  0.384069
303  350  0.0166663
304  309  0.0381791
304  318  0.340003
304  337  0.0650889
304  341  0.368526
304  349  0.0167216
305  317  0.34549
306  316  0.345728
307  317  0.0226228
307  345  0.0145396
308  315  0.62905
308  316  0.0398549
308  340  0.0148516
308  344  0.0164149
309  314  0.732369
309  315  0.0366674
309  339  0.0154663
309  343  0.0166068
310  318  0.0206077
310  338  0.0120506
310  342  0.0153504
311  317  0.0166632
313  338  0.0161768
313  342  0.0122102
314  337  0.0162355
314  341  0.0121209
314  342  0.0454061
315  341  0.0460438
315  346  0.0117599
316  345  0.0120971
317  340  0.231931
317  344  0.0122525
317  352  0.0136346
318  339  0.251438
318  343  0.0122504
318  351  0.0141437
319  328  0.0192676
319  335  0.369054
319  337  0.366714
319  338  0.126288
319  350  0.0142022
320  327  0.0184963
320  334  0.156589
320  336  0.495119
321  333  0.157388
321  335  0.496275
321  349  0.0143173
322  332  0.368686
322  334  0.492299
322  348  0.0143178
323  330  0.0104822
323  331  0.339421
324  346  0.012229
325  345  0.0116214
329  629  0.0126629
330  628  0.0138654
331  338  0.0174219
331  342  0.0360937
331  627  0.0143817
332  337  0.0168926
332  341  0.0361306
332  626  0.0143795
333  340  0.0314233
333  625  0.0142652
335  624  0.0135928
336  623  0.0135341
337  622  0.0132955
341  377  0.0141854
341  394  0.0436216
342  376  0.014238
342  393  0.0439068
343  360  0.0178603
343  392  0.0369723
344  359  0.0172775
345  373  0.0567916
346  372  0.059549
347  371  0.0595409
348  356  0.403352
348  358  0.0135128
348  370  0.059572
349  355  0.137587
349  369  0.0592195
350  355  0.57181
350  361  0.0154324
350  366  0.0130721
351  358  0.0361881
351  360  0.107889
351  365  0.0133584
351  367  0.0310872
352  357  0.026321
352  359  0.0900508
355  362  0.0236623
355  365  0.027417
356  361  0.0234986
356  364  0.0271815
376  390  0.0202103
376  391  0.0969138
376  392  0.146477
377  389  0.0203475
377  390  0.0982124
377  391  0.146215
378  387  0.0419045
378  389  0.0957103
378  390  0.141218
378  620  0.0126053
379  386  0.138668
379  387  0.015298
379  619  0.0126231
380  385  0.157474
380  386  0.0117804
380  387  0.0132825
380  618  0.0126358
381  386  0.0120496
381  617  0.0126551
382  616  0.0117296
385  397  0.0147484
386  396  0.0163387
387  395  0.0165999
389  394  0.0406763
391  415  0.0198572
392  414  0.0201041
393  399  0.0159862
393  404  0.0159424
393  413  0.0196202
394  399  0.0121756
394  403  0.015989
394  404  0.0138077
394  412  0.018252
395  402  0.0158795
395  403  0.0139566
396  401  0.0120977
396  402  0.0130746
396  410  0.0171782
397  410  0.0120858
398  408  0.499161
399  407  0.507713
400  406  0.49511
409  640  0.0230244
410  639  0.0235803
411  638  0.0237398
412  637  0.0215116
413  636  0.0213771
414  635  0.0238031
415  634  0.023802
416  633  0.0233803
422  625  0.0217739
423  624  0.0227182
424  623  0.0187578
426  550  0.0800134
427  549  0.101172
428  548  0.103298
429  547  0.144062
430  546  0.238011
431  531  0.010223
431  545  0.247161
432  530  0.0104029
432  544  0.253086
432  554  0.388351
433  529  0.0104434
433  543  0.25496
433  553  0.581606
433  627  0.138783
434  528  0.010444
434  542  0.254918
434  552  0.581955
434  626  0.139219
435  527  0.0104033
435  541  0.249522
435  551  0.581314
435  625  0.139156
436  526  0.0103838
436  535  0.0122104
436  540  0.21784
436  550  0.580215
436  624  0.139001
437  484  0.0390786
437  534  0.0185468
437  549  0.581396
437  623  0.138888
438  483  0.0483948
438  525  0.0102719
438  533  0.0185945
438  548  0.581041
438  622  0.138735
439  444  0.0132067
439  458  0.091561
439  481  0.575233
439  524  0.0102153
439  543  0.0210525
439  546  0.243435
439  553  0.0184876
440  457  0.0916205
440  480  0.577471
440  523  0.0102488
440  542  0.0212541
440  545  0.242965
440  552  0.0184962
441  456  0.0911181
441  479  0.578186
441  522  0.0101463
441  541  0.0197473
441  544  0.244531
441  551  0.0155902
442  455  0.0846147
442  478  0.577395
442  485  0.0296479
442  543  0.238755
443  450  0.0109751
443  454  0.0705305
443  484  0.230278
444  449  0.0122626
444  477  0.348611
444  483  0.264969
445  452  0.0226069
445  476  0.342973
445  482  0.263197
446  474  0.504994
446  516  0.0268166
447  473  0.55061
447  480  0.274976
447  515  0.0301474
448  469  0.0136207
448  472  0.557327
448  479  0.275952
448  514  0.030152
449  468  0.0152427
449  478  0.270933
449  513  0.0286257
450  470  0.0408027
450  477  0.257706
450  511  0.0296609
451  467  0.809262
451  469  0.0382591
451  510  0.0296774
452  466  0.818085
452  509  0.0296582
453  465  0.819668
453  467  0.033551
453  508  0.0295036
454  464  0.819366
454  466  0.0335644
454  505  0.0280118
455  463  0.818165
455  465  0.0335167
455  504  0.0295162
456  503  0.0295264
457  463  0.010048
457  502  0.0295601
458  501  0.0294754
459  500  0.0167715
461  619  0.0751417
462  618  0.0927284
463  617  0.0996811
464  616  0.099664
465  615  0.0996894
466  614  0.0989832
467  499  0.0188877
467  613  0.0914983
469  475  0.060713
469  498  0.0248359
470  474  0.023181
470  497  0.0248961
471  496  0.0249388
471  610  0.0741958
472  495  0.0249741
472  609  0.0891582
473  494  0.0235338
473  557  0.0105141
473  608  0.0913805
474  491  0.0122506
474  556  0.0134593
474  607  0.0917084
475  490  0.0132468
475  555  0.0137896
475  606  0.0916242
476  489  0.0132282
476  491  0.0164141
476  554  0.0138017
477  488  0.0132712
477  553  0.0115339
477  604  0.07621
478  487  0.0132463
478  489  0.0167445
478  603  0.0761832
479  488  0.0177309
479  577  0.0559411
480  487  0.016894
480  576  0.0544258
481  548  0.0121014
482  538  0.0268407
482  547  0.0151303
483  536  0.0248155
483  537  0.0303674
483  546  0.0157497
483  577  0.014413
484  535  0.0315976
484  576  0.0141931
485  533  0.559624
485  575  0.0112406
486  532  0.877999
487  531  0.967922
488  530  0.968006
489  529  0.968874
490  528  0.966526
493  524  0.958453
494  523  0.968269
495  522  0.969354
496  521  0.965465
497  520  0.932318
500  517  0.937524
501  516  0.96639
502  515  0.969306
503  514  0.968297
504  513  0.967637
505  512  0.709709
506  510  0.0266347
522  534  0.0172306
523  533  0.0186401
524  532  0.0186296
525  531  0.0183256
533  542  0.0171948
534  541  0.0146954
543  573  0.0956248
544  572  0.0966116
545  571  0.0967675
546  570  0.0968243
547  569  0.095466
551  566  0.123484
551  638  0.0349509
552  565  0.062162
552  637  0.0358334
553  565  0.110246
553  636  0.0358294
554  564  0.174287
555  563  0.174963
555  620  0.116976
556  562  0.122401
556  619  0.117062
557  562  0.0249097
557  618  0.116979
558  563  0.0102198
558  617  0.117228
559  616  0.111678
561  642  0.474329
562  641  0.560135
563  640  0.567404
564  639  0.567243
565  615  0.132791
565  638  0.567616
566  637  0.565359
567  613  0.89545
568  612  0.897145
569  611  0.89671
570  610  0.897231
571  609  0.896777
572  608  0.886796
575  605  0.908835
576  604  0.918094
577  603  0.917834
579  601  0.976814
580  597  0.0134588
580  600  0.977033
581  596  0.0178668
581  599  0.974611
582  595  0.0678672
582  598  0.91742
583  594  0.318143
583  597  0.659743
584  593  0.879163
585  592  0.947485
586  591  0.845715
587  594  0.0163481
614  625  0.0121473
615  624  0.0136186
617  632  0.0226403
618  631  0.0229732
619  630  0.0202227
620  636  0.0205722
621  628  0.0229492
622  627  0.0224613
622  635  0.409604
623  639  0.0156892
624  634  0.616258
624  638  0.0205566
625  633  0.620378
626  632  0.593913
626  637  0.0247497
627  636  0.0252092
631  649  0.0270165
632  648  0.0317691
633  647  0.0317378
634  646  0.030678
