2  16  0.0175939
2  362  0.0165637
3  15  0.0504725
3  251  0.0278515
3  252  0.0133675
3  361  0.0167152
4  14  0.0505686
4  250  0.080194
4  360  0.0165454
5  13  0.0505171
5  249  0.0804928
5  359  0.0179163
6  12  0.0396843
6  248  0.080525
7  247  0.0805697
8  246  0.0798857
8  361  0.748871
9  360  0.815056
10  244  0.0806497
10  359  0.829548
11  243  0.0807384
11  357  0.865378
12  242  0.080424
12  356  0.867016
13  241  0.0784769
13  355  0.867793
14  354  0.867761
15  353  0.867605
16  283  0.0136442
16  287  0.0109808
16  351  0.750791
16  352  0.0601007
17  282  0.0142793
17  286  0.0109682
17  350  0.785024
18  349  0.668748
19  235  0.0219748
19  347  0.0173677
20  187  0.0181999
20  188  0.0890552
20  234  0.0241728
21  186  0.0215339
21  187  0.107502
21  233  0.0223545
21  237  0.0108247
21  348  0.0150872
22  347  0.0141504
23  185  0.661261
23  291  0.0658432
24  184  0.786552
24  290  0.0788472
24  343  0.0449436
25  183  0.796321
25  289  0.0798084
25  342  0.047038
26  182  0.792656
26  287  0.10818
26  341  0.0327111
27  181  0.73511
27  286  0.108167
27  340  0.0302054
28  285  0.10646
29  180  0.0102341
29  284  0.099231
29  336  0.0105297
30  283  0.0564018
30  335  0.0104326
33  153  0.455612
33  332  0.0172759
34  152  0.44327
34  331  0.0171649
35  150  0.0917316
35  330  0.0146459
37  148  0.940233
38  147  0.949889
39  146  0.952881
39  329  0.0104132
40  145  0.953761
40  325  0.0104494
40  328  0.010661
41  144  0.953638
41  324  0.0118462
41  327  0.0100417
42  143  0.945551
42  323  0.0111342
43  142  0.789972
44  139  0.763266
45  138  0.894668
45  140  0.0518321
45  321  0.0136406
45  326  0.012548
46  137  0.895044
46  320  0.013673
46  325  0.0126315
47  136  0.893662
47  138  0.0584162
47  319  0.0133402
47  324  0.0124922
48  135  0.31778
48  137  0.0180513
48  318  0.013223
48  323  0.0123701
49  317  0.010059
49  322  0.0111231
50  133  0.746387
50  135  0.115907
51  134  0.147119
51  307  0.0359062
52  132  0.805735
52  133  0.110358
52  306  0.0363857
53  131  0.848594
53  132  0.0731804
53  305  0.0364757
54  130  0.916827
54  131  0.0367197
54  304  0.0365615
55  129  0.95763
55  303  0.0365929
56  128  0.958948
56  302  0.0366261
57  127  0.959487
57  301  0.0366442
58  126  0.959241
58  300  0.0354986
59  125  0.956959
59  299  0.0262294
63  119  0.0267395
64  118  0.0256663
65  118  0.0280249
66  81  0.0127942
66  85  0.106635
66  115  0.225661
66  117  0.0277403
66  118  0.0242838
66  121  0.379063
66  122  0.0380341
66  123  0.107798
67  84  0.106366
67  114  0.227086
67  117  0.0260897
67  120  0.379986
67  121  0.0377142
67  122  0.106783
68  113  0.214102
69  118  0.32255
70  81  0.0482617
70  88  0.0165522
70  117  0.325034
71  78  0.678443
71  87  0.0149204
72  77  0.729759
73  81  0.0289696
73  85  0.0129043
73  88  0.0281598
73  114  0.0161097
74  87  0.0231256
74  113  0.0145481
78  100  0.014831
79  99  0.0167338
80  87  0.027637
80  98  0.0169541
81  86  0.0316143
81  97  0.0170174
82  96  0.0168342
83  95  0.0145631
84  91  0.0788614
85  90  0.0777358
85  111  0.560681
86  110  0.60685
86  117  0.0110431
86  120  0.0120936
87  109  0.606753
87  116  0.0103383
87  119  0.0118491
88  108  0.606366
89  107  0.490989
90  115  0.293548
91  102  0.361395
91  105  0.0117145
91  114  0.293835
92  101  0.363009
92  107  0.101457
92  113  0.262787
93  100  0.361086
93  106  0.232786
93  112  0.156014
94  99  0.339974
94  105  0.245003
94  113  0.0610535
95  104  0.254107
95  112  0.187236
96  103  0.255384
96  111  0.268542
97  102  0.248818
97  110  0.357472
98  109  0.357654
99  108  0.356955
100  107  0.345726
101  106  0.250098
106  117  0.0152924
107  116  0.0155562
108  115  0.0154745
113  296  0.0319004
114  295  0.0340342
115  294  0.0342164
116  293  0.0342187
117  124  0.0254244
117  292  0.0342175
118  291  0.0302781
124  174  0.0249357
125  173  0.0125325
126  173  0.0238921
127  172  0.039403
128  171  0.0393802
129  170  0.0392683
130  169  0.0385336
131  168  0.0283487
132  164  0.0254616
133  163  0.0262757
134  162  0.0262779
134  165  0.0116621
135  161  0.0261376
135  163  0.0129229
136  160  0.0258662
136  162  0.0134393
137  144  0.0254931
137  161  0.0134421
138  143  0.0249439
138  160  0.0134393
139  159  0.0126393
144  157  0.0119428
145  153  0.0160586
145  156  0.0140331
146  152  0.0129714
148  153  0.0168444
155  179  0.825697
156  178  0.894309
157  177  0.897355
159  175  0.899439
159  180  0.0120017
160  174  0.907902
160  179  0.0131198
161  173  0.907296
161  178  0.0131623
162  172  0.82401
162  177  0.0129578
162  335  0.011465
163  334  0.012911
164  170  0.384812
164  175  0.0113135
164  333  0.0139923
165  169  0.23361
165  172  0.01621
165  174  0.0113106
165  332  0.0156224
166  171  0.0134762
166  331  0.015559
167  330  0.0149133
168  329  0.0142456
169  328  0.0127458
175  288  0.010565
177  286  0.0166442
178  285  0.0177739
178  287  0.0289389
179  284  0.0180033
179  286  0.0289025
180  285  0.0287261
181  283  0.0920419
182  282  0.128725
183  281  0.127049
188  283  0.0736018
189  279  0.0282022
189  282  0.0815727
189  286  0.0131586
189  289  0.0103485
189  342  0.158087
190  235  0.010695
190  285  0.0124251
190  341  0.116698
191  232  0.0168255
191  233  0.129565
191  234  0.0146163
191  340  0.0726481
191  343  0.0138908
192  231  0.0203792
192  232  0.141989
192  233  0.0124126
192  279  0.0103456
192  342  0.0155143
192  348  0.0135508
193  347  0.0125542
194  230  0.690906
194  291  0.162266
195  229  0.759917
195  290  0.195608
196  228  0.79181
196  289  0.198224
197  227  0.799048
197  288  0.198081
198  226  0.801541
198  287  0.19818
199  225  0.801499
199  286  0.198162
200  224  0.784858
200  285  0.19148
201  284  0.173481
202  226  0.0688021
202  283  0.0874168
203  225  0.0674812
203  282  0.0134811
204  222  0.893237
204  224  0.0453123
205  221  0.958629
205  223  0.037524
206  220  0.958766
206  222  0.0374257
207  219  0.959069
207  221  0.0372871
208  217  0.0106059
208  218  0.940554
208  220  0.0327117
209  216  0.0213764
209  217  0.905998
210  215  0.0255604
233  283  0.0107548
234  283  0.0197862
235  280  0.064798
235  282  0.0212969
236  279  0.0756644
236  280  0.0204867
236  348  0.0148526
237  278  0.0390155
237  347  0.0150858
238  278  0.695999
239  277  0.79681
240  276  0.797129
240  343  0.0424436
241  275  0.813798
241  342  0.0472405
242  274  0.812766
242  341  0.0471686
242  346  0.0169955
243  273  0.810245
243  339  0.0685919
243  345  0.0229705
244  271  0.774576
244  338  0.0685677
244  344  0.0228844
245  264  0.0362823
245  270  0.771637
245  337  0.0636937
246  263  0.0454948
246  269  0.749665
246  336  0.0498743
247  262  0.242293
247  268  0.60955
247  312  0.0107928
247  335  0.0120993
248  261  0.245474
248  267  0.599674
248  311  0.0108407
248  336  0.0104989
249  260  0.249066
249  264  0.0152845
249  310  0.0108835
249  335  0.0192785
250  259  0.246313
250  263  0.0179711
250  265  0.308178
250  309  0.0108741
250  334  0.0211442
251  302  0.0439438
252  259  0.0337022
252  263  0.55803
252  301  0.0526476
252  333  0.0314579
253  258  0.0417976
253  262  0.547984
253  300  0.0534363
253  332  0.0320188
254  283  0.0137998
254  299  0.0531714
254  331  0.0317801
255  261  0.0110239
255  298  0.0481881
256  330  0.030284
257  280  0.0255933
257  296  0.048339
257  329  0.030447
258  279  0.0268001
258  295  0.0487674
258  328  0.0307224
259  278  0.0269426
260  275  0.0222099
260  277  0.0269
260  294  0.0490586
261  274  0.0225757
261  293  0.0489873
262  275  0.0102542
262  292  0.0488981
263  268  0.171961
263  273  0.145638
264  272  0.152623
265  271  0.171679
266  270  0.0653644
270  343  0.0119422
271  342  0.0129871
272  341  0.0128904
274  340  0.0154101
275  327  0.0153632
275  339  0.0164222
276  281  0.0464581
276  288  0.010287
276  326  0.0155068
276  327  0.0162677
276  338  0.0162295
276  345  0.0117256
277  287  0.0108647
277  324  0.0318528
277  326  0.0163736
277  344  0.0118277
278  286  0.0101465
278  323  0.0319302
278  325  0.0161421
278  343  0.0118049
279  322  0.0183002
279  324  0.0158321
279  327  0.01044
279  361  0.0144435
280  341  0.0115887
280  360  0.0153517
281  320  0.0518705
281  325  0.0229729
281  342  0.0300985
281  359  0.0156563
282  319  0.0526555
282  324  0.0310965
282  338  0.0167916
282  339  0.124477
282  341  0.0297792
282  358  0.0151398
283  318  0.0524621
283  323  0.0310722
283  340  0.0281168
283  357  0.014901
284  317  0.052264
284  322  0.0308696
284  337  0.200914
284  360  0.0313437
285  315  0.0169012
285  320  0.0283512
285  336  0.227459
285  356  0.0106147
285  359  0.0406837
286  314  0.0174714
286  316  0.0362095
286  319  0.0294079
286  335  0.232947
286  351  0.0616548
286  355  0.0107764
286  358  0.0520766
287  313  0.0173865
287  315  0.035914
287  318  0.0294008
287  334  0.233389
287  350  0.061778
287  354  0.0107429
287  357  0.0521128
288  311  0.0103673
288  333  0.232992
288  349  0.0571738
288  356  0.0518571
289  310  0.0103403
289  316  0.021602
289  332  0.23343
289  344  0.0205259
289  345  0.0100404
289  347  0.0135035
289  355  0.05055
290  331  0.230744
290  346  0.012808
290  347  0.0194467
291  308  0.013575
291  330  0.193368
291  346  0.0211767
292  307  0.0142488
292  312  0.306159
292  341  0.457218
292  345  0.0187792
293  306  0.0138944
293  311  0.307104
293  328  0.0167487
293  340  0.516107
294  310  0.307536
294  327  0.01931
294  339  0.542317
295  326  0.0188974
295  338  0.542336
296  308  0.308113
296  337  0.53554
297  307  0.301225
298  335  0.498288
299  305  0.0351942
299  306  0.0215294
299  334  0.528888
300  333  0.534751
301  332  0.533783
302  331  0.50953
303  329  0.0156348
305  330  0.0117969
307  328  0.192073
308  320  0.0111082
308  325  0.0218078
309  314  0.0133411
309  316  0.099376
309  319  0.0419901
309  324  0.0269558
309  326  0.342761
310  315  0.0973003
310  318  0.0419969
310  325  0.343612
311  317  0.0330042
311  322  0.0178014
312  320  0.0782881
313  319  0.0850396
313  321  0.386952
313  326  0.110135
313  327  0.0145063
313  360  0.0425131
314  318  0.0690271
314  320  0.387136
314  325  0.112048
314  328  0.0207796
314  359  0.0461736
315  319  0.239812
315  324  0.109459
315  326  0.0175906
315  327  0.0212146
315  358  0.0481365
316  325  0.018063
316  328  0.0231835
316  357  0.0481401
317  356  0.0480909
318  326  0.133637
318  355  0.0478738
319  325  0.135472
319  354  0.0468533
320  324  0.0847735
320  326  0.0280355
320  351  0.0274719
321  325  0.0232789
321  350  0.0276403
322  349  0.0243107
325  335  0.0900016
326  334  0.102227
327  333  0.102029
328  332  0.0635543
333  345  0.0201087
334  344  0.0202074
335  343  0.0179386
337  343  0.0113628
338  342  0.0106831
344  354  0.0497018
345  353  0.0525298
