2  146  0.0111332
2  161  0.460199
2  172  0.0121771
2  233  0.016362
3  145  0.0131324
3  160  0.554949
3  171  0.0146021
3  232  0.0217631
4  159  0.53913
4  170  0.0117135
4  231  0.0201774
6  143  0.432964
6  157  0.287041
7  142  0.877418
8  141  0.983549
9  140  0.997054
10  139  0.999884
11  138  0.99937
12  137  0.999733
14  136  0.999409
15  135  0.999855
16  134  0.999505
17  133  0.999924
18  132  0.999877
20  130  0.999828
21  129  0.999622
22  128  0.999942
23  127  0.99985
24  126  0.991609
25  57  0.0110706
26  54  0.0516078
26  56  0.0127032
26  124  0.100191
26  125  0.397033
28  52  0.40345
28  53  0.553085
29  51  0.437728
29  52  0.551343
30  50  0.709892
30  51  0.283065
31  49  0.979366
32  48  0.979643
33  47  0.979741
34  46  0.924254
36  44  0.985331
37  43  0.994862
38  42  0.616203
52  125  0.029671
53  124  0.113879
53  125  0.0119046
54  61  0.078241
54  123  0.123862
55  60  0.0749249
55  124  0.635754
56  121  0.115607
56  123  0.683131
60  119  0.695241
60  120  0.0159343
60  121  0.0117066
61  118  0.70364
62  118  0.177011
63  117  0.998916
64  116  0.999379
65  115  0.998153
66  114  0.998333
67  113  0.999313
68  112  0.998685
69  111  0.756311
70  110  0.511553
70  111  0.242904
71  86  0.0938266
71  89  0.0201464
71  110  0.48562
72  85  0.0960875
72  88  0.0205464
72  109  0.726582
73  84  0.0933529
74  86  0.0238571
75  85  0.0246042
75  106  0.67554
76  84  0.0236834
76  105  0.687966
80  91  0.691172
81  90  0.805919
81  97  0.0116125
82  89  0.826061
82  96  0.0118191
83  88  0.818426
83  95  0.0118383
84  94  0.0117674
85  92  0.0270421
86  91  0.0205315
92  105  0.0151713
93  103  0.981157
94  102  0.981352
95  101  0.921125
142  157  0.0484552
143  156  0.554383
144  155  0.607723
144  215  0.0263724
144  238  0.141405
144  891  0.104138
145  154  0.608305
145  214  0.0264144
145  237  0.141467
145  890  0.104257
146  153  0.596156
146  213  0.0254282
147  152  0.555468
147  170  0.0195813
147  212  0.0164835
148  169  0.0315956
148  170  0.0447654
148  171  0.154599
148  209  0.0166264
148  232  0.0182259
149  156  0.0133863
149  168  0.0307996
149  169  0.0889558
149  170  0.139395
149  208  0.0166307
149  231  0.017371
149  892  0.0121721
150  155  0.0132453
150  165  0.0487511
150  168  0.0893946
150  169  0.139269
150  230  0.0171066
150  238  0.0335895
150  891  0.0133619
151  164  0.0494578
151  228  0.0156386
151  237  0.0336774
151  890  0.0133759
152  163  0.0485641
152  167  0.231756
152  227  0.0100934
152  236  0.0320524
153  162  0.0474694
153  166  0.247747
153  189  0.0109208
153  235  0.0301672
153  239  0.012302
154  165  0.255611
154  188  0.0113
154  225  0.0154223
154  234  0.022852
154  238  0.0129424
155  164  0.251146
155  187  0.0113766
155  224  0.0148605
155  237  0.0129209
156  186  0.0113777
156  235  0.0112011
157  185  0.0113835
157  232  0.0123393
158  183  0.0112233
158  219  0.0229355
158  231  0.0121547
159  182  0.0112362
159  218  0.0246179
159  229  0.0126649
160  181  0.0112928
160  217  0.024368
160  228  0.0127375
161  180  0.0111234
161  216  0.0115718
162  179  0.0104253
163  216  0.0452338
163  892  0.492652
164  177  0.0101691
164  215  0.0621514
164  891  0.567345
165  214  0.0621975
165  890  0.56721
166  213  0.0612609
167  212  0.0555412
168  210  0.015071
169  205  0.0190058
169  210  0.0196492
169  237  0.315036
170  204  0.0192249
170  206  0.0527034
170  229  0.0103053
170  236  0.322836
171  203  0.0186184
171  205  0.0558634
171  228  0.0114028
171  235  0.322804
174  198  0.0262155
174  202  0.121307
174  227  0.756399
174  893  0.0233118
175  197  0.0266325
175  201  0.130868
175  226  0.791434
175  892  0.0236815
176  196  0.0267435
176  200  0.130908
176  225  0.797389
176  891  0.0237802
177  199  0.129912
177  224  0.797404
177  890  0.0237707
178  195  0.170857
178  223  0.810193
179  194  0.172519
179  222  0.804992
180  193  0.172843
180  221  0.764074
181  192  0.173502
182  191  0.173109
182  219  0.181002
183  190  0.169667
183  218  0.197368
185  217  0.797611
186  196  0.013247
186  216  0.797644
187  195  0.0132645
187  215  0.79928
188  194  0.0113462
188  214  0.798787
189  213  0.795707
190  212  0.790499
191  199  0.0166604
191  211  0.771619
192  198  0.044251
192  210  0.723006
193  197  0.0227861
195  199  0.016337
195  203  0.204254
195  205  0.0589959
196  202  0.201674
196  203  0.0932781
196  205  0.130495
197  202  0.0838274
197  204  0.117329
198  209  0.149656
199  208  0.146843
199  238  0.0200133
200  237  0.0201133
201  210  0.0975852
201  235  0.020744
202  209  0.172173
202  234  0.0219634
203  208  0.15441
203  232  0.0643685
204  231  0.0643881
205  209  0.0683355
205  230  0.0637098
208  228  0.0605119
209  227  0.0607602
210  226  0.0378449
214  225  0.0608539
215  224  0.0605463
224  238  0.0984663
225  237  0.0985149
226  236  0.0944298
227  234  0.0394587
228  232  0.0207304
228  234  0.220674
228  238  0.0281824
230  237  0.042534
231  236  0.038983
236  892  0.0290273
237  891  0.0344527
238  890  0.0341969
244  889  0.986521
245  888  0.986356
246  887  0.987192
247  886  0.98841
248  885  0.987752
249  883  0.033482
250  883  0.848466
251  881  0.989091
252  880  0.993992
253  879  0.992603
254  878  0.994696
255  877  0.994756
256  876  0.994631
257  875  0.961108
260  872  0.992697
261  871  0.992898
262  870  0.992218
263  277  0.438533
264  276  0.43515
264  286  0.0139546
264  865  0.122933
264  868  0.392168
265  274  0.30656
265  864  0.12268
265  867  0.382947
266  273  0.30316
266  275  0.0742952
266  863  0.108276
267  272  0.139091
267  273  0.082301
267  283  0.0137263
267  862  0.0946423
267  863  0.0595357
268  272  0.0320323
268  861  0.0843406
268  862  0.0602285
268  863  0.0281006
269  861  0.0525653
269  862  0.0280779
269  863  0.0172204
270  860  0.0433192
271  291  0.0187433
271  861  0.324987
272  290  0.0317308
272  860  0.364406
273  289  0.0326892
273  859  0.366969
274  287  0.035504
275  286  0.0367478
275  289  0.0251324
276  288  0.024752
277  285  0.0439905
277  286  0.0244657
278  284  0.0381088
283  865  0.225017
283  868  0.0143107
284  298  0.362169
284  864  0.223478
284  867  0.0120678
285  297  0.409053
285  862  0.0888018
285  863  0.14838
286  296  0.429924
286  861  0.172866
286  862  0.0736251
287  295  0.456709
287  860  0.248842
287  869  0.113363
288  294  0.453146
288  859  0.24963
288  868  0.121742
289  293  0.172556
289  858  0.240614
290  297  0.0212389
290  300  0.0503059
291  298  0.0130873
291  299  0.0811354
291  866  0.157157
292  298  0.0843894
292  299  0.0130678
292  865  0.174143
293  298  0.012582
293  299  0.0153994
293  864  0.178999
294  862  0.0237238
294  863  0.177999
295  861  0.0292179
295  862  0.170798
296  860  0.0317
297  859  0.0283006
297  860  0.10809
300  857  0.789286
301  856  0.988049
302  855  0.995653
303  854  0.996078
304  853  0.995538
305  852  0.996088
306  851  0.996065
307  850  0.991758
308  849  0.943697
309  460  0.0512283
310  459  0.0477187
310  847  0.852403
311  458  0.0469565
311  846  0.867224
312  348  0.0112943
312  805  0.0138182
312  845  0.819324
313  347  0.0113032
313  803  0.202033
313  844  0.657812
314  346  0.0112543
314  358  0.0931698
314  367  0.103791
314  474  0.132883
314  476  0.0285744
314  802  0.296884
315  357  0.0940846
315  366  0.104882
315  473  0.133455
315  475  0.0368155
315  801  0.297435
315  840  0.0895216
316  356  0.0942006
316  365  0.105013
316  472  0.133305
316  474  0.0368238
316  800  0.297612
316  838  0.0204753
316  839  0.0949256
317  355  0.0941933
317  364  0.104964
317  470  0.130947
317  799  0.297367
317  837  0.0208604
317  838  0.0911523
318  336  0.0130872
318  354  0.0786577
318  462  0.243945
318  469  0.130523
318  481  0.0583828
318  503  0.10458
318  836  0.0132844
319  335  0.0131701
319  353  0.061976
319  461  0.244258
319  468  0.0389254
319  480  0.0441175
319  502  0.105667
319  793  0.0679668
320  334  0.0793689
320  460  0.244072
320  468  0.0895872
320  501  0.106116
320  792  0.0814828
321  333  0.148591
321  361  0.0692671
321  411  0.179944
321  412  0.0121872
321  467  0.088354
321  478  0.167127
321  500  0.106002
321  791  0.0813225
322  332  0.144463
322  360  0.0779321
322  410  0.182432
322  477  0.167446
322  499  0.10619
322  790  0.0815052
323  358  0.0525316
323  359  0.0542732
323  409  0.181514
323  474  0.0119027
323  476  0.166913
323  498  0.106131
323  789  0.0814172
324  357  0.0808503
324  408  0.157062
324  473  0.0216847
324  475  0.16364
324  497  0.106087
324  788  0.0813023
325  356  0.0805007
325  472  0.023058
325  474  0.159852
325  496  0.106147
325  787  0.0810632
326  356  0.0326561
326  359  0.0202579
326  368  0.108383
326  404  0.0353491
326  461  0.102084
326  471  0.0237108
326  495  0.104099
326  786  0.027934
327  355  0.127425
327  358  0.0241424
327  367  0.119213
327  403  0.0371787
327  460  0.109229
327  470  0.0238028
327  493  0.0455958
328  354  0.129405
328  357  0.024124
328  366  0.11488
328  459  0.0858176
328  473  0.012216
328  492  0.0384556
328  494  0.0330009
329  353  0.123911
329  356  0.023533
329  365  0.090725
329  368  0.0273128
329  369  0.0128819
329  458  0.0795203
329  472  0.0127359
329  493  0.030841
330  355  0.0212403
330  364  0.0642818
330  367  0.01877
330  368  0.015013
330  369  0.0114114
330  457  0.0737295
330  471  0.0128025
330  472  0.0103253
331  363  0.0435845
331  367  0.0134131
331  368  0.0138618
331  456  0.0600195
331  471  0.0124028
332  365  0.0970548
332  367  0.0137296
332  470  0.012748
332  491  0.10351
333  364  0.0996717
333  365  0.0114797
333  468  0.023829
333  490  0.105411
334  349  0.715314
334  467  0.0186673
334  489  0.105121
335  348  0.878708
335  488  0.104368
336  347  0.879411
337  346  0.878689
338  345  0.891441
338  485  0.094338
339  344  0.892797
339  484  0.0473481
340  484  0.0570684
341  483  0.104162
342  482  0.103274
344  480  0.102493
345  479  0.105222
346  478  0.106074
347  477  0.106076
348  476  0.105795
351  364  0.0286275
351  416  0.382153
352  363  0.0753678
352  415  0.458742
353  362  0.0800728
353  414  0.467372
354  413  0.468878
355  360  0.238398
355  411  0.154963
355  412  0.330008
356  410  0.294353
356  411  0.190406
356  462  0.0165775
357  409  0.432588
357  461  0.0167539
358  408  0.430028
358  410  0.0155415
359  366  0.0221701
359  407  0.399025
359  459  0.0211473
359  473  0.0102151
359  475  0.0145203
360  365  0.0235706
360  458  0.0215749
360  472  0.0108943
360  474  0.0153907
361  405  0.30985
361  457  0.0211312
361  471  0.0106881
362  404  0.34241
362  405  0.0114335
362  456  0.0194124
362  470  0.0100311
364  402  0.0499211
364  411  0.118368
365  402  0.387305
365  410  0.120548
366  400  0.0119238
366  401  0.388059
366  409  0.121443
366  786  0.0190872
367  408  0.120794
367  785  0.0322724
368  399  0.0836658
368  407  0.118765
368  784  0.0318074
369  406  0.106241
369  783  0.0250904
370  397  0.989706
371  396  0.993066
372  395  0.999425
373  394  0.999563
374  393  0.998646
375  392  0.999506
376  391  0.999561
377  390  0.996122
378  389  0.996007
380  388  0.996566
381  387  0.987735
399  404  0.0131691
399  405  0.0123437
403  782  0.0297144
403  785  0.0177221
404  781  0.0150232
404  784  0.0172679
405  781  0.0373603
406  780  0.0649239
407  779  0.0677739
408  778  0.0166234
409  840  0.0367691
410  776  0.0698588
410  839  0.0433465
411  775  0.0699102
411  838  0.0433974
412  774  0.0699099
412  837  0.0431914
413  773  0.0696475
414  772  0.0629317
416  770  0.0567262
417  459  0.41756
417  473  0.268098
417  769  0.0640087
418  458  0.458788
418  472  0.290269
418  768  0.0636845
419  457  0.452588
419  471  0.290732
419  765  0.0246191
420  470  0.290367
420  764  0.0284254
421  455  0.813497
422  454  0.925808
422  758  0.0628356
423  453  0.925873
423  757  0.067033
424  452  0.925963
424  756  0.0667249
425  451  0.925852
426  450  0.924097
426  754  0.0696889
427  449  0.925175
427  753  0.0703104
428  447  0.331575
428  448  0.593262
428  752  0.070322
429  446  0.661811
429  751  0.0702785
430  446  0.0829469
431  444  0.740327
431  445  0.186033
431  749  0.0696604
432  443  0.740642
432  444  0.187733
432  748  0.0697138
433  443  0.187489
433  747  0.069732
434  441  0.919666
434  746  0.0686801
435  440  0.918726
436  740  0.0136388
436  742  0.0175732
436  744  0.0148156
437  739  0.0140222
437  740  0.0130558
438  738  0.0141749
438  739  0.0134405
439  737  0.0141488
439  738  0.0130342
440  736  0.010707
441  736  0.0197168
442  735  0.0226412
446  734  0.0635992
447  733  0.0648616
448  732  0.0648953
449  731  0.0649671
450  730  0.064966
451  729  0.0649638
452  728  0.0649558
453  727  0.0623873
457  722  0.0626373
458  467  0.0335673
458  469  0.269913
458  721  0.0640201
459  466  0.0321194
459  468  0.269547
459  720  0.063962
460  467  0.249083
460  719  0.0640358
462  718  0.0609258
463  717  0.0597947
464  849  0.031318
465  848  0.101535
466  473  0.207765
466  714  0.0622225
466  847  0.118118
467  472  0.225913
467  713  0.0633498
467  837  0.0113336
467  846  0.121856
468  836  0.0163259
468  845  0.127222
469  712  0.0641954
469  835  0.0163188
469  844  0.127227
470  711  0.0643225
470  843  0.12567
471  710  0.0642944
471  815  0.0121334
471  842  0.122533
472  709  0.0642478
472  814  0.0137814
472  841  0.082183
473  708  0.0640383
473  813  0.0137761
474  707  0.063048
474  796  0.0820493
474  812  0.0137546
475  706  0.0612934
475  795  0.108772
475  811  0.0135871
476  705  0.017526
476  788  0.0104162
476  794  0.117516
476  801  0.0133816
476  810  0.0124646
476  840  0.376995
477  787  0.0102173
477  793  0.117925
477  800  0.0135931
477  809  0.0123864
477  839  0.442427
478  792  0.117708
478  799  0.014237
478  838  0.444789
479  789  0.0817436
479  795  0.0286587
479  798  0.013235
479  837  0.459338
480  701  0.0284732
480  788  0.120167
480  794  0.0378704
480  836  0.482719
481  700  0.0285369
481  787  0.121577
481  793  0.0384063
481  835  0.482519
482  688  0.414148
482  786  0.0268135
482  792  0.0247947
482  834  0.292398
483  687  0.885491
484  686  0.88588
485  685  0.886962
486  684  0.886539
487  683  0.886542
488  682  0.887034
489  681  0.887009
490  680  0.886885
491  679  0.886675
493  678  0.884249
494  677  0.883698
495  676  0.882911
496  675  0.87641
498  673  0.78131
498  674  0.0462558
499  637  0.0149488
499  672  0.755365
500  672  0.0692708
501  547  0.0191386
501  669  0.0135428
501  670  0.0316916
501  671  0.675365
501  674  0.0367436
502  546  0.0193454
502  634  0.0156554
502  668  0.0163798
502  669  0.081262
502  670  0.394517
502  673  0.0369801
503  545  0.0193552
503  633  0.0156554
503  667  0.0170684
503  672  0.0368911
504  632  0.0156455
504  668  0.780465
504  840  0.0233488
505  545  0.0103904
505  630  0.0158151
505  667  0.790365
505  838  0.0235643
505  839  0.0279288
506  540  0.0510895
506  629  0.0158701
506  666  0.784638
506  837  0.031874
506  838  0.027285
507  539  0.603566
507  543  0.0873138
507  544  0.0846441
507  628  0.0158104
507  665  0.0953282
508  538  0.605187
508  542  0.23185
508  543  0.057155
508  627  0.0158216
509  541  0.275382
509  542  0.0291858
509  626  0.0143412
510  537  0.623919
510  540  0.30885
511  536  0.672716
511  539  0.315302
512  535  0.673225
512  538  0.315421
513  534  0.673197
513  537  0.315402
514  533  0.672128
514  536  0.313861
515  532  0.673634
515  535  0.31334
516  531  0.673566
516  534  0.245558
517  530  0.674023
517  533  0.147729
518  529  0.670108
519  528  0.627843
520  531  0.0170252
521  526  0.0313092
522  531  0.0326132
522  534  0.0643614
523  530  0.030295
523  533  0.139323
524  532  0.168739
525  531  0.154816
526  530  0.0711895
537  621  0.0146479
538  620  0.0154642
538  667  0.0103148
538  838  0.0155388
539  619  0.0154779
539  666  0.0103674
539  837  0.0239722
540  618  0.0154257
540  663  0.0355995
540  665  0.0333159
540  836  0.108268
541  617  0.0147523
541  662  0.0380902
541  664  0.0341202
541  835  0.108451
542  616  0.0116761
542  661  0.0368957
542  834  0.108177
543  833  0.108722
544  832  0.108534
545  570  0.0125808
545  596  0.0121626
545  660  0.0221052
545  663  0.0187136
546  569  0.0125787
546  595  0.0146888
546  662  0.0188254
546  830  0.0525606
547  568  0.012373
547  594  0.0149347
547  829  0.0503723
548  565  0.0115268
548  593  0.0103595
548  828  0.0249591
548  829  0.043845
549  564  0.0148619
549  657  0.68173
549  828  0.031657
550  563  0.0161546
550  591  0.0154867
550  656  0.867555
550  827  0.0575906
551  562  0.016171
551  590  0.0154997
551  655  0.867803
551  826  0.0968711
552  561  0.0161697
552  589  0.0154689
552  654  0.867807
552  825  0.0972403
553  560  0.0161327
553  588  0.015442
553  653  0.867795
553  824  0.0969645
554  559  0.0143879
554  652  0.866261
554  820  0.0810322
555  651  0.867516
555  819  0.0919555
556  818  0.092971
557  649  0.867621
557  817  0.0929773
558  648  0.867592
558  816  0.0929149
559  572  0.0264152
559  647  0.845583
559  815  0.0602379
560  571  0.0268571
560  646  0.842125
560  814  0.0543552
561  570  0.0318241
561  580  0.922538
562  569  0.0318794
562  579  0.923409
562  813  0.0104013
563  568  0.0284515
563  578  0.923435
564  577  0.923379
565  576  0.922647
566  575  0.762027
567  574  0.654109
568  573  0.469828
568  647  0.023542
569  646  0.0277795
570  645  0.0278172
571  644  0.0281355
571  830  0.0101867
572  643  0.0279406
572  829  0.0109705
574  646  0.0101532
575  826  0.0109773
576  637  0.0245584
576  644  0.0126119
576  825  0.010961
577  636  0.0346532
577  643  0.0133239
577  824  0.0109029
578  635  0.0387719
578  642  0.0132932
578  818  0.0111487
579  634  0.0389987
579  817  0.0127047
580  633  0.039016
580  816  0.0127226
581  632  0.0389827
581  815  0.010346
582  631  0.0389756
582  642  0.511907
583  630  0.0380348
583  640  0.630246
583  641  0.256265
584  639  0.928326
585  638  0.936711
586  637  0.938174
587  616  0.0291618
587  636  0.365602
588  615  0.0373686
588  632  0.0150275
588  635  0.352415
589  614  0.0373938
589  631  0.0165129
589  634  0.922192
590  613  0.0374185
590  630  0.016771
590  633  0.917312
591  612  0.0373766
591  629  0.0171663
591  630  0.891824
592  629  0.34514
593  628  0.35526
594  615  0.0179732
594  627  0.906196
595  614  0.0180925
595  626  0.875666
597  608  0.0338966
597  613  0.0198728
598  607  0.0382565
598  612  0.0372329
599  606  0.0370924
599  611  0.0376925
599  623  0.825821
600  605  0.0324832
600  610  0.0377045
600  622  0.900017
601  609  0.0376261
601  621  0.906805
602  608  0.0363862
602  620  0.85284
603  607  0.0211488
603  619  0.847396
604  618  0.885996
606  616  0.898669
607  615  0.906396
608  614  0.855103
609  613  0.496499
618  629  0.0500122
619  628  0.0506475
620  627  0.0502253
644  815  0.029826
645  814  0.036757
646  813  0.035519
647  813  0.0187757
648  812  0.109284
649  811  0.109338
650  673  0.0129819
650  810  0.109538
651  672  0.013038
651  809  0.109536
652  671  0.0131075
652  808  0.107067
653  669  0.0245794
654  668  0.0594164
655  667  0.0669651
655  803  0.0638685
656  666  0.0671352
656  802  0.0639016
657  665  0.0670855
657  801  0.0638686
658  664  0.0643861
658  800  0.0578571
659  799  0.0573651
660  798  0.0636517
661  797  0.0636865
662  796  0.0631683
663  795  0.0614619
664  794  0.0558404
665  793  0.0215467
666  674  0.0380851
666  679  0.0149099
667  673  0.0382015
667  678  0.0152984
668  672  0.0145999
668  677  0.0147134
669  804  0.0231208
670  803  0.0370026
671  802  0.0426383
672  801  0.0428467
673  800  0.0388991
674  799  0.0348143
675  799  0.0106665
676  795  0.0136489
676  798  0.0145211
677  794  0.0153195
677  797  0.0134009
678  793  0.0105298
679  793  0.0761833
680  792  0.104219
681  791  0.109724
682  790  0.109962
683  789  0.109901
684  788  0.109619
685  787  0.107922
689  705  0.020541
690  696  0.0108329
690  704  0.0248968
690  786  0.452238
691  703  0.0260502
691  785  0.576203
692  784  0.569657
693  783  0.469785
694  700  0.021205
695  781  0.0236691
696  781  0.533703
697  780  0.824887
698  779  0.887249
699  778  0.894811
700  777  0.902752
700  840  0.0156506
701  776  0.902812
701  839  0.0169224
702  775  0.902809
702  838  0.0175143
703  774  0.902742
703  837  0.0175168
704  773  0.877431
705  736  0.0210649
705  772  0.778362
706  721  0.262375
706  735  0.0437711
706  744  0.0203263
706  769  0.164392
707  720  0.262792
707  743  0.0203406
707  768  0.191307
708  719  0.262907
708  734  0.0914578
708  742  0.0203201
708  767  0.143743
708  769  0.0173368
708  770  0.0130627
709  718  0.262426
709  733  0.0919761
709  741  0.0202959
709  768  0.0182666
710  732  0.0689038
710  765  0.168863
711  764  0.171511
711  768  0.345769
712  730  0.215976
712  731  0.0119181
712  735  0.0492586
712  763  0.0179215
712  767  0.352465
713  729  0.224905
713  734  0.0496726
713  766  0.354685
714  728  0.180759
714  733  0.0495059
714  765  0.354546
715  732  0.0486491
715  764  0.354306
716  726  0.255143
716  737  0.0611288
716  746  0.0173289
717  725  0.286294
717  736  0.0843814
717  745  0.0191878
718  724  0.290626
718  729  0.199201
718  731  0.0228076
718  735  0.0909749
718  744  0.0230385
719  723  0.235873
719  728  0.200082
719  743  0.0230432
720  727  0.171384
720  729  0.0478218
720  734  0.10004
720  742  0.0230551
721  728  0.0472424
721  733  0.10016
721  741  0.0230245
722  732  0.0989605
722  771  0.0106353
723  731  0.0844705
723  769  0.192529
723  836  0.0203003
724  768  0.215252
724  835  0.0202956
725  767  0.215049
726  736  0.0102446
726  765  0.23505
726  833  0.0184463
727  764  0.237238
727  832  0.0185688
728  734  0.0187918
728  763  0.236381
729  733  0.0152996
730  829  0.0190103
731  828  0.0190996
732  759  0.627898
732  827  0.0190698
733  758  0.628867
733  826  0.0190957
734  757  0.623523
734  825  0.0190952
735  741  0.0235706
735  824  0.0190649
737  822  0.0107685
738  821  0.0111991
739  754  0.267708
739  760  0.010007
739  820  0.0107286
740  753  0.289705
740  760  0.0162805
741  752  0.301878
741  755  0.0257888
741  758  0.147538
741  759  0.0164877
742  751  0.301842
742  753  0.380461
742  757  0.152823
743  750  0.271137
743  752  0.391891
743  756  0.15222
743  758  0.0141317
744  751  0.391683
744  757  0.0141625
745  749  0.0219973
745  750  0.343046
745  755  0.158632
745  766  0.0160293
746  754  0.164633
746  765  0.0160858
747  753  0.16114
747  764  0.0159771
751  758  0.032247
752  757  0.0322185
755  803  0.0106756
756  802  0.0107166
757  801  0.0107086
758  800  0.0107182
759  764  0.0147415
759  799  0.0107028
761  780  0.0103479
762  779  0.0112894
763  778  0.0113702
764  777  0.0113547
781  833  0.233662
782  832  0.271398
783  830  0.056993
783  831  0.240447
784  829  0.0915808
784  830  0.209609
785  828  0.163385
785  829  0.138943
786  827  0.23314
787  796  0.0121539
787  826  0.23264
788  795  0.0129812
788  825  0.175363
789  794  0.0131216
790  825  0.116843
790  829  0.206477
791  824  0.137917
791  828  0.0798226
792  823  0.160451
792  827  0.0823107
793  823  0.114835
793  826  0.210308
794  822  0.118393
794  825  0.20897
796  821  0.458981
797  820  0.511986
798  819  0.518797
799  818  0.519624
800  817  0.519511
801  816  0.241036
802  808  0.0105328
802  815  0.238245
803  814  0.516102
803  843  0.0105361
804  842  0.0111136
804  843  0.0144479
805  811  0.0677545
805  813  0.289799
805  844  0.151087
806  841  0.0946746
806  843  0.159649
807  840  0.114975
807  842  0.144684
808  839  0.119213
809  840  0.122958
810  837  0.119996
810  839  0.168073
811  836  0.120779
812  835  0.120631
812  837  0.171958
813  836  0.175597
814  829  0.0910529
814  832  0.01222
814  835  0.175527
815  828  0.0910303
815  831  0.0115048
815  834  0.166274
816  826  0.246629
817  825  0.248717
817  829  0.0636164
818  824  0.240761
818  828  0.0626888
825  836  0.0213132
826  835  0.021653
827  834  0.0242788
