1  71  0.996865
2  70  0.99912
3  69  0.999603
4  68  0.999499
5  67  0.98577
6  66  0.96741
7  45  0.01588
7  65  0.337457
8  44  0.0238745
9  43  0.0155546
9  47  0.0105741
10  25  0.678686
10  46  0.0123389
11  24  0.678242
11  45  0.0128389
12  23  0.674569
12  44  0.0123273
13  22  0.647326
15  20  0.0412242
16  26  0.017103
17  25  0.0283656
23  47  0.0276341
24  46  0.0317433
27  43  0.868434
28  42  0.987242
29  41  0.952515
30  40  0.917481
30  41  0.0384275
31  39  0.845847
31  40  0.0757799
32  39  0.109796
33  37  0.0164856
33  38  0.0948106
46  66  0.019068
47  65  0.523396
48  64  0.996664
49  63  0.997123
50  62  0.996585
51  61  0.996956
52  60  0.976945
