2  46  0.0100683
3  10  0.0912357
3  45  0.0136865
3  147  0.280079
4  9  0.0692753
4  44  0.013452
4  146  0.280783
5  43  0.0124787
5  145  0.281026
6  144  0.281388
7  143  0.281046
8  142  0.281717
9  17  0.0205474
9  141  0.282084
10  16  0.0204617
10  140  0.281563
10  362  0.0462152
11  139  0.0982188
11  362  0.0873028
12  361  0.108234
13  113  0.204363
13  359  0.469932
13  360  0.0870518
14  112  0.270082
14  358  0.58558
14  359  0.0634276
15  111  0.286136
15  357  0.620379
15  358  0.0395655
16  110  0.290508
16  356  0.669305
17  109  0.290499
17  355  0.669206
18  108  0.274952
18  354  0.552905
19  107  0.215336
20  41  0.870776
21  40  0.998065
22  39  0.997871
23  38  0.998171
24  37  0.999106
25  36  0.998686
26  35  0.999124
27  34  0.98461
42  106  0.0879848
43  66  0.0132121
43  105  0.0817735
44  65  0.014363
45  63  0.298653
46  62  0.308744
47  61  0.309345
47  352  0.61137
48  60  0.309331
48  351  0.614102
48  352  0.0627514
49  59  0.304843
49  350  0.613801
49  351  0.0633366
50  349  0.540867
50  350  0.0632157
51  349  0.0766713
52  346  0.0510125
52  347  0.0550252
52  348  0.0853099
54  316  0.0127374
54  344  0.336098
54  346  0.0401602
55  244  0.0694185
55  315  0.013146
55  343  0.354207
56  242  0.0283695
56  243  0.0599609
56  314  0.0131493
56  342  0.0777548
56  344  0.107794
57  241  0.0402709
57  244  0.0561375
57  245  0.0334881
57  313  0.0131563
57  343  0.112032
58  244  0.022518
58  340  0.0154521
59  243  0.0129943
59  339  0.0154312
60  240  0.584601
60  242  0.012993
60  310  0.0130347
61  239  0.660896
61  309  0.0129828
62  238  0.665395
62  308  0.0102363
63  237  0.66553
64  104  0.0488603
64  106  0.0644722
64  236  0.666697
65  103  0.0460051
65  235  0.480386
66  102  0.0239529
67  103  0.147174
67  233  0.603899
68  102  0.227285
68  232  0.663447
69  101  0.256811
69  231  0.230077
69  304  0.010565
70  100  0.264686
70  230  0.232976
70  294  0.0102612
70  303  0.0112765
71  99  0.253251
71  100  0.0148466
71  229  0.667673
71  293  0.0103073
71  302  0.0112774
72  98  0.214337
72  228  0.66728
72  292  0.0102783
72  301  0.0112381
73  99  0.0356474
73  227  0.666993
73  291  0.0100048
73  300  0.0103798
74  98  0.0662297
74  226  0.66414
75  97  0.181469
75  225  0.648426
76  96  0.276948
76  224  0.53256
77  95  0.285829
77  208  0.0146651
78  94  0.275389
78  207  0.0163941
78  209  0.010793
78  222  0.513183
79  93  0.254783
79  206  0.0157849
79  208  0.0110552
79  221  0.481585
80  92  0.220483
80  216  0.0116275
80  220  0.346946
80  224  0.036185
81  90  0.155066
81  204  0.01401
81  215  0.0136866
81  216  0.0120987
81  223  0.0519152
82  90  0.0110092
82  94  0.0247396
82  204  0.379162
82  214  0.0119365
82  222  0.0514179
83  93  0.0461981
83  203  0.564758
83  221  0.0508829
84  92  0.073008
84  202  0.600168
84  220  0.0503677
85  91  0.0851247
85  201  0.616873
85  219  0.0490312
86  90  0.0324148
86  200  0.613134
87  216  0.0158343
88  198  0.650363
88  217  0.0133714
89  197  0.651087
89  216  0.0143675
90  196  0.651154
91  195  0.651112
91  214  0.0138027
92  194  0.577107
92  213  0.0134299
93  193  0.315183
94  212  0.0127131
95  192  0.0250257
95  211  0.0127777
96  125  0.0489051
96  210  0.0110304
97  124  0.0751163
98  123  0.0813418
98  128  0.0102206
99  122  0.082331
99  127  0.011044
100  121  0.0811065
101  125  0.0703294
102  107  0.0107428
102  124  0.102066
103  110  0.0320756
103  119  0.0228475
103  123  0.109778
103  125  0.0128701
103  126  0.0127769
104  109  0.0318055
104  118  0.0226426
104  122  0.105914
105  121  0.0510657
106  121  0.0485666
106  122  0.460229
107  120  0.0246983
107  121  0.478756
108  120  0.597058
109  119  0.637101
110  118  0.632383
112  124  0.0150623
113  123  0.0163623
113  217  0.0113494
114  122  0.0166316
114  216  0.0119389
115  121  0.0150498
115  215  0.0118833
116  139  0.171622
117  138  0.271883
118  137  0.27502
118  212  0.0102864
119  136  0.275363
119  211  0.0122473
120  135  0.271943
120  210  0.0118153
121  134  0.261498
122  134  0.0134395
123  132  0.225099
123  133  0.022981
124  132  0.0179956
125  193  0.300143
126  192  0.607446
127  191  0.661261
128  190  0.660694
129  189  0.660637
129  202  0.0287455
130  188  0.661545
130  201  0.0442452
131  187  0.660612
131  200  0.0442497
132  186  0.658502
132  199  0.0442554
133  185  0.654437
133  198  0.0443098
134  183  0.0278823
134  197  0.0442674
135  171  0.0399828
135  183  0.08305
135  184  0.0246892
136  170  0.0548056
136  181  0.0109368
136  182  0.133093
137  169  0.0548218
137  180  0.014957
137  183  0.467206
138  168  0.0547616
138  179  0.01081
138  182  0.489564
139  148  0.0126344
139  167  0.0544001
139  181  0.489921
140  147  0.0174009
140  166  0.0371045
140  179  0.629614
141  146  0.017147
141  178  0.630706
142  164  0.0330199
142  165  0.0159214
142  177  0.623849
143  163  0.0352816
143  164  0.0160083
143  176  0.603399
144  162  0.0353844
144  163  0.0153922
144  175  0.557949
146  155  0.638871
146  161  0.0529962
147  154  0.629889
147  160  0.0530021
148  158  0.0509262
149  157  0.0510615
149  363  0.021797
150  156  0.0509933
150  362  0.0268706
151  359  0.192968
152  358  0.249587
153  357  0.254023
154  356  0.233953
155  355  0.232359
156  168  0.226391
156  174  0.629962
156  219  0.0487645
157  167  0.226363
157  173  0.630028
157  218  0.048903
158  166  0.225681
158  172  0.628961
158  217  0.0489741
159  165  0.221974
159  171  0.6293
159  216  0.0485733
160  170  0.613024
161  214  0.0491442
162  213  0.0474178
163  167  0.0142431
163  212  0.0379197
168  214  0.0110449
169  212  0.013278
170  204  0.0147964
170  211  0.0200782
171  203  0.0148163
171  210  0.0186991
171  354  0.0403455
172  202  0.0135517
172  209  0.0136957
172  353  0.0453446
173  215  0.0107436
173  352  0.0458429
174  214  0.0153836
174  351  0.045604
175  213  0.0144867
175  347  0.0655717
176  199  0.0342387
176  212  0.0102719
176  346  0.0926101
177  198  0.038182
177  345  0.0966852
178  196  0.194748
178  344  0.0962567
178  356  0.0333361
179  195  0.195319
179  343  0.0967367
179  355  0.0335216
180  194  0.195405
180  342  0.0204774
180  354  0.0355374
181  193  0.195543
181  353  0.0358335
182  192  0.195623
182  352  0.0357403
183  191  0.188306
185  350  0.0281987
186  349  0.0276544
187  348  0.0239839
188  214  0.0150076
188  244  0.118079
189  213  0.0154713
189  243  0.118492
190  212  0.0155448
190  242  0.118585
191  211  0.015551
191  241  0.118624
192  210  0.0142705
192  240  0.0921661
193  208  0.0108197
194  207  0.0108857
194  238  0.02222
195  236  0.118171
196  235  0.119127
197  205  0.0870925
197  234  0.11771
198  204  0.0868252
198  233  0.117206
199  232  0.0940577
200  212  0.0597724
201  211  0.0832978
201  231  0.0380813
202  210  0.0829152
202  230  0.0343011
203  209  0.0789733
203  228  0.0379572
204  208  0.0459578
204  212  0.0435593
204  217  0.0428816
204  227  0.0388458
205  211  0.0490374
205  214  0.0157289
205  215  0.436432
205  216  0.0550828
205  223  0.0127384
205  225  0.0474061
206  214  0.437655
206  215  0.051358
206  222  0.012228
206  224  0.0309673
207  213  0.420575
207  221  0.010716
208  222  0.07434
209  221  0.0900812
210  220  0.0979311
211  219  0.102318
214  219  0.0117731
214  230  0.0139089
214  286  0.0277941
215  229  0.0174243
215  285  0.0293876
216  227  0.0361794
216  284  0.030356
216  354  0.0308973
217  226  0.036267
217  283  0.02655
217  353  0.0336101
218  225  0.0362195
218  232  0.0370822
218  280  0.0329456
218  352  0.0348215
219  224  0.0304912
219  231  0.0479686
219  279  0.0389565
219  351  0.0354066
220  230  0.0480211
220  278  0.039042
221  228  0.0679103
221  276  0.0120601
221  277  0.0302625
221  349  0.0662903
222  227  0.0754434
222  274  0.0347552
222  275  0.0415627
222  348  0.0503308
223  273  0.0355725
223  274  0.0411293
223  347  0.0433576
224  272  0.0361136
224  273  0.0406676
224  346  0.0642367
225  271  0.0365834
225  272  0.0400777
225  345  0.0726624
226  270  0.0297414
226  344  0.0726347
227  343  0.0725341
228  342  0.0520893
230  340  0.0425471
231  268  0.0145462
231  270  0.0494633
231  339  0.0433382
232  240  0.011148
232  269  0.0740377
232  338  0.0403354
233  239  0.0135042
233  266  0.0370491
233  268  0.0794998
234  265  0.037155
234  267  0.0795315
235  264  0.0378176
235  266  0.0795445
235  337  0.0110489
236  263  0.0377243
236  265  0.0794746
236  336  0.0123954
237  263  0.0593191
237  335  0.0107181
238  262  0.0608637
238  337  0.0139491
239  260  0.116755
239  336  0.0160096
240  259  0.117196
240  335  0.0159259
241  258  0.117259
242  257  0.117355
242  334  0.0418465
243  256  0.0407225
243  333  0.0468779
244  255  0.0405779
244  332  0.0487179
245  254  0.116863
245  331  0.0486698
245  342  0.664356
246  330  0.0486951
246  341  0.769868
247  329  0.0486455
247  340  0.807819
248  328  0.0485879
248  339  0.819959
249  327  0.0485908
249  338  0.409193
250  326  0.0456791
250  337  0.411669
251  325  0.0453224
251  336  0.820583
252  265  0.0113584
252  335  0.812067
253  264  0.0357248
254  263  0.0357318
255  333  0.396415
256  331  0.38038
256  332  0.408991
257  330  0.61129
257  331  0.205207
258  329  0.817825
259  328  0.818962
260  327  0.82107
261  326  0.818922
262  325  0.811767
263  324  0.763521
264  319  0.349103
265  318  0.360111
265  321  0.0254774
265  322  0.039615
266  317  0.360123
266  320  0.0262055
267  316  0.34853
267  321  0.0144311
268  315  0.319099
268  320  0.0122839
271  313  0.015965
272  312  0.0158694
276  291  0.173122
276  293  0.0559941
276  294  0.242269
276  297  0.0936291
276  324  0.025243
276  327  0.0100429
276  345  0.0232557
277  290  0.173132
277  296  0.0911483
277  323  0.0231865
277  326  0.0100239
277  344  0.0233424
278  289  0.0871277
278  292  0.625308
278  343  0.0108182
279  288  0.0785536
279  291  0.725472
279  342  0.0108522
280  287  0.157012
280  290  0.724846
280  341  0.0233669
281  289  0.721159
281  340  0.0232015
282  288  0.663937
282  338  0.0240327
283  287  0.332999
283  337  0.0287228
284  289  0.011101
284  336  0.029657
285  335  0.029069
287  334  0.0261597
288  333  0.0267768
289  332  0.027173
299  320  0.553011
300  315  0.0415293
300  319  0.600806
301  309  0.0324944
301  314  0.317461
301  318  0.606153
302  308  0.031807
302  313  0.325443
302  317  0.606154
303  312  0.325236
303  315  0.606464
304  311  0.255498
304  314  0.60705
305  313  0.606306
306  312  0.590514
307  311  0.224835
320  361  0.0103771
321  360  0.0176126
322  359  0.0207466
323  358  0.0215798
324  357  0.0216512
325  356  0.0215875
326  355  0.0172343
330  351  0.0109398
333  348  0.0377594
334  347  0.0438728
335  346  0.0450277
336  345  0.0450893
343  354  0.0128628
344  353  0.0152416
345  352  0.0154539
346  351  0.0118519
