1  146  0.0152332
2  145  0.0187622
2  532  0.0123661
3  144  0.0153657
3  531  0.0198906
4  143  0.0105555
4  144  0.0780187
5  143  0.0892428
6  142  0.0962051
6  535  0.0457774
7  24  0.234777
7  141  0.101573
7  534  0.0490194
8  23  0.236287
8  140  0.0942283
9  21  0.286986
9  22  0.118426
9  139  0.0684494
9  536  0.335915
10  20  0.461507
10  138  0.0293985
10  535  0.366232
11  19  0.485039
11  486  0.0339503
11  528  0.0229225
11  529  0.0154533
11  534  0.36888
12  18  0.469488
12  485  0.0343647
12  528  0.0154805
12  532  0.0157735
12  533  0.320442
13  146  0.153855
13  480  0.0218712
13  484  0.0345717
13  526  0.0743543
13  531  0.0618177
14  145  0.169448
14  479  0.0229139
14  483  0.0326836
14  525  0.0744735
14  530  0.0566642
15  144  0.171677
15  478  0.0223592
15  524  0.0746157
16  143  0.17055
16  477  0.0170978
16  523  0.074715
17  142  0.16457
17  522  0.0726765
18  521  0.0468924
18  527  0.0257592
19  47  0.0307517
19  140  0.0846347
19  480  0.0750885
19  492  0.0426201
19  526  0.026077
20  46  0.0301515
20  139  0.113249
20  479  0.076495
20  491  0.0432653
20  525  0.0258085
21  137  0.153756
21  138  0.0761056
21  478  0.0756943
21  490  0.0431224
21  524  0.0205799
22  136  0.226041
22  137  0.038241
22  477  0.0675631
22  489  0.0422825
23  43  0.143544
23  135  0.277008
23  319  0.0210114
23  476  0.0377882
23  488  0.0406581
24  42  0.198987
24  134  0.28096
24  318  0.0240479
24  487  0.0372997
25  41  0.207396
25  133  0.278953
26  40  0.211915
26  316  0.306371
26  530  0.0241833
27  39  0.21194
27  131  0.259134
27  315  0.325857
27  529  0.0254286
28  37  0.0154939
28  130  0.258878
28  131  0.0204081
28  314  0.326261
28  528  0.0225319
29  36  0.0140603
29  37  0.203958
29  130  0.0211173
29  313  0.326268
29  529  0.0128528
30  36  0.203414
30  128  0.272405
30  312  0.326256
30  528  0.0124973
30  532  0.0490734
31  35  0.126198
31  127  0.271804
31  311  0.325182
31  531  0.0495464
32  310  0.29875
33  125  0.281496
33  310  0.0142267
33  527  0.0404381
34  124  0.284973
34  234  0.0711068
34  309  0.0279024
34  482  0.106412
34  526  0.0450914
35  123  0.285009
35  233  0.0767517
35  307  0.17381
35  481  0.106503
35  525  0.0451014
36  122  0.28206
36  232  0.0797924
36  306  0.167703
36  480  0.105357
36  524  0.0438767
37  121  0.281795
37  231  0.0793322
37  305  0.0935086
37  523  0.0439245
38  120  0.274084
38  122  0.0120889
38  522  0.0407658
39  121  0.0132566
39  230  0.0302725
39  291  0.0472229
39  303  0.108631
39  478  0.142782
40  120  0.0136859
40  290  0.0501069
40  302  0.106682
40  477  0.157838
41  117  0.128651
41  118  0.0904935
41  119  0.0143532
41  289  0.0501979
41  301  0.0788131
41  476  0.161852
42  117  0.0935268
42  118  0.0136142
42  288  0.0386881
42  475  0.163722
43  116  0.0900698
43  287  0.0101604
43  474  0.165775
44  473  0.158385
45  113  0.345359
45  287  0.180121
46  112  0.377456
46  286  0.211933
46  471  0.298169
47  111  0.377479
47  285  0.211997
47  470  0.298343
48  110  0.376954
48  284  0.211821
48  482  0.0348054
49  108  0.189001
49  109  0.189314
49  283  0.212006
49  469  0.301977
49  481  0.034858
50  107  0.376748
50  282  0.211834
50  468  0.304752
50  480  0.0348449
51  106  0.37724
51  281  0.20632
51  467  0.301121
51  479  0.034701
52  105  0.378011
52  466  0.227282
52  477  0.012903
52  478  0.0208539
53  104  0.378406
53  278  0.0467185
53  280  0.0137124
53  463  0.229405
53  464  0.0118161
53  476  0.0256814
54  103  0.378223
54  279  0.0133756
54  462  0.323794
54  475  0.0255663
55  99  0.054764
55  102  0.32209
55  276  0.208922
55  461  0.332492
55  471  0.0280761
56  98  0.0654262
56  101  0.300832
56  275  0.209737
56  460  0.332919
56  470  0.0285866
57  63  0.0276339
57  64  0.0433883
57  68  0.022791
57  97  0.0777851
57  274  0.209369
57  459  0.332888
57  469  0.0285855
58  62  0.0106668
58  67  0.0269892
58  96  0.0751986
58  99  0.112857
58  273  0.144841
58  458  0.189728
58  468  0.0266059
59  66  0.0207144
60  273  0.0107477
60  422  0.347188
61  72  0.0241643
61  91  0.0438158
61  95  0.106914
61  98  0.0353867
61  253  0.0100153
61  272  0.0141791
61  421  0.374259
62  71  0.0243121
62  90  0.0426744
62  94  0.108403
62  97  0.0363251
62  272  0.0422389
62  420  0.374012
63  70  0.0241557
63  93  0.106923
63  96  0.0349218
63  247  0.0398806
63  257  0.0280092
63  271  0.0829283
63  419  0.376028
64  69  0.0158639
64  75  0.0112401
64  246  0.0400529
64  256  0.0364426
64  270  0.0827784
64  418  0.376059
65  74  0.0133361
65  87  0.110476
65  93  0.0347333
65  99  0.0856937
65  245  0.0396135
65  255  0.0364698
65  267  0.0128806
65  269  0.0651079
65  417  0.376035
66  73  0.01426
66  86  0.0901984
66  92  0.0350433
66  98  0.0859164
66  244  0.0390388
66  254  0.0365585
66  263  0.0874006
66  266  0.016531
66  268  0.0213101
67  72  0.0144373
67  83  0.15501
67  91  0.0343052
67  97  0.0858395
67  253  0.0365356
67  262  0.106485
67  265  0.0179577
67  415  0.374571
68  82  0.172543
68  96  0.0287334
68  261  0.106746
68  414  0.37444
69  80  0.314677
69  81  0.0474539
69  95  0.0128209
69  241  0.0407277
69  259  0.0187742
69  260  0.106907
69  412  0.182024
69  413  0.192839
70  79  0.387535
70  240  0.0408165
70  258  0.0733
70  259  0.0535072
70  411  0.362877
71  78  0.387038
71  239  0.0404099
71  257  0.127347
71  410  0.357566
72  77  0.367623
72  176  0.0110893
72  256  0.127795
73  175  0.0110722
73  237  0.0395416
73  255  0.127727
74  174  0.010166
74  236  0.0390394
74  254  0.127044
74  407  0.356341
75  235  0.0384573
75  253  0.122766
75  406  0.362422
76  234  0.0372048
76  405  0.363597
77  171  0.0115284
77  233  0.0362921
77  404  0.361433
78  100  0.0176087
78  170  0.0118933
78  250  0.120888
79  99  0.0205169
79  169  0.0120257
79  249  0.12454
79  385  0.0110148
79  403  0.0263428
80  168  0.0120101
80  248  0.123829
80  383  0.330274
81  87  0.0157993
81  96  0.116313
81  99  0.0165957
81  167  0.0119994
81  239  0.0488485
81  247  0.112831
81  382  0.379123
82  95  0.116583
82  97  0.0340658
82  166  0.0119712
82  238  0.0694807
82  381  0.379179
83  93  0.163729
83  96  0.0455991
83  237  0.0711111
83  245  0.0119865
83  380  0.379167
84  92  0.163137
84  95  0.0446146
84  236  0.071383
84  241  0.064654
84  244  0.0123031
84  379  0.189648
85  91  0.152107
85  94  0.0389919
85  235  0.0713529
85  240  0.0702851
85  379  0.189848
86  234  0.071376
86  239  0.0741927
86  378  0.379078
87  233  0.071314
87  238  0.0743731
87  377  0.3795
88  237  0.06207
88  376  0.37853
89  375  0.375018
90  374  0.363121
93  114  0.0240071
93  369  0.121332
94  113  0.0689151
94  368  0.12156
95  102  0.0735085
95  112  0.0888665
95  367  0.121631
96  101  0.0729853
96  111  0.0888852
96  233  0.0106831
96  366  0.121625
96  372  0.254467
97  110  0.0884559
97  113  0.0200196
97  232  0.0138819
97  365  0.120819
97  371  0.255371
98  112  0.0285609
98  231  0.0111507
98  364  0.120436
99  108  0.0890379
99  111  0.028786
99  363  0.120133
99  369  0.257918
100  107  0.0829074
100  110  0.0283141
100  113  0.0144204
100  368  0.257857
101  112  0.0187069
101  239  0.0104883
101  367  0.25801
102  108  0.0274303
102  111  0.0186803
102  238  0.0118852
102  327  0.0227864
102  360  0.0819051
102  366  0.257997
103  107  0.0104547
103  110  0.0144668
103  237  0.0116478
103  326  0.0256103
103  359  0.0778825
103  365  0.252374
104  325  0.0250532
104  364  0.250737
105  163  0.0411828
105  235  0.0712568
105  324  0.023642
105  363  0.218926
106  162  0.0561304
106  234  0.0872899
106  323  0.0120267
106  325  0.0194002
107  161  0.0576925
107  233  0.0895696
107  324  0.0321002
107  356  0.0274577
107  360  0.0887493
107  361  0.0228399
108  160  0.0633271
108  232  0.107034
108  323  0.0776641
108  359  0.144626
109  159  0.0633495
109  231  0.106945
109  322  0.0957267
109  354  0.035315
109  358  0.144066
110  158  0.0276037
110  321  0.0957761
110  353  0.0363447
110  357  0.134516
111  157  0.026026
111  207  0.072489
111  230  0.0953074
111  320  0.0944214
111  352  0.0390151
112  156  0.0615802
112  206  0.0727982
112  351  0.0390237
112  355  0.0115179
113  205  0.0727552
113  229  0.232485
113  355  0.0254187
114  160  0.0206218
114  204  0.0726717
114  228  0.416396
114  349  0.0374548
114  354  0.0302254
115  157  0.0122009
115  159  0.0208858
115  203  0.0653592
115  227  0.429122
115  348  0.0374107
115  352  0.0434964
116  135  0.0555104
116  158  0.0198253
116  226  0.429178
116  347  0.0353774
116  351  0.0201955
117  134  0.0716702
117  155  0.0793839
117  225  0.42932
117  311  0.0198046
117  350  0.0200928
118  133  0.0716631
118  154  0.103775
118  224  0.428788
118  310  0.0198206
118  342  0.011961
118  349  0.0435868
119  132  0.0718105
119  153  0.104259
119  219  0.0132438
119  221  0.0268717
119  223  0.369085
119  309  0.0198919
119  341  0.0119628
119  348  0.0422671
120  131  0.0674254
120  152  0.104409
120  220  0.0430411
120  222  0.0314029
120  308  0.0198696
120  340  0.0120486
120  347  0.024178
121  130  0.0666334
121  151  0.104478
121  218  0.186544
121  307  0.0198271
121  339  0.0120398
121  347  0.0116442
122  150  0.104295
122  217  0.193578
122  220  0.240142
122  338  0.0103937
123  149  0.104477
123  216  0.280761
123  219  0.24079
124  148  0.104332
124  215  0.282086
124  218  0.24076
125  147  0.0931727
125  214  0.281938
125  217  0.240155
126  142  0.0601015
126  146  0.0179499
126  213  0.282594
126  216  0.239625
127  141  0.0625886
127  211  0.182565
127  212  0.141553
127  215  0.2068
128  140  0.0627891
128  210  0.493255
129  139  0.0627169
129  205  0.0102911
129  209  0.49755
130  138  0.0610701
130  143  0.033612
130  204  0.0127497
130  208  0.49812
131  137  0.0512302
131  142  0.0397877
131  203  0.0118147
131  207  0.49872
131  213  0.0115206
132  141  0.0438504
132  206  0.498518
132  212  0.0116262
133  205  0.376408
134  141  0.191472
134  147  0.013622
135  140  0.128851
135  142  0.0270586
135  144  0.0108649
135  146  0.0539869
136  141  0.0303207
136  145  0.0583932
138  145  0.0687937
139  144  0.0742909
139  146  0.0164313
140  145  0.0150439
141  207  0.0106863
142  206  0.0106264
147  201  0.868421
148  200  0.884567
149  199  0.88476
150  198  0.884632
151  197  0.880352
152  173  0.807658
153  172  0.858973
154  171  0.859518
155  170  0.858885
156  169  0.854668
156  175  0.0198355
157  174  0.026097
158  167  0.575773
158  173  0.0272971
159  166  0.79876
159  172  0.0273452
160  166  0.0285306
160  171  0.0273211
162  170  0.0249452
163  169  0.0249433
166  354  0.0750471
167  353  0.0521307
169  351  0.0777498
170  350  0.0785629
171  201  0.010107
171  349  0.0786509
172  200  0.010135
172  348  0.0786443
173  347  0.0775573
174  341  0.0834446
175  340  0.0861176
176  339  0.0864022
177  196  0.808213
177  338  0.0863208
178  195  0.907726
178  337  0.0863275
179  194  0.910572
179  336  0.0862233
180  193  0.910433
180  335  0.0860555
181  192  0.911069
181  334  0.0857401
182  191  0.91095
182  332  0.0119486
183  190  0.911108
184  189  0.89909
185  328  0.0834829
186  327  0.0847201
187  326  0.0847276
188  325  0.0846908
189  324  0.0844533
192  319  0.0349508
193  318  0.0376855
194  220  0.0102449
194  317  0.0376952
194  321  0.0159459
195  219  0.0104808
195  320  0.016907
197  218  0.0115638
197  314  0.0277031
198  217  0.01241
198  313  0.0274493
199  216  0.0322098
200  215  0.0322571
200  315  0.0302302
201  314  0.0301434
202  313  0.015922
202  530  0.251548
203  212  0.034235
203  312  0.0155882
203  313  0.0186198
203  529  0.283723
204  211  0.0332155
204  312  0.0187218
204  528  0.28405
205  527  0.283895
206  213  0.0553659
206  526  0.284039
207  212  0.0572299
207  525  0.283506
209  495  0.0709682
210  355  0.0502496
210  360  0.0102505
210  494  0.210639
211  354  0.052262
211  359  0.0128267
211  493  0.277801
212  352  0.0565472
212  358  0.0128258
212  492  0.277855
213  351  0.0566079
213  357  0.0118449
213  491  0.277623
214  350  0.0563419
214  490  0.276202
215  290  0.0105288
215  349  0.0546787
215  354  0.0106961
215  489  0.271023
216  288  0.151013
216  353  0.0106623
216  488  0.262915
217  287  0.403969
217  487  0.100871
218  286  0.54843
219  285  0.550041
220  284  0.549957
221  283  0.549339
222  282  0.551692
223  281  0.551636
224  280  0.551741
225  279  0.550039
227  275  0.369517
228  274  0.370554
229  273  0.365037
230  272  0.30638
230  274  0.0101835
230  275  0.167561
230  314  0.127197
231  253  0.0181794
231  274  0.168509
231  313  0.128017
232  272  0.239137
232  312  0.128201
233  247  0.0102206
233  271  0.329343
233  311  0.125245
234  250  0.032491
234  307  0.0346541
235  246  0.0267843
235  249  0.0361329
235  256  0.0552226
235  270  0.419106
235  306  0.122097
235  309  0.0606832
236  245  0.0270102
236  248  0.0348078
236  255  0.0551346
236  269  0.419592
236  305  0.121442
237  244  0.0264677
237  254  0.0501807
237  268  0.418174
237  304  0.119567
237  307  0.0399282
238  245  0.0150085
238  246  0.0116291
238  267  0.413355
238  303  0.118334
238  305  0.0400898
238  306  0.0459483
239  244  0.0273529
239  250  0.0639219
239  266  0.384418
239  304  0.0886876
240  246  0.0152722
240  249  0.0768152
240  303  0.0908481
241  248  0.0641343
241  302  0.0804381
242  302  0.0123381
244  261  0.410817
244  300  0.181428
245  260  0.41975
245  299  0.217802
246  259  0.420325
246  298  0.217898
247  258  0.414192
248  296  0.220313
249  295  0.222167
250  255  0.0151233
250  294  0.220861
251  293  0.205084
253  291  0.128521
254  290  0.22218
255  289  0.222808
256  288  0.221906
257  272  0.125166
258  271  0.434593
259  270  0.435078
260  269  0.433161
261  268  0.412617
262  267  0.27127
274  287  0.197493
275  286  0.222098
276  285  0.222072
277  284  0.174249
287  304  0.0440451
288  303  0.0852044
288  311  0.0201358
289  300  0.0335375
289  302  0.0844244
289  310  0.0176072
290  299  0.0385403
290  301  0.0595328
291  298  0.0376001
291  301  0.0310928
292  300  0.0581052
292  309  0.182542
292  348  0.0639862
292  487  0.13427
293  299  0.0576014
293  308  0.183945
293  347  0.0640718
293  486  0.133533
294  298  0.0336311
294  304  0.0452203
294  307  0.184028
294  346  0.054281
294  485  0.119373
295  303  0.0698199
295  306  0.186969
295  484  0.0381157
296  302  0.056349
296  305  0.182147
296  344  0.0899695
297  343  0.10128
298  303  0.150119
298  342  0.104773
299  341  0.103921
300  340  0.0911638
301  332  0.0125317
302  331  0.0134584
302  338  0.0569055
303  337  0.0575821
304  336  0.05625
305  328  0.320539
305  335  0.0190404
306  327  0.346586
306  335  0.0160834
307  326  0.349038
307  334  0.0165872
308  325  0.347147
308  332  0.0150855
309  324  0.335166
309  331  0.0153316
310  328  0.0152536
311  324  0.0234825
311  327  0.0201687
311  360  0.011936
312  322  0.0178271
312  323  0.0656008
312  326  0.0200529
312  359  0.0119507
313  320  0.195136
313  322  0.0768459
313  323  0.011919
313  325  0.0167651
313  344  0.0162303
313  358  0.0118559
314  320  0.0740415
314  322  0.0147955
314  343  0.0205068
315  323  0.0106762
315  342  0.0232258
316  341  0.022193
318  536  0.0148735
319  535  0.0157676
320  333  0.0331107
320  337  0.0319242
320  411  0.251128
320  519  0.0319691
320  534  0.0130037
321  332  0.0372973
321  336  0.0321449
321  410  0.261714
321  518  0.032193
322  331  0.0378639
322  335  0.0311992
322  409  0.262648
322  517  0.0321491
323  330  0.0364293
323  408  0.25933
323  514  0.0123895
323  516  0.0202792
324  334  0.0189572
324  513  0.022901
324  531  0.0104464
325  333  0.0188931
325  361  0.0498925
325  512  0.0231449
325  530  0.0104414
326  331  0.0546785
326  360  0.0606682
326  404  0.248915
326  511  0.0231988
326  529  0.0104118
327  359  0.0607915
327  403  0.248403
327  510  0.0227201
328  402  0.228266
328  509  0.0214017
329  344  0.0116375
330  343  0.0127143
330  386  0.200719
331  342  0.0130435
331  354  0.0134931
331  385  0.231068
331  484  0.253004
332  353  0.0134989
332  355  0.0733003
332  384  0.23086
332  483  0.281035
333  352  0.0135321
333  354  0.0983773
333  382  0.287686
333  482  0.295247
334  339  0.0727874
334  351  0.0135023
334  353  0.0985292
334  381  0.291499
334  481  0.295256
335  350  0.0104776
335  352  0.0985701
335  380  0.291779
335  480  0.295176
336  351  0.0975453
336  379  0.290656
336  479  0.293217
337  350  0.01678
337  378  0.286115
337  478  0.261888
338  350  0.0235524
338  376  0.259243
338  477  0.21466
339  348  0.0728421
339  349  0.0253903
339  375  0.266157
339  474  0.0753978
339  478  0.0258007
340  374  0.278408
340  375  0.01073
340  473  0.097538
340  477  0.0428131
341  373  0.280784
341  472  0.0977883
341  476  0.0651591
342  372  0.27532
342  470  0.102072
342  475  0.0697081
343  469  0.0935138
343  476  0.0159854
344  475  0.0190548
345  474  0.0202125
346  466  0.102143
346  473  0.0198317
347  371  0.365435
347  465  0.141415
347  471  0.0408481
348  370  0.366185
348  388  0.041243
348  464  0.145797
348  470  0.0406354
349  369  0.365993
349  387  0.0415319
349  463  0.145821
349  469  0.0403452
350  462  0.0698806
351  367  0.269577
351  371  0.010506
351  385  0.0548561
351  461  0.066054
352  366  0.269589
352  370  0.0102454
352  384  0.0549009
352  460  0.139348
353  364  0.0112797
353  365  0.25695
353  367  0.118766
353  382  0.18448
354  363  0.252681
354  366  0.119166
354  381  0.187261
355  365  0.119478
355  380  0.186385
356  364  0.0842796
356  466  0.0106188
357  364  0.0314823
357  378  0.160777
357  465  0.0108361
358  363  0.0523797
358  377  0.1518
358  464  0.010913
359  377  0.0287444
359  463  0.0108386
360  376  0.0249822
361  375  0.0166947
361  376  0.155368
362  375  0.188728
363  374  0.204757
364  373  0.21518
365  372  0.215336
366  371  0.212252
369  383  0.0156669
370  382  0.017019
371  381  0.0170355
372  380  0.0165217
372  474  0.0160761
373  473  0.0168701
374  472  0.0169141
375  470  0.0307476
376  469  0.0443031
377  468  0.0717149
378  467  0.0716674
379  465  0.0251636
379  466  0.0473487
380  462  0.0106962
380  464  0.0486724
381  461  0.0108535
382  460  0.0108674
382  463  0.0766901
383  462  0.0372117
383  514  0.0101074
384  402  0.247192
384  403  0.0519754
384  461  0.0423459
384  513  0.0156329
385  401  0.325608
385  460  0.0838458
385  512  0.015636
386  459  0.0793687
386  511  0.0154815
387  395  0.0166573
387  399  0.618844
387  400  0.0140259
387  510  0.0144059
388  394  0.015857
388  398  0.624566
388  509  0.0106549
389  397  0.622397
389  458  0.249119
390  396  0.564403
390  457  0.274981
391  456  0.286333
392  455  0.288535
393  454  0.289975
394  453  0.290434
394  470  0.0373186
395  451  0.292619
395  469  0.0378893
396  450  0.292412
396  468  0.0385338
397  449  0.292933
397  467  0.0312981
398  448  0.290949
398  464  0.0404517
399  447  0.288046
399  463  0.0406449
400  462  0.0406489
401  443  0.246494
401  445  0.0166416
402  442  0.290728
403  441  0.29245
403  459  0.0399046
404  440  0.291753
404  458  0.0380249
406  438  0.28788
407  437  0.283476
407  455  0.0396979
408  436  0.237645
408  454  0.0377738
409  414  0.245322
409  435  0.0434959
410  452  0.0280257
411  417  0.0199224
414  451  0.0361967
414  532  0.246984
415  450  0.0382618
415  531  0.26364
416  449  0.0387227
416  530  0.263619
417  448  0.0369457
417  464  0.0102022
417  529  0.175903
418  434  0.29603
418  447  0.0343524
418  463  0.0104031
418  528  0.0880849
418  529  0.0908142
419  433  0.30119
419  462  0.0104115
419  528  0.178657
420  432  0.303698
420  445  0.0299551
420  461  0.0101396
420  527  0.266172
421  431  0.303072
421  444  0.0299282
421  526  0.266745
422  430  0.302656
422  525  0.266774
423  429  0.275196
423  439  0.0123113
423  524  0.266533
424  428  0.160239
424  438  0.0131525
424  456  0.346487
424  523  0.266279
425  437  0.0122979
425  455  0.366782
425  522  0.261593
426  436  0.0109725
426  454  0.38411
426  465  0.0102891
426  521  0.22858
427  453  0.40887
427  520  0.182802
428  452  0.440712
428  519  0.135143
429  451  0.480269
430  443  0.0242641
430  450  0.48652
430  461  0.0108291
431  442  0.0314602
431  448  0.150471
431  449  0.415387
431  460  0.0107933
431  520  0.0143998
432  441  0.0319628
432  447  0.373022
432  448  0.222027
432  459  0.0112383
432  519  0.0160819
433  440  0.0317378
433  445  0.010897
433  446  0.569752
433  518  0.0163784
434  439  0.0205862
434  444  0.0113137
434  445  0.564482
435  442  0.0133377
435  516  0.0167489
436  441  0.0103563
436  515  0.016863
437  442  0.497926
437  514  0.0155617
438  453  0.0186634
439  452  0.0188508
440  451  0.0188592
440  511  0.017075
441  450  0.0105412
441  510  0.0169415
442  509  0.0163756
443  449  0.0113999
443  508  0.010184
450  520  0.0101105
452  518  0.0865583
454  516  0.152374
455  515  0.169533
456  514  0.173653
457  513  0.17457
458  511  0.0210145
458  512  0.151111
458  514  0.0138927
459  503  0.0141036
459  510  0.0425226
459  513  0.0158636
460  502  0.0141212
460  509  0.0424655
460  510  0.119666
460  513  0.061677
461  508  0.0455457
461  511  0.02399
461  512  0.0613569
462  507  0.037271
462  510  0.0261225
463  499  0.0141394
463  509  0.0242602
463  510  0.0721608
464  498  0.014095
464  507  0.033011
464  509  0.0721239
465  497  0.0132739
465  506  0.0169264
465  508  0.0725297
466  506  0.281565
467  495  0.0139024
467  505  0.32417
468  494  0.0141389
468  504  0.326777
469  493  0.014142
469  503  0.327292
470  492  0.0140685
470  502  0.327307
471  501  0.327219
472  500  0.287097
474  497  0.313017
475  496  0.327145
476  495  0.326289
477  494  0.308126
478  491  0.0156576
479  489  0.36349
480  488  0.386308
480  532  0.0417607
481  487  0.388129
481  531  0.0896562
482  486  0.315013
482  529  0.0107489
484  528  0.206165
485  527  0.215469
486  526  0.217522
487  525  0.217331
488  493  0.0142782
488  524  0.158857
489  537  0.0189365
490  536  0.0446088
491  535  0.0487712
492  534  0.0491786
493  532  0.057693
494  521  0.293748
494  531  0.0581844
495  520  0.476262
495  530  0.0579869
496  519  0.537378
496  529  0.0577192
497  518  0.53524
498  516  0.0186452
498  517  0.433224
499  517  0.0139109
500  514  0.524634
500  515  0.0507939
501  513  0.653549
502  512  0.653815
503  511  0.653634
504  510  0.635804
510  528  0.0105329
511  527  0.0107615
512  526  0.0108295
513  525  0.0108228
514  524  0.0102003
516  527  0.0475295
517  526  0.05496
518  525  0.0495873
519  524  0.0120858
