2  789  0.154399
2  913  0.209183
3  788  0.31155
3  912  0.251635
4  787  0.311124
4  911  0.245015
5  786  0.311542
6  784  0.259514
6  785  0.156377
6  912  0.386664
7  783  0.415893
7  911  0.380424
8  782  0.415825
8  910  0.378698
9  781  0.416124
10  780  0.415256
10  909  0.578402
11  779  0.412168
11  908  0.582573
12  778  0.407924
12  907  0.582559
13  776  0.0112173
13  777  0.404992
13  906  0.582738
14  775  0.0143622
14  776  0.393777
14  905  0.580438
15  775  0.299241
15  904  0.575786
16  770  0.269578
16  773  0.0247879
16  774  0.091712
16  903  0.542385
17  102  0.0200038
17  769  0.276768
17  772  0.0723953
17  901  0.0118645
18  101  0.0239748
18  768  0.251363
18  771  0.0878683
18  902  0.0234428
19  135  0.0157673
19  770  0.101511
19  900  0.0100761
20  99  0.0385264
20  105  0.0468805
20  131  0.0159445
20  134  0.0152836
20  766  0.355118
20  769  0.0862961
21  98  0.0421857
21  104  0.0595451
21  130  0.0176706
21  133  0.0138343
21  765  0.487786
22  97  0.0422408
22  103  0.0607462
22  764  0.501089
23  102  0.0606211
23  128  0.0572722
23  763  0.499864
24  93  0.491395
24  127  0.0586769
25  92  0.856601
25  126  0.0591613
26  125  0.0590322
27  90  0.893601
27  100  0.0277254
27  124  0.0585883
28  89  0.941474
28  99  0.0277539
29  88  0.955857
29  98  0.02777
30  87  0.957524
30  97  0.0277858
31  86  0.955913
31  96  0.0261515
32  85  0.950752
32  94  0.0201022
33  84  0.92938
33  93  0.0202032
34  92  0.0201593
35  91  0.0192589
37  78  0.948022
38  77  0.946873
39  76  0.925518
40  78  0.0177082
41  77  0.0174755
42  76  0.0113952
43  72  0.980174
44  71  0.988634
45  70  0.989581
47  69  0.990242
48  68  0.991088
49  67  0.9926
50  66  0.982324
53  62  0.0270161
53  63  0.222743
53  64  0.337508
54  61  0.0282907
54  62  0.251561
54  63  0.426919
54  64  0.0395517
55  61  0.241212
55  62  0.429143
55  63  0.0447048
56  61  0.379069
56  62  0.0425801
56  63  0.0102347
57  61  0.0215331
73  92  0.0110056
74  91  0.0108864
76  89  0.0178516
77  88  0.0209725
78  87  0.0212063
79  86  0.0212912
80  85  0.0183082
90  123  0.0634076
91  122  0.0637063
92  121  0.0637884
93  120  0.0616831
93  760  0.203015
94  117  0.0396287
94  119  0.0288833
94  759  0.464304
95  116  0.0643145
95  758  0.495771
95  902  0.170855
96  115  0.0668771
96  757  0.501298
96  901  0.254111
97  114  0.0671318
97  756  0.503131
97  900  0.280517
98  113  0.065843
98  755  0.501518
98  899  0.276074
99  112  0.0627929
99  753  0.497639
100  111  0.0546787
100  752  0.499273
100  897  0.273211
101  751  0.492399
101  896  0.273015
101  898  0.0160202
102  750  0.357725
102  895  0.25411
102  897  0.0169697
103  108  0.0418695
103  114  0.0105956
103  746  0.396898
104  113  0.0113069
104  745  0.479677
105  112  0.0113052
105  744  0.491578
106  111  0.0105043
106  743  0.496759
107  742  0.501047
107  892  0.195841
108  741  0.500855
108  891  0.204045
109  740  0.496461
109  895  0.0282513
109  897  0.0256955
110  739  0.491184
110  894  0.0312485
110  896  0.0244344
111  733  0.189448
111  738  0.298414
111  893  0.0322154
111  894  0.0228004
112  732  0.145263
112  737  0.129762
112  892  0.0317518
112  893  0.0246918
113  731  0.27105
113  891  0.027764
113  892  0.0258196
114  730  0.795338
114  891  0.0245243
115  729  0.818607
116  199  0.046056
116  724  0.0118131
116  728  0.82203
117  198  0.0525742
117  723  0.0123847
117  727  0.821911
118  197  0.0531482
118  722  0.0125108
118  726  0.820214
119  196  0.0533722
119  721  0.0126189
119  725  0.82007
120  195  0.0535398
120  720  0.012683
120  724  0.817532
121  194  0.0536095
121  719  0.0125475
121  723  0.799597
122  193  0.0535949
122  722  0.678704
123  166  0.0110123
123  192  0.0535977
124  165  0.0111422
124  191  0.0534949
124  711  0.23335
125  164  0.0111988
125  190  0.053577
125  710  0.233552
125  719  0.597706
126  163  0.011191
126  189  0.0533741
126  709  0.233422
126  718  0.597793
127  138  0.0490427
128  137  0.0565487
128  185  0.0130122
128  707  0.0459757
128  714  0.0160826
128  716  0.437952
129  136  0.0558616
129  184  0.0132402
129  706  0.0497828
129  713  0.0168308
129  715  0.476373
130  183  0.0125556
130  714  0.386662
133  146  0.844944
133  900  0.0153969
134  145  0.845992
134  899  0.0140155
135  144  0.845661
136  710  0.0154786
136  719  0.0671273
137  142  0.823811
137  709  0.0155455
137  718  0.0671758
138  708  0.0155102
138  717  0.0675327
139  707  0.0152235
139  716  0.0679052
140  162  0.0222097
140  706  0.0149897
140  715  0.0678834
141  161  0.0236183
141  188  0.0368717
141  714  0.0566188
142  160  0.0244704
142  187  0.036895
143  159  0.0245254
143  186  0.0366276
144  158  0.0245758
144  185  0.0363884
144  710  0.0141021
144  711  0.0400843
146  157  0.0145411
146  184  0.0363011
146  709  0.0449314
147  156  0.0138088
147  183  0.0361041
148  182  0.0338087
148  707  0.66149
149  181  0.0265754
149  706  0.718066
150  705  0.804379
151  704  0.806958
152  703  0.805529
153  702  0.804315
154  701  0.801983
155  700  0.78815
156  699  0.778763
156  717  0.0808349
157  175  0.0158394
157  700  0.0181124
157  716  0.09236
158  697  0.785857
158  699  0.0209644
158  715  0.0927734
159  173  0.0389541
159  696  0.769976
159  698  0.0212846
160  172  0.0403284
160  697  0.021509
160  713  0.109363
161  171  0.0403198
161  694  0.766996
161  696  0.020833
161  712  0.110526
162  170  0.0402077
162  693  0.782984
162  695  0.0197636
162  711  0.111681
163  169  0.0315348
163  641  0.0105418
163  710  0.111666
164  640  0.0105816
164  709  0.11165
165  690  0.770774
165  708  0.101907
166  689  0.798276
166  707  0.0635234
167  688  0.534435
168  687  0.271546
168  688  0.295834
169  365  0.0477904
169  687  0.562416
170  364  0.06924
170  632  0.0100386
170  686  0.828785
171  363  0.0694421
171  685  0.837362
172  178  0.0104112
172  362  0.0695123
172  684  0.837686
173  361  0.0694621
173  651  0.0107382
173  683  0.818928
174  360  0.0691749
174  605  0.0161931
174  650  0.011152
174  682  0.648456
175  359  0.0678739
175  649  0.0114634
175  680  0.241752
176  604  0.830358
176  648  0.0114682
177  603  0.853204
177  647  0.0114609
178  602  0.854982
178  646  0.011413
179  601  0.854015
180  208  0.0190899
180  600  0.853797
181  207  0.0506848
181  599  0.854038
182  206  0.0507512
182  594  0.0115732
182  598  0.8093
183  205  0.0507337
183  593  0.0223159
183  594  0.0206513
183  595  0.0393618
184  204  0.0502148
184  207  0.0115029
184  596  0.0858987
185  203  0.0271832
185  206  0.0115253
185  591  0.75291
185  595  0.077132
186  205  0.0108092
186  590  0.833663
186  594  0.0316637
187  589  0.851379
187  593  0.0226367
188  203  0.0305205
188  588  0.856052
189  202  0.0415435
189  587  0.855703
190  586  0.855399
190  589  0.0162097
191  201  0.106911
191  584  0.0686649
191  585  0.691977
191  588  0.016186
192  200  0.309043
192  583  0.282358
192  587  0.0161709
193  199  0.224875
193  582  0.0359979
193  586  0.01369
194  582  0.496045
195  577  0.0106141
195  581  0.503905
196  576  0.0120146
196  580  0.411914
197  575  0.0135537
197  585  0.0244952
198  574  0.0133991
198  578  0.322563
198  584  0.0103106
199  573  0.0112805
199  577  0.316013
200  574  0.03322
200  582  0.0518658
200  737  0.0480167
201  573  0.0323599
201  577  0.0111012
201  581  0.0568057
201  736  0.0484888
202  574  0.0416634
202  580  0.0571633
202  584  0.256312
202  735  0.0485408
203  572  0.100201
203  573  0.020964
203  579  0.0529409
203  583  0.270601
203  734  0.0417818
204  571  0.122372
204  574  0.448165
204  582  0.270521
204  733  0.0417027
205  570  0.115397
205  573  0.449844
205  581  0.201183
206  569  0.0873346
206  572  0.44972
206  581  0.0272082
207  359  0.223114
207  571  0.445152
207  580  0.053969
207  730  0.0234058
208  357  0.575111
208  358  0.172446
209  356  0.813033
209  357  0.117974
210  355  0.913024
210  356  0.0631734
211  354  0.979581
212  353  0.982324
213  352  0.98082
214  351  0.651789
215  350  0.326728
215  351  0.336791
216  350  0.66541
217  349  0.997134
218  348  0.996432
219  347  0.996003
220  346  0.996439
221  280  0.0417726
221  340  0.0345764
221  345  0.922622
222  279  0.380155
222  339  0.14131
222  344  0.410438
223  278  0.668175
223  338  0.250508
224  277  0.692585
224  337  0.251098
224  340  0.0145233
225  276  0.688715
225  336  0.244542
225  339  0.0102416
226  275  0.670294
226  334  0.107207
226  335  0.136916
227  253  0.0432941
227  274  0.614673
227  333  0.213178
227  334  0.0308751
228  251  0.0853822
228  252  0.329555
228  273  0.101333
228  332  0.243049
229  250  0.0582645
229  331  0.24249
230  249  0.0293094
230  250  0.549637
230  288  0.0134712
230  330  0.239895
231  249  0.679062
231  287  0.0168446
231  329  0.239977
232  248  0.73573
232  286  0.0207164
232  328  0.23812
233  247  0.735665
233  285  0.0207564
233  327  0.236675
234  246  0.732003
234  284  0.0201168
235  244  0.308706
235  283  0.0164771
235  284  0.0485848
235  293  0.184306
236  243  0.30605
236  244  0.426476
236  282  0.0126772
236  283  0.0579052
236  292  0.184465
237  243  0.423485
237  282  0.0616711
237  291  0.184436
238  242  0.161338
238  281  0.0651915
238  290  0.182227
239  280  0.0649816
239  289  0.162442
240  279  0.0621218
240  284  0.0163296
241  278  0.0458935
241  279  0.0141134
241  283  0.0165468
242  278  0.0205228
243  277  0.0180989
244  277  0.0887483
244  280  0.0141832
244  285  0.0292363
245  276  0.099651
245  279  0.0136566
245  284  0.0290166
246  275  0.100665
247  282  0.0208275
248  274  0.166143
248  280  0.0634349
249  273  0.165327
249  279  0.0634294
250  272  0.147976
250  278  0.0634189
251  277  0.0627237
252  274  0.0147411
253  269  0.0111299
254  269  0.983754
255  268  0.98953
256  267  0.992132
257  266  0.99243
258  265  0.973641
276  287  0.0386204
276  343  0.0118468
277  286  0.0476841
277  342  0.0129337
278  285  0.0425639
278  288  0.0301669
278  341  0.0133349
279  287  0.0377188
279  340  0.0139593
280  286  0.0405325
280  338  0.144545
281  336  0.701122
282  335  0.739506
283  334  0.739991
284  333  0.739591
285  332  0.739989
286  331  0.739369
287  315  0.0114117
288  314  0.0152532
289  313  0.0178225
289  328  0.145804
290  312  0.0173604
291  327  0.133814
292  326  0.129556
292  327  0.052919
293  326  0.0558773
294  313  0.804619
295  312  0.805209
296  311  0.402984
297  311  0.552162
298  310  0.997471
299  309  0.997284
300  308  0.997615
301  307  0.970254
312  320  0.0220674
313  319  0.0232449
314  327  0.256346
315  326  0.605066
316  325  0.807058
317  324  0.841415
317  330  0.0210513
318  323  0.849362
318  329  0.0251894
319  328  0.0260949
357  570  0.035498
358  569  0.0424614
358  570  0.018647
359  569  0.0211907
360  567  0.779922
361  566  0.875717
362  565  0.883427
363  564  0.87993
364  410  0.0437085
364  563  0.858871
365  409  0.762439
365  707  0.0209635
366  408  0.922896
366  706  0.0743657
367  407  0.924634
367  705  0.0749554
368  406  0.923891
368  704  0.0749024
369  405  0.924721
369  703  0.0749608
370  404  0.924454
370  702  0.0741017
371  403  0.9247
372  402  0.915617
372  701  0.0641588
373  700  0.0644035
374  400  0.911813
374  699  0.064235
375  399  0.916117
375  698  0.0599064
376  398  0.897544
377  695  0.0710402
378  396  0.35938
378  397  0.0502742
378  694  0.0732303
379  693  0.07326
382  392  0.908904
383  391  0.921451
383  689  0.0215947
384  390  0.894261
384  687  0.0744524
385  686  0.0744567
387  684  0.0735533
388  683  0.0732625
390  681  0.0749455
391  680  0.0750158
392  679  0.0748375
393  678  0.0732538
394  677  0.0520464
399  643  0.0106041
400  641  0.0442773
401  640  0.0443954
402  639  0.0400309
403  638  0.0279603
404  600  0.0540227
404  637  0.0129839
405  599  0.0709085
406  598  0.0131344
407  597  0.0108291
408  596  0.0697366
409  555  0.0132709
409  559  0.0198113
409  595  0.0741654
410  554  0.0243365
410  558  0.0514786
410  562  0.304067
410  594  0.0742776
411  553  0.0289557
411  557  0.0536461
411  561  0.336524
411  593  0.0743319
412  552  0.0290766
412  556  0.0435487
412  560  0.315364
412  592  0.0712149
413  551  0.0289515
414  550  0.0277837
414  558  0.127193
414  590  0.042025
416  547  0.0272017
417  435  0.132683
417  546  0.0280846
417  587  0.0770299
417  734  0.0112866
418  434  0.132452
418  545  0.028088
418  556  0.691807
418  586  0.0770611
418  733  0.011311
419  433  0.103233
419  544  0.0271448
419  555  0.698683
419  558  0.0150135
419  585  0.0770765
419  732  0.0119045
420  543  0.024131
420  554  0.69956
420  557  0.0163324
420  584  0.0771182
420  731  0.0123668
421  553  0.699025
421  556  0.0163188
421  582  0.0768519
421  730  0.0123644
422  491  0.0376706
422  551  0.168137
422  581  0.0767361
423  490  0.0447543
423  493  0.015329
423  550  0.167672
423  571  0.0117116
423  580  0.0762514
424  489  0.0447241
424  501  0.0987124
424  570  0.012123
425  488  0.0445363
425  500  0.10677
425  509  0.0119357
425  569  0.0121053
426  487  0.0440601
426  499  0.108713
426  502  0.0309725
426  508  0.0141971
426  568  0.0119701
427  486  0.0385994
427  498  0.100029
427  501  0.0328166
427  507  0.013895
427  567  0.0108091
428  500  0.0276005
428  506  0.0111
429  501  0.0970145
430  498  0.0104251
430  500  0.105656
430  509  0.18663
431  497  0.0101155
431  499  0.108113
431  502  0.0123047
431  508  0.217146
432  498  0.0996897
432  501  0.0128576
432  507  0.22029
433  459  0.223202
433  506  0.218544
434  458  0.297674
434  468  0.0148703
434  505  0.214382
435  448  0.227542
435  457  0.361517
435  561  0.0101487
436  447  0.22888
436  456  0.354779
436  466  0.0331989
437  446  0.227375
437  465  0.0389293
438  445  0.19924
438  454  0.383052
438  464  0.0411254
438  555  0.107272
438  558  0.11293
439  453  0.390338
439  463  0.0413242
439  554  0.114214
439  557  0.11934
440  451  0.390351
440  461  0.0417082
440  553  0.114271
440  556  0.119362
441  450  0.37007
441  460  0.0416264
441  552  0.107679
441  555  0.106059
442  459  0.0410719
442  551  0.0713697
443  458  0.0367238
445  456  0.0365357
446  455  0.039686
446  503  0.0114207
447  454  0.0369644
447  502  0.0135703
448  501  0.0132487
449  500  0.0115259
449  507  0.0509478
450  506  0.0563028
451  501  0.052106
451  505  0.0588456
452  500  0.0543726
454  501  0.244538
455  498  0.0107701
455  500  0.261807
456  496  0.0151132
456  499  0.267963
457  498  0.256575
458  494  0.353089
458  497  0.230298
459  493  0.453292
459  496  0.195542
460  492  0.749087
461  491  0.525032
462  493  0.16609
463  489  0.24034
463  492  0.171273
464  488  0.7548
464  491  0.170964
465  487  0.595787
465  490  0.167824
467  485  0.925568
468  484  0.937146
468  487  0.0104367
469  483  0.936627
470  481  0.992648
471  480  0.992848
472  479  0.991872
473  478  0.804831
483  502  0.0136648
484  501  0.0162535
485  500  0.0166105
486  499  0.016838
487  498  0.0169015
488  497  0.0168657
489  496  0.0164083
504  551  0.426193
505  549  0.0145809
505  550  0.480544
505  554  0.111584
506  548  0.0141614
506  549  0.43629
506  553  0.111906
507  548  0.421834
507  552  0.116924
508  547  0.467109
508  551  0.117745
509  550  0.117486
509  552  0.014909
510  546  0.540671
510  551  0.0210592
511  545  0.540818
511  549  0.407264
511  550  0.0144265
512  543  0.546047
512  548  0.416316
513  542  0.549511
513  547  0.423276
514  541  0.549988
514  546  0.423151
515  540  0.53983
516  539  0.46555
516  542  0.0299291
517  543  0.217105
518  540  0.0207736
518  541  0.397469
518  542  0.017315
519  539  0.0413618
519  540  0.401596
520  539  0.399569
521  537  0.958426
522  536  0.997034
523  535  0.997233
524  534  0.989238
525  533  0.977363
526  532  0.93424
527  531  0.54336
556  579  0.0103175
561  573  0.0543761
562  572  0.0573558
563  571  0.0579846
564  570  0.0472206
565  569  0.0274679
570  580  0.0211911
571  579  0.054443
572  578  0.0494087
573  728  0.0238348
574  727  0.0322078
575  726  0.0345587
576  725  0.0351592
577  724  0.0354928
578  723  0.0336528
580  721  0.027588
581  720  0.0358126
582  719  0.0358625
583  718  0.0358427
584  684  0.0160398
585  683  0.0160693
586  681  0.0291795
587  680  0.0291892
588  679  0.028996
589  678  0.0274538
590  677  0.0238663
597  642  0.0371389
598  641  0.0510578
599  640  0.0510797
600  639  0.0508308
601  638  0.0442051
602  637  0.043831
603  636  0.0490252
608  619  0.0179316
608  632  0.0545875
609  618  0.0167049
609  631  0.0541122
610  630  0.0520395
610  638  0.0711499
611  629  0.0428478
611  637  0.08196
612  622  0.0252445
612  636  0.0857969
613  621  0.0285337
613  635  0.086873
614  620  0.0276025
614  634  0.0861781
615  633  0.0791275
616  631  0.0102251
618  632  0.0150679
618  680  0.0179293
619  629  0.0114967
619  631  0.0302545
619  673  0.02849
619  677  0.485716
619  679  0.0418469
619  681  0.0105694
620  628  0.0116831
620  630  0.0372382
620  631  0.0198301
620  672  0.028742
620  676  0.668257
620  678  0.0352882
620  679  0.0221954
621  629  0.0461263
621  630  0.02082
621  671  0.0260139
621  675  0.666331
621  677  0.0323283
621  678  0.0218845
623  628  0.198174
623  673  0.725077
623  674  0.0146658
624  672  0.727322
624  673  0.0135016
625  671  0.718683
626  670  0.623751
626  671  0.0113454
627  670  0.0152687
629  669  0.104313
631  667  0.739204
632  666  0.801001
633  665  0.801187
634  664  0.798162
635  663  0.762405
639  661  0.772619
640  660  0.788248
640  681  0.0665583
641  659  0.741486
641  680  0.0664055
642  651  0.0798455
643  648  0.0540846
643  649  0.037904
643  650  0.0820674
643  659  0.0559354
644  648  0.0145789
644  649  0.0624352
644  658  0.217797
645  655  0.235247
645  657  0.248487
646  654  0.263185
646  656  0.246404
646  676  0.147922
647  653  0.262608
647  654  0.10607
647  675  0.148224
648  653  0.0984484
648  654  0.0221334
648  674  0.148377
649  653  0.0265327
649  656  0.046924
649  673  0.148353
650  656  0.0537307
650  672  0.14454
651  655  0.0205964
652  670  0.0250779
653  669  0.0222013
665  706  0.0133798
666  705  0.0136116
667  704  0.0136116
668  703  0.0135472
672  699  0.0136877
673  698  0.0137021
674  697  0.0136632
675  696  0.0104948
682  714  0.0100129
684  713  0.0116977
685  712  0.0120114
686  711  0.0120391
687  710  0.0120292
691  717  0.0368327
692  716  0.0403868
693  705  0.0155773
693  715  0.0407867
694  704  0.016439
694  714  0.0403952
695  703  0.0154594
695  713  0.032804
698  711  0.0407076
699  710  0.0414273
700  709  0.0418844
701  708  0.0391483
702  707  0.0308522
712  722  0.0161461
713  719  0.145771
713  721  0.0473736
714  718  0.0555557
714  720  0.0536386
715  719  0.0439159
719  730  0.0189245
720  729  0.0195033
721  728  0.0186303
723  896  0.029774
724  895  0.0344992
725  894  0.0351467
726  893  0.0347822
727  892  0.0312064
729  892  0.0179753
731  890  0.465133
732  889  0.473683
733  888  0.474431
734  887  0.475062
735  886  0.470282
736  885  0.43193
738  756  0.0433444
739  755  0.0433946
739  758  0.291669
739  868  0.019388
740  754  0.0427896
740  757  0.330286
740  867  0.0205287
740  880  0.011253
741  753  0.0315509
741  756  0.341502
741  866  0.0207329
741  879  0.0119965
742  755  0.336316
743  751  0.0107387
743  754  0.306838
743  766  0.0519019
744  765  0.0687036
745  751  0.0114503
745  764  0.0627313
746  751  0.0468232
746  754  0.0168308
746  763  0.064189
747  753  0.0278492
747  762  0.0735798
748  752  0.0230904
748  756  0.0109141
748  761  0.0739422
749  760  0.0741706
750  759  0.073979
751  758  0.0634658
760  882  0.307729
761  881  0.368894
762  880  0.384943
763  879  0.389803
764  878  0.387954
766  845  0.177082
766  873  0.0120233
767  844  0.198192
767  872  0.0122235
767  899  0.0131087
767  902  0.0233756
768  843  0.207991
768  865  0.170621
768  871  0.0119839
768  898  0.0182183
768  901  0.0329912
769  842  0.210252
769  864  0.227319
769  870  0.0115727
769  897  0.0197853
769  900  0.0358383
770  841  0.210439
770  863  0.218299
771  840  0.185275
771  863  0.0117048
771  896  0.0217718
771  898  0.0384849
772  788  0.0138628
772  790  0.137356
772  862  0.211613
772  895  0.0230291
772  897  0.0403974
773  789  0.130547
773  860  0.010615
773  861  0.208777
773  894  0.0230385
773  896  0.0385406
774  789  0.0137999
774  792  0.0103596
774  859  0.0160461
774  860  0.190197
774  893  0.0203709
775  786  0.0513841
775  787  0.0967493
775  791  0.0121935
775  858  0.0202482
776  785  0.0770444
776  786  0.122329
776  787  0.0289739
776  788  0.0315707
776  790  0.0122134
776  857  0.0180073
776  858  0.0267442
776  890  0.0574137
777  784  0.0763965
777  785  0.126238
777  786  0.0767601
777  787  0.0159745
777  857  0.0549209
777  889  0.057362
777  890  0.014316
778  783  0.0638097
778  784  0.122133
778  785  0.100211
778  786  0.0107071
778  888  0.0569907
778  889  0.0143958
779  783  0.0465072
779  784  0.098722
779  785  0.0208569
779  858  0.0161122
779  886  0.0191463
779  888  0.0143302
780  853  0.0233037
780  855  0.108364
780  857  0.0178979
781  850  0.0109863
781  852  0.0219974
781  854  0.114313
781  856  0.0190819
782  849  0.0127932
782  853  0.113224
782  855  0.019048
783  852  0.0829639
783  854  0.0166311
784  848  0.197401
784  850  0.0109436
785  847  0.198979
785  848  0.0108422
785  908  0.012939
785  910  0.0158655
786  846  0.19557
786  847  0.0106688
786  852  0.0335509
786  907  0.0103961
786  908  0.0212914
786  909  0.0118933
786  910  0.0179307
787  851  0.0639469
787  907  0.0363982
787  909  0.0305534
788  850  0.0669641
788  906  0.0411623
788  908  0.0326477
789  842  0.408858
789  849  0.0666408
789  911  0.0196447
790  841  0.455571
790  848  0.0622777
790  906  0.035965
790  908  0.0395039
790  910  0.0376598
791  840  0.457888
791  843  0.0144433
791  847  0.0435423
791  905  0.0313494
791  907  0.035501
791  909  0.03354
792  842  0.0336643
792  845  0.0105677
793  839  0.932005
793  841  0.0326123
794  838  0.936813
794  840  0.0298427
795  837  0.952335
795  839  0.0184945
796  836  0.979175
797  835  0.984084
798  834  0.986149
799  833  0.986612
800  832  0.98839
801  831  0.986471
802  830  0.981564
803  828  0.0466852
803  829  0.920212
804  827  0.093397
805  825  0.973145
806  824  0.978182
807  823  0.975698
808  820  0.0178022
809  819  0.0259819
809  820  0.101191
810  818  0.0263361
810  819  0.115072
810  820  0.805828
811  817  0.0223532
811  818  0.11351
811  819  0.80674
811  820  0.0104895
812  817  0.0676837
812  818  0.759321
812  819  0.0101206
841  870  0.0101776
841  897  0.172853
842  869  0.010222
842  896  0.173234
843  868  0.0101595
843  895  0.172304
844  892  0.0282483
844  894  0.156648
845  893  0.133088
845  905  0.0109275
847  866  0.0205887
847  879  0.0194392
847  889  0.166764
847  890  0.0376997
847  900  0.0116688
847  903  0.225049
848  864  0.0693471
848  866  0.0807606
848  878  0.019495
848  888  0.170944
848  889  0.0340026
848  899  0.0117053
848  902  0.226248
849  863  0.0692541
849  865  0.0811428
849  877  0.0190904
849  887  0.174431
849  898  0.0117332
849  901  0.226929
850  862  0.0660202
850  864  0.0804897
850  886  0.170763
850  888  0.0274431
850  897  0.0116469
850  900  0.227082
851  873  0.0203406
851  899  0.214316
852  872  0.0215601
853  859  0.0379756
853  861  0.0217159
853  871  0.0200652
853  896  0.192834
854  858  0.0177238
854  895  0.212229
855  869  0.0233735
855  883  0.0269911
855  894  0.195237
856  868  0.0251753
857  867  0.0158713
857  881  0.222837
857  892  0.214307
858  865  0.0104858
858  867  0.043006
858  880  0.261956
858  891  0.229921
859  864  0.0114211
859  866  0.0580198
859  879  0.269579
859  890  0.232304
860  878  0.267643
860  889  0.231395
862  887  0.169509
863  870  0.0176814
863  886  0.154324
863  888  0.0521143
864  874  0.224538
864  887  0.0520078
865  873  0.187554
866  874  0.225476
867  873  0.213755
872  881  0.132292
873  880  0.157552
874  879  0.159755
899  907  0.0114173
900  906  0.0119605
903  908  0.0101309
906  912  0.0198923
911  921  0.0486053
912  920  0.0609037
913  919  0.0496364
