1  17  0.0103424
1  21  0.0137971
1  23  0.0480557
1  32  0.12295
2  16  0.0117684
2  20  0.0133243
2  22  0.0637546
2  31  0.138629
3  12  0.013471
3  15  0.012062
3  21  0.0688786
3  26  0.664287
3  30  0.140842
4  11  0.0126622
4  14  0.0119552
4  25  0.665323
4  29  0.140525
5  13  0.0111293
5  24  0.658993
5  28  0.13718
6  17  0.0631009
6  23  0.643522
6  27  0.117491
7  16  0.0650303
7  18  0.0227138
7  22  0.577024
7  71  0.0123573
8  15  0.063191
8  17  0.0247252
8  23  0.101096
8  25  0.0163319
8  70  0.0131837
9  16  0.0236326
9  19  0.0167009
9  20  0.0936233
9  22  0.105507
10  18  0.0148312
10  19  0.138859
10  20  0.170554
11  18  0.0687016
11  19  0.243271
11  20  0.263822
11  67  0.0219654
12  18  0.260662
12  19  0.34207
12  20  0.0333304
12  66  0.0226889
13  18  0.278115
13  19  0.0301681
14  64  0.0195353
15  63  0.0200562
16  62  0.0202211
18  36  0.0139394
18  61  0.0300494
19  35  0.0133661
19  60  0.0300711
20  59  0.0300731
21  33  0.0153358
21  58  0.0300717
22  32  0.0155452
22  57  0.0291197
23  31  0.0150424
29  71  0.0143068
29  72  0.102165
30  71  0.187342
31  70  0.196789
32  49  0.0276615
32  71  0.0409502
33  48  0.0300244
33  69  0.905612
33  70  0.0329813
34  47  0.0300335
34  68  0.913956
34  69  0.0330966
35  46  0.0288976
35  67  0.941938
36  45  0.0269545
36  66  0.942369
37  65  0.94138
37  68  0.0134964
38  64  0.941331
38  67  0.0255204
39  63  0.940437
39  66  0.0273352
40  62  0.582677
40  65  0.0275
41  64  0.0276821
42  63  0.0182986
44  61  0.967158
45  60  0.969179
46  59  0.969171
47  58  0.927782
48  58  0.0370923
49  56  0.312923
49  57  0.0722973
50  55  0.74473
50  56  0.0696131
