1  72  0.998574
2  71  0.999727
3  70  0.999759
4  69  0.999271
5  68  0.999435
6  67  0.978987
7  66  0.707374
9  17  0.239099
9  64  0.0133306
10  16  0.279804
10  25  0.0604861
11  15  0.227133
11  24  0.0605141
11  39  0.233823
11  42  0.0827909
12  23  0.0604697
12  38  0.218512
12  41  0.0837774
13  22  0.0602929
13  40  0.0837477
15  36  0.0847196
18  32  0.926174
19  31  0.931934
20  30  0.932103
21  29  0.931472
22  28  0.919277
26  47  0.0145027
27  43  0.0119477
27  46  0.0172578
28  42  0.0343363
28  45  0.0171848
29  41  0.0344943
30  40  0.0331228
30  44  0.0190856
31  39  0.0304287
31  43  0.0191931
32  42  0.0193176
33  41  0.0192782
34  40  0.0181102
40  65  0.843169
41  64  0.846039
43  62  0.962361
44  61  0.968635
45  60  0.968786
46  59  0.967553
47  58  0.972589
48  57  0.972855
49  56  0.952993
49  65  0.0261786
50  55  0.590197
50  64  0.0262514
51  63  0.0262918
52  62  0.0260204
53  61  0.0246301
