3  250  0.988068
4  249  0.993221
5  248  0.996304
6  247  0.997164
7  246  0.997076
9  245  0.97076
10  244  0.967589
12  242  0.181564
13  229  0.0112625
14  228  0.0112001
15  239  0.845756
16  226  0.0134818
16  238  0.855145
17  225  0.0142235
17  236  0.0206993
17  237  0.822993
18  224  0.0137593
18  235  0.0388384
18  236  0.569266
19  233  0.788679
19  234  0.0286265
20  232  0.84951
21  223  0.0431816
21  231  0.849241
22  222  0.0378102
22  230  0.748488
23  223  0.0565845
23  224  0.271224
23  225  0.0469027
24  223  0.279729
24  224  0.0369144
25  39  0.017666
25  221  0.714964
25  222  0.141994
26  38  0.0219935
26  220  0.924469
27  37  0.0220344
27  219  0.925948
28  36  0.0212431
28  43  0.0453312
28  218  0.925947
29  42  0.0453131
29  217  0.925641
30  216  0.673118
31  38  0.883585
31  160  0.0121468
32  37  0.876123
32  159  0.012202
36  178  0.0102214
37  156  0.0199704
38  155  0.0278799
39  154  0.0284211
39  214  0.836852
40  153  0.0291026
40  213  0.890015
41  152  0.0290937
41  212  0.890046
42  151  0.0291098
42  211  0.890632
43  150  0.0290766
43  210  0.888903
44  149  0.0196546
45  105  0.0168262
45  183  0.0245272
45  205  0.0131118
45  208  0.450797
45  223  0.0633175
46  104  0.0168591
46  182  0.0246787
46  222  0.062974
47  103  0.016657
47  181  0.0241749
47  205  0.0749275
48  205  0.137591
48  220  0.0675972
49  178  0.0143734
49  202  0.777972
49  219  0.0679537
50  84  0.0417874
50  177  0.0137651
50  201  0.81305
50  218  0.0681945
51  83  0.0431426
51  173  0.0100502
51  200  0.805393
51  217  0.0678829
52  82  0.0432078
52  173  0.0171962
52  199  0.791999
52  200  0.0116028
53  81  0.0431973
53  172  0.0177572
53  196  0.65464
53  199  0.0193942
53  213  0.052955
54  80  0.0398143
54  171  0.0168759
54  195  0.662415
54  197  0.0127667
54  198  0.026708
54  212  0.0533359
55  77  0.0131971
55  194  0.663317
55  211  0.0533961
56  76  0.0134179
56  165  0.0225632
56  193  0.662418
56  196  0.136013
56  210  0.053337
56  213  0.0116965
57  75  0.0129711
57  195  0.13593
57  209  0.046875
57  212  0.0116994
58  77  0.0280108
58  84  0.0893128
58  162  0.665374
58  194  0.135275
58  211  0.0116848
59  76  0.0277396
59  83  0.0927534
59  161  0.674827
59  193  0.134679
59  210  0.0116158
60  82  0.0930024
60  160  0.711223
61  81  0.0926342
61  103  0.026437
61  159  0.710687
62  78  0.0885291
62  102  0.026911
62  108  0.0168973
62  149  0.0109333
62  156  0.21999
62  158  0.512729
63  77  0.0964616
63  101  0.0269222
63  107  0.023876
63  148  0.0113118
63  155  0.432095
63  157  0.328855
64  73  0.0107533
64  74  0.0111572
64  76  0.0951704
64  100  0.02413
64  106  0.0238007
64  147  0.0112804
64  154  0.587873
65  72  0.0130435
65  73  0.0114116
65  75  0.0919591
65  105  0.0231813
65  146  0.0111019
65  153  0.635905
66  71  0.0130623
66  72  0.0114205
66  74  0.0880238
66  145  0.0107395
66  152  0.648273
67  101  0.0260414
67  151  0.650681
67  155  0.0758732
67  201  0.0108403
68  72  0.0239249
68  100  0.026192
68  150  0.646653
68  154  0.0703149
68  200  0.0106079
69  99  0.0257827
69  149  0.555601
70  98  0.0215822
73  87  0.33705
74  86  0.338836
74  144  0.441401
75  85  0.340637
75  143  0.451
76  84  0.342169
76  129  0.0183547
76  142  0.454365
77  83  0.340398
77  128  0.0183628
77  141  0.450756
78  82  0.129578
78  127  0.0160657
81  111  0.279165
81  140  0.183593
82  110  0.279336
82  139  0.219592
83  109  0.268458
83  138  0.220615
84  137  0.221521
85  96  0.0336509
85  136  0.199731
85  204  0.0322552
86  95  0.0460117
86  106  0.327152
86  133  0.0278224
86  135  0.148565
86  184  0.0123407
86  203  0.039387
87  94  0.047872
87  105  0.339346
87  132  0.032903
87  183  0.0136396
87  202  0.0398287
88  93  0.0299936
88  104  0.340859
88  182  0.0135189
89  94  0.0373683
89  103  0.3382
89  132  0.0233567
89  181  0.0133363
89  199  0.05921
90  134  0.0934602
90  198  0.0610715
91  133  0.104091
91  197  0.0617833
92  132  0.104498
92  153  0.0116352
92  196  0.0621017
93  100  0.0186257
93  145  0.0152007
93  152  0.0116261
93  195  0.0618569
94  99  0.0167699
94  101  0.0297424
94  110  0.013246
94  144  0.0179038
94  151  0.01148
94  194  0.0610437
95  109  0.0136427
95  143  0.0175004
96  108  0.0119998
96  142  0.0138824
98  106  0.0119996
98  119  0.0581071
99  105  0.0124257
99  118  0.0661746
101  116  0.201967
101  153  0.12368
101  196  0.0107039
102  115  0.204592
102  152  0.124341
102  195  0.0107803
103  111  0.0110142
103  114  0.251008
103  151  0.124574
103  185  0.0235203
103  194  0.010847
104  112  0.0236554
104  113  0.231657
104  150  0.121808
104  184  0.0219362
104  193  0.0107717
105  110  0.0158608
105  111  0.0439453
105  149  0.0513477
105  189  0.0202605
106  182  0.0191531
106  188  0.0197651
107  181  0.0131815
108  146  0.0148939
108  147  0.0320422
108  184  0.018324
109  145  0.0136821
109  146  0.0371785
109  184  0.0861049
110  183  0.0942786
111  181  0.136253
112  143  0.158371
112  180  0.14392
113  142  0.187064
113  179  0.145955
114  141  0.191961
114  178  0.146229
115  126  0.0749464
115  139  0.532996
115  140  0.0136386
115  177  0.140599
116  125  0.0753115
116  138  0.539507
116  176  0.133479
117  124  0.0746065
117  137  0.542893
117  159  0.0116378
122  131  0.747134
123  130  0.747424
123  132  0.0505263
124  129  0.736731
124  131  0.0516159
125  130  0.0485227
125  160  0.0945541
126  141  0.0170365
126  159  0.0951296
127  140  0.0341824
127  158  0.0941399
128  139  0.0366356
128  157  0.0904964
130  138  0.148832
131  137  0.148918
136  156  0.0229408
137  155  0.0299143
139  153  0.149694
140  152  0.152309
141  148  0.011644
141  151  0.153357
142  150  0.14208
154  174  0.014031
154  182  0.0213153
155  173  0.0150475
155  181  0.0229316
158  170  0.0163907
158  178  0.051532
159  169  0.0170202
159  177  0.106861
160  168  0.0167461
160  176  0.107012
161  167  0.016442
161  174  0.274918
162  173  0.287769
163  172  0.321857
163  213  0.0208525
164  171  0.309035
164  212  0.021011
165  185  0.0206263
165  189  0.0279704
165  191  0.011379
165  211  0.0210794
166  174  0.0185166
166  182  0.0169828
166  188  0.026863
166  190  0.0107734
167  173  0.0196359
167  181  0.0174983
167  183  0.122349
167  210  0.0211275
168  184  0.0650547
168  209  0.0218772
169  181  0.144286
169  183  0.0707372
169  208  0.0222298
170  180  0.14302
170  182  0.0690006
171  179  0.142123
171  186  0.059088
171  190  0.0757314
172  177  0.165869
172  185  0.0664597
172  186  0.0612732
172  189  0.103865
172  192  0.0681077
173  177  0.050634
173  179  0.0103149
173  185  0.0701071
173  188  0.103572
173  191  0.0675469
174  183  0.0803389
174  184  0.0424722
174  187  0.102911
175  182  0.13492
175  186  0.0913913
176  181  0.121408
177  208  0.0110329
178  185  0.114215
178  207  0.0121176
179  184  0.0834075
179  206  0.0118329
180  195  0.0117998
180  205  0.0101333
181  194  0.0134758
182  193  0.0136611
183  189  0.0144346
183  191  0.0134416
183  192  0.0162632
183  211  0.0113716
184  190  0.0108209
188  206  0.0790357
189  205  0.0860908
190  204  0.0853108
192  202  0.090744
193  201  0.0921339
194  200  0.0907784
202  207  0.0239692
223  229  0.183404
224  228  0.0700629
225  233  0.0109331
226  232  0.0109991
226  243  0.118102
227  242  0.120433
228  241  0.120898
229  240  0.120398
231  238  0.0684305
231  239  0.0452603
232  238  0.0456634
233  237  0.01743
