2  22  0.360055
2  497  0.0334024
2  499  0.012093
2  502  0.0686992
3  77  0.0126242
3  496  0.0741165
3  498  0.0130335
3  501  0.0823085
4  20  0.556201
4  76  0.0124849
4  113  0.0252909
4  495  0.0739536
4  496  0.0101348
4  500  0.0606142
4  501  0.014611
5  19  0.595074
5  74  0.0171198
5  108  0.133048
5  112  0.0254456
5  494  0.0491395
5  500  0.0112645
6  18  0.594944
6  73  0.0166709
6  107  0.131972
6  111  0.0199154
6  493  0.0325734
6  504  0.0113444
7  17  0.592811
7  106  0.126141
7  503  0.0138882
8  16  0.590866
8  70  0.0107608
8  105  0.0507663
8  107  0.0451842
8  109  0.0222931
8  502  0.0145095
9  15  0.574106
9  69  0.0112326
9  108  0.0286196
9  501  0.0137281
10  14  0.398086
10  66  0.0120869
10  105  0.229902
10  107  0.0230532
11  22  0.0120024
11  65  0.0180601
11  104  0.323956
12  21  0.012412
12  64  0.0187097
12  103  0.343433
13  20  0.0101805
13  63  0.0177077
13  102  0.343781
14  62  0.0176892
14  101  0.338029
15  61  0.0173617
15  100  0.263306
16  60  0.0154539
16  99  0.183841
21  26  0.0236835
25  505  0.0264622
26  504  0.027894
27  57  0.918837
28  56  0.990975
29  55  0.991002
30  54  0.996999
31  53  0.997012
32  52  0.984367
34  50  0.988369
35  49  0.997697
36  48  0.996242
39  45  0.871903
58  508  0.460588
59  507  0.495514
60  100  0.0803413
60  506  0.451254
61  99  0.159099
62  98  0.2932
62  503  0.508453
63  97  0.330189
63  502  0.539316
64  96  0.340076
64  501  0.545507
65  95  0.3399
65  374  0.0776234
65  500  0.462323
66  93  0.354261
66  373  0.56615
67  92  0.354096
67  372  0.566866
68  91  0.353496
68  371  0.567118
69  90  0.352535
69  370  0.567261
70  369  0.439466
71  89  0.345482
71  510  0.0130149
72  88  0.344912
72  509  0.0239216
73  79  0.397438
73  87  0.347714
73  508  0.0258738
74  78  0.323038
74  86  0.342532
74  90  0.0480804
74  364  0.0114412
74  507  0.0259438
75  85  0.203951
75  89  0.050397
75  365  0.0171359
75  506  0.0210841
76  85  0.0493717
76  88  0.0254072
76  90  0.010678
76  364  0.0176435
77  85  0.0102128
77  88  0.0989397
77  504  0.0107095
78  83  0.0257754
78  84  0.0103268
78  87  0.130704
78  508  0.0105185
79  86  0.130108
79  507  0.0109486
80  85  0.069865
80  365  0.40063
81  364  0.431641
82  365  0.0107987
83  364  0.0115852
84  361  0.471158
85  360  0.496193
86  359  0.496138
87  358  0.496446
88  357  0.368344
89  357  0.133767
90  356  0.169052
91  354  0.600001
92  353  0.615328
93  352  0.616905
94  351  0.616839
95  350  0.613366
96  349  0.613027
97  348  0.606655
98  347  0.591682
99  346  0.547659
101  218  0.587629
102  217  0.621276
103  216  0.621205
104  215  0.621547
105  214  0.621929
106  213  0.622583
106  501  0.0192887
107  212  0.602598
107  470  0.0480714
107  500  0.0178308
108  469  0.0673646
108  507  0.0108501
109  468  0.078848
110  208  0.600152
110  209  0.0102428
110  466  0.268969
110  467  0.0130656
111  207  0.620646
111  465  0.32621
112  206  0.621405
112  464  0.328473
113  205  0.619792
113  463  0.328698
114  201  0.35732
114  204  0.196542
114  462  0.3293
115  200  0.365997
115  201  0.0835452
115  203  0.123305
115  461  0.328972
115  501  0.0185292
116  460  0.326882
116  500  0.0186288
117  199  0.605492
117  459  0.305152
117  499  0.01865
118  198  0.623091
118  457  0.0164146
118  458  0.0864626
118  498  0.0186559
119  197  0.623128
119  437  0.289639
120  196  0.623546
120  436  0.312345
120  497  0.0106445
121  128  0.0102265
121  195  0.623154
121  435  0.31483
122  194  0.597806
122  434  0.314372
123  193  0.541818
123  433  0.31233
124  192  0.379347
124  194  0.0201453
124  432  0.111726
125  189  0.0146182
125  190  0.107273
125  193  0.0590761
126  186  0.0297106
126  189  0.108125
126  190  0.0214909
126  192  0.181728
126  430  0.282302
127  185  0.0375493
127  187  0.199081
127  188  0.0599652
127  191  0.2575
127  376  0.0246279
127  379  0.0111173
127  429  0.279815
128  184  0.0377579
128  186  0.248359
128  190  0.263985
128  375  0.0248409
128  378  0.0111899
129  174  0.0261678
129  183  0.0368377
129  185  0.162681
129  188  0.11674
129  374  0.0248144
129  377  0.0112386
129  426  0.280939
130  182  0.0268199
130  183  0.127521
130  187  0.115966
130  373  0.024865
130  376  0.0112293
130  425  0.282025
130  426  0.0190107
131  182  0.120328
131  372  0.0241068
131  424  0.259093
132  171  0.0142314
134  179  0.0142632
134  369  0.0210373
135  171  0.0237915
135  368  0.0213298
136  367  0.0204008
136  372  0.0102765
137  169  0.433447
137  366  0.0127517
137  371  0.0123821
138  168  0.874044
138  370  0.0124704
139  167  0.947044
140  166  0.946229
140  365  0.0509767
141  165  0.946107
142  164  0.94725
143  163  0.937974
143  362  0.0499065
144  160  0.393144
144  161  0.0127404
144  162  0.507161
144  361  0.0524933
145  159  0.891023
145  360  0.0525331
146  158  0.905586
146  359  0.0525218
147  157  0.905727
147  160  0.036264
147  358  0.0283536
148  156  0.906715
148  159  0.0394314
148  357  0.0284004
149  155  0.905838
149  158  0.03938
149  356  0.0525322
150  154  0.344828
150  157  0.0390248
150  355  0.0525043
151  156  0.0316985
151  354  0.0524612
152  353  0.0524546
153  352  0.0524098
154  351  0.0523997
155  350  0.0510183
156  349  0.0369216
157  348  0.0307097
158  218  0.0169075
159  217  0.01785
159  346  0.0168304
160  216  0.0175133
161  215  0.0165478
162  207  0.0407325
163  206  0.0461896
164  205  0.0462272
165  204  0.0458638
166  203  0.0431507
168  188  0.0240887
168  201  0.044822
169  174  0.0359684
169  187  0.0245688
169  200  0.0447315
169  423  0.287489
170  185  0.284704
170  422  0.300706
171  184  0.0736953
171  421  0.304727
172  420  0.304881
173  182  0.297793
173  419  0.305097
174  180  0.0820555
174  181  0.301412
174  418  0.305221
175  179  0.0318974
175  417  0.219306
176  416  0.14121
179  189  0.146332
179  202  0.0101373
179  392  0.0157839
179  397  0.102827
179  414  0.0282935
180  188  0.174756
180  201  0.0104773
180  396  0.123333
180  413  0.0426577
181  187  0.173839
181  200  0.0104673
181  395  0.123188
181  412  0.0418
182  186  0.0661753
182  389  0.110158
182  391  0.0676711
182  394  0.0975535
183  388  0.121306
183  390  0.0832893
185  388  0.015843
185  390  0.080433
186  198  0.0478907
187  197  0.0479359
187  385  0.312745
188  196  0.047218
188  384  0.31324
189  383  0.313148
190  195  0.0117717
190  382  0.313412
191  381  0.313242
192  380  0.313048
193  379  0.313381
195  378  0.313387
196  377  0.313391
197  376  0.313408
198  375  0.313258
199  207  0.0682678
199  374  0.18961
200  206  0.105217
200  350  0.0337874
201  205  0.0654492
201  217  0.0183541
201  349  0.0342934
202  216  0.0184041
202  348  0.0256134
202  372  0.0177622
203  224  0.0373502
203  371  0.0217308
204  223  0.0499151
205  213  0.0180594
205  222  0.0542073
205  373  0.0421963
206  212  0.0169197
206  221  0.0541182
206  356  0.0107934
206  368  0.0179267
206  372  0.0420995
207  211  0.0117606
207  220  0.0470983
207  355  0.0106781
207  370  0.0459125
207  371  0.0408536
208  369  0.0795756
209  368  0.0815965
209  369  0.030309
210  367  0.0734519
210  368  0.0336235
211  216  0.0108249
211  367  0.0341866
212  365  0.129955
212  366  0.0181964
213  364  0.147656
213  370  0.0100693
216  361  0.142763
217  360  0.142189
218  359  0.138455
221  350  0.26014
222  349  0.277387
223  348  0.278694
224  347  0.279354
225  346  0.277996
226  342  0.936935
227  341  0.946266
228  340  0.947125
228  342  0.0368822
229  339  0.914432
229  341  0.0374696
230  338  0.913547
230  340  0.037497
233  254  0.0907904
234  253  0.794975
235  253  0.012754
236  251  0.977647
237  250  0.98477
238  249  0.985568
239  248  0.986933
240  247  0.982824
241  246  0.710826
254  316  0.104002
254  318  0.63831
254  339  0.0736873
255  315  0.105396
255  317  0.676088
255  338  0.0741771
256  316  0.683803
256  337  0.198125
257  314  0.335329
257  315  0.456024
257  336  0.198029
258  313  0.563303
258  314  0.229122
258  335  0.198129
259  312  0.793772
259  334  0.198609
260  311  0.792322
260  333  0.158616
261  310  0.701382
261  333  0.0371745
262  308  0.0723938
262  331  0.084214
262  332  0.0740799
263  307  0.0713853
263  308  0.726938
263  330  0.0674756
263  331  0.0594975
265  306  0.946625
266  305  0.98923
267  304  0.996573
268  303  0.996779
269  302  0.741861
270  301  0.720416
270  302  0.251866
271  301  0.253691
274  299  0.843031
275  298  0.984332
276  297  0.995282
277  296  0.993714
278  295  0.995184
279  294  0.991988
281  293  0.990979
282  292  0.993444
283  291  0.991554
284  290  0.99038
285  289  0.719264
309  328  0.185221
309  331  0.0113554
310  327  0.186699
310  330  0.0115831
311  326  0.187289
311  329  0.011697
312  325  0.187484
312  328  0.0116976
313  324  0.0938933
314  324  0.105541
315  323  0.199279
316  322  0.196802
317  321  0.0749264
322  337  0.791057
323  336  0.791616
324  335  0.791211
325  334  0.791381
326  333  0.620991
348  361  0.0168873
349  360  0.022867
350  359  0.0234055
351  358  0.0517076
351  364  0.0211497
352  357  0.0387079
352  360  0.039719
352  363  0.0218559
352  373  0.0134777
353  359  0.0375969
353  362  0.0218549
353  372  0.0131322
354  358  0.022018
354  361  0.0195457
354  371  0.0120671
358  372  0.0497025
359  371  0.0677474
360  370  0.0692087
361  369  0.0659192
367  504  0.0248391
368  503  0.0463646
369  502  0.05274
370  501  0.0545017
371  500  0.0532397
372  499  0.0215597
374  499  0.380529
375  498  0.605806
376  497  0.602695
377  469  0.389429
378  468  0.656993
379  467  0.657137
380  430  0.0112642
380  466  0.656286
381  429  0.0154563
381  465  0.656024
382  464  0.655405
383  427  0.173589
383  463  0.4547
384  426  0.375126
384  462  0.29171
385  425  0.375231
385  461  0.291273
386  424  0.196362
386  460  0.267011
387  424  0.187439
387  458  0.0474492
387  460  0.0128089
388  423  0.3859
388  425  0.0586489
388  457  0.0467495
389  422  0.383053
389  424  0.0608779
389  458  0.0877188
390  420  0.0513295
390  423  0.0647401
390  457  0.0916467
391  419  0.0526187
391  420  0.0228891
391  422  0.0625335
392  419  0.0255726
393  417  0.66029
394  416  0.768038
395  415  0.795723
396  414  0.794546
398  411  0.899159
399  410  0.987689
400  409  0.987814
401  408  0.984148
418  441  0.0162619
418  457  0.0272032
419  456  0.0276494
420  455  0.0256922
422  437  0.159059
423  436  0.167394
424  434  0.228105
425  433  0.241727
426  432  0.240247
427  431  0.0914711
431  463  0.125059
432  462  0.373764
433  461  0.374366
434  460  0.374395
435  459  0.37459
436  441  0.0111896
436  453  0.0355989
436  457  0.028379
436  458  0.27314
437  452  0.0272654
439  452  0.651794
440  451  0.842307
441  450  0.854651
442  449  0.712836
445  453  0.0392746
446  452  0.0318695
467  496  0.012767
467  498  0.225452
468  497  0.22549
469  494  0.273871
469  495  0.0171957
469  496  0.187752
470  493  0.859355
471  492  0.978474
472  491  0.993526
473  490  0.997233
474  489  0.997233
475  488  0.997085
477  487  0.988177
478  486  0.98815
479  485  0.979237
480  484  0.372767
