2  31  0.735811
3  30  0.979877
4  29  0.979568
5  28  0.973198
5  851  0.0108996
6  850  0.0108846
9  24  0.809731
9  25  0.0195181
10  23  0.923636
10  24  0.0206088
11  22  0.943325
11  23  0.0195343
12  21  0.946991
12  22  0.0165415
13  20  0.872635
34  867  0.875959
35  866  0.953996
36  778  0.0119635
36  865  0.95919
37  777  0.0138197
37  864  0.958266
38  165  0.83132
38  776  0.164069
39  164  0.831704
39  775  0.164132
40  163  0.831682
40  774  0.164131
41  162  0.831699
41  773  0.166921
42  161  0.831726
42  772  0.166884
43  160  0.831712
43  771  0.165993
44  159  0.83074
45  158  0.829237
46  135  0.0224291
46  157  0.714647
46  770  0.159923
47  127  0.0112614
47  134  0.0225886
47  139  0.197508
47  156  0.525659
47  769  0.164774
48  56  0.117982
48  126  0.0347031
48  133  0.0231985
48  138  0.616909
48  768  0.164956
49  55  0.118468
49  125  0.0347178
49  131  0.023601
49  137  0.617171
49  766  0.017374
49  767  0.149163
50  54  0.0497129
50  124  0.0343676
50  130  0.0235376
50  136  0.609617
50  765  0.033108
50  766  0.128888
51  116  0.0164972
51  123  0.0332019
51  129  0.0233517
51  135  0.592235
51  764  0.0347121
52  115  0.096589
52  763  0.0324266
53  114  0.111614
53  763  0.0100992
54  113  0.115623
54  761  0.163358
55  112  0.116362
55  126  0.0537201
55  133  0.0313756
55  149  0.0122823
55  760  0.16581
56  125  0.0538499
56  131  0.381459
56  148  0.0122145
56  759  0.165829
57  109  0.163113
57  130  0.381527
57  144  0.0213845
57  758  0.165701
58  96  0.0152291
58  102  0.178105
58  108  0.168501
58  123  0.0690478
58  129  0.263144
58  143  0.0225698
58  150  0.10683
58  741  0.0472036
58  745  0.0194494
58  757  0.0558449
59  95  0.0154763
59  101  0.180954
59  108  0.0177734
59  122  0.070297
59  142  0.0225723
59  149  0.106691
59  740  0.0482707
59  744  0.0215407
60  94  0.0154223
60  100  0.168631
60  105  0.221763
60  107  0.016443
60  121  0.0689247
60  128  0.0111269
60  141  0.0225024
60  146  0.01685
60  148  0.0950471
60  739  0.0362813
60  743  0.0185348
61  93  0.0148483
61  104  0.321561
61  106  0.011144
61  120  0.0642925
61  140  0.0218138
61  145  0.0717742
61  147  0.0380385
62  92  0.0136224
62  97  0.231957
62  103  0.366515
62  119  0.0491105
62  124  0.0102558
62  139  0.0218171
62  144  0.092939
62  146  0.0177715
63  96  0.295222
63  102  0.399579
63  123  0.0103822
63  138  0.0134377
63  143  0.115369
64  95  0.29541
64  101  0.399701
64  122  0.0101697
64  126  0.13023
64  142  0.115786
65  94  0.295382
65  100  0.398949
65  125  0.13428
65  137  0.0168249
65  141  0.115786
66  92  0.141971
66  93  0.153091
66  124  0.133723
66  136  0.0167357
66  139  0.0539047
66  140  0.0615772
67  91  0.283834
67  123  0.130066
67  135  0.0163986
67  138  0.107847
68  90  0.283138
68  137  0.107488
69  83  0.867689
70  82  0.886424
71  81  0.887251
71  134  0.0727224
72  80  0.887744
72  89  0.0212669
72  133  0.0735503
73  79  0.8796
73  88  0.0213522
74  78  0.638623
74  87  0.0213591
74  130  0.0880886
75  86  0.021307
75  129  0.0886013
76  85  0.0212186
76  128  0.0885065
77  84  0.0194923
77  127  0.0884731
78  126  0.0884862
79  125  0.0715358
80  125  0.0129528
82  102  0.0334993
82  123  0.0484491
83  101  0.0335198
83  122  0.0482709
85  98  0.29667
86  97  0.442384
86  109  0.0962396
86  134  0.0131022
87  95  0.0107217
87  96  0.478177
87  108  0.158271
87  133  0.0173967
88  107  0.158386
88  132  0.0171889
89  94  0.501709
89  106  0.158285
89  131  0.0163926
90  101  0.0149436
91  100  0.0150943
94  101  0.15281
95  100  0.144263
98  107  0.0136296
98  110  0.127335
99  106  0.0152225
99  109  0.137921
100  108  0.135973
101  106  0.0535425
103  115  0.12447
103  116  0.0182631
104  114  0.157362
104  115  0.0192036
104  116  0.0156852
105  113  0.168748
105  114  0.0187542
105  115  0.0174046
105  735  0.0815472
106  112  0.173685
106  113  0.0169934
106  114  0.0187697
106  126  0.0107166
106  704  0.0289198
106  734  0.103147
106  738  0.0131073
107  113  0.0175365
107  703  0.0289418
107  733  0.106901
107  737  0.0129962
108  702  0.0289497
108  732  0.107892
109  701  0.0273452
109  731  0.108209
110  730  0.105849
110  734  0.0130649
111  733  0.0130436
112  125  0.0101738
112  732  0.0129924
113  727  0.0856476
114  726  0.088689
115  725  0.0889178
116  724  0.0881057
121  689  0.011675
121  722  0.109308
122  131  0.221598
122  688  0.0129621
122  721  0.112035
123  130  0.216699
123  687  0.0129509
123  720  0.112077
124  180  0.0289607
124  719  0.111981
125  179  0.0409512
125  718  0.11188
126  178  0.0422853
126  717  0.111629
127  177  0.0437434
127  716  0.0672357
128  176  0.0441779
128  707  0.0189069
129  144  0.0561271
129  175  0.0443654
129  184  0.010338
129  493  0.029052
129  706  0.0208629
130  135  0.0146688
130  143  0.0585978
130  174  0.0257391
130  183  0.0113792
130  492  0.0296365
131  142  0.0577033
131  174  0.0230629
131  491  0.0297795
131  704  0.0238226
132  173  0.0418521
132  490  0.0297381
132  691  0.0123293
132  703  0.023901
133  141  0.0374272
133  172  0.0490547
133  489  0.0296775
133  690  0.0131123
133  702  0.0239031
134  171  0.048999
134  179  0.020881
134  488  0.0208229
134  689  0.0131068
135  170  0.0488057
135  178  0.0222804
135  688  0.0130476
136  177  0.02226
137  169  0.0145626
137  176  0.02239
137  471  0.0492323
138  175  0.0223959
138  470  0.0493164
141  149  0.140895
141  150  0.395693
141  165  0.0510867
141  440  0.0438836
142  148  0.0484973
142  164  0.0512176
142  439  0.0550244
143  148  0.597398
143  163  0.0506946
143  438  0.0552939
144  162  0.0151648
144  437  0.0558161
145  411  0.0214945
145  436  0.0383797
146  410  0.0237789
146  435  0.0205924
146  436  0.0180037
147  409  0.0245074
147  435  0.0354769
148  162  0.0620662
148  408  0.0248276
148  434  0.0529561
149  161  0.0691853
149  407  0.0248292
149  433  0.0506524
150  160  0.0691632
150  406  0.024818
151  159  0.0618186
151  405  0.020536
156  192  0.0167689
157  191  0.0206785
158  190  0.0224567
158  431  0.0561492
159  189  0.0224571
159  430  0.0567633
160  188  0.0224291
160  429  0.0621701
161  187  0.0200091
161  428  0.0621819
162  175  0.0142551
162  427  0.0621781
163  174  0.0436369
163  426  0.0620308
164  173  0.0437117
164  425  0.0621399
165  172  0.0436579
165  424  0.06207
166  171  0.0286911
167  856  0.0184324
168  855  0.0215703
169  858  0.0100303
170  188  0.0517826
170  853  0.751799
171  852  0.753354
171  854  0.0139727
171  869  0.0141256
172  186  0.0291051
172  851  0.753377
172  853  0.015402
172  868  0.0165797
173  185  0.0618949
173  847  0.0192162
173  850  0.683953
173  852  0.0151262
173  859  0.0268768
173  867  0.0168731
174  184  0.0623245
174  846  0.0385128
174  850  0.0385319
174  858  0.0284706
174  866  0.0169155
175  183  0.0614266
175  843  0.0211802
175  851  0.0105966
175  857  0.0269286
175  865  0.0169051
176  185  0.0142037
176  842  0.0217623
176  846  0.253314
176  847  0.337632
176  850  0.010427
176  864  0.0166566
177  184  0.0158543
177  841  0.0218467
177  845  0.270279
177  846  0.29793
177  854  0.0222043
177  863  0.0145236
178  183  0.0162946
178  840  0.0218271
178  843  0.521854
178  844  0.150808
178  853  0.0236936
179  839  0.0101573
179  842  0.659561
179  852  0.0227316
180  841  0.579978
181  821  0.014306
181  850  0.0186361
182  820  0.0145283
182  839  0.703591
182  849  0.013417
182  859  0.014458
183  838  0.721999
183  858  0.0149556
184  547  0.0139952
184  698  0.0123356
184  819  0.0787085
184  837  0.72338
184  857  0.0136217
185  546  0.0140172
185  697  0.0120932
185  818  0.0787505
185  836  0.719019
185  856  0.0124274
186  545  0.0140303
186  817  0.0788992
187  544  0.0140383
187  816  0.0776395
187  834  0.717746
188  543  0.0140128
188  814  0.0468518
188  833  0.718264
189  410  0.140171
189  832  0.667086
190  409  0.202873
190  819  0.0900378
190  831  0.625312
191  408  0.67881
191  540  0.0109515
191  818  0.109464
191  829  0.0135574
192  407  0.680499
192  539  0.0109416
192  817  0.114949
193  406  0.688625
193  538  0.0109312
193  816  0.115285
194  405  0.688443
194  815  0.111796
195  403  0.848392
195  814  0.107356
196  402  0.986877
197  401  0.987221
198  400  0.98625
199  399  0.983549
200  397  0.990779
201  396  0.990372
202  395  0.990591
203  394  0.992285
204  393  0.994242
205  392  0.995606
206  391  0.993846
207  390  0.977796
208  386  0.0169332
208  389  0.836641
209  230  0.02002
210  229  0.0202001
210  355  0.0772701
210  384  0.68803
211  228  0.0201991
211  354  0.0754732
211  364  0.0182138
211  383  0.703268
212  353  0.0600268
212  363  0.0182539
212  382  0.7048
212  387  0.0917734
213  381  0.647739
213  386  0.0923657
214  225  0.0202156
214  351  0.863319
214  362  0.0179257
214  385  0.0894072
215  224  0.0202242
215  350  0.863758
215  361  0.0179278
215  384  0.0895988
216  223  0.0190234
216  349  0.864384
216  360  0.0182158
216  382  0.0859189
217  348  0.863942
217  359  0.0179938
217  381  0.088687
218  347  0.863849
218  358  0.0124451
218  380  0.0886247
219  346  0.86412
219  379  0.0885653
220  320  0.0376922
220  345  0.78245
221  292  0.0218938
221  319  0.0478874
221  354  0.0419535
221  377  0.0294729
222  288  0.646015
222  291  0.0125283
222  318  0.0502558
222  353  0.0461564
223  249  0.0109491
223  287  0.709491
223  317  0.0515877
223  352  0.047408
223  376  0.0448284
224  248  0.0127885
224  286  0.725379
224  316  0.0515302
224  351  0.0473916
224  375  0.0449831
225  247  0.0129301
225  285  0.725343
225  315  0.0514713
225  350  0.0473209
225  374  0.0449492
226  246  0.0122298
226  284  0.671853
227  248  0.0150421
227  283  0.472122
228  247  0.025295
228  346  0.019186
229  244  0.443619
229  246  0.0257236
229  345  0.0182025
230  244  0.0335368
231  240  0.855771
231  243  0.0267572
232  239  0.983868
233  238  0.997833
241  311  0.0393955
241  387  0.0177485
242  310  0.0427302
242  386  0.019257
243  309  0.0436185
243  385  0.0196765
244  308  0.0437458
244  373  0.0444954
244  384  0.0197823
245  283  0.0187866
245  372  0.0448894
245  383  0.0149772
246  371  0.0449449
247  281  0.58453
247  340  0.134258
247  370  0.0449701
248  280  0.733121
248  339  0.135063
248  369  0.0406953
249  279  0.792019
249  338  0.136089
250  278  0.79152
250  337  0.13561
250  366  0.0176283
251  365  0.0215606
251  367  0.0114307
252  276  0.540228
252  335  0.0289884
252  336  0.036555
252  364  0.0215126
252  366  0.0116417
253  275  0.778929
255  273  0.757412
255  274  0.0303989
255  332  0.129635
255  363  0.0479633
256  272  0.762385
256  273  0.0300285
256  331  0.142865
256  362  0.0486073
257  271  0.792892
257  330  0.146353
257  361  0.0490444
258  270  0.785712
258  329  0.146328
258  360  0.0489991
259  327  0.146112
259  359  0.0486921
260  267  0.0146171
260  268  0.418769
260  269  0.257256
260  326  0.146088
260  358  0.0449859
261  266  0.0191964
261  267  0.430563
261  268  0.250221
261  325  0.146218
261  357  0.0354578
262  324  0.147293
263  323  0.147291
264  322  0.144986
265  321  0.123179
267  319  0.0280212
268  318  0.0231546
270  304  0.122438
271  303  0.178501
272  302  0.18319
273  301  0.183086
275  299  0.154875
276  298  0.185374
277  297  0.185464
278  296  0.186315
279  295  0.186285
280  294  0.182827
281  293  0.164263
282  380  0.0132729
283  379  0.0156096
284  290  0.109021
284  378  0.0172846
285  307  0.0583093
285  377  0.0177497
286  306  0.0583532
286  376  0.0177489
287  305  0.0584164
287  345  0.0197284
287  375  0.0175076
288  304  0.0582139
288  344  0.027512
288  374  0.0148123
289  303  0.0291216
289  343  0.0475286
290  303  0.0301946
290  342  0.0477185
291  302  0.0590492
292  301  0.05919
292  373  0.0109326
293  300  0.0550423
293  372  0.0112612
294  339  0.558818
294  371  0.011278
295  338  0.726412
295  370  0.0112203
296  337  0.726612
297  336  0.726225
298  335  0.719453
299  334  0.608506
301  320  0.148335
301  332  0.330418
301  333  0.0168817
302  319  0.14819
302  331  0.455528
302  332  0.0138207
303  330  0.435827
304  318  0.4858
304  329  0.239608
304  331  0.0119816
305  317  0.73144
305  330  0.012293
306  316  0.869269
307  315  0.870102
307  330  0.010489
308  314  0.86311
308  329  0.0105666
309  313  0.328587
309  328  0.0101255
309  357  0.0211565
310  356  0.0408172
311  355  0.043535
312  354  0.0449437
313  353  0.045215
314  325  0.0140644
314  352  0.0453155
315  324  0.0150098
315  351  0.0453194
316  323  0.0148389
316  350  0.0453048
317  324  0.0907631
317  349  0.0446545
318  323  0.0691382
319  326  0.168603
319  347  0.0421838
320  325  0.179702
320  346  0.0423059
321  330  0.0207147
321  339  0.0831276
322  329  0.125038
322  332  0.102192
322  338  0.102754
323  331  0.17606
323  337  0.102783
323  351  0.0217602
324  330  0.183389
324  350  0.0218472
325  329  0.115732
325  336  0.103516
325  349  0.0227147
326  335  0.10334
326  348  0.0226857
327  334  0.10171
327  347  0.0226752
328  333  0.080034
329  346  0.0227126
330  345  0.0226997
331  344  0.0208459
354  378  0.0136
355  360  0.0184318
355  377  0.0141895
355  382  0.0105177
356  386  0.0100711
358  381  0.088395
359  378  0.0127813
359  380  0.271833
360  376  0.0697636
360  379  0.285206
361  375  0.0842315
361  377  0.819635
362  374  0.0648404
362  376  0.819898
363  373  0.0429217
363  374  0.843825
364  373  0.866033
365  372  0.84165
365  389  0.0135579
366  371  0.683721
366  388  0.020739
367  387  0.0215866
368  386  0.0216404
369  385  0.0217099
370  384  0.0217199
371  383  0.020698
373  382  0.0153038
374  381  0.0112956
403  826  0.0181171
404  825  0.0876537
405  415  0.0205571
405  824  0.110254
406  414  0.0252295
406  823  0.103843
407  413  0.0239483
407  813  0.0959503
407  822  0.106726
408  812  0.0962078
408  821  0.117513
409  811  0.0913234
409  820  0.100768
410  810  0.0755658
410  817  0.232095
411  809  0.0346264
411  816  0.263531
412  722  0.0175515
412  815  0.269237
413  721  0.0208433
413  812  0.122661
413  814  0.262135
414  693  0.0200587
414  720  0.0209436
414  811  0.126194
414  812  0.0604216
414  816  0.0739236
415  692  0.0203348
415  719  0.0206332
415  815  0.0602625
415  823  0.0355978
416  691  0.0203611
416  815  0.0850848
416  822  0.0386923
417  690  0.0203892
417  717  0.0190992
417  812  0.164843
417  814  0.101896
417  821  0.0389711
418  688  0.0202412
418  715  0.0594818
418  811  0.165252
418  812  0.158879
419  687  0.0202263
419  714  0.0608122
419  782  0.573951
419  811  0.15833
420  713  0.0615767
420  781  0.804688
421  712  0.0598376
421  780  0.802179
422  711  0.050236
422  779  0.769278
423  708  0.0429259
423  778  0.770688
424  471  0.0262209
424  707  0.052919
424  776  0.818125
425  470  0.0262349
425  706  0.0537647
425  775  0.818248
426  469  0.0249419
426  526  0.0102601
426  705  0.0536641
426  774  0.816828
427  468  0.0206502
427  525  0.0128588
427  704  0.0533583
427  773  0.818407
428  467  0.0202917
428  524  0.0130004
428  772  0.818263
429  523  0.0130028
429  702  0.0536251
429  771  0.817996
430  487  0.349275
430  522  0.0130297
430  701  0.0546278
430  770  0.266287
431  442  0.019469
431  486  0.368741
431  521  0.01302
431  700  0.0546562
431  770  0.206601
432  441  0.0221174
432  480  0.0190549
432  485  0.368046
432  520  0.0129164
432  699  0.0545581
432  769  0.412752
433  440  0.023509
433  479  0.0356086
433  484  0.251697
433  698  0.0535497
433  768  0.412916
434  439  0.0240811
434  478  0.0356251
434  517  0.0129745
434  767  0.41244
435  477  0.0343728
435  482  0.333653
435  516  0.0129454
435  695  0.0385565
435  766  0.378289
436  481  0.365958
436  515  0.0128949
436  694  0.0502427
436  765  0.251028
437  472  0.0434123
437  480  0.366278
437  514  0.0126738
437  693  0.0525562
437  762  0.0521397
438  471  0.805276
438  487  0.0122038
438  692  0.0111264
439  471  0.0178203
439  486  0.0122161
440  469  0.878021
440  485  0.0109723
441  468  0.947881
442  467  0.956507
443  466  0.975118
444  465  0.990571
445  464  0.998831
446  463  0.996037
447  462  0.993206
448  461  0.988372
449  460  0.598563
450  458  0.108327
450  460  0.257507
451  458  0.118299
452  458  0.434917
470  479  0.0122361
470  763  0.0107253
471  478  0.0122164
471  480  0.0179211
471  762  0.0112243
472  479  0.385187
472  556  0.532119
473  478  0.374834
473  555  0.533174
474  554  0.532515
475  553  0.52906
476  552  0.529322
477  550  0.187813
477  551  0.344772
478  549  0.192234
478  550  0.339831
480  547  0.219942
480  549  0.24697
481  546  0.205082
483  546  0.226519
484  545  0.261355
486  543  0.0183476
486  544  0.503691
487  543  0.504428
488  541  0.275078
488  542  0.254638
488  769  0.273763
489  540  0.525958
489  768  0.39886
490  539  0.525387
490  767  0.398477
491  538  0.524024
491  766  0.399139
492  511  0.0422911
492  765  0.39808
493  510  0.0780208
493  764  0.336661
494  763  0.252955
494  764  0.0596893
495  763  0.128542
496  508  0.506351
496  762  0.197099
497  507  0.856764
497  760  0.1069
498  506  0.856953
498  759  0.107811
499  505  0.833695
499  731  0.0124708
500  730  0.0117181
503  722  0.0552477
504  721  0.0594553
505  720  0.0595395
506  718  0.125445
507  717  0.128143
508  716  0.14052
508  760  0.274247
509  715  0.156692
509  759  0.275422
510  714  0.156983
510  758  0.275154
511  704  0.0168661
511  713  0.154617
511  757  0.217429
512  703  0.0168061
512  712  0.130661
513  541  0.111897
513  702  0.0161333
514  540  0.140582
514  701  0.0125679
514  709  0.0184185
515  708  0.0179215
516  537  0.826851
517  536  0.955908
518  535  0.963267
519  534  0.965723
520  533  0.976737
521  532  0.976798
522  531  0.973483
531  710  0.0116885
532  709  0.0116921
534  708  0.017863
535  707  0.0229271
536  706  0.0330181
537  705  0.054289
538  704  0.181455
539  703  0.181558
540  702  0.181399
541  712  0.0286992
542  551  0.151627
542  711  0.135616
543  550  0.174344
543  709  0.0115536
543  710  0.209418
544  549  0.155546
544  708  0.0118162
544  709  0.209639
545  707  0.018476
545  708  0.196418
546  706  0.0250442
547  705  0.0250688
548  707  0.16996
549  706  0.201547
550  705  0.201332
552  703  0.0208677
553  702  0.0174607
555  703  0.0300846
556  702  0.0335182
558  686  0.904692
559  685  0.993196
560  684  0.995978
561  683  0.992834
562  682  0.996869
563  681  0.999222
564  680  0.999859
565  679  0.999858
566  678  0.998096
567  677  0.999741
568  676  0.998693
569  675  0.994115
570  674  0.998161
571  673  0.992628
573  671  0.840848
573  672  0.0754001
574  670  0.820289
575  670  0.131281
576  668  0.0403606
576  669  0.934617
577  666  0.0209745
577  668  0.934166
578  664  0.074832
578  665  0.0107779
578  667  0.906132
579  610  0.0141043
579  663  0.115229
579  666  0.849452
580  609  0.0151762
580  662  0.122885
584  606  0.986274
585  605  0.992671
586  604  0.994718
587  603  0.97466
588  602  0.876247
589  600  0.014005
592  600  0.0737679
593  599  0.0767796
594  598  0.0389634
594  601  0.0170876
595  600  0.0141452
608  662  0.0323887
609  660  0.306176
609  661  0.0203557
609  663  0.395287
610  659  0.323883
610  662  0.373521
611  658  0.234812
611  664  0.0168623
612  642  0.570412
612  662  0.224438
613  641  0.603041
613  661  0.395888
614  640  0.603063
614  660  0.396539
615  639  0.602902
615  659  0.396392
616  638  0.570419
616  658  0.28458
617  642  0.101266
618  636  0.0619771
618  640  0.333791
618  641  0.0568809
619  639  0.383637
620  635  0.0922993
621  634  0.089039
621  637  0.500345
622  636  0.499075
623  632  0.341495
624  631  0.360702
624  634  0.622268
625  630  0.357536
625  633  0.630451
626  632  0.609963
643  657  0.988718
644  656  0.993479
645  655  0.996143
646  654  0.995271
647  653  0.807732
686  702  0.0127844
687  701  0.852868
688  700  0.854382
689  699  0.85329
690  698  0.845223
691  696  0.0148978
699  716  0.0120675
700  715  0.0149082
701  714  0.0149587
702  713  0.0149208
702  760  0.395527
703  759  0.393773
704  758  0.396825
705  710  0.0165326
705  757  0.363225
706  757  0.102878
707  753  0.370074
707  756  0.13973
708  752  0.442849
708  755  0.139811
709  751  0.444104
709  754  0.13868
710  715  0.0188757
710  751  0.141369
711  749  0.526682
711  750  0.127496
712  748  0.577897
712  749  0.109724
713  747  0.643162
713  748  0.0680339
714  745  0.0142841
714  746  0.688128
715  744  0.0162243
715  745  0.686157
715  746  0.0205225
716  743  0.0173416
717  744  0.634783
719  742  0.724558
720  729  0.051294
720  741  0.743413
721  728  0.0515623
721  740  0.743494
722  727  0.0512001
722  739  0.743047
723  728  0.0554699
723  738  0.740531
723  829  0.0100345
724  737  0.702047
724  828  0.0100743
725  735  0.655846
725  827  0.0100206
726  734  0.660759
726  735  0.05564
727  733  0.666643
727  734  0.0488881
728  732  0.486277
731  758  0.0979144
732  757  0.120666
733  756  0.120611
734  755  0.120484
735  754  0.0886345
737  752  0.119224
738  751  0.119721
740  748  0.134935
741  747  0.131873
746  751  0.108284
760  821  0.0105485
761  820  0.0105733
762  819  0.0103187
778  789  0.010597
778  861  0.108027
779  788  0.0150702
779  860  0.133483
780  787  0.0160613
780  859  0.140087
781  786  0.016229
781  858  0.140909
782  840  0.016359
782  857  0.106007
783  809  0.740803
783  839  0.0163779
784  808  0.823597
784  838  0.0163658
785  807  0.82419
786  806  0.811254
786  819  0.0667249
787  818  0.0639049
788  804  0.0194215
789  803  0.0102238
789  804  0.501604
790  803  0.804737
790  815  0.0200933
791  802  0.846426
792  801  0.848263
792  814  0.107585
793  800  0.848039
793  813  0.135289
794  799  0.80443
794  812  0.135306
795  811  0.13468
797  808  0.148453
798  807  0.149885
799  806  0.150036
800  805  0.143465
811  829  0.0149878
811  853  0.0249774
812  828  0.0148699
812  851  0.0666106
813  850  0.0667223
814  825  0.03223
814  829  0.0349196
814  853  0.0123855
815  824  0.03929
815  852  0.0124015
816  823  0.0402997
816  828  0.0266437
816  836  0.0176767
816  851  0.0121799
817  822  0.0367932
817  826  0.0175275
817  827  0.0253588
817  835  0.0272618
818  834  0.0341695
819  833  0.0357812
820  832  0.0727969
821  828  0.0198453
821  829  0.016554
821  831  0.0964614
822  830  0.0781135
826  848  0.0102529
827  847  0.010054
831  846  0.224454
832  845  0.237237
833  844  0.240672
834  843  0.240595
835  842  0.22165
836  841  0.153635
846  857  0.0196645
847  856  0.0195053
848  855  0.0166679
857  866  0.0109011
858  865  0.0105075
