1  339  0.0216685
2  337  0.173462
2  338  0.0207907
3  332  0.140911
3  335  0.334429
3  336  0.185221
3  342  0.0160719
4  331  0.140426
4  334  0.408453
4  335  0.17306
4  341  0.0150843
5  19  0.01028
5  330  0.136341
5  333  0.439101
5  334  0.136594
6  18  0.0102687
7  17  0.010122
7  135  0.0155705
7  186  0.0127378
7  328  0.0144295
7  329  0.197041
7  331  0.0327995
7  332  0.43436
7  342  0.0739262
8  134  0.015746
8  185  0.0127346
8  327  0.0202804
8  328  0.194935
8  330  0.124936
8  331  0.429601
8  341  0.0738691
9  184  0.0126914
9  326  0.013616
9  340  0.0720367
10  183  0.0124118
10  252  0.0116626
10  327  0.0118458
10  328  0.118231
10  329  0.260264
10  339  0.0487251
11  251  0.0119571
11  327  0.17117
11  328  0.191282
11  339  0.0174881
12  130  0.0685909
12  250  0.0122788
12  325  0.728593
12  326  0.0946484
12  338  0.0327759
13  129  0.0761685
13  249  0.0120358
13  324  0.870544
14  128  0.0700257
14  323  0.870107
15  322  0.866262
16  126  0.0885492
16  321  0.868234
17  125  0.0886214
17  320  0.866492
18  123  0.767432
18  124  0.0460221
18  246  0.0109486
19  122  0.957438
19  245  0.0115061
20  121  0.957568
20  244  0.0117638
21  120  0.961074
21  174  0.0127697
21  243  0.0125058
22  119  0.961133
22  173  0.0127801
22  242  0.0125075
23  118  0.961064
23  172  0.0127694
23  241  0.0125058
24  117  0.960187
24  139  0.0112746
24  240  0.011438
25  116  0.961044
25  138  0.0116322
25  238  0.0119521
26  115  0.959065
26  137  0.0116358
27  114  0.959778
27  136  0.011641
28  113  0.956564
28  135  0.011636
28  235  0.0119312
29  134  0.0110127
29  234  0.011324
30  39  0.0193549
30  110  0.115468
30  111  0.651127
31  38  0.0185112
31  109  0.169266
32  37  0.0140819
32  109  0.0253899
33  107  0.821565
33  109  0.0124223
34  106  0.844128
34  108  0.0121036
35  105  0.811897
35  131  0.0111652
36  103  0.0833043
36  105  0.0633605
36  130  0.0113025
37  102  0.0812652
37  104  0.0318845
37  129  0.0112863
38  104  0.762438
39  76  0.0370449
39  101  0.05446
39  103  0.84797
40  75  0.0399362
40  100  0.0475141
40  102  0.849987
40  126  0.0114773
40  229  0.0114052
41  73  0.0385731
41  101  0.849544
41  125  0.0115011
41  228  0.0114096
42  72  0.0401995
42  124  0.0114747
42  227  0.0113625
43  71  0.0404722
43  75  0.476588
43  123  0.0114737
44  70  0.040066
44  73  0.883342
44  122  0.0114663
45  72  0.887022
46  71  0.888194
46  120  0.0114549
46  174  0.0144054
47  70  0.882308
47  119  0.0114581
47  173  0.0144291
48  66  0.0200152
48  118  0.0114531
48  172  0.0143845
49  65  0.0171886
49  68  0.238419
50  68  0.0110217
51  66  0.477774
52  65  0.40216
53  65  0.100386
54  65  0.154395
55  63  0.598837
55  64  0.150471
55  68  0.0124681
55  75  0.0208137
55  168  0.0215974
56  62  0.555726
56  67  0.0166482
56  74  0.020557
56  167  0.021698
57  61  0.152711
57  62  0.0109862
57  66  0.0171296
57  73  0.0168695
57  166  0.0213362
58  65  0.0153488
61  72  0.0237455
62  71  0.029822
62  164  0.0259757
63  70  0.0287849
63  163  0.0262984
64  162  0.0263086
65  161  0.0262979
66  160  0.0263129
67  159  0.0262928
68  158  0.0262244
69  157  0.0262084
70  156  0.0151393
71  79  0.015212
72  78  0.014834
75  87  0.0256445
75  93  0.0134344
76  86  0.0268655
76  91  0.0111465
78  92  0.761948
79  86  0.0153494
79  91  0.875576
79  111  0.013825
80  90  0.863441
80  110  0.013832
81  89  0.815243
81  109  0.0137125
82  108  0.0131443
83  106  0.0101503
84  105  0.0102003
86  154  0.0168544
87  100  0.0136533
87  153  0.0173526
88  98  0.0125253
88  152  0.0173671
89  97  0.0128207
89  151  0.0168318
90  96  0.0115724
92  148  0.0199433
93  100  0.0105813
93  147  0.025297
94  146  0.0252855
95  145  0.025214
96  144  0.0252427
97  143  0.0237372
98  142  0.0233079
99  141  0.023794
102  138  0.0239326
103  113  0.0333145
104  112  0.0344336
105  111  0.0376882
115  136  0.0246992
116  135  0.0247347
118  133  0.0124154
119  132  0.0248067
120  131  0.0247971
122  129  0.0247466
123  128  0.0187264
124  319  0.498103
125  318  0.871195
126  317  0.871455
127  316  0.870914
128  315  0.870488
130  314  0.0614993
131  174  0.0117884
131  312  0.867959
132  172  0.0102513
132  173  0.0112698
132  274  0.0167436
132  311  0.867849
133  171  0.0107547
133  172  0.0100554
133  273  0.018065
133  310  0.796084
134  170  0.0109909
134  272  0.018873
134  307  0.0395874
134  309  0.614048
135  143  0.0397336
135  169  0.0107804
135  196  0.480629
135  271  0.0191356
135  306  0.0459465
136  142  0.0490087
136  195  0.483855
136  270  0.0191354
136  306  0.0384877
137  141  0.0187197
137  269  0.0176077
138  174  0.0100124
138  186  0.162664
138  193  0.225232
138  268  0.0122431
138  297  0.0185747
138  303  0.030803
138  305  0.0330519
139  192  0.214849
139  296  0.0186718
139  302  0.0299185
139  304  0.0292925
140  185  0.298732
141  170  0.021706
141  184  0.341835
141  194  0.0172954
141  295  0.0516155
141  300  0.0235682
142  150  0.0313028
142  183  0.355482
142  193  0.0191165
142  294  0.057686
142  298  0.0149982
142  299  0.0252279
143  149  0.0311057
143  168  0.0852884
143  182  0.355429
143  193  0.0102121
143  293  0.0576088
143  297  0.0161571
143  298  0.0232151
144  148  0.0118424
144  167  0.0582644
144  181  0.346711
144  292  0.0540659
144  296  0.0162548
144  309  0.0106696
145  166  0.0298062
145  167  0.337457
145  180  0.277989
145  291  0.0353351
145  295  0.0109854
145  308  0.0207213
146  166  0.584953
146  176  0.234908
146  307  0.0230716
147  165  0.630094
147  175  0.252738
147  306  0.0232603
148  164  0.630954
149  163  0.631012
149  173  0.257313
149  196  0.0192864
149  266  0.011258
150  162  0.626655
150  172  0.25743
150  195  0.0193466
150  265  0.0112943
151  161  0.383696
151  171  0.256887
151  189  0.034115
151  194  0.014485
151  264  0.0112821
152  170  0.256019
152  188  0.0560716
152  263  0.0112627
153  158  0.0129499
153  161  0.156243
153  169  0.253584
153  187  0.0575588
153  262  0.0111907
154  160  0.327375
154  168  0.241103
154  186  0.059036
154  261  0.0104337
155  159  0.124967
155  185  0.0590134
156  166  0.106228
156  167  0.0170395
156  184  0.0589818
157  183  0.0585038
158  164  0.102969
158  209  0.0100649
159  163  0.0600473
159  166  0.077837
159  181  0.0585462
159  208  0.0102303
160  165  0.0813484
160  180  0.0588155
160  207  0.0103409
160  237  0.01015
161  179  0.0578242
161  206  0.0103442
161  236  0.0102109
162  205  0.0103538
162  235  0.0102493
163  204  0.0103539
163  234  0.0101625
164  175  0.0227092
164  176  0.0116989
164  203  0.0100712
164  233  0.0100579
165  174  0.0240961
166  201  0.0102573
167  200  0.0102877
168  173  0.0724783
168  175  0.0657286
168  187  0.290637
168  199  0.0102909
169  174  0.063069
169  186  0.326085
169  198  0.0100276
169  336  0.0140822
170  185  0.324264
170  335  0.0148738
171  227  0.0127135
171  334  0.0151411
172  183  0.333206
172  226  0.0131294
172  333  0.0152315
173  182  0.329921
173  225  0.0131339
173  290  0.0762423
173  332  0.0118802
174  180  0.15166
174  187  0.0469874
174  224  0.0131036
174  289  0.0834011
175  179  0.0577677
175  186  0.0575125
175  217  0.0244017
175  288  0.0841785
175  342  0.0206459
176  185  0.0569391
176  216  0.0255783
176  287  0.0832242
176  341  0.0206803
177  184  0.0507629
177  215  0.0247386
177  286  0.0709869
177  340  0.0206284
178  339  0.0203265
179  214  0.0272899
179  338  0.0180646
180  213  0.13123
180  268  0.0101121
181  212  0.145537
181  267  0.0102345
182  211  0.148
182  266  0.0102635
183  210  0.148025
183  265  0.0102523
184  209  0.147733
185  208  0.146845
185  263  0.0100973
185  301  0.0176832
186  207  0.14282
186  262  0.0101593
186  300  0.0202136
187  193  0.137227
187  206  0.0155989
187  299  0.0189105
192  209  0.0177299
193  207  0.0123998
193  208  0.018902
194  206  0.014095
195  205  0.0126198
195  206  0.14892
195  333  0.0103052
196  204  0.0106162
196  205  0.18234
197  204  0.184365
197  305  0.755923
198  203  0.182592
198  304  0.757156
199  303  0.757594
200  215  0.0117113
200  301  0.198239
200  302  0.558656
201  300  0.395281
201  301  0.359612
202  299  0.717734
203  212  0.0116925
203  298  0.716469
203  299  0.029903
204  211  0.0174393
205  210  0.0169906
206  295  0.723821
207  294  0.740527
207  298  0.0213373
208  293  0.740478
208  297  0.0217449
209  289  0.0184361
209  292  0.707822
209  295  0.0154623
209  296  0.0109036
210  288  0.0866131
210  290  0.0144016
210  294  0.0268571
210  298  0.0232922
211  287  0.0875667
211  288  0.0561645
211  290  0.460859
211  293  0.0268574
211  297  0.0238418
212  286  0.0442485
212  289  0.0682343
212  292  0.0259502
212  296  0.0238948
213  286  0.70718
213  291  0.0103283
213  295  0.0238766
214  285  0.870212
214  294  0.0236923
215  284  0.870204
216  292  0.0236137
217  291  0.0237368
218  281  0.875049
218  289  0.0241431
219  280  0.876285
219  288  0.0242164
219  332  0.0318487
220  279  0.875868
220  287  0.0241877
220  331  0.0321472
221  286  0.0239657
222  278  0.878873
222  285  0.0225199
222  329  0.0514774
223  277  0.878526
223  284  0.0204979
223  328  0.0517047
224  276  0.884779
224  327  0.051808
225  275  0.886724
225  326  0.0504918
226  274  0.886556
226  325  0.0491106
227  272  0.0204577
227  273  0.792765
228  324  0.0521777
229  270  0.154674
229  271  0.102445
229  323  0.0521758
230  269  0.124801
230  322  0.0457954
231  269  0.032014
231  321  0.019648
232  259  0.0251428
233  258  0.028554
233  267  0.0939429
234  257  0.0162399
234  259  0.0367658
234  266  0.0999739
234  272  0.0149017
235  265  0.100778
235  271  0.0155957
236  257  0.640059
236  264  0.0752526
237  256  0.810495
237  261  0.0331916
238  255  0.878121
238  260  0.0327563
238  268  0.0104425
239  254  0.95495
239  259  0.0137081
240  253  0.970743
241  252  0.87878
242  251  0.886763
243  250  0.978234
244  249  0.971959
258  340  0.0141418
259  267  0.145034
259  321  0.0260431
259  339  0.0184736
260  266  0.179478
260  271  0.49119
260  320  0.0492731
260  338  0.0188656
261  265  0.11143
261  266  0.0707149
261  270  0.494301
261  319  0.0522044
262  268  0.0752436
262  269  0.361112
262  318  0.0520672
263  267  0.0294115
263  335  0.0192633
264  316  0.0517426
264  334  0.0192613
265  315  0.0522171
265  333  0.019279
266  314  0.051483
266  332  0.0189808
267  301  0.0291926
267  313  0.0239679
268  300  0.0387549
270  298  0.0565117
271  297  0.0568752
274  294  0.073489
275  293  0.0736279
276  292  0.0540789
277  291  0.0318822
277  292  0.0203724
278  291  0.0398084
280  289  0.0740106
281  288  0.0719073
289  324  0.0102086
292  321  0.0102082
293  320  0.0102072
294  319  0.0101916
299  306  0.0444713
300  305  0.0440243
300  329  0.0233637
301  328  0.0233012
302  327  0.0233414
303  325  0.0260319
303  326  0.0119662
304  312  0.0565218
304  324  0.0389118
305  311  0.0563562
305  323  0.0389148
306  322  0.0380837
306  329  0.0114088
307  321  0.0373573
307  328  0.0114131
308  327  0.0112822
311  318  0.0497089
311  324  0.0119228
312  317  0.049007
312  323  0.0119251
314  320  0.0108244
325  333  0.0486236
326  332  0.0483881
329  338  0.0139773
330  337  0.0129673
335  345  0.0211966
336  344  0.0588468
337  343  0.0627412
338  342  0.0500205
