4  163  0.0111983
5  162  0.0110406
5  357  0.388441
6  356  0.923263
7  160  0.0119281
7  355  0.980559
8  159  0.0123849
8  354  0.985925
9  353  0.985568
10  157  0.0104997
10  352  0.985949
11  156  0.010437
11  351  0.983125
12  155  0.0102793
12  350  0.981425
13  349  0.980805
14  348  0.935455
16  36  0.031878
16  346  0.957532
17  35  0.0319199
17  345  0.957011
18  34  0.0313566
19  344  0.0201442
20  32  0.0314119
21  31  0.0317895
22  30  0.0272298
22  344  0.700197
23  343  0.901773
24  342  0.936495
25  341  0.943881
26  340  0.947652
27  339  0.94942
28  338  0.949478
29  337  0.941103
30  332  0.0416425
30  335  0.274837
30  336  0.625297
31  49  0.0246556
31  331  0.19408
31  334  0.417496
32  48  0.0231773
32  330  0.2285
32  333  0.381061
33  111  0.0274172
33  329  0.237659
34  110  0.021324
34  330  0.0548882
34  331  0.0266955
35  46  0.106833
35  108  0.0115875
35  112  0.0181697
35  329  0.0627189
36  45  0.108738
36  107  0.0123647
36  111  0.0184973
36  249  0.393341
36  329  0.028399
37  110  0.0149633
37  248  0.397672
38  247  0.398175
39  246  0.398314
40  245  0.390424
41  244  0.344452
44  303  0.0127009
45  52  0.0686821
45  114  0.0653697
45  302  0.0148509
46  51  0.0677556
46  114  0.0647955
46  117  0.0501534
46  242  0.449546
46  301  0.0148561
46  337  0.0105565
47  112  0.190966
47  116  0.050238
47  241  0.444858
47  300  0.014856
47  336  0.0106247
48  111  0.139676
48  112  0.0116559
48  115  0.0408922
48  240  0.0122172
48  299  0.0147668
49  111  0.0441969
49  240  0.440104
50  109  0.403566
50  239  0.452599
51  108  0.406108
51  112  0.0155316
51  238  0.452616
51  296  0.0148117
52  107  0.406032
52  111  0.0155311
52  237  0.452581
52  295  0.0147955
53  69  0.435625
53  236  0.443537
53  334  0.0121871
54  68  0.472392
54  235  0.434267
55  67  0.491799
55  332  0.0228801
56  66  0.49762
56  231  0.424899
56  331  0.0238869
57  65  0.497647
57  117  0.039239
57  230  0.424967
57  330  0.0255657
58  64  0.495404
58  116  0.039539
58  229  0.423921
58  329  0.0280568
59  63  0.207866
59  115  0.0398398
59  228  0.411455
59  328  0.028055
60  114  0.0404381
60  227  0.399941
60  327  0.0280677
61  326  0.0278538
62  225  0.207297
62  325  0.0263222
63  110  0.0712951
63  324  0.0184219
64  109  0.0800157
64  129  0.0175305
64  222  0.0143779
65  108  0.0799952
65  112  0.0103558
65  223  0.0142447
66  107  0.0792896
66  111  0.0103982
66  126  0.377466
67  125  0.380901
68  124  0.38027
69  123  0.379278
70  122  0.369752
71  121  0.280458
72  106  0.946384
73  105  0.964672
74  104  0.968495
75  103  0.969364
76  102  0.969495
77  101  0.96883
78  100  0.960707
79  95  0.0630872
79  98  0.0557947
80  93  0.765103
80  94  0.0335795
81  92  0.828924
82  91  0.830672
82  98  0.0384777
83  90  0.793511
83  93  0.0148255
83  96  0.0552209
83  97  0.0325068
84  89  0.663547
84  92  0.0173438
84  95  0.0577961
85  91  0.0167778
85  92  0.0114207
86  91  0.0109441
87  92  0.0411445
96  229  0.0126331
97  228  0.0211137
98  227  0.0229143
99  226  0.0229188
100  225  0.0228572
101  224  0.0228792
102  223  0.0228628
103  222  0.0206006
106  294  0.010083
107  293  0.0142638
107  331  0.0167867
108  117  0.406954
108  292  0.0143043
108  330  0.023751
109  116  0.407734
109  291  0.0143182
109  329  0.0274752
110  115  0.369752
110  289  0.0106019
110  328  0.0341777
111  222  0.0262685
111  288  0.0106072
111  327  0.0363594
112  221  0.0261561
112  326  0.0359149
112  331  0.0599378
112  334  0.034728
113  286  0.0102458
113  325  0.02986
113  330  0.0731232
113  333  0.0347371
114  126  0.0119749
114  152  0.0189152
114  329  0.0749474
115  125  0.0113239
115  151  0.019335
115  284  0.0122228
115  331  0.0539895
116  124  0.0100782
116  150  0.0194308
116  283  0.0131201
116  327  0.185662
116  330  0.0643945
117  126  0.0178184
117  149  0.0192721
117  282  0.0131298
117  329  0.0644243
118  125  0.0177723
118  281  0.011913
118  326  0.406868
119  124  0.0153023
119  146  0.0172051
119  280  0.0107736
119  325  0.412736
120  145  0.0176853
120  324  0.414606
121  143  0.0117444
121  144  0.0162719
121  215  0.0118127
121  323  0.415129
122  143  0.0149229
122  214  0.0145612
122  226  0.0122886
122  322  0.414495
123  213  0.0150249
123  225  0.017115
123  321  0.409994
124  140  0.0254732
124  212  0.0150437
124  224  0.0186363
124  320  0.408485
125  139  0.0319462
125  211  0.0150586
125  223  0.0188206
125  319  0.408644
126  138  0.0325068
126  210  0.0149302
126  222  0.0191016
126  318  0.409165
127  137  0.0256945
127  317  0.398046
128  290  0.0594671
128  316  0.247422
129  249  0.0118505
129  289  0.074868
130  138  0.0748991
130  219  0.583349
130  288  0.0645221
131  137  0.0683626
131  218  0.584225
132  136  0.0397367
132  217  0.583659
133  216  0.583057
134  215  0.582925
135  214  0.582934
136  213  0.574218
137  212  0.490151
138  209  0.0153214
138  282  0.0170939
139  281  0.0162729
140  280  0.0123222
140  290  0.202417
141  148  0.0186121
141  209  0.364615
141  289  0.218687
142  208  0.345718
142  288  0.207349
145  191  0.598947
146  190  0.721385
146  287  0.0298511
147  189  0.735863
147  286  0.048648
148  207  0.0121689
148  208  0.0241314
148  285  0.0496005
149  187  0.898128
149  206  0.0122055
149  207  0.024178
149  210  0.0191526
150  186  0.898631
150  209  0.0185157
151  185  0.3435
151  205  0.037007
152  184  0.342401
152  204  0.0376079
152  208  0.0188076
153  183  0.897444
153  203  0.0375509
153  207  0.0188166
154  182  0.895947
154  206  0.0185578
157  179  0.717884
158  199  0.0503785
159  168  0.15128
159  177  0.0402253
159  179  0.0220077
159  198  0.0506954
160  167  0.141978
160  176  0.65252
160  178  0.0123198
160  197  0.0503623
161  166  0.107678
161  175  0.653011
161  178  0.0379279
161  196  0.0487028
162  174  0.688108
162  177  0.0502412
163  173  0.672287
163  176  0.0500347
164  175  0.0217316
165  175  0.0223634
166  174  0.0145812
167  174  0.0292801
167  189  0.0153514
167  355  0.0129132
168  173  0.0358922
168  188  0.0162946
168  354  0.0138675
169  177  0.134801
169  189  0.0334652
169  353  0.0138754
170  176  0.144623
170  186  0.0139646
170  188  0.0357656
170  352  0.0138828
171  175  0.0896708
171  185  0.0135465
171  186  0.0463726
171  351  0.0138829
172  185  0.0470587
172  349  0.013886
173  184  0.0471632
173  348  0.0138642
174  347  0.0138845
175  183  0.0644487
175  346  0.0138874
176  182  0.0639579
176  345  0.0138545
177  181  0.0243594
186  337  0.0110344
187  336  0.0112071
188  283  0.126261
189  282  0.126453
190  281  0.122937
191  280  0.106841
191  331  0.0268769
192  281  0.0125198
192  330  0.0327072
193  329  0.0343982
194  205  0.338178
194  209  0.0124785
194  279  0.275343
194  328  0.0344045
195  204  0.492384
195  208  0.0362302
195  278  0.338865
195  327  0.0344261
196  203  0.463237
196  207  0.0356191
196  210  0.0101762
196  277  0.338979
196  326  0.0343229
197  276  0.338879
197  325  0.0270442
198  209  0.0238337
198  275  0.338895
199  204  0.0225908
199  208  0.0283658
199  274  0.318055
207  229  0.178528
208  228  0.194659
209  227  0.197114
209  259  0.0448006
209  263  0.013432
210  226  0.196787
210  258  0.0450973
210  262  0.0134589
211  225  0.152634
211  257  0.0417985
211  261  0.0111699
213  223  0.0154052
216  252  0.023382
218  250  0.124598
219  249  0.13767
220  248  0.135793
223  245  0.288965
224  244  0.303746
225  243  0.312067
226  242  0.314755
227  241  0.314744
229  239  0.33967
230  238  0.340104
231  237  0.329462
234  264  0.105565
235  263  0.135416
236  262  0.135385
237  260  0.0272101
237  261  0.0889434
238  259  0.0279674
238  260  0.0235575
238  263  0.0503315
239  258  0.0286986
239  262  0.050643
240  257  0.0274627
240  260  0.167192
241  259  0.1897
242  253  0.021953
242  258  0.192972
243  252  0.0203748
243  257  0.191956
244  256  0.185252
245  255  0.161434
246  325  0.0516023
247  324  0.0842487
248  323  0.104427
250  321  0.513407
251  320  0.559717
252  271  0.0365487
252  319  0.561973
253  270  0.047722
253  318  0.563032
254  269  0.0459377
254  317  0.555632
255  267  0.0289363
255  316  0.4543
256  266  0.0292222
256  290  0.525868
256  315  0.0186124
257  264  0.0429992
257  265  0.02199
257  289  0.579574
258  263  0.0542061
258  288  0.635915
259  287  0.63251
261  271  0.0175059
262  270  0.0215703
262  283  0.652195
263  282  0.652906
264  281  0.649767
265  280  0.636551
266  279  0.564153
268  276  0.0337675
269  275  0.0303929
270  275  0.414436
291  315  0.876865
292  314  0.973962
293  313  0.979096
294  312  0.979253
295  311  0.977554
296  310  0.978878
297  309  0.977533
298  308  0.490878
299  308  0.486364
300  307  0.973162
301  306  0.905289
310  329  0.0142311
311  328  0.0142636
312  327  0.0142223
313  326  0.0141593
322  334  0.0439492
323  333  0.0436095
324  332  0.0422299
