2  16  0.102981
3  15  0.118502
4  14  0.120583
5  199  0.0918245
6  12  0.0246534
6  13  0.0989915
6  121  0.513309
6  195  0.0105518
6  198  0.0977896
7  12  0.077821
7  16  0.0864466
7  120  0.514849
7  197  0.0637835
8  15  0.143988
8  119  0.518363
9  14  0.150474
9  118  0.518402
9  199  0.0611234
10  117  0.51824
10  121  0.0271089
10  195  0.0147593
10  198  0.0634339
11  27  0.035448
11  112  0.0450227
11  115  0.0899356
11  116  0.325185
11  120  0.0275905
11  194  0.0131827
11  197  0.0607685
12  111  0.0888779
12  114  0.178851
12  119  0.0295361
13  25  0.393223
13  110  0.0894321
13  118  0.0295537
13  199  0.0390086
14  24  0.405029
14  27  0.0119094
14  109  0.0893549
14  117  0.0295479
14  195  0.0596802
14  198  0.0404586
15  23  0.401082
15  26  0.0118247
15  116  0.0274029
15  194  0.0586341
15  197  0.0376271
16  22  0.36946
16  25  0.0110427
17  21  0.185307
19  97  0.0136645
19  195  0.0207036
20  35  0.0135235
20  96  0.0149296
21  34  0.0130513
21  113  0.0336868
21  193  0.374534
22  95  0.0531671
22  112  0.0393847
22  192  0.40827
23  94  0.0752509
23  111  0.0399728
23  191  0.432991
24  31  0.0163766
24  93  0.0752701
24  110  0.0399755
24  190  0.432976
25  92  0.0751968
25  109  0.0399077
25  189  0.429351
26  108  0.0392352
27  90  0.0749946
27  106  0.026827
27  187  0.432828
28  89  0.0747807
28  105  0.0260023
28  186  0.43531
29  88  0.065914
29  101  0.0176003
29  185  0.434925
30  100  0.02321
30  184  0.43407
31  84  0.0244121
31  86  0.023675
31  99  0.0238118
31  183  0.433229
32  83  0.0225862
32  98  0.0197175
32  112  0.464116
32  182  0.263299
33  94  0.0112129
33  111  0.853995
34  81  0.0196265
34  93  0.0112752
34  96  0.0117271
34  110  0.854443
35  82  0.0228424
35  95  0.0148419
35  109  0.852575
36  79  0.0412321
36  81  0.0236981
36  90  0.0103472
36  94  0.014745
36  106  0.012199
36  108  0.843453
37  78  0.0411989
37  80  0.0222574
37  89  0.0102278
37  105  0.013334
37  107  0.802526
38  77  0.0405014
38  102  0.0220569
39  76  0.0369676
39  101  0.0228129
39  102  0.0557511
40  71  0.0359227
40  78  0.0206652
40  103  0.0460104
40  104  0.0719948
41  70  0.0418708
41  77  0.0239413
41  100  0.782417
41  102  0.0358202
42  69  0.042077
42  76  0.0241304
42  99  0.801371
43  75  0.0238844
43  98  0.784892
43  100  0.0339871
43  101  0.0224346
44  74  0.0231227
44  97  0.68331
44  98  0.0204532
44  99  0.0361351
44  100  0.023511
45  65  0.0695149
45  73  0.0117628
45  97  0.0286824
45  98  0.0338235
45  99  0.0229494
46  64  0.0993415
46  95  0.0103726
46  97  0.0340789
46  98  0.0152377
46  178  0.0102424
47  63  0.0352208
47  95  0.823388
47  177  0.0105245
48  62  0.038274
48  94  0.882166
48  176  0.010975
49  61  0.103898
49  93  0.882169
49  175  0.0109752
50  60  0.103868
50  92  0.87583
51  59  0.103957
52  58  0.10404
52  90  0.862403
53  57  0.064438
53  89  0.879257
54  88  0.880769
54  169  0.01094
55  87  0.879012
55  168  0.010941
56  86  0.683093
56  167  0.0109268
57  86  0.024845
57  166  0.0108161
58  84  0.185141
59  83  0.177715
59  86  0.096928
60  85  0.69918
61  84  0.700635
62  82  0.134113
62  83  0.594793
63  79  0.11958
63  81  0.245245
64  78  0.115512
64  80  0.224339
65  80  0.0108278
66  76  0.0987447
66  88  0.0138169
67  78  0.0150899
67  81  0.289074
67  87  0.0154753
68  74  0.0281621
68  75  0.0111652
68  77  0.017233
68  86  0.0154107
69  79  0.708008
69  85  0.0145932
70  78  0.705262
71  77  0.682293
72  76  0.396553
87  163  0.0105584
88  162  0.0107134
89  161  0.0107457
90  160  0.0107507
91  159  0.0103447
98  107  0.0273449
99  106  0.0416117
99  108  0.0338636
100  105  0.0273503
100  107  0.0282796
109  118  0.0110944
110  117  0.0108497
114  177  0.0254779
117  175  0.425085
118  174  0.429664
119  173  0.429603
120  128  0.0138569
120  172  0.412792
121  127  0.0138691
121  171  0.410963
123  168  0.0204359
123  199  0.512004
124  163  0.011551
124  166  0.0124458
124  169  0.0169123
124  198  0.527681
125  197  0.526827
126  158  0.0774197
126  161  0.0195614
126  196  0.525974
127  157  0.0848024
127  160  0.0200166
127  195  0.521125
128  156  0.0847042
128  157  0.0316301
129  155  0.0843579
129  156  0.0302965
129  157  0.870289
130  155  0.02871
130  156  0.878354
131  153  0.0991768
131  155  0.880259
132  154  0.881683
133  153  0.878556
134  150  0.872052
135  149  0.988073
136  148  0.993565
137  147  0.993269
138  145  0.192702
138  146  0.783941
139  144  0.381479
159  166  0.334082
159  169  0.128715
160  165  0.313126
160  168  0.129749
162  169  0.0146682
163  168  0.0215571
168  192  0.455737
169  191  0.473109
172  188  0.494177
173  187  0.511965
174  186  0.507799
175  184  0.537454
176  183  0.532044
