2  92  0.0197119
3  91  0.0237406
6  90  0.914616
7  89  0.994135
8  88  0.994847
10  87  0.994651
11  86  0.994176
12  84  0.0122114
12  85  0.97834
13  83  0.0189618
14  82  0.0145444
14  83  0.899514
15  82  0.94784
16  81  0.948016
17  79  0.202411
18  33  0.480846
18  79  0.484435
19  32  0.563767
19  78  0.434137
20  29  0.0165281
20  31  0.566416
20  77  0.416537
21  28  0.0186131
21  30  0.568252
21  76  0.393635
22  27  0.058405
22  29  0.572136
22  38  0.0205618
23  37  0.033698
23  74  0.129496
24  36  0.0389675
25  72  0.0116341
26  34  0.319987
27  33  0.339724
28  32  0.211361
32  75  0.0582936
33  74  0.0606377
34  73  0.0595998
34  74  0.187582
35  72  0.042248
35  73  0.211254
35  74  0.217816
36  72  0.217944
36  73  0.229387
37  71  0.148184
38  70  0.0743835
38  71  0.684581
39  70  0.902308
40  69  0.989258
41  68  0.994842
42  67  0.996947
43  66  0.994833
44  65  0.9891
45  64  0.958762
46  59  0.98967
47  58  0.992157
48  57  0.989654
91  470  0.877637
92  469  0.882131
93  467  0.55641
93  468  0.44177
94  466  0.998396
95  465  0.998408
96  464  0.998
97  463  0.998384
98  462  0.997196
99  461  0.997227
100  460  0.99727
101  397  0.0140196
101  424  0.0238502
101  459  0.807301
102  115  0.206844
102  116  0.0138625
102  123  0.0126934
102  345  0.0477513
102  396  0.146762
102  423  0.404935
103  114  0.209677
103  115  0.0115536
103  122  0.0127058
103  344  0.0479346
103  395  0.147035
103  400  0.0501493
103  422  0.45213
104  113  0.203208
104  121  0.0120811
104  343  0.0475315
104  394  0.146336
104  399  0.0502258
104  421  0.449045
105  342  0.046376
105  393  0.143046
105  398  0.049681
105  420  0.437122
106  341  0.0426468
106  392  0.131425
106  397  0.0479414
106  419  0.399852
107  395  0.0220346
108  120  0.0595544
108  325  0.0225059
108  394  0.024477
109  119  0.0764328
109  324  0.0274818
109  393  0.0243095
109  399  0.0232531
110  118  0.0827016
110  323  0.028762
110  392  0.0200866
110  398  0.031476
111  117  0.0824564
111  322  0.0283662
111  397  0.0320525
113  321  0.0244841
114  320  0.0245252
115  319  0.0243898
116  121  0.0137333
116  318  0.0192798
116  397  0.0257844
117  358  0.677874
117  396  0.0305885
117  417  0.0327282
118  357  0.676827
118  395  0.0289366
118  416  0.0323724
119  356  0.642802
119  415  0.0293563
120  414  0.0199951
120  455  0.0738199
121  135  0.0107867
121  312  0.0186279
121  339  0.0125703
121  354  0.774298
121  390  0.0264941
121  454  0.0885413
122  134  0.0107916
122  311  0.018635
122  337  0.0241255
122  353  0.774997
122  389  0.0265
122  453  0.0885651
123  133  0.01048
123  310  0.0185754
123  336  0.0277472
123  352  0.774945
123  388  0.0257766
123  452  0.0885161
124  335  0.0312096
124  351  0.745999
124  387  0.0181387
124  451  0.0687817
125  323  0.0560979
125  334  0.0312047
125  349  0.0693337
125  350  0.577094
125  418  0.0115801
126  278  0.0193795
126  333  0.0310642
126  348  0.198869
126  417  0.0138537
126  450  0.018804
127  277  0.0194217
127  321  0.357298
127  332  0.027347
127  416  0.010751
128  276  0.019163
128  320  0.372953
128  322  0.216363
129  319  0.363799
129  320  0.44023
130  318  0.354103
130  319  0.454217
131  317  0.343116
131  318  0.464046
132  317  0.473413
133  141  0.0105891
133  150  0.0832122
133  278  0.0290342
133  315  0.301346
133  316  0.462459
134  140  0.0100586
134  149  0.083472
134  277  0.0293137
134  314  0.270558
134  315  0.450441
135  147  0.596069
135  148  0.0486498
135  276  0.032585
135  313  0.229253
136  146  0.775893
136  147  0.0136284
137  145  0.828492
137  274  0.0114371
137  312  0.017195
138  144  0.773886
138  297  0.0136435
138  311  0.0145835
139  143  0.449465
139  296  0.0232614
140  295  0.024163
141  147  0.0133483
141  270  0.0532609
141  294  0.0241069
142  269  0.100128
142  300  0.013103
143  268  0.100582
143  299  0.0130356
144  267  0.0939421
144  298  0.0129891
145  297  0.0129403
146  265  0.0960477
147  264  0.098743
148  296  0.0122013
148  312  0.756896
149  295  0.0163858
149  311  0.758215
150  294  0.0163985
150  310  0.756576
151  293  0.0145755
152  259  0.969424
153  258  0.971789
154  257  0.970455
155  256  0.972249
156  255  0.971996
157  254  0.957118
158  253  0.864384
160  246  0.967858
161  245  0.97321
161  411  0.0104889
162  244  0.973095
162  409  0.0115946
163  243  0.942036
163  408  0.0116517
164  242  0.924299
164  407  0.0116531
166  240  0.0223857
166  241  0.514761
167  240  0.515722
167  404  0.0118891
168  239  0.521418
168  403  0.012044
169  240  0.363238
169  402  0.0119092
170  239  0.386797
170  401  0.0114643
171  237  0.55235
171  238  0.42908
172  236  0.562995
172  237  0.425049
173  235  0.567206
175  234  0.991526
176  233  0.991394
177  232  0.9914
178  231  0.975486
179  184  0.0188144
179  230  0.936816
188  226  0.983918
189  225  0.991269
190  224  0.991085
191  223  0.986155
193  219  0.549068
194  218  0.583283
194  220  0.14768
194  221  0.0830847
195  217  0.584877
195  220  0.0889972
196  216  0.565855
196  219  0.0818198
198  217  0.0256661
199  215  0.973355
199  216  0.0143514
200  214  0.995783
201  213  0.9969
202  212  0.996909
203  211  0.995953
204  210  0.982643
205  209  0.374121
240  394  0.0114685
241  393  0.0119457
242  392  0.0122085
243  391  0.0123205
244  390  0.0123833
245  389  0.012368
253  273  0.01544
254  272  0.0162766
255  271  0.0162988
256  270  0.0160664
263  328  0.0110585
264  327  0.0132701
265  303  0.301126
265  326  0.0132803
266  302  0.432853
266  303  0.0135399
266  325  0.0131545
267  301  0.111319
267  302  0.0183578
267  324  0.0124712
269  299  0.495493
269  301  0.281444
269  322  0.0124296
270  289  0.0290209
270  298  0.504371
270  300  0.297696
270  321  0.0119813
271  297  0.505488
271  299  0.297323
271  320  0.0117859
272  287  0.0527762
273  286  0.067258
273  295  0.771915
274  285  0.0673882
274  294  0.772624
275  284  0.0610768
275  293  0.757233
275  297  0.0118389
276  288  0.309758
276  292  0.463261
276  339  0.0127043
277  284  0.0377034
277  286  0.0282075
277  287  0.546828
277  338  0.0114234
278  283  0.0415349
278  285  0.0317725
278  286  0.552719
278  294  0.0175044
278  337  0.0114116
279  284  0.0267456
279  285  0.500285
279  290  0.13715
279  293  0.0176545
279  336  0.0113115
280  289  0.145276
280  292  0.017604
280  361  0.0225225
281  335  0.0129837
281  360  0.0225419
282  290  0.0264092
282  334  0.0152207
282  349  0.0132534
282  359  0.022556
283  289  0.0265612
283  333  0.0153122
283  348  0.0224267
283  358  0.0225906
284  332  0.0111768
284  346  0.053662
284  357  0.0223978
285  292  0.0171689
285  330  0.0105227
285  345  0.0574582
285  356  0.0207843
286  291  0.0161885
286  329  0.0105592
286  344  0.0571977
287  296  0.0143473
287  321  0.0704938
288  295  0.0205758
288  320  0.0776159
288  353  0.0166915
289  294  0.0196106
289  319  0.0796798
289  352  0.0167012
290  351  0.0125893
291  318  0.118415
292  317  0.121484
293  316  0.124389
294  315  0.125117
295  314  0.0294227
296  313  0.0289082
297  312  0.127347
298  311  0.127128
299  312  0.0114775
300  310  0.154536
301  309  0.185116
302  308  0.165629
303  307  0.0828947
308  386  0.0105444
309  385  0.0142561
310  384  0.0144623
311  383  0.0145569
312  382  0.0145585
313  381  0.0145618
314  380  0.0145506
315  379  0.0145087
317  363  0.0125764
319  345  0.0188177
319  361  0.0148061
320  344  0.0190066
320  360  0.0148462
321  326  0.010321
321  343  0.0187777
321  359  0.0155005
321  418  0.0344724
322  329  0.0107942
322  358  0.0159387
322  417  0.05546
323  357  0.0153992
323  416  0.0546017
324  356  0.0119719
324  415  0.0502118
325  414  0.0386044
326  415  0.0143975
327  339  0.833436
327  354  0.0132749
327  411  0.0438873
327  414  0.0207152
328  338  0.830336
328  410  0.0437271
328  413  0.0232788
329  337  0.831926
329  409  0.0432206
329  412  0.0223585
330  336  0.821791
332  350  0.0222115
332  410  0.0244481
333  349  0.0249184
333  403  0.0416964
333  409  0.0269148
334  402  0.0418283
334  408  0.0267831
335  347  0.031694
335  401  0.0418216
336  346  0.0348681
336  400  0.0417596
336  406  0.0199288
337  345  0.0364351
337  405  0.0292488
338  344  0.0345824
338  390  0.0183612
338  404  0.0292685
339  389  0.0183713
339  397  0.0382105
339  403  0.0292959
340  402  0.0244352
348  362  0.125782
349  361  0.168769
350  360  0.168729
351  359  0.168711
352  358  0.166803
353  357  0.0635081
359  414  0.168856
360  413  0.247674
360  457  0.0103682
361  389  0.0138063
361  412  0.253584
361  456  0.0108743
362  390  0.413095
362  411  0.171402
363  388  0.736263
363  389  0.207581
364  387  0.961825
365  376  0.0175022
365  386  0.969343
366  375  0.0180806
366  385  0.973059
367  374  0.0179804
367  384  0.972728
368  373  0.0163056
368  383  0.973379
369  382  0.971923
371  380  0.912034
372  379  0.882806
373  379  0.0225053
390  409  0.0443744
391  408  0.044786
392  407  0.0443158
392  416  0.139278
393  406  0.0418677
393  415  0.17521
394  414  0.18668
395  410  0.178449
395  413  0.193248
396  403  0.0360922
396  409  0.194153
396  412  0.193718
397  402  0.0166586
397  408  0.194049
397  411  0.187455
397  417  0.185413
398  407  0.193865
398  416  0.184351
399  406  0.161858
399  415  0.161297
400  409  0.171811
401  408  0.161555
401  414  0.0109931
402  412  0.208395
403  411  0.316078
403  414  0.0162037
403  422  0.0139725
404  410  0.314549
404  413  0.0185501
404  421  0.0140586
405  409  0.269467
405  412  0.0185481
406  420  0.0603955
407  419  0.0731869
408  418  0.0797331
409  417  0.0819607
410  416  0.0642778
414  459  0.0362671
415  458  0.103237
416  457  0.120686
417  456  0.122422
418  455  0.113916
422  453  0.172989
423  447  0.0835442
423  452  0.177176
423  456  0.293302
424  446  0.0853343
424  451  0.177489
424  455  0.62503
425  445  0.0857826
425  450  0.176545
425  454  0.694002
426  444  0.0856953
426  452  0.0103267
426  453  0.685546
427  443  0.0782964
427  451  0.0169582
428  451  0.0159745
429  448  0.855375
430  439  0.0191161
430  447  0.894756
431  440  0.0462139
431  446  0.888201
432  439  0.0464502
433  444  0.890204
434  443  0.89768
435  442  0.886334
436  441  0.581483
