2  11  0.0653655
3  10  0.0765893
4  14  0.0507336
5  13  0.0545502
6  12  0.0531054
12  25  0.937859
13  24  0.938564
14  23  0.93335
15  22  0.857252
27  359  0.906223
28  358  0.985316
29  357  0.994413
30  356  0.997431
31  355  0.997663
32  354  0.998269
33  353  0.997726
34  352  0.998005
35  351  0.9758
37  349  0.0991618
39  347  0.652104
39  348  0.289612
40  346  0.664398
40  347  0.294787
41  345  0.666499
41  346  0.292942
42  344  0.510077
44  344  0.108462
45  343  0.151203
46  59  0.723399
47  58  0.812854
47  341  0.05536
48  57  0.746848
48  340  0.0703288
49  57  0.0685269
49  60  0.0145616
49  339  0.0698879
50  56  0.104039
50  58  0.02163
50  59  0.0139027
51  56  0.82955
51  58  0.0128538
57  337  0.0568735
58  336  0.0568827
59  335  0.0517701
60  343  0.270398
62  341  0.866212
63  85  0.0108567
63  334  0.0297605
63  340  0.915257
64  84  0.0109143
64  333  0.0297325
64  339  0.915803
65  82  0.0113821
65  258  0.0370936
65  338  0.907593
66  81  0.0161149
66  257  0.0480156
66  337  0.854322
67  80  0.0161277
67  255  0.0951563
67  256  0.029506
67  336  0.845493
68  79  0.0162814
68  254  0.152065
68  255  0.0108665
68  335  0.708079
69  78  0.0188255
69  253  0.25577
69  257  0.0319239
70  252  0.252271
71  251  0.209975
73  117  0.0121452
73  253  0.159196
74  252  0.157066
75  251  0.13
76  123  0.0106409
78  91  0.0125532
78  109  0.0159015
78  121  0.417124
78  147  0.0475173
78  318  0.0212021
79  89  0.252006
79  108  0.0150316
79  120  0.435143
79  134  0.0138565
79  146  0.0480014
80  88  0.252286
80  107  0.0125134
80  119  0.435174
80  133  0.015099
80  145  0.0481578
80  257  0.137438
80  316  0.03653
81  87  0.251441
81  118  0.435129
81  132  0.0151057
81  144  0.0475873
81  256  0.13796
81  315  0.0370415
82  105  0.0276165
82  117  0.380618
82  131  0.015044
82  143  0.0386805
82  314  0.0370555
82  331  0.0122725
83  90  0.125478
83  104  0.0280496
83  130  0.0145698
83  254  0.136962
83  313  0.036804
83  330  0.0139825
84  89  0.155424
84  103  0.028132
84  116  0.258217
84  136  0.0106218
84  141  0.0155309
84  253  0.135706
84  329  0.0141767
85  102  0.0281936
85  115  0.256857
85  252  0.133293
85  328  0.0141742
86  101  0.027913
86  134  0.0127657
86  251  0.130084
86  327  0.0136068
87  98  0.243889
87  100  0.0266951
87  128  0.0151237
87  133  0.0143244
87  138  0.0421804
87  309  0.0366339
88  97  0.263757
88  99  0.0229641
88  127  0.0151572
88  132  0.0141643
88  137  0.0421565
88  308  0.0367267
88  323  0.0103861
89  96  0.266324
89  97  0.0141472
89  126  0.0150624
89  135  0.0390871
89  249  0.127617
89  307  0.0367173
89  322  0.0103861
90  95  0.165235
90  134  0.0389591
90  248  0.127681
90  306  0.0307611
91  133  0.0369916
91  247  0.123982
94  117  0.279473
94  119  0.0113575
95  118  0.0115331
96  116  0.674218
96  117  0.0101142
97  115  0.689627
98  114  0.703303
99  113  0.827782
100  111  0.947029
101  110  0.947669
101  112  0.0161839
102  109  0.944278
102  111  0.0164648
103  110  0.0144292
116  334  0.0285205
117  246  0.0789022
117  303  0.0211223
117  333  0.0363751
118  125  0.0155351
118  128  0.0654209
118  245  0.128737
118  257  0.278081
118  302  0.0250973
119  124  0.0144564
119  127  0.0654522
119  244  0.128751
119  256  0.278264
119  301  0.0128907
120  126  0.065144
120  243  0.12739
120  255  0.278085
120  301  0.0138997
121  125  0.0403825
121  136  0.0106499
121  138  0.0533236
121  253  0.0826499
121  300  0.0267724
122  134  0.0148531
122  251  0.0127015
122  252  0.0744859
122  299  0.0266201
123  137  0.0676502
123  250  0.0151339
123  298  0.0250258
124  133  0.791578
124  136  0.102436
125  132  0.794043
125  135  0.102507
126  131  0.800325
126  134  0.102654
127  133  0.10294
128  132  0.0835459
135  247  0.711125
136  246  0.713274
136  297  0.0266359
136  303  0.013937
137  245  0.715863
137  247  0.0148605
137  296  0.0283655
137  302  0.0163146
138  243  0.0510335
138  244  0.672537
138  246  0.0149391
138  295  0.0284459
138  301  0.0163174
139  245  0.0152688
139  294  0.0272385
139  300  0.0164642
140  293  0.0257111
140  299  0.0159086
141  240  0.842394
141  292  0.0147066
142  239  0.894337
143  238  0.907656
144  237  0.920664
145  236  0.92072
146  235  0.91653
147  234  0.895226
148  233  0.782923
154  334  0.0666175
155  333  0.0667755
156  172  0.324334
156  332  0.0670693
157  171  0.323371
157  172  0.584452
157  331  0.0670549
158  170  0.318416
158  171  0.58629
158  329  0.0654562
159  168  0.193783
159  170  0.583328
159  328  0.0654518
160  327  0.0653608
161  166  0.0173151
161  167  0.028251
161  169  0.501902
161  326  0.0645186
162  168  0.483889
162  325  0.0635027
163  324  0.0602657
166  248  0.0127853
167  247  0.0129409
167  288  0.0157045
167  316  0.0190492
168  246  0.0129453
168  287  0.0157461
168  315  0.0190742
169  245  0.0129411
169  286  0.0157489
169  314  0.0189982
170  244  0.0128858
170  285  0.0157481
170  313  0.0189286
171  243  0.0127572
171  283  0.0155452
171  318  0.0157178
172  282  0.015529
172  317  0.0161256
173  232  0.964475
173  316  0.0162773
174  231  0.966531
174  315  0.0160523
175  230  0.986855
176  229  0.986258
177  228  0.985286
178  227  0.98409
179  226  0.982846
180  225  0.979079
182  223  0.182653
182  224  0.103865
183  222  0.311756
184  223  0.246946
185  221  0.986832
185  222  0.010861
186  220  0.999062
187  219  0.999167
188  218  0.997868
189  217  0.989543
194  212  0.124413
195  211  0.133531
195  212  0.828976
196  211  0.833961
198  209  0.978444
199  208  0.990633
200  207  0.935617
201  206  0.708579
233  250  0.0136723
234  249  0.0165072
235  248  0.0170716
236  247  0.0171818
236  296  0.0153887
236  302  0.0119117
236  309  0.011582
237  246  0.0171803
237  295  0.015859
237  301  0.0119149
237  308  0.0115578
238  245  0.0164494
238  294  0.0156127
239  293  0.0142845
241  290  0.051631
243  289  0.0891963
244  288  0.0900556
245  287  0.090356
246  286  0.0903526
247  285  0.0903199
248  284  0.0829256
252  280  0.0896497
253  279  0.0920201
254  278  0.0822056
255  277  0.0516364
255  278  0.0192328
256  277  0.0505301
256  337  0.0709593
257  276  0.080816
257  336  0.0721728
260  273  0.0534224
260  333  0.509169
261  272  0.0597722
261  332  0.875493
262  271  0.0591453
262  331  0.87603
263  273  0.0370551
263  330  0.875669
264  272  0.0483271
264  329  0.876063
265  271  0.0480878
265  328  0.875471
266  270  0.0183103
266  327  0.847206
267  322  0.288826
267  326  0.559264
268  321  0.790137
269  320  0.824125
269  324  0.0220908
270  319  0.83525
271  318  0.837606
271  323  0.0390345
272  317  0.83766
272  322  0.0392556
273  316  0.777258
273  321  0.0368161
274  320  0.032722
276  286  0.250944
276  309  0.0458236
276  314  0.530554
277  282  0.0126679
277  283  0.0106644
277  285  0.251004
277  308  0.0458868
277  313  0.534985
278  284  0.227669
278  307  0.0449773
278  310  0.0306066
278  312  0.485437
279  306  0.0130079
279  309  0.0586806
280  306  0.0505453
281  305  0.0580011
281  307  0.090072
281  308  0.0173577
281  310  0.056321
282  290  0.010622
282  306  0.101123
282  309  0.0588415
283  289  0.0103284
283  300  0.069246
283  306  0.0190306
283  309  0.0272176
284  299  0.0694538
285  302  0.464235
285  316  0.0320363
286  297  0.0705029
286  301  0.464485
286  303  0.0326761
286  315  0.0323603
287  296  0.0705268
287  300  0.461146
287  302  0.0329327
287  309  0.205354
287  314  0.0608315
288  295  0.0678442
288  298  0.0850127
288  301  0.0312968
288  308  0.186178
288  313  0.0606943
289  297  0.0818486
289  298  0.409923
289  307  0.166319
289  308  0.0809543
289  318  0.0157188
289  323  0.0162501
290  295  0.0441125
290  297  0.403855
290  301  0.0486217
290  307  0.103499
290  317  0.0158531
290  322  0.0165596
291  296  0.265611
291  300  0.0682583
291  306  0.113002
291  316  0.0144482
291  321  0.0164942
292  299  0.0669508
292  320  0.0164425
293  298  0.0586567
293  304  0.217174
293  319  0.0142007
294  303  0.232667
294  310  0.0110078
295  302  0.236986
295  309  0.0114386
295  314  0.0102128
296  301  0.211378
296  308  0.0110924
296  313  0.0101745
298  306  0.0110392
298  309  0.0213858
299  305  0.0103438
299  308  0.021522
300  307  0.020175
301  306  0.0117349
301  309  0.0905113
301  316  0.013259
302  308  0.0897649
302  315  0.0132695
303  309  0.0124439
303  314  0.0131132
320  334  0.0118876
321  333  0.0163404
322  332  0.0204715
323  331  0.0204242
324  330  0.0154596
