2  79  0.0220527
2  80  0.0125368
2  634  0.0593462
2  638  0.0207544
3  78  0.0220812
3  448  0.0106499
3  633  0.0955476
3  637  0.0218388
4  77  0.0176456
4  78  0.226263
4  447  0.0141712
5  77  0.247158
5  446  0.0148238
5  637  0.0126068
6  76  0.236531
6  445  0.0148693
6  636  0.0131986
6  638  0.119575
7  444  0.0129461
7  637  0.129203
8  74  0.396233
8  635  0.184184
8  636  0.109784
9  73  0.460033
9  90  0.0360276
9  634  0.205403
9  635  0.0911113
10  72  0.47295
10  89  0.0325393
10  633  0.239949
11  70  0.258439
11  71  0.236807
11  88  0.111297
11  632  0.210242
12  69  0.513114
12  87  0.48259
13  68  0.512773
13  86  0.484713
14  67  0.476834
14  85  0.484548
15  84  0.484825
16  83  0.483232
17  38  0.480567
17  82  0.313548
18  37  0.819025
18  81  0.135927
19  36  0.970454
20  35  0.984205
21  34  0.991274
22  33  0.998888
23  32  0.999978
24  31  0.999943
25  30  0.999738
39  66  0.797484
40  65  0.952809
41  64  0.992297
42  63  0.999001
43  62  0.99989
44  61  0.999386
45  60  0.999934
46  59  0.999835
47  58  0.987559
49  54  0.0483196
50  55  0.0252483
50  56  0.0119054
76  637  0.0379644
77  636  0.0413585
78  635  0.0414086
82  630  0.491628
83  629  0.492081
84  628  0.492057
85  627  0.477413
85  637  0.0112415
86  636  0.0121199
87  625  0.463397
87  634  0.0181227
88  624  0.464655
88  633  0.0785885
89  623  0.457621
89  632  0.078426
89  638  0.0174973
90  589  0.0179282
90  622  0.385547
90  637  0.0194572
91  140  0.0166698
91  441  0.143591
91  577  0.0240664
91  588  0.0264373
91  620  0.0842052
91  631  0.112361
91  634  0.032712
91  636  0.0195874
92  139  0.0441955
92  326  0.0228737
92  440  0.151999
92  576  0.0227159
92  587  0.0291616
92  621  0.0493528
92  630  0.0807615
92  633  0.0333306
93  138  0.0442398
93  325  0.0229264
93  338  0.0140016
93  439  0.152053
93  585  0.331799
93  629  0.0378732
93  630  0.301037
94  137  0.0442382
94  324  0.0228318
94  337  0.0149509
94  438  0.152048
94  574  0.0239079
94  584  0.335071
94  629  0.333128
95  136  0.0442156
95  336  0.0162902
95  437  0.151836
95  573  0.0239548
95  583  0.335933
95  628  0.364207
96  321  0.0674817
96  335  0.0162931
96  572  0.0161055
96  627  0.355172
97  135  0.0190716
97  318  0.0195315
97  320  0.0924226
97  334  0.016254
97  582  0.392891
97  626  0.325814
98  134  0.0137546
98  317  0.0153861
98  319  0.0923491
98  333  0.0144066
98  571  0.023253
98  581  0.394107
98  625  0.295558
99  570  0.0237135
99  580  0.401523
100  132  0.0179697
100  317  0.186275
100  569  0.0247907
100  579  0.403438
100  623  0.0160791
101  131  0.0201204
101  316  0.244354
101  568  0.025045
101  578  0.405023
102  130  0.020046
102  315  0.250146
102  567  0.0251013
102  577  0.404531
103  129  0.0129874
103  314  0.250402
103  566  0.0211899
104  135  0.28747
104  155  0.259673
104  313  0.250538
104  565  0.011629
104  574  0.0935411
105  134  0.286985
105  154  0.259959
105  312  0.250508
105  573  0.0938596
106  153  0.2515
106  311  0.204382
106  572  0.0780853
107  152  0.217999
107  310  0.118783
108  130  0.630554
108  151  0.102463
109  129  0.88562
110  128  0.930337
111  127  0.945408
111  142  0.0444266
112  126  0.945458
112  141  0.0483175
113  125  0.945462
113  140  0.0473325
114  124  0.9454
115  123  0.943426
115  138  0.0394853
116  121  0.0130778
116  122  0.731157
117  136  0.0500692
118  135  0.0536645
119  134  0.0536689
120  133  0.0536924
121  132  0.0536371
122  131  0.0536486
123  130  0.0532644
124  129  0.0287678
130  274  0.0573161
130  311  0.0238315
131  273  0.0582001
131  310  0.0795893
132  150  0.0490275
132  272  0.0539575
132  309  0.118329
133  149  0.054454
133  308  0.126098
134  141  0.0324438
134  155  0.068593
134  270  0.168327
134  574  0.0145038
135  140  0.0321638
135  147  0.0556867
135  154  0.0684838
135  269  0.167832
135  573  0.014501
136  146  0.0561663
136  150  0.449948
136  572  0.0105071
136  574  0.0564505
136  621  0.224842
137  145  0.0553945
137  149  0.479359
137  573  0.0562435
137  620  0.225102
138  144  0.0513815
138  148  0.481011
138  619  0.225145
139  147  0.481004
139  618  0.224943
140  146  0.480438
140  574  0.0643889
140  587  0.0126444
140  616  0.0141666
140  621  0.0228913
141  145  0.389928
141  573  0.0643362
141  586  0.0126021
141  615  0.0140724
141  620  0.0230349
142  567  0.36517
142  619  0.0222651
143  566  0.407733
144  565  0.4145
144  585  0.0311411
145  564  0.414497
145  584  0.0311698
146  563  0.414863
146  583  0.0311659
147  562  0.4151
147  582  0.0293793
148  561  0.386577
150  559  0.412912
150  579  0.010785
151  558  0.417342
152  557  0.416098
153  161  0.0110364
153  556  0.415239
153  575  0.0267566
154  160  0.0164833
154  554  0.169399
154  555  0.249027
154  574  0.0309223
155  159  0.01338
155  553  0.333183
155  573  0.0309299
156  551  0.0279959
156  552  0.302417
156  572  0.0266572
157  550  0.054297
157  551  0.267843
158  269  0.0743546
158  433  0.0144017
158  549  0.0803735
159  166  0.0133571
159  268  0.245978
159  432  0.0135564
159  550  0.198838
159  554  0.11066
159  574  0.205374
160  165  0.013061
160  267  0.246072
160  548  0.0985824
160  549  0.200583
160  553  0.113249
160  567  0.0112269
160  573  0.205454
161  266  0.24569
161  547  0.0929395
161  552  0.110929
161  566  0.0109009
161  572  0.195248
162  265  0.244035
162  548  0.0802465
162  571  0.169955
163  264  0.218336
163  547  0.0830125
163  550  0.0716348
163  564  0.0171171
164  548  0.0442054
164  549  0.0705097
164  563  0.0174538
165  261  0.0873123
165  262  0.0821303
165  394  0.0197439
165  546  0.687848
166  260  0.0975592
166  393  0.0197222
166  545  0.691165
167  259  0.0386417
167  260  0.0671085
167  389  0.0201254
167  392  0.0122853
167  544  0.678061
168  259  0.168322
168  260  0.0118453
168  388  0.0267766
169  258  0.156089
169  261  0.0217349
169  387  0.0339448
169  542  0.62747
170  260  0.023677
170  386  0.0347183
170  541  0.692176
171  259  0.0247032
171  385  0.0347674
171  540  0.693021
172  257  0.260755
172  384  0.03478
172  539  0.693884
173  256  0.262732
173  383  0.0347668
173  538  0.694623
174  255  0.262748
174  382  0.0347457
174  537  0.694614
175  254  0.262611
175  381  0.0328471
175  536  0.691316
176  253  0.262759
176  535  0.681534
177  252  0.262746
178  251  0.262383
178  373  0.733381
179  250  0.262548
179  372  0.73436
180  249  0.253182
180  371  0.734529
181  370  0.629484
182  247  0.0138846
182  369  0.625158
183  246  0.0165994
183  247  0.195093
183  368  0.735306
184  367  0.736901
185  245  0.242175
185  366  0.736457
186  244  0.247599
186  365  0.73417
187  243  0.205857
187  335  0.0152871
188  204  0.654649
188  334  0.0173617
188  363  0.0107056
189  203  0.888761
189  333  0.0134127
189  362  0.0110104
190  202  0.914984
191  201  0.912626
191  324  0.0229732
191  331  0.0154043
191  359  0.0113074
192  200  0.910072
192  323  0.0231929
192  358  0.0117827
193  198  0.051709
193  199  0.798163
193  322  0.0232538
193  329  0.0173664
193  357  0.0116529
194  321  0.0229703
194  328  0.017309
195  320  0.0189225
195  327  0.0164076
196  268  0.0232992
196  326  0.0141462
197  267  0.0232995
199  265  0.0198951
200  264  0.0195642
202  262  0.0165553
203  261  0.0242223
204  260  0.0243232
204  350  0.283068
205  241  0.249266
205  259  0.0243226
205  339  0.0119306
205  349  0.437652
206  240  0.358213
206  258  0.0241109
206  276  0.0158839
206  338  0.0126539
206  348  0.453102
206  361  0.124219
207  239  0.358337
207  257  0.023982
207  275  0.0159229
207  337  0.0126531
207  347  0.45312
207  360  0.124275
208  238  0.356443
208  274  0.0161765
208  346  0.452466
208  359  0.123199
209  273  0.0161143
209  335  0.0345085
209  345  0.438361
210  228  0.494294
210  272  0.0161741
210  318  0.0157806
210  334  0.0375864
210  343  0.011294
210  357  0.0788869
211  227  0.495252
211  317  0.0156242
211  333  0.0270187
211  340  0.148287
211  342  0.0109158
211  356  0.0761155
212  226  0.494839
212  271  0.0269809
212  316  0.0149312
212  339  0.150275
212  344  0.012074
212  354  0.0720226
213  225  0.496045
213  270  0.0403928
213  322  0.0113766
213  331  0.0307016
213  338  0.148505
213  343  0.01846
213  353  0.0730454
214  224  0.494401
214  321  0.0105139
214  330  0.0279227
214  343  0.0146706
214  352  0.073507
215  223  0.483384
215  341  0.0579522
215  342  0.0117041
215  351  0.0723527
216  222  0.411157
216  340  0.0705974
216  350  0.0688494
217  267  0.30339
217  339  0.0735879
217  349  0.06715
218  266  0.463307
219  265  0.487952
220  264  0.493141
221  263  0.493295
222  262  0.492574
223  261  0.493609
224  260  0.493585
225  259  0.493259
226  257  0.0225794
226  258  0.394465
228  255  0.384253
228  256  0.0575133
229  254  0.387563
230  237  0.261003
231  236  0.344725
231  253  0.633108
232  252  0.634107
233  251  0.634379
234  250  0.634973
235  249  0.63463
237  248  0.623736
238  247  0.62187
239  246  0.565578
240  244  0.0392492
241  364  0.0941689
242  363  0.0955344
243  362  0.0959313
244  361  0.0961196
246  360  0.0960848
247  359  0.0960887
248  358  0.0957637
250  357  0.0942079
251  356  0.0940635
252  355  0.0924188
253  350  0.0336933
254  339  0.0566115
254  349  0.0339286
254  354  0.0225871
255  338  0.108155
255  348  0.0341945
255  353  0.0216763
256  337  0.108203
256  347  0.0340174
256  352  0.0218494
257  336  0.10761
257  350  0.0598975
258  349  0.0598863
259  325  0.0195396
259  334  0.0106481
259  335  0.0321349
259  348  0.0595759
260  268  0.0284635
260  324  0.0197926
260  334  0.0320237
260  343  0.0320295
260  347  0.0587409
261  267  0.0258472
261  323  0.0182652
261  333  0.0297753
261  342  0.0370887
262  341  0.0373944
262  342  0.0113452
263  340  0.036993
263  341  0.0116993
263  344  0.0204114
264  339  0.0330099
264  340  0.0113409
265  320  0.0225931
265  343  0.0103286
266  319  0.0233643
266  339  0.0100387
267  318  0.0232967
267  334  0.0442781
267  337  0.164867
267  338  0.0253535
268  333  0.0445987
268  336  0.169014
268  339  0.0201741
269  313  0.247061
269  334  0.242586
269  337  0.130462
269  338  0.0107314
270  312  0.247718
270  315  0.0141977
270  333  0.248982
270  336  0.139489
271  311  0.243312
271  314  0.0131858
271  332  0.179457
271  335  0.102194
272  341  0.0149262
273  340  0.0182516
274  308  0.0728088
274  339  0.0185578
276  308  0.0377693
278  307  0.988931
279  306  0.989791
280  305  0.990733
281  304  0.990717
282  303  0.990987
283  302  0.99103
284  301  0.990913
285  300  0.981195
286  299  0.937007
288  296  0.349591
289  295  0.364642
289  297  0.472457
290  296  0.359506
308  318  0.19177
308  322  0.0387706
308  329  0.0145322
308  337  0.0149026
309  317  0.189748
309  336  0.0144811
310  316  0.181323
311  315  0.105443
311  319  0.0422888
312  318  0.0423542
312  324  0.0102588
312  325  0.0277854
312  334  0.0994652
313  333  0.0995337
314  323  0.164881
315  322  0.220603
315  329  0.0672681
315  331  0.0465086
316  321  0.144866
316  328  0.0643137
316  330  0.0388552
317  327  0.0538042
322  436  0.167353
323  435  0.169238
324  434  0.168692
325  433  0.167953
326  333  0.0108809
326  391  0.0886238
327  390  0.0891129
327  431  0.0210852
328  389  0.0892389
328  430  0.0196579
328  431  0.0197848
329  388  0.0889007
329  393  0.0196335
329  430  0.0215152
330  386  0.0127031
330  392  0.0216449
330  619  0.0102535
331  385  0.0123146
331  391  0.0217948
331  618  0.0107119
332  356  0.0124032
332  385  0.0701732
332  390  0.0182001
332  395  0.0583373
332  617  0.010719
333  355  0.0209163
333  384  0.0864458
333  394  0.0846584
333  616  0.0107064
334  383  0.086418
334  393  0.0846624
334  615  0.010688
335  382  0.0771434
335  392  0.0747576
336  381  0.0262753
337  350  0.313088
338  349  0.316241
339  346  0.0103537
339  348  0.313518
339  449  0.0135675
340  448  0.0183993
341  447  0.0193319
342  446  0.0196047
343  445  0.0196845
344  444  0.0188258
347  442  0.0177627
348  441  0.0182885
349  361  0.015773
349  440  0.0185583
350  360  0.0153571
350  364  0.0163904
350  439  0.0183799
351  363  0.0158221
352  362  0.0134563
357  436  0.0154205
358  435  0.0154922
359  434  0.0155153
360  376  0.0859597
360  433  0.0154691
361  375  0.0867924
361  388  0.128582
362  374  0.0863515
362  387  0.130956
363  386  0.131337
363  635  0.0230566
364  372  0.0869869
364  385  0.131427
364  634  0.0251798
365  371  0.0870751
365  384  0.131306
365  633  0.0254357
366  370  0.0331481
366  383  0.131185
366  632  0.0254092
367  382  0.130926
367  631  0.0254134
368  381  0.125704
369  630  0.0250309
370  629  0.0250237
371  376  0.065344
371  628  0.024767
372  384  0.0314153
373  383  0.0314054
374  379  0.0143644
374  382  0.0300731
374  534  0.484114
375  381  0.0176723
375  533  0.706535
376  532  0.706741
377  531  0.702797
378  529  0.686227
379  528  0.688935
380  527  0.702363
381  526  0.707377
382  525  0.708136
383  524  0.708149
384  523  0.708114
385  522  0.692395
387  521  0.474841
388  520  0.472551
392  627  0.0222227
393  432  0.0954562
393  508  0.705123
393  626  0.0253248
394  430  0.0127084
394  507  0.705537
394  625  0.0253389
395  506  0.70472
396  429  0.272627
396  505  0.704303
397  428  0.401166
397  504  0.559971
398  427  0.830883
399  426  0.827135
401  424  0.990394
402  423  0.996859
403  422  0.997479
404  421  0.998001
405  420  0.998024
406  419  0.998042
407  418  0.997152
408  416  0.0256046
408  417  0.966128
409  415  0.675093
410  416  0.0709758
411  415  0.0412165
427  503  0.0115703
428  503  0.202911
429  501  0.101086
429  502  0.586641
430  500  0.102846
430  501  0.585673
432  499  0.689093
433  498  0.690335
434  497  0.690354
434  624  0.0892804
435  496  0.689652
435  623  0.0903429
436  495  0.686199
436  622  0.0913885
437  455  0.0409809
437  494  0.527665
437  621  0.101872
438  454  0.0406967
438  478  0.0470739
438  620  0.101915
439  453  0.039957
439  476  0.157199
439  619  0.101904
440  475  0.177411
440  618  0.101457
441  451  0.0124882
441  474  0.180342
441  576  0.0217643
441  585  0.0498205
442  451  0.0314289
442  473  0.183388
442  492  0.483327
442  574  0.0352473
442  576  0.0657516
442  584  0.0493761
443  450  0.0285731
443  472  0.16722
443  491  0.483879
443  573  0.0186528
443  575  0.0658125
443  583  0.0437856
444  490  0.483242
444  573  0.148421
445  470  0.029144
445  471  0.0143457
445  489  0.480626
445  572  0.17562
446  488  0.469
446  571  0.177696
447  487  0.463465
447  570  0.178317
448  486  0.450405
448  569  0.177721
448  639  0.0128662
449  468  0.160569
449  485  0.432149
449  568  0.178265
449  638  0.0322396
450  467  0.16735
450  637  0.0344595
451  466  0.167081
451  483  0.185884
451  484  0.078566
451  567  0.186837
451  636  0.0346363
452  566  0.186845
453  462  0.616711
453  463  0.0416446
453  482  0.0110727
453  565  0.187012
454  461  0.636829
454  462  0.0420664
454  564  0.186874
455  460  0.691208
455  483  0.0584288
455  563  0.187009
456  482  0.0621126
456  562  0.186226
457  481  0.055939
457  561  0.181533
458  480  0.0179869
459  481  0.0124368
460  480  0.0637548
460  492  0.0242224
460  558  0.140016
461  479  0.0920178
461  491  0.0240535
461  557  0.139778
462  478  0.099868
462  490  0.0238415
462  556  0.134288
463  476  0.501565
463  484  0.0207413
463  505  0.0125016
464  475  0.513816
464  483  0.0209903
464  503  0.103825
464  631  0.0464558
465  474  0.518338
465  482  0.0207486
465  502  0.119645
465  630  0.0497772
466  473  0.520168
466  481  0.0166548
466  501  0.118896
466  629  0.04978
467  472  0.377644
467  628  0.0493632
468  627  0.0365033
472  500  0.154786
472  504  0.0103298
472  626  0.0462773
473  499  0.148314
473  503  0.0103156
473  625  0.0463201
474  499  0.0241685
475  498  0.269939
476  492  0.016631
476  497  0.270533
477  491  0.0188838
477  493  0.0434814
477  496  0.271141
478  492  0.0566295
478  495  0.271928
479  489  0.0214066
479  494  0.270593
480  488  0.0112652
480  493  0.240244
481  488  0.446647
481  491  0.0330297
482  487  0.48015
482  490  0.0330788
483  489  0.0304278
499  621  0.0758791
500  620  0.0760034
501  560  0.0422813
501  619  0.0760112
502  559  0.0430877
502  618  0.0759359
503  558  0.0431387
503  584  0.0212928
504  556  0.061728
504  577  0.0545796
504  583  0.0214914
505  555  0.154299
505  576  0.0604777
505  582  0.0194296
506  575  0.0605557
506  581  0.0176844
507  554  0.22601
507  574  0.0606528
508  553  0.226953
508  573  0.0606393
509  552  0.226752
509  572  0.0560347
510  551  0.225908
511  550  0.226455
512  517  0.68149
512  549  0.160311
513  548  0.0935255
513  549  0.0686695
514  548  0.135116
514  567  0.0509599
515  547  0.200887
515  566  0.0510994
516  546  0.198201
516  547  0.0136018
516  565  0.0501849
517  546  0.0158409
517  564  0.0257892
518  543  0.0345874
519  542  0.0296804
519  543  0.0101253
521  564  0.0222819
522  540  0.221113
522  563  0.0310074
523  539  0.227472
523  561  0.0268686
523  562  0.0300846
524  538  0.228042
524  560  0.0581283
525  537  0.227209
525  559  0.0581417
526  536  0.185164
526  558  0.0579822
527  557  0.0572002
528  534  0.0259375
528  556  0.0526488
534  550  0.0539431
535  549  0.0584139
536  548  0.0233875
537  547  0.0262341
538  546  0.0627412
539  545  0.0568538
547  556  0.0497232
548  555  0.167685
548  566  0.0196509
549  554  0.164556
549  565  0.0214629
553  561  0.0239718
554  560  0.0293677
555  559  0.0182159
555  563  0.014436
556  562  0.0180744
556  565  0.10797
557  564  0.107483
558  563  0.102089
561  578  0.0289087
562  577  0.0309711
563  576  0.0312752
564  575  0.0296795
565  573  0.0223177
566  571  0.0136472
572  617  0.0349095
573  584  0.037246
573  587  0.0133363
573  616  0.0418624
574  583  0.0375678
574  586  0.0132991
574  615  0.0417861
576  583  0.0515994
577  582  0.062082
577  585  0.0138739
583  616  0.069078
583  621  0.158249
584  615  0.0396178
584  619  0.017855
584  620  0.155548
585  615  0.0396654
585  618  0.0209867
585  619  0.151847
586  614  0.10294
586  616  0.710423
586  626  0.0533004
587  615  0.71128
587  625  0.0533604
588  613  0.514161
588  614  0.356088
588  616  0.0295972
588  624  0.0531921
589  612  0.869719
589  615  0.0296106
589  623  0.0512103
590  611  0.927681
590  614  0.0301632
590  622  0.0289081
591  610  0.928388
591  613  0.0301699
591  621  0.0287686
592  609  0.914706
592  612  0.0300534
592  620  0.0287012
593  609  0.0273221
593  619  0.0184719
594  608  0.968669
595  607  0.979368
596  606  0.983398
597  605  0.982451
598  604  0.974947
609  616  0.0189821
610  615  0.0178503
612  621  0.053264
613  620  0.0533151
614  619  0.050852
619  630  0.0337871
620  629  0.0340275
621  628  0.0339392
