1  14  0.129274
1  17  0.658885
1  18  0.079935
1  22  0.0335256
2  13  0.130796
2  16  0.82145
2  21  0.0330214
3  12  0.131186
3  15  0.839302
3  20  0.0285434
4  11  0.112334
4  14  0.839834
4  19  0.0264513
5  13  0.819175
7  16  0.0252181
16  22  0.0199309
23  303  0.0193653
23  304  0.0146023
24  302  0.0224879
24  303  0.0173951
25  301  0.0178261
25  302  0.0132664
26  277  0.957323
27  276  0.999273
28  275  0.999382
29  274  0.998781
30  110  0.0225747
30  273  0.97643
31  109  0.959363
32  108  0.991223
33  107  0.991352
34  106  0.992228
35  105  0.99222
36  104  0.991155
37  57  0.0127274
39  57  0.016113
39  101  0.227688
40  56  0.0189392
40  100  0.207146
41  54  0.912667
42  53  0.913245
43  52  0.899875
44  51  0.769987
46  54  0.0815814
47  53  0.0811203
48  52  0.0308806
55  100  0.125788
55  102  0.013282
55  103  0.0414112
56  98  0.0135
56  99  0.135533
56  101  0.018391
58  97  0.980776
59  96  0.990134
60  95  0.990109
61  94  0.989699
62  93  0.791401
64  91  0.223882
65  89  0.0102946
65  91  0.0255021
66  90  0.0366345
67  88  0.990817
68  87  0.993258
69  86  0.991241
70  85  0.991269
71  84  0.993342
72  83  0.992427
73  82  0.992845
74  81  0.908827
75  80  0.417969
110  270  0.0208473
112  267  0.783378
113  266  0.97053
114  265  0.970654
115  264  0.967605
116  263  0.962303
117  150  0.0494174
117  261  0.0159345
117  262  0.692611
118  149  0.131277
118  260  0.0218866
118  262  0.11432
119  148  0.134499
120  146  0.0188634
120  147  0.128093
120  259  0.141997
121  145  0.0310431
121  258  0.142578
122  257  0.130654
123  144  0.43528
124  143  0.99631
125  142  0.996776
126  141  0.999423
127  140  0.999455
128  139  0.999071
129  138  0.998908
130  137  0.89022
144  181  0.460987
145  180  0.82871
146  179  0.834754
147  178  0.827653
148  177  0.827243
149  176  0.604219
150  175  0.337692
150  176  0.313525
151  175  0.596663
151  176  0.0102162
152  174  0.866749
154  173  0.980462
155  172  0.991168
156  171  0.994241
157  170  0.996965
158  169  0.995704
159  168  0.995926
160  167  0.996533
161  166  0.986621
180  263  0.0128534
182  262  0.0946495
183  261  0.782039
184  260  0.834843
185  259  0.835957
186  255  0.130152
186  258  0.834976
187  254  0.130829
187  257  0.637684
188  253  0.128053
189  255  0.599753
191  254  0.675935
193  252  0.958303
194  251  0.999548
195  250  0.99878
196  249  0.997913
197  248  0.997922
198  247  0.998857
199  246  0.999958
200  245  0.99967
201  244  0.907993
203  241  0.96955
204  240  0.999535
205  239  0.999334
206  238  0.997597
207  237  0.993327
208  236  0.98171
209  235  0.907811
212  232  0.434591
215  229  0.996861
216  228  0.999339
217  227  0.999945
218  226  0.99989
219  225  0.988182
220  224  0.776493
279  299  0.841239
280  298  0.964402
281  297  0.999797
282  296  0.999846
283  295  0.999907
284  294  0.999954
285  293  0.999815
286  292  0.998553
287  291  0.618454
