1  801  0.0167875
2  239  0.0167999
2  709  0.0105355
2  787  0.0144664
2  800  0.02317
3  13  0.0285995
3  236  0.619961
3  238  0.014583
3  264  0.011336
3  786  0.165924
3  799  0.0286892
4  12  0.0286342
4  235  0.699198
4  262  0.0117131
4  785  0.165885
4  798  0.0286426
5  11  0.0260858
5  234  0.703911
5  261  0.0174215
6  10  0.0151559
6  233  0.705205
6  260  0.0177597
6  796  0.0117688
7  232  0.705669
7  259  0.0178331
7  795  0.0117617
8  231  0.705239
8  258  0.0178239
8  679  0.125165
9  186  0.189534
9  229  0.29952
9  507  0.0387315
9  678  0.149524
10  228  0.292267
10  506  0.0382131
10  677  0.149517
11  185  0.434869
11  227  0.196552
11  483  0.0198206
11  505  0.0310863
11  676  0.149549
12  184  0.713695
12  482  0.0322709
12  504  0.0221465
12  675  0.149701
13  183  0.713987
13  481  0.0323672
13  674  0.149663
14  182  0.713014
14  239  0.0456305
14  478  0.0354912
14  480  0.015727
14  673  0.147488
15  181  0.709298
15  238  0.0591124
15  477  0.0591003
15  672  0.142066
16  237  0.0590935
16  476  0.0595775
17  236  0.0590825
17  475  0.0595507
18  70  0.100481
18  235  0.0591459
18  474  0.0594204
19  69  0.0937611
19  234  0.0590868
20  68  0.0650217
20  233  0.0590174
21  45  0.204215
21  232  0.058802
22  44  0.996109
23  43  0.996437
24  42  0.995261
25  39  0.0187209
26  38  0.0193961
26  40  0.970304
27  37  0.0195602
27  39  0.978869
28  36  0.0195616
28  38  0.979027
29  35  0.0195413
29  37  0.97902
30  34  0.0158604
30  36  0.977276
31  35  0.605295
45  179  0.766794
46  60  0.214139
46  178  0.776404
47  59  0.215164
47  177  0.776642
48  58  0.214869
48  176  0.774627
49  57  0.212678
49  175  0.752164
50  56  0.200987
50  172  0.0555864
50  174  0.533809
51  55  0.116984
51  171  0.0974654
52  170  0.101835
52  171  0.0210187
53  109  0.0193294
53  154  0.0344062
53  169  0.0968625
53  170  0.0208377
53  171  0.0632751
54  108  0.0108709
54  153  0.0413732
54  168  0.0413316
55  108  0.624611
55  152  0.0424759
56  107  0.69169
56  151  0.0431387
57  106  0.718446
57  150  0.0148421
58  105  0.726858
58  149  0.0155451
59  104  0.726857
59  148  0.0437984
60  103  0.725663
60  147  0.0437646
66  70  0.0207532
66  79  0.0204739
66  99  0.0115404
67  78  0.0175555
67  98  0.0102329
69  78  0.0223535
70  75  0.0850481
70  76  0.0673936
70  77  0.397721
70  471  0.0298402
71  470  0.0302124
72  469  0.0265133
74  79  0.0732572
74  671  0.0521644
75  670  0.0528669
75  671  0.011773
76  99  0.0306653
76  467  0.135079
76  669  0.0525728
76  670  0.0120192
77  466  0.190783
77  669  0.0118665
78  97  0.626317
78  465  0.200008
79  96  0.626294
79  464  0.199099
81  93  0.93622
82  92  0.98108
83  91  0.981009
84  90  0.94895
95  105  0.011677
95  461  0.208853
96  104  0.0116904
96  460  0.208958
97  103  0.0113846
97  459  0.20896
98  458  0.208836
99  457  0.208912
100  456  0.205261
101  455  0.160552
102  453  0.0331418
103  123  0.0362063
103  126  0.0164789
103  141  0.0487161
103  452  0.0332055
103  453  0.0464617
104  122  0.0358306
104  140  0.0487781
104  450  0.015389
104  452  0.0580986
105  139  0.0487795
105  449  0.0160606
106  138  0.048767
106  453  0.0144178
107  122  0.0384786
107  137  0.0487845
107  447  0.0197426
107  452  0.0153953
108  121  0.0392227
108  136  0.0468299
108  446  0.0185229
108  451  0.0151747
109  450  0.010946
110  119  0.139708
110  168  0.630998
111  118  0.151003
111  167  0.721681
111  445  0.0417125
112  117  0.148383
112  166  0.72924
112  444  0.0438571
113  132  0.0519898
113  165  0.702806
113  443  0.043532
114  131  0.0538533
115  130  0.0533852
115  163  0.0168745
116  129  0.0535466
116  163  0.686835
116  440  0.0440461
117  127  0.0608064
117  162  0.728942
117  439  0.0442025
118  126  0.0665613
118  161  0.725542
118  438  0.044174
119  125  0.0640594
119  160  0.72427
119  437  0.0441143
120  159  0.711079
120  436  0.0438585
121  128  0.605908
121  435  0.037364
121  450  0.0581755
122  127  0.585999
122  157  0.0124766
122  449  0.0646823
123  130  0.0154059
123  433  0.010689
123  448  0.0649945
126  445  0.0663838
127  159  0.0138108
127  444  0.066588
127  455  0.0255358
128  158  0.0172391
128  454  0.0547687
129  443  0.0679662
129  453  0.0591708
130  156  0.726034
130  442  0.0685295
130  452  0.0596969
131  155  0.726904
131  441  0.0679539
132  154  0.725902
132  440  0.06064
133  153  0.716801
134  152  0.599655
136  149  0.72482
136  429  0.210561
137  148  0.730294
137  428  0.210694
138  147  0.729046
138  427  0.210618
139  146  0.729988
139  426  0.210766
140  145  0.692468
140  425  0.210767
141  424  0.210686
142  423  0.192203
145  380  0.208282
146  379  0.210581
147  378  0.211343
148  377  0.211348
149  376  0.211188
150  375  0.210363
151  374  0.194381
153  372  0.0313659
154  164  0.0165192
154  371  0.030044
155  163  0.0519751
155  368  0.0748467
156  162  0.0546167
156  167  0.0159509
156  367  0.0786565
157  161  0.0340509
157  166  0.0181669
157  366  0.0775677
158  165  0.013746
158  373  0.0212739
159  372  0.0219649
160  363  0.0664077
160  371  0.0215664
160  373  0.0554855
161  362  0.0686143
161  372  0.0578703
162  173  0.0222266
162  361  0.0672234
162  370  0.01728
162  371  0.0373556
163  172  0.0222064
164  171  0.0214717
164  369  0.100519
165  170  0.0156247
165  353  0.0492591
165  368  0.1274
166  352  0.051378
166  360  0.0133892
166  367  0.129001
167  351  0.0512134
167  359  0.0155364
167  366  0.12818
168  350  0.0509435
168  358  0.0156309
168  365  0.119108
169  349  0.0474077
169  357  0.0148111
171  354  0.0172478
172  353  0.0187937
173  352  0.01879
175  348  0.104119
176  347  0.112909
177  346  0.0758587
178  345  0.0379889
178  346  0.128414
179  345  0.170566
180  314  0.0102287
180  344  0.208418
181  226  0.0570251
181  313  0.0120281
181  343  0.20852
182  225  0.0572949
182  312  0.0127442
182  342  0.208399
183  224  0.0569969
183  311  0.0130988
183  341  0.208462
184  310  0.0130906
184  340  0.208388
185  338  0.0337164
185  339  0.140754
186  226  0.0133326
186  337  0.0672843
187  222  0.745317
187  338  0.0388643
188  221  0.807944
188  326  0.0124561
188  337  0.0379296
189  217  0.0191735
189  220  0.807855
189  325  0.0126797
190  216  0.0191091
191  200  0.0143298
191  218  0.836093
191  335  0.0221316
192  199  0.014751
192  217  0.842247
192  334  0.0230925
193  216  0.80418
194  203  0.0104626
194  212  0.883702
195  202  0.0109534
195  211  0.963879
196  210  0.963995
197  209  0.964489
198  208  0.964085
199  207  0.937602
207  334  0.0243267
208  333  0.0264693
209  332  0.0264673
210  331  0.0264425
211  330  0.0263973
213  338  0.0295976
214  325  0.0438348
214  326  0.0154538
214  337  0.0345144
215  324  0.0439082
215  325  0.0155284
215  336  0.0335288
216  323  0.0429352
216  324  0.0152329
216  335  0.030956
220  321  0.163222
221  320  0.164664
222  319  0.166328
223  318  0.16804
224  317  0.160953
225  317  0.0102272
226  279  0.0100579
226  309  0.0147931
226  315  0.014792
226  316  0.149951
227  278  0.0100471
227  308  0.0146697
227  314  0.0214088
227  315  0.149222
228  307  0.0130046
229  313  0.174915
230  312  0.176087
231  287  0.0141731
231  311  0.173944
232  279  0.0150218
232  286  0.153046
232  309  0.0344605
233  278  0.0149807
233  285  0.153694
233  308  0.0340766
234  277  0.0141593
234  284  0.153643
234  307  0.0305305
235  261  0.0286787
235  283  0.153009
235  306  0.0152302
236  260  0.0776613
236  282  0.123091
237  259  0.10623
237  281  0.0858984
238  258  0.176053
238  787  0.0108692
239  257  0.173862
240  278  0.0160397
240  710  0.461356
241  255  0.207583
241  277  0.0145952
241  709  0.533119
242  254  0.223925
242  708  0.554257
243  253  0.223914
243  270  0.0106904
243  706  0.717758
244  252  0.222866
244  269  0.0107973
244  705  0.73659
245  251  0.218696
245  268  0.0106187
245  704  0.738317
246  250  0.127042
246  703  0.737726
247  702  0.736287
248  701  0.733984
249  263  0.013706
250  700  0.718968
251  261  0.0218865
251  699  0.718784
252  260  0.0239315
252  698  0.0205863
253  259  0.0240755
253  697  0.0103148
253  698  0.725223
254  258  0.0149129
254  697  0.735599
255  696  0.745565
256  695  0.745886
257  694  0.744463
258  693  0.745095
259  273  0.0262803
259  279  0.0112369
259  692  0.738346
260  278  0.0113614
261  271  0.532485
261  329  0.0464057
261  691  0.110282
262  270  0.66346
262  328  0.0966881
262  690  0.108172
263  269  0.629855
263  327  0.0967519
263  689  0.0661392
264  326  0.0966041
266  325  0.0469755
267  319  0.0173013
267  324  0.0397025
268  318  0.0228406
269  317  0.0228403
271  315  0.0213834
272  314  0.0224883
273  313  0.0224229
278  686  0.014123
279  685  0.0152263
283  310  0.019293
283  685  0.0149991
284  305  0.0435942
284  306  0.0106855
284  309  0.0219973
284  429  0.0526722
284  431  0.0598162
284  684  0.0133249
284  687  0.248032
285  430  0.0604631
285  686  0.2406
286  428  0.126585
286  685  0.234942
287  303  0.637858
287  427  0.143339
288  302  0.821882
288  426  0.150787
289  301  0.830304
289  425  0.150798
290  300  0.830703
290  424  0.150791
291  299  0.831113
291  423  0.150768
292  298  0.822396
292  422  0.149596
294  420  0.128561
298  311  0.0103025
298  418  0.0111309
299  310  0.0103311
299  416  0.138995
300  309  0.011328
300  415  0.13974
301  308  0.0110449
301  414  0.139783
302  307  0.0100529
302  413  0.139318
303  412  0.135435
305  410  0.0210525
306  409  0.0173539
308  406  0.0191522
308  686  0.219495
309  317  0.010061
309  405  0.0225919
309  685  0.242739
310  316  0.0100064
310  318  0.0213236
310  330  0.0149417
310  403  0.0255011
310  411  0.119666
310  675  0.0851993
310  684  0.401482
311  317  0.0218387
311  329  0.0147395
311  402  0.0265017
311  410  0.119781
311  674  0.0852751
311  683  0.401548
312  322  0.0103527
312  401  0.0264209
312  409  0.119568
312  673  0.0851311
312  682  0.400888
313  321  0.0129703
313  400  0.0259024
313  408  0.119593
313  672  0.0860035
313  681  0.397482
314  399  0.015359
314  407  0.119409
314  671  0.0431401
315  353  0.0269981
315  406  0.119073
315  670  0.0430621
316  325  0.0348391
316  352  0.0293815
316  405  0.118952
316  669  0.0862458
316  679  0.34576
317  351  0.0355053
317  404  0.0447312
317  668  0.086109
317  678  0.344693
318  350  0.0353865
318  667  0.0680857
319  349  0.0347463
319  354  0.0122519
319  677  0.055724
320  348  0.0305522
320  353  0.0152014
320  665  0.083716
320  676  0.0451814
321  352  0.0153657
321  664  0.084553
322  663  0.0805588
325  333  0.156789
325  342  0.0109699
325  660  0.0694113
325  700  0.0154292
326  332  0.148957
326  341  0.0122672
326  347  0.0559677
326  426  0.0130561
326  659  0.0730232
326  675  0.39653
326  699  0.0154989
327  340  0.0123382
327  346  0.0573384
327  425  0.0138468
327  658  0.0732717
327  674  0.397334
327  698  0.0155313
328  334  0.0115072
328  345  0.0573536
328  424  0.014214
328  657  0.0726398
328  673  0.397322
328  697  0.0155035
329  338  0.0151486
329  344  0.0572467
329  423  0.0143953
329  426  0.0232525
329  655  0.0430823
329  672  0.397204
329  696  0.0153781
330  337  0.0185307
330  343  0.0572838
330  422  0.014358
330  425  0.0231904
330  654  0.0450444
330  671  0.39697
330  695  0.0153393
331  342  0.0555097
331  412  0.0125863
331  653  0.0307179
332  410  0.335707
332  670  0.0265708
333  340  0.0484846
333  409  0.344823
333  422  0.0226406
333  669  0.0265525
334  339  0.0326539
334  408  0.339502
334  421  0.0226381
334  513  0.0102014
334  668  0.0225353
334  690  0.123722
335  512  0.0101524
335  689  0.123961
336  419  0.0289793
336  688  0.12398
337  408  0.0200403
337  418  0.0298532
337  429  0.0468311
337  510  0.0163356
337  687  0.124154
338  405  0.0656818
338  406  0.0355515
338  407  0.0201974
338  417  0.0271494
338  428  0.0468368
338  509  0.0164185
338  686  0.124085
339  405  0.0362933
339  406  0.0125134
339  416  0.0130059
339  427  0.0468415
339  508  0.0164135
339  685  0.123873
340  403  0.512447
340  426  0.0469595
340  507  0.0162419
340  684  0.123816
341  402  0.514059
341  425  0.0469551
341  683  0.12376
342  401  0.514622
342  424  0.0460471
342  505  0.0151969
342  645  0.0129314
342  682  0.107975
343  400  0.516187
343  423  0.042664
343  504  0.0151862
343  644  0.0400103
343  681  0.0829261
344  399  0.515396
344  422  0.0417122
344  503  0.0150613
344  643  0.0400108
344  679  0.0209358
345  398  0.510461
345  421  0.0315242
345  501  0.012625
345  642  0.0399109
345  678  0.0207836
346  361  0.295609
346  366  0.0524724
346  500  0.012912
346  641  0.0397025
346  677  0.0201237
347  360  0.296259
347  365  0.0530968
347  499  0.0130239
347  640  0.0348851
347  676  0.0189682
348  359  0.296314
348  498  0.0110015
349  358  0.295949
349  364  0.401949
350  357  0.260215
350  363  0.433331
350  680  0.0512838
351  362  0.436492
351  673  0.0161905
351  679  0.0539936
352  361  0.430887
352  574  0.0202629
352  672  0.0161312
352  678  0.054736
353  359  0.0197255
353  573  0.0203639
353  677  0.0546516
354  358  0.0114915
354  572  0.0203775
354  671  0.0118575
354  676  0.0541867
355  571  0.0203743
355  670  0.0118807
355  674  0.0473646
356  402  0.018575
356  570  0.0202351
356  669  0.0116045
356  673  0.0472448
357  401  0.0189104
359  399  0.0407364
359  669  0.0464761
360  398  0.0618889
360  568  0.0183514
360  668  0.0633654
361  397  0.0618891
361  567  0.0183637
361  667  0.0634001
362  396  0.0615247
362  566  0.0175054
363  395  0.0607687
363  565  0.0173122
365  663  0.0702561
366  397  0.418931
366  662  0.0713266
367  375  0.0106358
367  396  0.508404
367  560  0.0163032
367  639  0.0127064
367  661  0.0719033
368  559  0.0165971
368  638  0.0124979
368  660  0.0718429
369  558  0.0165965
369  659  0.071643
370  393  0.58608
370  410  0.0291743
370  557  0.0165908
370  658  0.0714261
371  392  0.586439
371  397  0.0121264
371  409  0.0302518
371  556  0.0153881
371  657  0.0450823
372  391  0.583828
372  396  0.0385063
372  408  0.0325181
372  636  0.014064
373  395  0.0196873
373  407  0.0325016
373  635  0.0140931
374  394  0.0198629
374  406  0.0325106
374  634  0.0140117
375  393  0.038785
375  405  0.0324932
375  633  0.0139005
376  390  0.605007
377  389  0.705065
377  425  0.0177092
378  388  0.705627
378  424  0.0179803
379  387  0.70566
379  423  0.017967
379  426  0.0496746
380  386  0.682666
380  422  0.0151527
380  425  0.049948
381  424  0.0496287
385  422  0.225546
386  421  0.286694
387  420  0.286735
388  419  0.286481
389  418  0.287027
390  417  0.286621
391  416  0.286032
393  400  0.0267887
393  415  0.191689
393  629  0.020692
394  400  0.0204562
394  404  0.0533541
394  414  0.190492
394  628  0.0221183
395  400  0.0296378
395  403  0.0604353
395  627  0.0221356
396  402  0.0603665
396  626  0.0221413
397  411  0.0703417
397  539  0.0168896
397  625  0.0220584
398  410  0.0702162
398  538  0.0169056
398  624  0.0220474
399  537  0.017123
399  623  0.0151051
400  409  0.0361676
400  536  0.0171581
401  412  0.200692
401  535  0.0145526
402  408  0.0197708
402  411  0.225478
402  482  0.0221018
403  410  0.225354
403  481  0.0220863
404  409  0.201158
404  478  0.0167338
404  480  0.0106529
405  477  0.0306581
405  661  0.0100122
406  476  0.0309839
406  660  0.010008
407  475  0.0310261
408  416  0.0271869
408  474  0.031062
409  415  0.0631353
409  473  0.0309099
410  414  0.0391207
410  421  0.0116449
410  472  0.0298926
411  420  0.0118307
412  451  0.0103986
413  450  0.010875
413  469  0.0110175
414  425  0.0167397
414  449  0.0109342
414  467  0.0192983
414  670  0.362271
415  424  0.016964
415  448  0.0108888
415  466  0.0190922
415  669  0.363562
416  423  0.0162995
416  444  0.010236
416  447  0.0102621
416  465  0.0174206
416  668  0.363885
418  667  0.306014
419  462  0.0131385
419  666  0.302855
420  461  0.0140621
420  663  0.0145473
421  439  0.0208144
421  460  0.0140356
421  662  0.0156471
421  664  0.350155
422  434  0.0111825
422  438  0.0222143
422  661  0.0156962
422  663  0.358166
423  433  0.0116147
423  437  0.0222161
423  662  0.3588
424  432  0.0117307
424  436  0.021606
424  659  0.0176026
424  661  0.354625
425  431  0.0111317
425  434  0.0229566
425  659  0.0285878
425  660  0.26853
426  433  0.0229353
426  601  0.013542
426  657  0.377031
426  658  0.0279512
427  453  0.0145224
427  600  0.0147391
427  656  0.475792
428  452  0.0172794
428  599  0.0149716
428  655  0.488524
428  684  0.0123822
429  598  0.0150101
429  654  0.48838
429  683  0.0122267
430  450  0.132581
430  597  0.015043
430  653  0.449058
431  449  0.145205
431  596  0.0148992
431  670  0.0148603
432  439  0.0659561
432  448  0.145489
432  669  0.0149509
432  685  0.0863305
433  438  0.0688906
433  447  0.146129
433  594  0.0127981
433  652  0.547349
433  668  0.0151799
433  684  0.100924
434  593  0.0150928
434  651  0.549182
434  667  0.0151813
434  683  0.100905
435  446  0.138201
435  592  0.0150756
435  650  0.549299
435  682  0.09852
436  445  0.138328
436  591  0.0151106
436  649  0.549474
436  664  0.0152081
437  444  0.118313
437  447  0.0115803
437  590  0.0151171
437  648  0.548625
437  663  0.0151806
437  680  0.0782029
438  445  0.0259214
438  589  0.0151086
438  647  0.547033
438  662  0.015194
438  679  0.0998457
439  444  0.0467262
439  559  0.0780967
439  588  0.0117637
439  661  0.0149378
439  678  0.0996733
440  558  0.0892761
440  660  0.0136437
440  677  0.0976185
441  557  0.091053
441  676  0.0704871
442  556  0.0897483
443  650  0.02513
444  551  0.130527
444  586  0.0140488
444  649  0.0266886
445  550  0.136913
445  559  0.0216246
445  585  0.0152196
445  648  0.022818
446  549  0.136895
446  558  0.0249302
446  584  0.0152182
447  466  0.073809
447  548  0.136923
447  556  0.43326
447  557  0.0127955
447  583  0.0152199
448  465  0.0768139
448  547  0.135908
448  555  0.459391
448  582  0.0145683
449  464  0.0768041
449  546  0.131118
449  554  0.459401
450  463  0.0741151
450  553  0.458978
451  552  0.457526
452  459  0.0440843
452  460  0.0250801
452  551  0.450765
453  459  0.0235526
453  536  0.0388592
454  458  0.0109226
454  535  0.0517285
454  544  0.0245836
455  499  0.0289207
455  534  0.053437
456  533  0.0539601
456  542  0.0757023
456  572  0.0147146
457  532  0.0537111
457  541  0.0787433
457  571  0.0151404
457  683  0.0293274
458  496  0.315286
458  540  0.0767752
458  682  0.0409541
459  495  0.448453
459  539  0.0606676
459  681  0.0446563
460  482  0.0294159
460  494  0.44972
460  537  0.0375446
460  539  0.0275882
460  568  0.0151659
460  680  0.0446789
461  481  0.0296293
461  493  0.449676
461  536  0.0375962
461  538  0.0365481
461  567  0.0151557
461  679  0.0447221
462  477  0.183498
462  492  0.358868
462  535  0.0238179
462  537  0.0128754
462  566  0.0115259
462  678  0.0447113
463  476  0.184662
463  490  0.217611
463  677  0.0430304
464  489  0.215207
464  565  0.0111978
465  474  0.253568
465  489  0.0447731
465  532  0.0354037
465  564  0.0111419
466  472  0.0126712
466  473  0.344977
466  487  0.0399713
466  531  0.0361369
467  472  0.279938
467  482  0.260751
467  668  0.0602122
467  675  0.115799
468  481  0.261419
468  667  0.0603544
468  674  0.115994
469  480  0.257225
469  666  0.0602423
469  673  0.0803556
470  479  0.241947
470  665  0.0601911
471  664  0.0598555
471  671  0.187943
472  670  0.190896
473  662  0.0312493
473  669  0.190977
474  482  0.0563808
474  487  0.04587
474  661  0.0296033
474  668  0.190745
475  481  0.0513068
475  486  0.0455026
475  666  0.0474514
475  667  0.141893
476  480  0.0141435
476  485  0.0429293
476  665  0.0948515
476  666  0.0793719
477  658  0.0109248
477  664  0.142317
478  663  0.0736626
480  656  0.0163556
480  660  0.0237809
481  487  0.0135509
481  490  0.13309
481  528  0.0110633
481  531  0.0147978
481  655  0.0188886
481  659  0.042325
482  489  0.135509
482  654  0.0178839
482  658  0.0431674
483  653  0.0100596
485  527  0.254168
486  526  0.329925
487  525  0.350473
487  570  0.0176594
487  654  0.0571231
488  498  0.0155226
488  524  0.350912
488  569  0.0180861
488  653  0.06158
489  497  0.0177979
489  500  0.0108322
489  504  0.0207677
489  523  0.351076
489  568  0.0180571
489  652  0.0654943
490  496  0.0144539
490  499  0.0111576
490  503  0.0207079
490  522  0.332878
490  651  0.0496161
491  502  0.0198055
492  567  0.0159101
492  649  0.066051
493  500  0.0156604
493  519  0.352573
493  566  0.0272632
493  648  0.0662988
494  518  0.35341
494  565  0.0272963
494  647  0.0662032
495  517  0.35035
495  564  0.02728
495  646  0.0606462
496  515  0.258889
497  514  0.25255
499  512  0.0118105
499  515  0.0109711
499  558  0.0408653
500  514  0.010927
500  557  0.0499558
501  556  0.0499347
502  509  0.0102639
502  538  0.0142264
502  553  0.0144948
503  537  0.0212998
503  552  0.0160577
504  536  0.0219311
504  551  0.0161426
505  535  0.0219076
506  534  0.0212084
507  538  0.0144284
508  782  0.0413653
509  537  0.134138
509  781  0.0449304
510  536  0.150388
510  780  0.0457049
511  535  0.150963
512  533  0.138927
512  534  0.0757478
512  779  0.055325
513  532  0.216707
513  551  0.0138867
513  778  0.055869
514  531  0.217957
514  543  0.0401677
514  550  0.270515
514  777  0.0559894
515  530  0.201609
515  542  0.0402965
515  776  0.055973
516  525  0.0164957
516  541  0.0402593
516  548  0.281311
516  775  0.055951
517  524  0.0166146
517  527  0.0660632
517  528  0.101719
517  547  0.283889
517  774  0.0551245
518  523  0.0159585
518  526  0.139615
518  527  0.0592053
518  539  0.0411169
518  546  0.283156
518  772  0.0550018
519  525  0.182715
519  538  0.0411317
519  771  0.0550058
520  524  0.0695638
520  537  0.0392545
520  544  0.0530147
520  545  0.0344379
520  770  0.0522601
521  544  0.027987
523  541  0.293566
523  670  0.0113988
524  540  0.295889
524  669  0.0114656
524  769  0.0526066
525  531  0.0117689
525  535  0.0260956
525  539  0.296292
525  668  0.012038
525  768  0.0550501
526  534  0.027693
526  538  0.209831
526  667  0.0110872
526  767  0.0550015
527  533  0.0289583
527  665  0.0291045
527  766  0.0550107
528  532  0.0250038
528  536  0.273719
528  664  0.0359249
528  765  0.055008
529  535  0.223097
529  663  0.018161
529  750  0.0468929
530  663  0.127534
530  749  0.0509441
531  662  0.172921
531  748  0.0518241
532  661  0.177444
532  747  0.0285709
533  660  0.177246
533  746  0.0143163
533  747  0.0257662
534  659  0.175875
534  746  0.0401774
535  658  0.168108
535  745  0.0544807
536  554  0.049916
536  744  0.0547009
537  553  0.0516727
537  743  0.0546755
538  552  0.0539785
538  563  0.049178
538  655  0.172958
538  742  0.0547204
539  551  0.0541314
539  562  0.0493271
539  654  0.173057
539  741  0.0547
540  561  0.0495502
540  653  0.172542
541  550  0.306528
541  560  0.0496609
541  652  0.171785
542  549  0.306494
542  559  0.0477331
543  548  0.293473
543  651  0.158923
544  650  0.151783
545  649  0.130861
546  557  0.202137
547  556  0.212707
548  555  0.196754
551  738  0.0137291
552  736  0.0431087
553  735  0.0540201
554  658  0.0104484
554  734  0.0545223
555  657  0.011356
555  733  0.054503
556  656  0.0112456
556  732  0.0534516
557  648  0.0172583
557  655  0.0111903
557  731  0.0529725
558  654  0.0110009
558  730  0.0287115
559  647  0.141901
560  646  0.823131
561  645  0.893621
562  644  0.915624
563  643  0.915624
564  642  0.916748
565  641  0.916777
566  640  0.916418
567  578  0.865043
567  639  0.0466767
568  577  0.869129
569  576  0.80404
570  575  0.372084
570  637  0.0231768
571  636  0.0235273
573  635  0.0165915
574  634  0.0167534
575  586  0.0135543
576  585  0.0352933
577  584  0.0354175
578  583  0.0345122
583  636  0.924918
584  635  0.928355
585  634  0.929003
587  632  0.0163547
587  633  0.944703
588  632  0.433907
589  631  0.455483
590  630  0.965001
591  629  0.965121
592  628  0.9651
593  627  0.958861
594  626  0.104984
595  626  0.841585
596  625  0.877358
597  624  0.854318
597  626  0.0166189
598  622  0.0182423
598  623  0.2086
598  625  0.0810286
599  624  0.0550922
601  622  0.755696
602  621  0.75713
603  619  0.585087
603  620  0.39147
604  618  0.957475
605  617  0.957885
605  618  0.0251773
606  616  0.982829
607  615  0.981392
608  614  0.980205
609  613  0.840096
638  650  0.0215639
639  649  0.0233106
640  648  0.0245274
641  647  0.0245153
642  646  0.0151837
646  681  0.0665112
647  663  0.0134205
647  680  0.0981194
648  662  0.0142211
648  679  0.105207
649  661  0.0155638
649  678  0.106529
650  660  0.0155519
650  677  0.106473
651  659  0.015651
651  675  0.134098
652  658  0.0157657
652  674  0.13447
653  673  0.13425
654  672  0.1345
655  671  0.134228
656  670  0.131166
658  668  0.133215
659  667  0.127839
660  666  0.08795
679  684  0.0131212
680  734  0.0603976
681  714  0.0116775
681  730  0.0298648
681  733  0.0954518
682  713  0.0118803
682  729  0.0561348
682  732  0.0971353
682  802  0.0277297
683  712  0.011917
683  728  0.0599924
683  731  0.0977822
683  801  0.0320229
684  711  0.0118926
684  727  0.0604629
684  730  0.0977787
684  800  0.0324103
685  690  0.0100552
685  726  0.0632152
685  729  0.0973951
685  799  0.0337018
686  725  0.0612803
686  728  0.0974835
687  727  0.0969274
687  798  0.0348151
688  722  0.0138329
688  797  0.0349243
689  721  0.0154642
689  722  0.0356427
689  796  0.0349967
690  795  0.0349697
691  720  0.190528
692  719  0.204991
693  718  0.205129
694  717  0.205042
695  708  0.0179174
695  716  0.204971
696  707  0.0181261
696  714  0.0134754
696  715  0.190717
697  706  0.018681
697  713  0.0810343
698  705  0.0187368
698  712  0.08139
698  713  0.117732
699  704  0.0116025
700  711  0.194647
701  710  0.196735
702  709  0.17563
703  782  0.0109058
704  781  0.0110107
705  780  0.0110401
706  779  0.0103789
710  787  0.0252522
711  786  0.714716
712  785  0.715143
713  784  0.621221
715  735  0.55263
716  734  0.774467
717  733  0.779124
718  732  0.778388
719  731  0.780035
720  730  0.779478
721  729  0.777134
722  728  0.774482
723  727  0.562785
726  790  0.0356269
727  789  0.0506223
728  788  0.0506835
729  787  0.0506389
730  786  0.0513249
731  785  0.0512973
732  784  0.0412518
735  783  0.300121
736  782  0.627268
737  781  0.662133
738  780  0.667671
739  778  0.0601145
740  775  0.322494
740  778  0.576799
741  774  0.340662
741  777  0.578126
742  773  0.345253
742  775  0.584125
743  772  0.348232
743  774  0.583873
744  771  0.348139
744  773  0.584446
745  770  0.346778
745  772  0.58359
746  769  0.173848
746  771  0.581234
747  769  0.749752
748  768  0.927072
749  767  0.925508
750  766  0.904934
754  764  0.98905
755  763  0.989448
756  762  0.97896
757  761  0.372658
787  802  0.819018
788  801  0.897772
789  800  0.918732
790  799  0.92429
791  798  0.921444
792  797  0.604981
