1  11  0.0126876
1  15  0.0784891
1  21  0.0258845
2  10  0.017706
2  14  0.041614
2  20  0.117873
2  419  0.0942756
3  9  0.0228609
3  13  0.0503536
3  19  0.143994
3  413  0.0651372
3  415  0.0821334
3  418  0.10678
4  12  0.0930361
4  412  0.0612209
4  414  0.0777955
4  417  0.104963
5  11  0.0900742
5  416  0.0828323
6  10  0.0524095
6  16  0.229475
7  15  0.245341
7  190  0.0101241
8  14  0.233431
8  189  0.0151672
9  188  0.0152109
9  409  0.187042
10  17  0.0498607
10  187  0.0128614
10  408  0.19574
10  412  0.0914793
11  16  0.0408478
11  407  0.191845
11  411  0.108982
12  406  0.174014
12  410  0.112178
13  20  0.0165225
13  405  0.106088
13  409  0.111917
14  19  0.0243323
14  25  0.014207
14  184  0.132777
14  403  0.0123563
14  404  0.0131693
14  408  0.110696
15  183  0.134988
15  402  0.0117608
15  407  0.102726
16  24  0.0170079
17  23  0.0192956
17  181  0.25537
18  180  0.263632
18  402  0.0120974
19  179  0.263767
19  401  0.0121924
20  178  0.188887
20  400  0.0102218
21  140  0.222722
21  410  0.483256
22  139  0.267297
22  409  0.547414
23  138  0.278958
23  403  0.011222
23  408  0.604212
24  137  0.278872
24  402  0.0112207
24  406  0.103541
24  407  0.535955
25  136  0.278686
25  401  0.0112444
25  405  0.166284
26  404  0.143636
27  123  0.272928
27  403  0.072994
27  404  0.540437
28  122  0.273102
28  403  0.617848
29  120  0.260205
29  398  0.0107214
29  402  0.688666
30  118  0.28188
30  401  0.688409
31  117  0.289318
31  396  0.011462
31  400  0.662815
32  116  0.265697
32  395  0.0138044
33  394  0.0138453
33  398  0.570326
34  114  0.272335
35  113  0.306886
35  396  0.617276
36  112  0.308589
36  395  0.646722
37  111  0.308797
37  394  0.647303
38  110  0.308249
38  364  0.672304
39  109  0.307567
39  363  0.675487
40  362  0.671062
41  106  0.0278279
41  107  0.056789
41  108  0.186798
41  361  0.610531
42  105  0.0519384
42  106  0.0125611
42  107  0.187219
42  359  0.0110094
43  104  0.0527201
43  106  0.191113
44  103  0.0518581
44  104  0.254448
45  100  0.0152578
45  103  0.254945
45  358  0.660734
46  98  0.0686648
46  99  0.010778
46  102  0.225466
46  357  0.684935
47  97  0.244122
47  356  0.684867
48  96  0.256019
48  100  0.0477973
48  355  0.684944
49  95  0.253246
49  99  0.0475143
49  354  0.683434
50  94  0.25314
50  98  0.0461963
50  353  0.684232
51  92  0.284628
51  352  0.682695
52  91  0.28664
52  96  0.0209512
52  351  0.679583
53  90  0.287017
53  95  0.0208495
53  215  0.0794235
54  88  0.287906
54  214  0.0792475
54  349  0.565665
55  87  0.287817
55  348  0.562744
56  86  0.287533
56  92  0.0227337
56  213  0.0122459
56  347  0.552474
57  85  0.28779
57  91  0.0228908
57  211  0.119881
57  346  0.544094
58  84  0.28628
58  90  0.0223798
58  210  0.608212
58  345  0.0728035
59  209  0.616605
60  82  0.257293
60  208  0.612169
61  81  0.259316
61  88  0.0108619
61  207  0.54416
61  210  0.0166042
62  87  0.0109111
62  209  0.0161303
63  76  0.0155645
63  80  0.078073
63  85  0.0169202
63  205  0.604123
64  75  0.0162038
64  79  0.0789205
64  81  0.0112419
64  84  0.0235662
64  204  0.678278
65  74  0.0161941
65  77  0.257933
65  80  0.0112722
65  83  0.0236128
65  203  0.679272
66  73  0.014676
66  79  0.0111187
66  82  0.0235711
66  202  0.679946
67  75  0.269415
67  81  0.0236051
67  201  0.679975
68  74  0.268822
68  80  0.0232996
68  200  0.679826
69  73  0.102354
69  199  0.627703
74  195  0.66661
75  194  0.669224
77  192  0.66638
79  191  0.674349
80  190  0.675193
81  189  0.676397
82  188  0.310417
83  187  0.311981
84  186  0.676673
85  185  0.673822
86  184  0.666524
87  112  0.0155247
87  183  0.403516
88  111  0.0174622
88  181  0.0294093
89  110  0.0174362
90  109  0.0172757
90  136  0.573334
91  135  0.597765
92  134  0.564817
93  100  0.010048
93  106  0.0184712
94  105  0.0173353
94  132  0.0267822
95  104  0.0129781
95  132  0.524082
95  139  0.0106409
96  102  0.0157447
96  131  0.605417
96  138  0.0109422
96  142  0.0104816
97  130  0.602727
97  141  0.0128436
98  129  0.598334
98  140  0.0135658
99  127  0.0117043
99  128  0.590886
99  139  0.0137659
100  138  0.0137358
101  126  0.552694
102  124  0.184988
102  125  0.431326
102  136  0.0111938
103  123  0.306292
104  122  0.302851
104  123  0.188329
105  178  0.0118649
106  119  0.105547
106  122  0.12976
106  177  0.0138056
107  176  0.0137963
108  117  0.0146326
108  119  0.0571029
108  123  0.134892
108  175  0.0138446
109  117  0.142277
109  119  0.204015
109  122  0.136551
109  174  0.0138964
110  116  0.149313
110  118  0.194205
110  120  0.0374219
110  121  0.110275
111  117  0.0367319
111  119  0.0688986
111  171  0.0143713
112  170  0.0143516
113  118  0.0203402
113  169  0.0141921
114  168  0.013048
119  136  0.0100612
119  166  0.0118992
120  135  0.0112917
120  349  0.0220205
121  164  0.0123576
121  348  0.0220386
122  163  0.0124635
122  347  0.0220486
123  346  0.0220413
124  131  0.0165421
124  134  0.154811
124  135  0.0740528
124  161  0.0138873
124  345  0.0168357
125  133  0.280738
125  160  0.013896
125  212  0.0162901
126  132  0.279049
126  159  0.0138435
126  211  0.0163137
127  131  0.219439
127  135  0.0145675
127  210  0.016417
128  134  0.0124785
128  209  0.0163507
129  208  0.0154175
130  207  0.0116301
131  154  0.0132837
132  153  0.0133221
135  150  0.0132504
138  147  0.0130409
138  188  0.0108069
139  146  0.0109298
139  187  0.0107721
143  183  0.217273
144  182  0.651995
145  179  0.0137653
145  180  0.0237863
145  181  0.646202
146  179  0.0296182
146  180  0.524209
147  177  0.842955
148  176  0.842823
148  178  0.0654121
149  175  0.841495
149  176  0.075841
149  178  0.04056
150  174  0.836767
150  175  0.0816553
150  177  0.0475825
151  174  0.0877841
151  176  0.0465752
152  175  0.0435344
153  172  0.777593
154  171  0.980148
155  170  0.980348
156  169  0.980309
157  168  0.953958
158  168  0.0268755
159  167  0.967585
160  166  0.967497
161  165  0.599317
183  348  0.0351259
184  347  0.0478437
185  346  0.0626887
185  409  0.0307139
186  212  0.0107225
186  345  0.0651372
186  408  0.0324102
187  211  0.0107351
187  216  0.167433
187  344  0.0282711
187  407  0.0233391
188  210  0.0107238
188  215  0.2603
189  214  0.260414
190  205  0.0317314
190  213  0.260128
191  204  0.0479885
191  212  0.259726
192  203  0.0521602
192  211  0.258324
193  202  0.303701
193  210  0.0124691
194  201  0.305326
195  200  0.284051
203  210  0.233788
208  411  0.0119424
209  410  0.0159045
210  409  0.0163018
211  349  0.0104966
211  408  0.0146033
213  348  0.0345188
214  347  0.0470627
215  346  0.0474283
218  344  0.675967
219  343  0.911301
220  342  0.965403
221  341  0.979999
222  340  0.986826
223  339  0.990069
224  338  0.988633
225  337  0.97988
226  336  0.957295
227  332  0.0196376
227  335  0.917916
228  327  0.0235115
228  331  0.0436116
228  334  0.789496
229  246  0.393667
229  326  0.0589539
229  329  0.295243
229  330  0.0522652
229  335  0.0231918
230  245  0.301448
230  325  0.0591386
230  328  0.355085
230  334  0.0348044
231  242  0.0139043
231  324  0.058826
231  327  0.355647
231  333  0.0381113
232  241  0.0253729
232  243  0.616589
232  323  0.0296438
232  326  0.0534849
233  240  0.0251898
233  242  0.886876
233  264  0.0559596
234  241  0.895005
234  263  0.0588106
235  240  0.874118
235  262  0.0591698
236  261  0.041542
237  260  0.0239595
237  261  0.0209995
238  260  0.0397804
239  259  0.0550527
240  258  0.0644318
241  257  0.0644327
242  256  0.0642735
243  255  0.0638975
244  254  0.0531658
245  326  0.258856
246  253  0.0579811
246  324  0.496063
247  323  0.929431
248  322  0.929812
249  321  0.928137
250  320  0.856518
252  318  0.87447
254  316  0.901522
254  319  0.014958
255  315  0.907921
255  318  0.0155623
256  314  0.907446
256  317  0.0155695
257  269  0.872511
257  313  0.0127413
258  268  0.897995
259  267  0.882075
260  266  0.817284
260  271  0.0137564
261  265  0.410079
261  266  0.0143638
263  268  0.0164302
269  314  0.0343101
270  313  0.970767
271  312  0.971503
272  311  0.968117
273  310  0.9335
275  308  0.996116
276  307  0.99724
277  306  0.995095
278  305  0.995341
279  304  0.99556
280  303  0.994249
281  302  0.947552
282  298  0.0326158
282  302  0.0400815
283  297  0.0340879
283  301  0.914207
284  300  0.839956
285  300  0.0937399
286  294  0.0390591
286  299  0.163824
287  293  0.0372582
287  297  0.804012
288  296  0.748115
288  298  0.0898588
289  297  0.0911306
324  330  0.0272597
325  329  0.0103867
345  405  0.189966
346  404  0.214728
347  403  0.232893
348  402  0.233794
349  401  0.245168
350  400  0.211867
351  399  0.107991
351  400  0.0732493
352  399  0.19022
353  398  0.294235
354  397  0.293717
355  396  0.298748
356  395  0.29915
357  394  0.299255
358  393  0.297707
359  392  0.241409
360  390  0.018472
361  369  0.0192605
362  368  0.0222494
367  392  0.541696
368  391  0.893837
369  390  0.93063
370  389  0.991398
371  388  0.993055
372  387  0.99304
373  386  0.992953
374  385  0.979058
377  382  0.204074
377  383  0.0130424
