1  14  0.0205762
2  13  0.0351382
2  61  0.112788
3  12  0.0391847
3  60  0.36719
4  59  0.367462
4  340  0.0293787
5  58  0.367631
5  339  0.0316714
6  15  0.0236752
6  57  0.215024
7  14  0.0257452
7  57  0.136631
8  13  0.0254108
8  56  0.271901
8  251  0.0108073
8  297  0.0104439
9  18  0.0110278
9  55  0.270932
9  250  0.0124482
9  293  0.0100191
9  296  0.0118627
11  340  0.0136865
12  30  0.0129313
12  339  0.0147154
13  29  0.0133793
13  35  0.0476026
14  28  0.0132076
14  33  0.0199042
14  34  0.0721562
14  246  0.0176357
14  304  0.0179665
15  27  0.0117437
15  32  0.0240601
15  33  0.0751263
15  245  0.0209589
15  303  0.0199118
15  341  0.0202709
16  302  0.0203432
16  340  0.0209969
17  31  0.346168
17  244  0.179041
17  301  0.0203742
17  339  0.0207007
18  30  0.346922
18  151  0.107485
18  243  0.179937
18  300  0.0203292
18  337  0.0120586
19  29  0.322763
19  150  0.109031
19  242  0.180012
20  62  0.0131012
20  149  0.10934
20  241  0.180152
21  61  0.0130792
21  148  0.109328
21  240  0.180063
22  147  0.0847718
23  146  0.029549
23  147  0.0144795
24  59  0.0501145
24  146  0.0287574
25  58  0.0602032
25  145  0.0431687
26  57  0.0501931
26  144  0.0398191
27  143  0.0379364
28  142  0.034598
29  42  0.0846402
29  141  0.030207
30  41  0.570229
30  216  0.0165345
31  40  0.571246
31  215  0.0164628
32  39  0.476492
35  342  0.104054
36  341  0.256032
37  340  0.273829
38  339  0.275585
39  338  0.274966
40  337  0.271206
42  49  0.0140864
42  52  0.671551
42  237  0.0233655
42  312  0.0687176
43  48  0.0106809
43  51  0.672602
43  91  0.162458
43  281  0.0282882
43  311  0.0738146
44  50  0.650677
44  90  0.162803
44  280  0.027889
44  310  0.072141
45  89  0.162827
46  88  0.161318
47  87  0.141866
49  277  0.0978561
49  303  0.0183332
50  276  0.107741
50  302  0.019295
51  82  0.162496
51  275  0.107744
51  301  0.0193369
52  81  0.162564
52  274  0.10741
52  300  0.0192817
53  80  0.152153
54  211  0.0375225
55  210  0.0404809
55  334  0.0182023
56  209  0.040509
57  76  0.132446
57  208  0.0404747
57  269  0.0902862
57  294  0.0550898
57  310  0.0201185
58  75  0.14058
58  136  0.0102431
58  207  0.0405028
58  268  0.0981968
58  293  0.0647932
58  309  0.0452407
59  135  0.0100581
59  206  0.0405302
59  267  0.074029
59  292  0.0550025
59  308  0.0453017
59  335  0.0332238
60  73  0.144537
60  205  0.040415
60  307  0.045277
60  334  0.0354263
61  72  0.155926
61  74  0.0288733
61  146  0.0713129
61  265  0.102051
61  290  0.07972
61  311  0.0667972
61  340  0.0728245
62  73  0.0290797
62  102  0.0227736
62  145  0.0931796
62  264  0.102124
62  289  0.0805876
62  310  0.0666261
62  334  0.0101103
62  339  0.0767699
63  71  0.185534
63  101  0.0239297
63  144  0.0939141
63  263  0.101141
63  288  0.0805501
64  70  0.188416
64  91  0.011305
64  100  0.0242491
64  143  0.0943406
64  250  0.0283988
64  262  0.0991624
64  286  0.102326
65  69  0.0717332
65  99  0.0234603
65  142  0.0980661
65  285  0.102303
65  340  0.0383626
66  90  0.0508062
66  141  0.0987282
66  249  0.0421604
66  284  0.0887897
66  339  0.0406364
67  89  0.051825
67  140  0.0982859
67  248  0.0430918
67  284  0.0138915
67  310  0.175036
67  337  0.0191638
68  88  0.0542951
68  95  0.0179041
68  97  0.0100253
68  237  0.0145579
68  247  0.0432097
68  281  0.219899
68  283  0.0300142
68  309  0.216097
69  87  0.0516695
69  94  0.0173884
69  138  0.0186632
69  236  0.0121747
69  246  0.0391271
69  280  0.0758194
69  282  0.0298463
69  308  0.216083
70  280  0.0298152
70  307  0.215594
71  85  0.0347061
71  278  0.241576
71  279  0.0149337
71  304  0.0883809
71  306  0.102183
72  243  0.0320294
72  277  0.258347
72  303  0.149014
73  91  0.160398
73  195  0.0506666
73  276  0.258515
73  302  0.150226
74  82  0.143742
74  90  0.160534
74  194  0.0564724
74  275  0.258516
74  301  0.150406
75  81  0.143241
75  89  0.1601
75  193  0.0560226
75  274  0.258105
75  300  0.149932
76  80  0.0545623
76  88  0.135794
76  144  0.01138
76  192  0.0251749
77  143  0.0137096
78  142  0.0148087
78  192  0.155464
79  139  0.0121464
79  141  0.0153977
79  191  0.194882
79  267  0.0298083
80  85  0.0680303
80  127  0.0208577
80  138  0.0108449
80  140  0.0123307
80  190  0.213784
80  266  0.0300448
81  126  0.0270032
81  189  0.219068
81  265  0.0298293
82  125  0.027004
82  188  0.217411
83  124  0.0258478
86  120  0.0105179
87  99  0.0107102
87  119  0.0115765
88  98  0.0147113
88  118  0.0113758
88  135  0.241435
88  157  0.16964
89  97  0.0158371
89  117  0.0110883
89  134  0.316936
89  156  0.225647
90  133  0.317048
90  155  0.225706
91  132  0.316603
91  154  0.225542
94  124  0.0107253
95  102  0.0368194
95  123  0.0132379
96  101  0.0230194
96  122  0.0128521
96  124  0.0135393
97  123  0.0178284
97  303  0.0170138
98  122  0.0174643
98  302  0.0170629
99  301  0.0141471
100  300  0.0140196
101  111  0.0162528
101  118  0.382436
101  235  0.218586
102  109  0.0175231
102  110  0.0197245
102  117  0.524019
102  234  0.28152
103  108  0.0120831
103  116  0.516687
103  233  0.281384
104  115  0.480829
104  232  0.279044
105  115  0.0112855
105  231  0.272342
106  114  0.0198223
106  230  0.268454
107  114  0.012906
107  229  0.253978
108  113  0.0128023
108  228  0.193217
109  226  0.0146849
110  226  0.0521761
111  211  0.290965
112  210  0.313789
113  209  0.314916
114  208  0.315606
115  207  0.315688
116  206  0.3156
117  205  0.315566
119  132  0.0267654
119  204  0.224911
120  131  0.357881
120  203  0.224938
121  130  0.380129
121  202  0.225245
122  129  0.365624
122  200  0.0481911
123  153  0.449012
123  199  0.0441819
124  131  0.0100829
124  152  0.450847
124  198  0.034769
125  130  0.0116051
125  151  0.448043
126  148  0.453943
127  147  0.457879
128  146  0.426546
130  144  0.306276
131  143  0.502444
131  150  0.0109696
132  142  0.5119
132  149  0.0123939
132  195  0.0387092
133  140  0.0373496
133  141  0.512681
133  148  0.0123662
133  194  0.0414423
134  139  0.0376785
134  140  0.495211
134  193  0.0414838
135  146  0.012503
135  192  0.0414348
136  145  0.0126733
136  191  0.0413468
137  144  0.0113484
139  156  0.0233406
139  296  0.015227
139  299  0.0150836
140  155  0.0233372
140  263  0.124169
141  153  0.0243464
141  199  0.0157654
141  262  0.169714
142  152  0.024074
142  198  0.0158311
142  261  0.171151
142  273  0.0351497
143  151  0.0225864
143  197  0.0159903
143  260  0.17166
143  272  0.0446193
144  196  0.0161168
144  259  0.171791
144  271  0.0479702
145  195  0.0158894
145  253  0.0145446
145  258  0.171124
145  270  0.05208
145  296  0.0212825
146  252  0.0146832
146  257  0.170269
146  269  0.0264818
146  295  0.0212865
147  251  0.0186409
147  256  0.157855
147  269  0.0303999
147  294  0.0212765
148  192  0.014682
148  250  0.0197467
148  253  0.0335537
148  255  0.137247
148  268  0.0605688
148  281  0.0128907
148  293  0.0212328
149  191  0.017593
149  249  0.0197597
149  252  0.0389181
149  267  0.0605736
149  280  0.0128972
149  292  0.0211468
150  190  0.0175481
150  248  0.0196622
150  251  0.0380658
150  266  0.058298
150  279  0.0128121
151  189  0.0172637
151  247  0.0194228
151  250  0.0238971
151  253  0.10642
151  265  0.0425889
153  248  0.0167103
153  252  0.0169127
153  264  0.0120195
153  277  0.0313253
154  195  0.236387
154  247  0.0147889
154  250  0.343165
154  276  0.032396
155  194  0.247231
155  249  0.347562
155  275  0.0323974
156  193  0.247407
156  248  0.347401
156  274  0.0323646
157  192  0.243233
158  187  0.783735
158  191  0.140345
159  186  0.92414
160  185  0.938189
161  184  0.94068
162  183  0.948743
163  182  0.926444
166  179  0.951482
167  178  0.96052
169  176  0.978006
170  175  0.975777
177  248  0.0127364
178  247  0.0216862
179  246  0.0217551
180  245  0.0219407
181  244  0.0219704
184  241  0.0218581
184  253  0.0101758
185  240  0.0200136
185  252  0.0101932
186  239  0.0157304
186  251  0.0112228
187  250  0.0136168
188  244  0.390461
188  249  0.013675
189  243  0.393601
189  248  0.0136726
190  242  0.389977
191  218  0.0996776
191  241  0.378142
192  217  0.110786
192  240  0.359465
193  216  0.610441
194  215  0.611073
195  214  0.591027
198  211  0.612266
199  210  0.63454
200  209  0.631507
201  208  0.601732
202  207  0.395595
213  303  0.071087
214  302  0.0717602
215  301  0.0718598
216  226  0.174851
216  300  0.0718553
217  225  0.219072
217  234  0.0134581
217  265  0.0533965
217  268  0.0203239
217  299  0.0554646
218  231  0.449485
218  264  0.053337
218  267  0.0202333
219  230  0.462767
219  263  0.0434462
220  229  0.463801
220  233  0.0328133
221  228  0.455945
221  232  0.0447314
222  227  0.382452
222  231  0.0463341
223  230  0.043984
224  229  0.0305832
226  234  0.0550841
226  299  0.0145532
227  233  0.0446696
227  298  0.0136506
228  258  0.0250442
229  239  0.0373914
229  257  0.0288293
230  238  0.0472817
230  256  0.0298149
231  237  0.0486508
231  255  0.0300644
232  254  0.0190523
239  254  0.180428
240  250  0.0328573
240  253  0.272531
241  249  0.0328733
241  252  0.272642
242  248  0.032074
242  251  0.272428
243  247  0.0174586
243  250  0.267614
247  292  0.0774274
248  291  0.0906482
249  265  0.02968
249  290  0.0902779
250  264  0.0301222
250  289  0.090261
251  263  0.0449468
251  288  0.0690692
252  262  0.0460438
252  265  0.026708
252  268  0.150689
252  340  0.218649
253  264  0.027349
253  267  0.150758
253  339  0.226162
254  266  0.149682
254  338  0.226556
255  264  0.160383
255  337  0.226366
256  263  0.13479
263  294  0.306163
264  281  0.0147156
264  293  0.443578
265  280  0.0146826
265  292  0.443569
267  276  0.018271
267  290  0.447621
268  275  0.0179906
268  289  0.447985
269  288  0.447103
270  287  0.429268
274  283  0.0163214
274  286  0.49768
274  321  0.026586
275  281  0.0246496
275  285  0.507087
275  320  0.0267088
276  280  0.0200157
276  284  0.507987
276  319  0.0267527
277  283  0.482328
277  318  0.0269108
278  317  0.0268895
279  316  0.0268386
280  290  0.0230568
280  315  0.0266566
281  289  0.0232933
282  288  0.0231218
283  287  0.0167942
283  310  0.167916
284  309  0.322427
285  308  0.322706
286  307  0.32261
288  303  0.279078
289  302  0.340225
290  301  0.344154
291  300  0.344434
292  299  0.295508
295  340  0.0120299
296  334  0.0604244
296  339  0.0129154
298  332  0.114962
298  335  0.0968914
298  338  0.0177549
299  331  0.118891
299  334  0.102193
299  337  0.0185438
300  312  0.300666
301  311  0.31423
302  310  0.313227
303  309  0.291933
309  334  0.0145602
312  331  0.590021
313  330  0.908209
314  329  0.938041
315  328  0.945294
315  337  0.0135595
316  327  0.944491
316  336  0.0140246
317  326  0.945028
317  335  0.0141751
318  325  0.94305
318  334  0.0141379
320  332  0.014158
321  331  0.0142355
322  330  0.0140126
323  329  0.0130484
