2  482  0.847046
3  481  0.966859
4  480  0.975025
5  479  0.975795
6  478  0.237174
9  475  0.0281247
16  442  0.815585
16  455  0.0982957
17  441  0.815405
17  454  0.0982283
19  28  0.0722024
19  440  0.761901
20  27  0.0569766
20  439  0.735387
20  450  0.0181722
21  438  0.644318
21  449  0.0196167
24  446  0.0361968
25  445  0.0370162
26  444  0.0371103
27  40  0.603137
27  443  0.0361776
28  39  0.840115
28  442  0.0333353
29  35  0.0263775
29  38  0.84116
29  450  0.0806192
30  34  0.0100584
30  37  0.796802
30  449  0.0864647
31  36  0.599417
31  448  0.0874733
32  36  0.0126274
32  447  0.0885883
33  446  0.0885794
35  444  0.0887048
36  442  0.0109502
38  441  0.133929
39  440  0.135781
40  439  0.136106
41  437  0.851612
41  438  0.0683698
42  58  0.0168481
42  436  0.962464
43  57  0.026734
43  435  0.964138
44  56  0.0267385
44  434  0.964138
45  55  0.0270196
45  433  0.963476
46  54  0.0270057
46  432  0.963438
47  53  0.0245223
47  431  0.944904
48  52  0.0122801
48  430  0.89158
51  140  0.0730958
53  325  0.0155416
54  104  0.014805
54  137  0.755052
54  146  0.0217111
54  324  0.0179504
54  406  0.0650605
54  408  0.0257703
55  103  0.0148356
55  136  0.755543
55  145  0.0219284
55  323  0.0179426
55  405  0.0650548
56  102  0.0132188
56  104  0.0184785
56  135  0.755776
56  146  0.013174
56  235  0.0585865
56  406  0.0455799
57  103  0.0184845
57  134  0.755565
57  145  0.0131837
57  234  0.0586087
57  405  0.0455688
58  100  0.0237904
58  133  0.189547
58  233  0.0522472
59  98  0.717459
59  132  0.17393
60  97  0.856603
60  182  0.0883175
61  96  0.85853
61  181  0.0906137
62  95  0.859785
62  114  0.0387905
62  180  0.0917603
63  94  0.847615
63  113  0.0388075
63  179  0.0917445
64  112  0.0387446
64  178  0.0917659
65  177  0.0894028
66  91  0.903623
66  176  0.0878483
67  90  0.979193
67  175  0.0163517
68  89  0.978167
69  88  0.971283
70  87  0.812033
72  85  0.964007
73  84  0.966976
74  83  0.96181
75  82  0.884941
77  92  0.0155016
78  91  0.0163631
79  90  0.0165369
80  89  0.0162696
81  88  0.0135806
91  172  0.0193161
91  175  0.014876
92  171  0.0193082
93  170  0.0185511
93  173  0.0329535
94  109  0.0459049
94  169  0.014663
94  172  0.035701
94  175  0.0279597
95  108  0.0459243
95  166  0.0131756
95  174  0.0279716
96  107  0.044128
96  165  0.013003
96  170  0.0336974
96  173  0.0183952
97  106  0.0441587
97  147  0.0276947
97  169  0.0479438
97  172  0.0140577
98  105  0.042699
98  123  0.088799
98  146  0.0282743
98  168  0.0487004
98  171  0.0104693
99  122  0.0962095
99  167  0.0485999
100  112  0.616945
100  121  0.0979587
100  145  0.0466894
100  166  0.0473757
100  399  0.0573112
101  111  0.620167
101  120  0.0968038
101  144  0.0546833
101  398  0.0576965
102  110  0.621273
102  119  0.0968022
102  143  0.0563726
102  397  0.0577067
103  109  0.622021
103  396  0.0577831
104  108  0.504829
104  118  0.0930888
104  395  0.0573943
105  117  0.0930984
105  140  0.166713
105  394  0.052787
106  116  0.0930419
106  139  0.206621
107  138  0.21214
108  114  0.0932284
108  137  0.214034
109  113  0.0756884
109  136  0.212718
112  135  0.0346315
113  133  0.77498
114  132  0.782972
116  130  0.891516
117  129  0.892228
118  128  0.890715
119  127  0.751336
120  127  0.0132375
134  177  0.0114512
135  176  0.0117614
136  175  0.013755
137  174  0.0137578
138  173  0.0137119
139  147  0.422754
139  172  0.0135806
139  390  0.0272308
140  146  0.407327
140  171  0.0127298
140  193  0.0160277
140  387  0.0297532
140  389  0.028104
141  170  0.0110966
141  192  0.0162192
141  386  0.0296345
142  191  0.0162038
143  190  0.0154812
145  156  0.0249845
145  188  0.02033
145  384  0.0730725
145  426  0.0128681
146  155  0.0247036
146  187  0.0203511
146  383  0.0731091
147  186  0.0203104
147  382  0.0730419
149  425  0.509816
150  412  0.0193714
150  424  0.702554
151  411  0.021063
151  423  0.725683
152  410  0.0213094
152  422  0.729923
153  409  0.0212563
153  421  0.729862
154  163  0.600408
154  325  0.0376224
154  341  0.0593042
154  418  0.0104834
155  162  0.687916
155  324  0.0432565
155  340  0.114902
155  389  0.0103307
155  406  0.0460557
155  417  0.0137492
156  161  0.682793
156  323  0.0432386
156  339  0.114968
156  388  0.0104417
156  405  0.046062
156  416  0.0139136
157  168  0.0639661
157  269  0.015247
157  338  0.114849
157  387  0.010463
157  415  0.0122138
158  167  0.0644389
158  268  0.0165546
158  386  0.010438
159  166  0.0632405
159  267  0.0166871
159  337  0.0325602
159  385  0.010416
160  269  0.0205776
160  325  0.0150689
161  227  0.0162454
161  268  0.0235307
161  324  0.0173262
161  335  0.10683
162  226  0.0167931
162  267  0.0237984
162  323  0.0172987
162  334  0.122606
163  225  0.0167829
163  266  0.0208397
163  333  0.122606
164  177  0.0102762
164  224  0.0169838
164  332  0.122665
164  417  0.400118
165  176  0.0109447
165  181  0.0135116
165  223  0.0170874
165  331  0.122709
165  409  0.0621387
165  416  0.494275
166  175  0.0111468
166  180  0.0149903
166  222  0.0167904
166  330  0.10761
166  408  0.0675288
166  415  0.50083
167  179  0.0149851
167  407  0.0647546
167  414  0.469457
168  178  0.014816
168  220  0.0164489
169  176  0.0119859
169  219  0.0164267
169  267  0.0156165
169  405  0.0456107
170  266  0.0132871
170  401  0.027196
170  404  0.033464
170  410  0.0132227
171  400  0.0404277
171  410  0.432953
172  399  0.0411558
172  409  0.43828
173  236  0.371552
173  398  0.0283843
173  407  0.242149
174  214  0.0134611
174  235  0.547088
174  406  0.242486
175  213  0.0137578
175  234  0.547219
175  405  0.242381
176  212  0.0137749
176  233  0.561231
176  235  0.0234036
176  237  0.0845994
176  271  0.0212553
176  403  0.0115832
176  408  0.0104661
177  211  0.013745
177  232  0.559421
177  234  0.0231906
177  236  0.119814
177  270  0.0318799
177  402  0.0105847
177  404  0.0131619
177  407  0.0103756
178  197  0.0211417
178  210  0.0135252
178  231  0.533205
178  233  0.0226486
178  235  0.133947
178  269  0.0381424
178  403  0.012949
179  196  0.435708
179  209  0.0105704
179  268  0.0387224
180  195  0.512817
180  234  0.144103
180  267  0.0385259
181  194  0.515901
181  231  0.0809319
181  233  0.171921
181  345  0.0105984
182  193  0.517505
182  230  0.0857371
182  231  0.0210077
182  344  0.0114883
183  192  0.516269
183  229  0.0853452
183  343  0.0115319
184  191  0.512703
184  228  0.0845926
184  230  0.326526
184  342  0.0115294
185  190  0.491661
185  229  0.32826
185  341  0.011189
186  227  0.0840243
186  228  0.329184
186  340  0.0102098
187  227  0.329385
188  225  0.145537
188  226  0.268227
189  224  0.206069
190  223  0.199847
193  219  0.0101401
193  220  0.306238
193  223  0.0199943
194  219  0.194764
195  218  0.193339
195  221  0.025669
196  217  0.23695
196  220  0.0241976
197  216  0.118836
197  217  0.509528
198  216  0.774312
199  215  0.930143
199  387  0.0128157
200  214  0.93023
200  386  0.012978
201  213  0.929918
201  385  0.0130904
202  212  0.879884
202  384  0.0139055
203  383  0.013975
204  211  0.0811661
205  209  0.0138667
209  376  0.0136191
210  225  0.0125248
210  375  0.0143131
211  224  0.0126481
211  374  0.014208
212  223  0.0126693
212  373  0.0139503
213  338  0.0168437
214  220  0.0156383
214  337  0.01685
215  336  0.0168462
216  335  0.0156827
217  327  0.0152768
217  332  0.0126074
218  326  0.0280232
218  331  0.0169174
219  228  0.49105
219  325  0.0306268
219  330  0.018499
220  227  0.492374
220  324  0.031169
220  329  0.0183268
221  226  0.491181
221  323  0.0311086
222  234  0.0151397
222  322  0.0204336
223  233  0.0506766
223  327  0.0152823
224  232  0.0507271
224  326  0.0161335
225  231  0.0508286
225  325  0.0164102
226  230  0.0314818
226  324  0.0167529
227  323  0.0167301
228  322  0.0132843
234  268  0.0352129
234  324  0.0465757
234  406  0.0158401
235  267  0.0398336
235  323  0.0467075
235  405  0.016
237  265  0.745474
238  264  0.976039
239  263  0.975575
240  262  0.986187
241  261  0.986274
243  260  0.987472
244  259  0.986623
245  258  0.987156
246  257  0.987625
247  256  0.975893
266  325  0.100254
267  324  0.114816
267  403  0.32214
267  406  0.103802
267  408  0.0245022
268  323  0.0903721
268  402  0.31643
268  405  0.102765
268  407  0.020454
269  401  0.29065
269  404  0.090107
271  322  0.925857
272  321  0.974069
273  320  0.99312
274  319  0.995354
275  318  0.994871
276  317  0.990621
277  315  0.0128952
278  315  0.105816
282  311  0.944314
282  312  0.0145719
283  310  0.995896
284  309  0.997634
285  308  0.997636
286  307  0.997538
287  306  0.502165
288  306  0.495182
289  305  0.990521
290  304  0.987462
291  303  0.967043
293  301  0.931805
294  300  0.931263
323  406  0.04559
324  399  0.226196
324  405  0.0455964
325  398  0.22719
325  399  0.0160584
325  404  0.0409599
327  397  0.745498
328  396  0.800793
329  395  0.806329
330  394  0.805663
332  391  0.0273531
332  392  0.0148327
334  389  0.732008
335  388  0.739495
335  391  0.0722256
336  387  0.741883
336  390  0.0736885
337  386  0.742038
337  389  0.0736828
337  435  0.0204322
338  385  0.74272
338  388  0.0735958
338  434  0.0205079
339  384  0.745789
339  387  0.0709083
339  433  0.0218304
340  383  0.74379
340  385  0.0162956
340  432  0.0218318
341  376  0.0970611
341  382  0.467473
341  431  0.0218234
342  373  0.0245294
342  375  0.145491
342  382  0.0686006
342  385  0.0401233
342  430  0.02182
343  372  0.0236681
343  376  0.100942
343  429  0.01573
344  373  0.141994
344  375  0.105577
344  383  0.0418434
345  373  0.0396637
345  382  0.0417351
345  383  0.0122914
346  373  0.0572276
346  382  0.0127899
347  370  0.800449
347  372  0.0276998
348  369  0.99237
349  368  0.992884
350  367  0.992752
351  366  0.993537
352  365  0.405225
353  363  0.0398913
353  364  0.364548
354  362  0.0392078
354  363  0.950801
373  380  0.205898
373  381  0.0751339
374  379  0.292331
374  382  0.0504644
374  420  0.0284193
375  381  0.253969
375  419  0.0352902
376  380  0.0968102
376  418  0.0351742
377  417  0.0342084
379  411  0.0510083
380  410  0.0568884
381  409  0.0572558
382  408  0.0567951
383  406  0.0569313
384  405  0.0569116
386  400  0.0498439
387  399  0.0505585
388  396  0.0529109
389  395  0.0642285
390  394  0.0398499
405  419  0.0508236
407  417  0.115391
408  416  0.129369
409  415  0.124604
409  419  0.0352041
409  426  0.104433
410  418  0.0333695
410  425  0.104245
411  424  0.103078
412  423  0.0886168
415  421  0.0405832
421  426  0.0100142
444  474  0.0870922
444  478  0.74251
445  473  0.0880821
445  477  0.754242
446  472  0.0886109
446  476  0.754105
447  471  0.0872566
447  475  0.749808
448  462  0.0995741
448  473  0.0100442
448  474  0.706841
449  461  0.106362
450  460  0.107499
450  472  0.02623
451  459  0.0997733
454  473  0.209491
455  465  0.129374
455  472  0.201105
456  464  0.108442
457  465  0.144469
457  472  0.153982
458  462  0.0224759
458  464  0.138758
458  471  0.199521
459  463  0.0966572
459  468  0.0220956
459  470  0.173611
461  466  0.0110831
461  468  0.0301057
464  469  0.108194
464  472  0.0111201
465  471  0.022622
