1  248  0.010386
1  441  0.0312075
2  247  0.0268568
2  439  0.10321
2  440  0.032472
3  10  0.0113569
3  11  0.0258994
3  246  0.0415129
3  435  0.0335721
3  438  0.1188
3  580  0.0171269
4  9  0.0105338
4  10  0.0252339
4  245  0.0414002
4  434  0.033375
4  437  0.108767
4  438  0.486314
4  579  0.0171376
5  436  0.0928227
5  437  0.489104
5  578  0.0170334
6  436  0.460309
6  497  0.0188866
6  577  0.0157715
7  237  0.0718131
7  242  0.0155572
7  496  0.0211758
7  576  0.0134304
7  734  0.0234065
8  236  0.0855189
8  239  0.136009
8  241  0.0124505
8  434  0.511506
8  479  0.0118767
8  495  0.022528
8  733  0.0266677
9  235  0.0844377
9  238  0.136725
9  433  0.511159
9  478  0.0118099
9  494  0.0224532
9  732  0.0265857
10  477  0.0116673
10  493  0.0222154
11  296  0.0107731
11  476  0.0115149
12  235  0.124034
12  295  0.253598
13  233  0.0154973
13  234  0.143963
13  294  0.283759
14  293  0.284815
15  232  0.907875
16  231  0.985312
17  230  0.986499
18  229  0.986246
19  228  0.986731
20  227  0.98283
21  226  0.49392
23  224  0.983729
24  223  0.988879
25  222  0.989523
26  221  0.990066
27  220  0.989758
28  219  0.990091
29  218  0.990079
30  217  0.988324
31  216  0.989988
32  215  0.989295
33  214  0.951228
34  184  0.284129
34  213  0.496855
35  183  0.346112
36  99  0.0182715
36  182  0.192118
37  57  0.0138252
37  98  0.0183115
37  180  0.0192364
37  182  0.759838
38  56  0.0138483
38  97  0.0183101
38  179  0.0187708
38  181  0.913465
39  55  0.0121114
39  112  0.0195956
39  180  0.884936
40  95  0.0182581
40  111  0.0199155
40  152  0.0139382
41  49  0.0271733
41  53  0.0440192
41  94  0.0182476
41  110  0.019948
41  151  0.0152457
41  179  0.693944
42  48  0.0277687
42  52  0.0448917
42  93  0.0178607
42  109  0.0198351
42  149  0.0158368
42  178  0.69297
43  51  0.054466
43  147  0.0109632
43  148  0.0142561
43  177  0.681051
44  50  0.0568027
44  146  0.0135045
44  147  0.0110706
45  49  0.0488304
45  145  0.0149354
45  175  0.678294
46  160  0.0120493
46  174  0.682447
47  173  0.680729
48  92  0.0177549
48  140  0.0146416
48  144  0.0176077
48  158  0.0529589
48  159  0.0347459
48  160  0.0149023
48  172  0.597735
49  91  0.0177822
49  139  0.0146717
49  157  0.0975743
49  158  0.0297888
49  159  0.0200162
49  171  0.557463
49  172  0.0154765
50  90  0.0177347
50  138  0.0144865
50  156  0.124718
50  157  0.024773
50  158  0.0193309
50  170  0.497657
50  171  0.0300039
51  89  0.0172021
51  141  0.0203628
51  155  0.137547
51  156  0.0191748
51  157  0.0157288
51  170  0.0359105
52  108  0.0464342
52  140  0.0224315
52  154  0.120968
52  155  0.0131676
52  168  0.0118385
53  107  0.0466442
53  135  0.0108307
53  139  0.0223967
53  153  0.132914
53  168  0.663325
54  106  0.0475284
54  138  0.0196956
54  152  0.181076
54  167  0.672945
55  105  0.047731
55  151  0.190852
55  166  0.676128
56  84  0.0161473
56  104  0.0480267
56  150  0.194884
56  165  0.676748
57  83  0.0177818
57  103  0.0480293
57  149  0.19475
57  164  0.676591
58  81  0.0826508
58  102  0.0479679
58  163  0.471296
59  80  0.0862426
59  81  0.0105587
59  101  0.0477688
59  155  0.0201584
60  80  0.0112299
60  100  0.0470121
60  128  0.311531
60  154  0.0207416
60  160  0.0489044
61  78  0.433593
61  99  0.0457585
61  127  0.361412
61  153  0.0210107
61  159  0.0499194
62  77  0.497709
62  126  0.361389
62  152  0.0212141
62  158  0.0432363
63  76  0.518913
63  114  0.0132004
63  125  0.360986
63  151  0.0213781
64  75  0.518168
64  100  0.177842
64  113  0.0135984
65  74  0.517675
65  98  0.0603027
65  99  0.243923
65  112  0.0135878
65  150  0.018382
66  73  0.511527
66  97  0.0406771
66  149  0.0182561
67  72  0.387361
67  96  0.0203287
67  97  0.16905
67  148  0.0175297
68  96  0.353146
68  147  0.0149283
69  95  0.41157
69  111  0.0138814
69  152  0.0130622
70  94  0.415557
70  110  0.016335
70  151  0.0128567
71  93  0.415566
71  109  0.016359
71  145  0.0127074
71  149  0.0112164
72  91  0.0905357
72  92  0.320531
72  108  0.0163671
72  144  0.0133106
73  84  0.0160937
73  90  0.179231
73  107  0.0161428
73  143  0.0125259
74  83  0.0167023
74  146  0.0132615
75  82  0.0166075
75  88  0.284513
75  105  0.0143862
75  145  0.0139412
76  81  0.0158021
76  87  0.296961
76  89  0.0138855
76  104  0.0161322
76  144  0.0141718
77  86  0.286398
77  88  0.0113866
77  103  0.0148253
78  86  0.0388481
78  88  0.0343069
79  84  0.01219
79  85  0.0462446
79  87  0.0382305
80  86  0.0367864
82  136  0.0484428
82  138  0.129865
83  98  0.0235443
83  135  0.0684336
83  137  0.183882
83  139  0.0191622
83  140  0.0135838
83  150  0.0245791
84  97  0.0220242
84  149  0.0232728
85  96  0.0219275
85  148  0.0200882
86  95  0.0241435
86  134  0.0122702
87  94  0.0224803
88  133  0.42926
89  132  0.510207
90  131  0.521688
91  130  0.528485
92  129  0.529564
93  127  0.0114192
93  128  0.518503
94  127  0.518788
95  125  0.505232
96  123  0.015382
96  124  0.541861
97  122  0.0162201
97  123  0.539924
101  121  0.768104
101  184  0.0125076
102  120  0.857068
102  183  0.0140185
103  119  0.911384
103  182  0.0164237
104  118  0.911437
104  181  0.016424
105  117  0.909805
105  180  0.0148263
106  116  0.910009
107  115  0.910554
108  114  0.90302
109  113  0.343794
109  123  0.0119639
109  159  0.0153893
110  122  0.0124776
110  158  0.0146975
111  121  0.0125826
112  120  0.0124588
114  154  0.0439984
115  153  0.0587304
116  152  0.0622544
117  151  0.0634025
118  150  0.0645864
119  149  0.0645321
122  131  0.0222721
123  130  0.0224052
124  129  0.0199977
124  145  0.0495296
125  144  0.0519249
129  139  0.0140536
129  140  0.0302774
129  141  0.118909
129  142  0.0197741
129  144  0.081131
129  161  0.0253148
129  162  0.0213857
129  163  0.0567046
130  138  0.0144824
130  139  0.0301128
130  140  0.16708
130  143  0.0811786
130  160  0.0253177
130  161  0.0196606
130  162  0.089173
131  137  0.0254533
131  138  0.0166393
131  139  0.167941
131  142  0.0825348
131  159  0.0384511
131  161  0.0893083
132  138  0.136493
132  141  0.075905
132  158  0.0378339
132  160  0.0848435
133  147  0.0118682
134  146  0.0169373
135  145  0.0171388
136  146  0.0112299
137  145  0.0120795
138  146  0.0132618
139  145  0.0138219
142  151  0.162161
144  149  0.247748
145  159  0.235633
146  158  0.234926
147  157  0.232567
148  156  0.22581
149  155  0.202214
149  182  0.0160581
150  181  0.0160774
151  180  0.0157596
159  181  0.0143883
161  179  0.272806
162  178  0.305772
163  177  0.310795
164  176  0.315922
165  175  0.315867
166  174  0.308127
167  173  0.264091
185  212  0.99666
186  211  0.997429
187  210  0.997471
188  209  0.996878
189  208  0.996483
190  207  0.981206
191  205  0.961287
192  204  0.9642
192  207  0.0120189
193  203  0.964154
193  206  0.0264025
194  202  0.674413
194  205  0.0291897
195  202  0.133611
195  204  0.0292178
226  382  0.0105456
227  381  0.0119925
228  380  0.0127584
229  379  0.0127476
230  378  0.0127645
231  377  0.0127638
233  376  0.0153023
234  295  0.155995
234  375  0.0163895
234  612  0.0128801
235  294  0.184624
235  374  0.0167386
235  434  0.030102
235  492  0.0233656
235  611  0.0556465
236  293  0.185903
236  373  0.016732
236  433  0.0303168
236  491  0.0233853
236  610  0.0556869
237  293  0.0636737
237  490  0.0233702
237  609  0.055649
238  292  0.671174
238  371  0.0162415
238  489  0.0233682
238  608  0.0556489
239  291  0.67152
239  370  0.0162459
239  488  0.0232512
239  607  0.0555137
240  290  0.658104
240  441  0.0913521
241  360  0.0102432
241  440  0.111147
242  288  0.661052
242  359  0.0108998
242  439  0.111111
242  450  0.0127644
243  287  0.675706
243  438  0.110651
243  449  0.0165329
244  286  0.675277
244  357  0.0113974
244  437  0.0818358
244  448  0.0165382
245  285  0.66527
245  355  0.143798
245  447  0.016549
246  354  0.144551
246  446  0.0165359
247  282  0.614457
247  283  0.0419876
247  353  0.144901
247  445  0.0141792
248  281  0.657334
248  352  0.144868
248  444  0.0116594
248  738  0.0367996
249  271  0.03481
249  280  0.658287
249  351  0.144854
249  737  0.0531583
250  257  0.0102318
250  270  0.0375098
250  279  0.647458
250  350  0.143172
250  736  0.0532756
251  269  0.0388928
251  278  0.64403
251  735  0.0532075
252  268  0.0394426
252  277  0.326635
252  349  0.139827
252  435  0.0599943
252  734  0.0530923
253  267  0.0394471
253  274  0.0264875
253  277  0.321393
253  348  0.13937
253  434  0.0602296
253  733  0.0531332
254  266  0.0393369
254  273  0.0282659
254  276  0.632988
254  347  0.137659
254  433  0.060245
254  732  0.0528726
255  264  0.0291979
255  272  0.0280941
255  275  0.632003
255  432  0.0596725
255  644  0.0204614
256  263  0.0289005
256  270  0.0329073
256  274  0.629275
256  431  0.0575988
256  643  0.025272
257  262  0.0259256
257  269  0.0358661
257  273  0.622546
257  325  0.0100245
257  430  0.0510229
257  642  0.0271617
258  268  0.0377543
258  272  0.591063
258  289  0.0155225
258  314  0.0177421
258  641  0.0275549
258  726  0.0140644
259  267  0.0368522
259  287  0.114029
259  313  0.0194871
259  323  0.0227693
259  640  0.0276331
259  725  0.0140371
260  270  0.626661
260  286  0.115193
260  312  0.0194327
260  322  0.0227047
261  269  0.628282
261  285  0.114946
261  311  0.0186396
261  317  0.0306823
261  321  0.0171964
261  639  0.0300934
262  268  0.603089
262  284  0.113022
262  310  0.0184812
262  316  0.0377337
262  638  0.0316395
262  722  0.014451
263  309  0.0178567
263  315  0.0373728
263  637  0.0314714
263  721  0.0144086
264  636  0.0314663
264  720  0.0143542
265  311  0.0391055
265  634  0.0329616
265  719  0.014242
266  282  0.156881
266  310  0.0397701
266  316  0.0127402
266  633  0.0330907
266  715  0.0119175
267  281  0.157542
267  309  0.0384614
267  315  0.0112619
267  632  0.0330916
267  714  0.0119597
268  280  0.15758
268  631  0.0330619
268  713  0.0119556
269  279  0.157119
270  278  0.155828
270  308  0.0399914
270  381  0.0131388
271  277  0.143507
271  307  0.045096
271  378  0.0206643
271  380  0.0164411
272  379  0.0164922
273  305  0.0307051
273  377  0.0507256
274  304  0.0367007
274  376  0.059116
275  375  0.0593946
276  302  0.0746803
276  374  0.0592512
277  301  0.0897877
277  373  0.0488846
278  300  0.0911278
279  299  0.0911972
279  373  0.0114773
280  298  0.0916546
280  372  0.0679596
281  297  0.0916607
281  371  0.0681666
282  296  0.0910199
282  370  0.0680449
283  355  0.0781157
284  293  0.093741
284  354  0.0788434
285  292  0.0983187
285  353  0.078918
286  291  0.0529272
286  352  0.0788995
287  351  0.0788906
288  350  0.0695038
291  348  0.0688086
292  347  0.0690085
293  316  0.142931
293  434  0.0146533
294  315  0.14305
294  433  0.0147267
295  314  0.143728
295  432  0.0124419
296  313  0.143809
296  429  0.720742
297  428  0.7302
298  311  0.14396
298  427  0.730585
299  310  0.14456
299  426  0.731388
300  309  0.135878
301  425  0.727387
302  424  0.727262
303  423  0.730481
304  422  0.730437
305  421  0.730879
306  420  0.730132
307  419  0.730768
308  418  0.646227
309  374  0.140631
309  380  0.0180488
309  393  0.11547
309  417  0.422186
310  358  0.034016
310  373  0.144235
310  379  0.0183661
310  392  0.118465
311  357  0.0349768
311  372  0.150156
311  378  0.0184544
311  391  0.115745
312  356  0.03512
312  390  0.10057
312  414  0.0145937
312  415  0.339368
313  355  0.0351424
313  370  0.142238
313  388  0.035008
313  414  0.347582
314  354  0.0350303
314  375  0.0511008
314  387  0.0307835
314  394  0.0139787
314  412  0.0292449
314  413  0.286285
315  353  0.0348415
315  368  0.479043
315  374  0.0615818
315  393  0.0202414
315  411  0.098495
316  351  0.026902
316  367  0.481504
316  373  0.0614094
316  392  0.0202331
316  410  0.0984479
317  350  0.024931
317  366  0.480848
318  365  0.4792
319  364  0.478306
320  363  0.476498
321  362  0.473189
322  347  0.0496417
322  361  0.470986
323  346  0.140802
323  360  0.469203
323  367  0.123494
324  330  0.0129914
324  345  0.141457
324  366  0.135566
325  344  0.138043
325  345  0.0103048
325  365  0.137277
326  343  0.118943
326  344  0.0107291
326  345  0.123525
326  357  0.0235502
326  364  0.137765
327  344  0.137159
327  345  0.040351
327  357  0.086224
327  363  0.13826
328  343  0.145021
328  344  0.0417691
328  357  0.0126297
328  362  0.139036
329  339  0.0151547
329  342  0.0739422
329  355  0.204162
329  361  0.139309
330  338  0.0152824
330  342  0.431376
330  354  0.204448
330  360  0.139111
331  337  0.0152737
331  341  0.84586
331  353  0.0240532
332  336  0.0124319
332  340  0.847321
332  358  0.0231144
333  339  0.846299
334  338  0.524167
334  355  0.0784466
335  354  0.0790665
336  353  0.0843819
337  351  0.0360764
337  352  0.070395
338  350  0.117791
339  349  0.119308
340  348  0.119525
341  347  0.118489
341  358  0.0118029
342  353  0.189006
342  357  0.099576
343  352  0.18842
343  356  0.141215
344  351  0.17873
344  355  0.129832
344  358  0.0102666
344  359  0.0206171
345  354  0.13251
345  358  0.0226802
346  353  0.16008
346  357  0.01107
347  411  0.0158348
348  355  0.130161
348  408  0.0299705
348  410  0.0158826
349  354  0.122521
349  407  0.0302271
349  408  0.0282896
350  375  0.0145192
350  407  0.0283024
351  374  0.0172292
351  380  0.0106212
351  405  0.024031
353  373  0.0194084
353  379  0.0128261
353  404  0.0591896
354  372  0.0243077
354  378  0.0134077
354  403  0.0597113
355  371  0.0243005
355  377  0.0133945
355  402  0.0596685
357  375  0.0133241
357  401  0.0336932
358  374  0.0135081
358  400  0.0337046
358  437  0.0235478
359  399  0.0320219
359  436  0.0638473
360  369  0.154368
360  372  0.0122297
360  400  0.025583
360  418  0.0227581
360  435  0.0778206
361  368  0.154299
361  371  0.0122095
361  385  0.0132467
361  399  0.0256706
361  417  0.0333289
361  434  0.0778593
362  367  0.125211
362  384  0.0107639
362  398  0.0257665
362  416  0.0363971
362  433  0.0754536
363  397  0.0236761
363  415  0.0374963
364  383  0.0108833
364  414  0.0375882
365  382  0.0138207
365  395  0.0253553
365  413  0.0376488
366  381  0.0165381
366  394  0.0277658
366  412  0.0377099
366  430  0.0752205
366  480  0.0177973
367  374  0.0112202
367  380  0.019298
367  393  0.0280269
367  411  0.038312
367  429  0.0782587
367  479  0.0184549
368  373  0.0105584
368  379  0.0184589
368  392  0.027324
368  408  0.0234529
368  410  0.0370581
368  428  0.078263
368  478  0.0184499
369  407  0.0237044
369  412  0.201786
369  427  0.078244
369  477  0.018448
370  377  0.0144545
370  380  0.0137453
370  389  0.0345676
370  393  0.0214043
370  405  0.0128637
370  411  0.21356
370  426  0.0685489
371  379  0.0121517
371  388  0.0363654
371  392  0.0166162
371  404  0.0131913
371  408  0.0428567
371  410  0.210526
371  420  0.0175687
371  476  0.0173438
372  387  0.0360293
372  407  0.0440816
372  408  0.0143967
372  412  0.0102872
372  419  0.0176014
372  475  0.0173326
373  380  0.288064
373  386  0.0139596
373  391  0.0144687
373  393  0.0966748
373  405  0.0531953
373  411  0.010714
373  629  0.0107829
374  379  0.281711
374  392  0.0963807
374  404  0.0548742
374  410  0.0107041
374  423  0.0251029
374  628  0.0107893
375  422  0.0238558
375  627  0.0107246
376  389  0.344615
376  626  0.0100716
377  388  0.373112
377  414  0.0305993
377  420  0.0188839
377  469  0.0103486
378  387  0.371602
378  412  0.0847368
378  419  0.0188768
378  468  0.0103478
379  385  0.0104836
379  386  0.274347
379  393  0.0139517
379  411  0.0880586
379  623  0.0109642
379  629  0.0311243
380  392  0.0137879
380  410  0.0878736
380  622  0.01098
380  628  0.0311491
381  621  0.0104171
381  627  0.0305949
382  626  0.0270299
383  618  0.0104289
384  617  0.0112603
385  408  0.272372
385  420  0.0184209
385  616  0.0113784
385  705  0.0147743
386  404  0.0102712
386  407  0.105048
386  615  0.0111977
386  704  0.016118
387  403  0.0263546
387  406  0.108114
387  606  0.0516553
387  624  0.0332968
387  703  0.0165021
388  402  0.0263071
388  405  0.276833
388  417  0.0206979
388  467  0.0154187
388  605  0.0517248
388  623  0.0334672
388  702  0.0164824
389  401  0.0200942
389  404  0.261387
389  416  0.0199442
389  466  0.0200199
389  604  0.0516638
389  622  0.0335229
390  465  0.0200854
390  602  0.026076
390  603  0.0261671
390  613  0.0102109
390  621  0.0335072
390  697  0.0164455
391  401  0.0287136
391  414  0.0119519
391  464  0.0201098
391  601  0.0517249
391  612  0.0117073
391  620  0.0335342
391  696  0.0168875
392  400  0.0319485
392  402  0.342542
392  600  0.0513727
392  611  0.011755
392  695  0.0169111
393  401  0.343589
393  463  0.0190737
393  599  0.0512967
393  610  0.0117425
393  619  0.0330415
393  694  0.0169084
394  462  0.0176959
394  598  0.0455552
394  618  0.0329216
394  693  0.0129147
395  461  0.0151316
395  597  0.0377829
395  617  0.0326729
396  616  0.0282621
399  413  0.164755
399  415  0.0837743
400  412  0.175939
400  414  0.0883227
400  457  0.013612
400  612  0.0320324
401  411  0.176936
401  585  0.0384841
401  611  0.0321054
402  410  0.173692
402  456  0.0316254
402  584  0.0192717
402  610  0.0319043
403  408  0.114302
403  412  0.159079
403  455  0.032384
403  584  0.0646147
404  411  0.174539
404  454  0.0326771
404  583  0.0973215
405  410  0.171593
405  453  0.0326125
405  582  0.097344
406  581  0.0979655
407  580  0.0994118
408  449  0.0360645
408  579  0.0993665
409  448  0.0362894
409  578  0.0986652
410  572  0.0144685
410  577  0.0718765
411  446  0.0368321
411  571  0.0149473
412  445  0.0335111
412  570  0.0143483
412  575  0.0820087
413  569  0.0142948
413  574  0.0821812
414  443  0.0653071
414  568  0.0136624
414  573  0.0804315
415  442  0.0656936
416  441  0.0658709
417  440  0.0659812
418  439  0.0659065
419  438  0.0656869
419  512  0.0106639
420  437  0.0597854
420  452  0.0814001
420  511  0.0108205
421  436  0.0580248
421  451  0.0816843
421  510  0.0109108
422  450  0.0817981
422  509  0.0109069
423  449  0.0819026
423  508  0.0109137
424  448  0.0818377
424  507  0.0109137
425  447  0.0811738
425  506  0.010847
426  446  0.0800874
426  505  0.0105477
427  435  0.0717672
427  445  0.0734804
428  434  0.0719324
428  443  0.0285145
429  433  0.0583824
430  441  0.0692083
430  473  0.0110111
431  440  0.0724133
431  472  0.0125824
432  439  0.0724705
432  471  0.0130104
433  438  0.0636623
433  470  0.0131177
434  469  0.013127
435  468  0.0130944
440  458  0.0130085
442  456  0.0110338
442  738  0.642129
443  455  0.0270217
443  737  0.794327
444  454  0.0272391
444  736  0.796949
445  453  0.0272173
445  735  0.796614
446  452  0.0262513
446  733  0.0172775
446  734  0.781632
447  733  0.782465
448  731  0.58427
448  732  0.216004
449  730  0.79854
450  729  0.797868
451  728  0.797891
452  727  0.79742
453  572  0.073765
453  608  0.0116497
453  692  0.36987
453  726  0.373442
454  571  0.0740047
454  607  0.01176
454  691  0.381038
454  704  0.159755
455  570  0.0744101
455  606  0.0130044
455  690  0.382773
455  693  0.0112841
455  703  0.197876
455  725  0.107059
455  726  0.0135168
456  569  0.0742765
456  605  0.0128679
456  664  0.0247862
456  665  0.0821847
456  688  0.0107171
456  689  0.208872
456  692  0.0178774
456  693  0.0822324
456  702  0.197798
456  724  0.0394877
456  725  0.0161127
457  467  0.0168647
457  568  0.074334
457  663  0.0243064
457  664  0.106994
457  687  0.0106516
457  688  0.0299984
457  692  0.100142
457  701  0.189935
457  724  0.014609
458  466  0.0169242
458  567  0.073694
458  686  0.0106205
458  691  0.0932814
458  700  0.172513
458  723  0.0134459
459  465  0.0165622
459  566  0.0566106
462  661  0.62456
463  565  0.0252894
463  606  0.0178474
463  660  0.793989
464  564  0.0248316
464  605  0.0178564
464  659  0.794223
465  604  0.0170331
465  658  0.792823
466  518  0.0112541
466  561  0.0101544
466  656  0.801278
467  517  0.015005
467  560  0.0106244
467  655  0.8042
468  511  0.0165133
468  516  0.0156137
468  580  0.0349042
468  654  0.80369
469  510  0.0168487
469  515  0.0156098
469  579  0.0348978
469  653  0.801492
470  509  0.0181634
470  514  0.0141281
471  508  0.0181419
471  651  0.750133
472  507  0.0178203
472  650  0.787353
473  506  0.0167524
473  628  0.0126618
473  649  0.786567
474  576  0.0400626
474  627  0.0197437
474  648  0.781357
475  486  0.038565
475  513  0.0463557
475  575  0.0443619
475  626  0.0266416
475  647  0.768031
476  485  0.0391671
476  486  0.0132683
476  512  0.0464046
476  513  0.0102592
476  574  0.044835
476  625  0.271759
476  646  0.370475
477  484  0.0386405
477  485  0.0132245
477  511  0.0463687
477  512  0.0103378
477  525  0.0200539
477  573  0.0467111
477  624  0.273836
477  645  0.247716
478  483  0.035177
478  489  0.0223037
478  510  0.0191082
478  511  0.0103522
478  524  0.0248104
478  572  0.0472441
478  623  0.273885
478  629  0.316169
478  640  0.0105201
478  644  0.107466
479  488  0.0222724
479  523  0.0248566
479  571  0.0472214
479  622  0.273882
479  628  0.317654
479  639  0.0105783
480  508  0.0315416
480  621  0.247941
480  627  0.310109
481  522  0.135941
481  620  0.164474
482  506  0.0217852
482  521  0.232262
482  619  0.0655359
483  505  0.0362155
483  520  0.246651
484  504  0.0340635
485  506  0.0148256
485  616  0.0345846
486  505  0.0147394
486  517  0.313963
487  516  0.32543
487  624  0.46464
488  502  0.103641
488  515  0.32508
488  623  0.467184
489  501  0.104033
489  514  0.324936
489  622  0.468118
490  500  0.105116
490  621  0.468024
490  641  0.0304505
491  499  0.105337
491  502  0.33082
491  518  0.0108264
491  640  0.0346321
492  498  0.104025
492  501  0.330962
492  517  0.0109324
492  619  0.468309
492  639  0.0346366
493  497  0.0396104
493  500  0.330401
493  516  0.0112604
493  618  0.422182
493  638  0.0345382
494  499  0.329184
494  515  0.0112281
494  617  0.424967
495  514  0.0111918
495  616  0.468888
496  615  0.41495
497  612  0.310539
497  634  0.0319212
498  611  0.495933
498  633  0.0340842
499  610  0.496467
499  631  0.0159144
499  632  0.0194053
500  609  0.49624
500  630  0.0307334
501  608  0.496507
501  629  0.0356206
502  607  0.496173
502  628  0.0356224
503  627  0.0355787
504  566  0.0201963
504  574  0.311772
504  626  0.0355669
505  512  0.118077
505  513  0.223269
505  565  0.0247616
505  573  0.429208
505  580  0.0348126
505  625  0.0351319
506  511  0.11249
506  512  0.209229
506  564  0.0243084
506  572  0.428694
506  579  0.0343244
506  624  0.0345356
507  571  0.374001
509  569  0.0161801
513  622  0.023044
514  548  0.579626
514  621  0.0248662
515  547  0.579891
515  620  0.0250593
516  546  0.579839
516  619  0.0250427
517  545  0.565243
517  618  0.0205865
518  616  0.0213242
519  538  0.0262482
519  615  0.0465511
520  537  0.0306162
520  544  0.563044
520  614  0.0531796
521  536  0.031285
521  543  0.567594
521  613  0.052343
522  535  0.0315281
522  542  0.565894
523  534  0.0319898
523  541  0.561994
523  568  0.0161432
523  611  0.306862
524  533  0.0320395
524  540  0.558829
524  567  0.0161246
524  610  0.30704
525  532  0.028636
525  538  0.0318994
525  609  0.30691
526  534  0.227444
526  537  0.0258309
526  541  0.0344612
526  608  0.307394
527  533  0.228783
527  540  0.0360528
527  607  0.307241
528  535  0.0243636
528  536  0.0136234
528  537  0.0126916
528  539  0.0406136
528  577  0.0199623
529  538  0.0410686
531  543  0.0134804
531  574  0.183175
532  542  0.0182541
532  573  0.255103
532  580  0.0355153
532  641  0.0173126
533  541  0.0194118
533  572  0.254793
533  579  0.0352077
533  640  0.0194142
534  540  0.0176079
534  571  0.227383
534  639  0.0141744
536  637  0.0181195
537  636  0.0201121
538  635  0.0202764
539  549  0.164074
539  634  0.0202782
540  548  0.231817
540  568  0.0594023
540  572  0.0206411
540  633  0.0203127
541  547  0.230766
541  567  0.0593484
541  571  0.0206937
541  632  0.0202891
542  546  0.0878467
542  631  0.019397
543  630  0.0174973
545  567  0.0104802
546  564  0.039722
546  565  0.059498
546  624  0.0202813
547  563  0.0239045
547  564  0.0594017
547  623  0.0205761
548  622  0.0206768
549  561  0.289841
549  621  0.0199608
550  560  0.348888
550  620  0.0195682
551  559  0.350145
552  558  0.349258
557  571  0.0753841
558  570  0.625314
559  569  0.625874
560  568  0.626275
561  567  0.566673
581  603  0.752971
582  602  0.87955
583  601  0.891753
584  600  0.901636
585  599  0.901623
586  598  0.895788
587  597  0.876733
588  596  0.782831
590  594  0.0247644
598  609  0.0341713
599  608  0.0426463
600  607  0.0426354
601  606  0.0373875
606  737  0.0122461
608  619  0.0291508
609  618  0.0348805
609  734  0.0176876
610  617  0.0358667
610  733  0.0187775
611  616  0.035716
611  732  0.0187732
612  733  0.0402875
613  731  0.0111805
613  732  0.0402532
614  730  0.011864
614  731  0.0349359
615  729  0.0118236
616  729  0.0561689
617  728  0.0661533
618  727  0.0666899
619  725  0.0747825
619  726  0.0451487
620  724  0.0983957
620  725  0.0226417
621  723  0.121043
622  722  0.122039
623  721  0.122049
624  719  0.122378
625  718  0.122698
626  637  0.0103595
626  717  0.122208
627  636  0.0148439
627  716  0.121335
628  635  0.0156475
628  715  0.116804
629  634  0.0153182
629  714  0.113945
631  641  0.654432
631  660  0.0745014
631  703  0.0139427
632  640  0.73024
632  659  0.0759467
632  702  0.0149523
633  639  0.730639
633  658  0.0759587
634  638  0.452617
634  657  0.0749015
635  699  0.0297833
636  698  0.033753
637  656  0.0565908
637  697  0.0341891
638  655  0.0715742
638  696  0.0343013
639  654  0.068564
639  695  0.034243
640  694  0.0341724
642  650  0.0282825
642  651  0.0216832
643  649  0.028194
654  730  0.0315115
655  729  0.0324564
656  728  0.0325711
657  727  0.0325732
658  668  0.0367223
658  695  0.0126974
658  726  0.0250245
659  667  0.0367465
659  694  0.0116275
660  666  0.0363808
661  665  0.0138828
663  691  0.01148
666  688  0.904373
667  687  0.935911
668  686  0.936135
669  685  0.935775
669  689  0.0200425
670  684  0.936209
670  688  0.0276904
671  687  0.0277247
672  682  0.935681
672  686  0.027708
673  681  0.931117
673  685  0.022007
674  680  0.889316
676  684  0.0254014
677  683  0.0249576
692  705  0.0241138
693  704  0.0279829
693  708  0.0223228
694  703  0.0289618
694  707  0.0291355
694  722  0.0220136
694  724  0.555874
695  706  0.0290033
695  721  0.0220067
695  723  0.564648
696  702  0.0187355
696  722  0.573484
697  704  0.0201517
697  721  0.550063
698  720  0.403449
701  716  0.0510825
701  717  0.0657024
701  720  0.154217
702  714  0.444951
702  719  0.173661
703  713  0.484795
703  718  0.173619
704  712  0.491959
705  711  0.486962
705  725  0.219369
706  710  0.185405
706  715  0.174586
706  724  0.220524
707  714  0.171331
707  723  0.220621
709  720  0.0972297
709  721  0.0826232
710  719  0.0980207
710  720  0.125555
711  718  0.0989819
711  719  0.125141
712  717  0.0927566
712  718  0.112876
