2  331  0.0107628
3  16  0.852501
3  330  0.0100161
4  15  0.853917
5  14  0.85523
5  326  0.0263496
6  13  0.853935
6  325  0.0263773
7  12  0.619674
7  324  0.0258942
7  333  0.0373507
7  335  0.0168313
8  323  0.025234
8  332  0.043324
8  334  0.0187894
9  322  0.0223825
9  331  0.0439963
9  333  0.0186563
10  149  0.0187131
10  330  0.0423087
10  332  0.0162466
11  148  0.0187927
11  329  0.0316887
12  147  0.0188065
12  273  0.116123
13  146  0.0188056
13  272  0.116325
14  145  0.0184997
14  271  0.116129
17  142  0.0178526
17  268  0.724785
18  141  0.0183154
18  267  0.976971
19  140  0.0183119
19  266  0.977138
20  139  0.0176221
20  265  0.976419
21  264  0.976532
22  263  0.974808
23  100  0.0414662
23  104  0.0301021
24  33  0.0126034
24  99  0.0616286
24  103  0.0388865
24  136  0.0198244
24  247  0.0105324
24  261  0.644094
25  32  0.0144379
25  98  0.0667328
25  102  0.0401762
25  135  0.0234208
25  246  0.0119144
25  260  0.644518
26  31  0.0149027
26  97  0.0667104
26  101  0.0385014
26  102  0.199999
26  134  0.0233123
26  135  0.0221546
26  245  0.010663
26  246  0.124737
27  96  0.0610012
27  101  0.201734
27  132  0.0202888
27  134  0.0221381
27  245  0.126014
28  95  0.054155
28  100  0.199694
28  131  0.0200619
28  133  0.0208888
28  244  0.121751
28  257  0.445491
29  99  0.183358
29  130  0.0184017
29  256  0.441682
30  83  0.0159627
30  167  0.0118025
30  255  0.424403
31  82  0.0171854
31  166  0.0133446
31  241  0.125863
32  165  0.0133504
32  240  0.127232
32  254  0.304847
33  128  0.0169162
33  164  0.0135053
33  239  0.128398
33  250  0.0318937
33  253  0.304773
34  79  0.338732
34  127  0.0178483
34  132  0.0806001
34  163  0.0136332
34  238  0.127857
34  249  0.0149327
34  252  0.294829
35  78  0.222964
35  126  0.0163767
35  131  0.0811767
35  162  0.0123997
35  237  0.0865654
35  248  0.115694
36  62  0.0825203
36  130  0.0809737
36  235  0.0123924
36  247  0.204511
37  61  0.103826
37  76  0.401934
37  129  0.0795283
37  159  0.0388192
37  246  0.209368
37  250  0.0411179
38  60  0.110619
38  73  0.0232045
38  75  0.404054
38  127  0.0709665
38  158  0.056922
38  233  0.0163968
38  245  0.207959
38  249  0.0516629
39  59  0.110643
39  72  0.0233179
39  74  0.403984
39  126  0.0718002
39  157  0.0570488
39  232  0.0164165
39  244  0.207579
39  248  0.0525799
40  57  0.0124883
40  58  0.105711
40  63  0.0426351
40  70  0.210358
40  73  0.385714
40  125  0.0221326
40  156  0.0482637
40  231  0.0107032
40  243  0.0251263
41  62  0.056176
41  69  0.219523
41  72  0.196345
41  155  0.0466608
42  55  0.138738
42  61  0.0600357
42  68  0.372586
42  71  0.15421
42  147  0.0309274
43  54  0.165433
43  60  0.0606555
43  67  0.37312
43  70  0.335818
43  146  0.031054
44  53  0.166822
44  59  0.0606504
44  66  0.373182
44  69  0.335717
44  145  0.0310583
45  52  0.160214
45  57  0.012365
45  58  0.0517137
45  65  0.373124
45  68  0.323119
45  144  0.0309128
46  51  0.137564
46  56  0.0202013
46  64  0.377732
46  143  0.0293016
47  55  0.0184551
47  56  0.0151174
47  63  0.375554
47  65  0.022226
48  62  0.362397
50  63  0.132725
51  62  0.13489
53  60  0.70552
54  59  0.686926
56  242  0.0141462
57  241  0.0223622
58  240  0.0224447
59  67  0.0140081
59  127  0.0689313
60  66  0.0140372
60  126  0.0689768
62  124  0.0340518
65  121  0.162572
65  142  0.0148236
65  237  0.0301777
66  120  0.18684
66  141  0.0199295
66  236  0.0649562
67  119  0.187802
67  140  0.0199329
67  235  0.0661435
68  118  0.187815
68  139  0.0199126
68  234  0.0661611
69  116  0.310695
69  233  0.0645212
70  115  0.317093
70  232  0.064356
71  114  0.326666
72  81  0.0299192
72  83  0.0186904
72  113  0.364556
72  228  0.022602
72  245  0.0364142
73  80  0.0306847
73  82  0.0193645
73  112  0.364641
73  227  0.0223512
73  244  0.0388109
74  79  0.0304399
74  81  0.0193651
74  111  0.393628
74  141  0.0103333
74  228  0.0199252
74  236  0.0196337
74  243  0.0591161
75  80  0.0182227
75  110  0.386185
75  140  0.0103445
75  227  0.0201097
75  235  0.0241174
75  242  0.0597028
76  109  0.382671
76  139  0.0103191
76  226  0.0200091
76  234  0.0234758
76  235  0.0126584
76  241  0.0593215
77  99  0.0105595
77  234  0.0231999
77  240  0.0514528
78  98  0.0182856
78  108  0.385458
78  156  0.0117165
78  233  0.0610587
78  239  0.0182568
79  107  0.390401
79  155  0.0117228
79  232  0.0610589
80  97  0.0625108
80  98  0.188741
80  106  0.390659
80  134  0.020327
80  154  0.0116091
80  231  0.0491613
80  233  0.0103784
80  262  0.0169894
81  105  0.38235
81  133  0.0206696
81  153  0.0115967
81  232  0.0102741
81  261  0.0169959
82  96  0.525456
82  101  0.0160001
82  132  0.0208896
82  152  0.011547
82  260  0.0169334
83  95  0.532118
83  99  0.240702
83  131  0.0142133
83  151  0.0110556
83  259  0.0156909
84  94  0.689351
84  98  0.253361
84  129  0.0220324
84  148  0.0105238
85  93  0.690006
85  97  0.253412
85  128  0.0220491
85  147  0.015747
86  92  0.686195
86  96  0.253057
86  127  0.0241924
86  146  0.0158184
87  91  0.261212
87  95  0.216636
87  126  0.0235181
88  125  0.0161812
89  122  0.0158462
89  143  0.0153806
90  121  0.0221072
90  142  0.0157532
91  120  0.0242205
91  141  0.0157702
92  119  0.0242874
92  140  0.0157335
93  118  0.0224159
93  139  0.0135997
94  114  0.0139042
95  113  0.0161674
95  228  0.0272232
95  243  0.0755845
96  112  0.0161674
96  115  0.0205343
96  227  0.0262813
96  242  0.07847
97  110  0.0162652
97  114  0.0204662
97  226  0.0252521
97  227  0.0422582
97  241  0.0808937
98  109  0.0165225
98  226  0.0451469
98  240  0.0812553
99  108  0.0134109
99  239  0.076284
100  224  0.0777051
100  236  0.116661
101  110  0.0231346
101  223  0.0832907
101  235  0.124314
102  109  0.0234375
102  222  0.0835023
102  234  0.123874
103  108  0.0154221
103  221  0.0564408
103  251  0.112446
104  250  0.138824
105  249  0.145688
106  184  0.0161981
106  219  0.0194103
106  232  0.142629
106  234  0.0228673
106  248  0.147003
107  218  0.0174166
107  231  0.164121
107  233  0.0491486
107  262  0.0965253
108  183  0.0727188
108  217  0.0171601
108  232  0.0476699
108  247  0.119163
108  261  0.0959746
109  182  0.0903934
109  216  0.0166203
109  229  0.0997541
109  231  0.0334587
109  246  0.122802
109  260  0.0933366
110  158  0.0264928
110  181  0.0906059
110  215  0.0161588
110  228  0.218624
110  233  0.0570521
110  245  0.122849
111  157  0.0265367
111  227  0.21831
111  232  0.0570716
111  244  0.122773
112  156  0.0265399
112  179  0.542893
112  243  0.0157021
113  155  0.0265271
113  178  0.543402
113  242  0.0156002
114  154  0.0225936
114  177  0.578932
115  176  0.579185
116  175  0.578838
117  148  0.0372675
117  174  0.576245
118  128  0.0190016
118  135  0.0294115
118  147  0.0460349
118  173  0.555838
118  239  0.0254402
119  127  0.496356
119  129  0.0139239
119  134  0.0294351
119  146  0.0460586
119  172  0.0653144
119  238  0.0275724
120  126  0.458806
120  133  0.0273829
120  145  0.044486
120  237  0.0275817
121  125  0.211447
121  236  0.026764
122  131  0.0191305
122  235  0.0229591
123  130  0.0175678
125  142  0.0474651
125  234  0.0213327
126  141  0.0499558
126  233  0.0344941
126  243  0.0531023
127  140  0.0494553
127  232  0.0344872
127  242  0.0557537
128  241  0.0558863
129  139  0.0398581
129  240  0.0563443
130  138  0.039573
130  171  0.718826
130  173  0.013232
131  137  0.0359637
131  170  0.720061
131  172  0.013158
132  169  0.720268
133  167  0.176752
133  168  0.522136
133  170  0.0153045
134  166  0.35329
134  169  0.0160528
135  165  0.35266
136  164  0.230696
136  167  0.357722
136  249  0.0816787
137  166  0.357273
137  248  0.104704
138  162  0.042579
138  165  0.0465514
138  247  0.11803
139  147  0.0273018
139  161  0.0885129
139  164  0.179448
139  246  0.121582
140  146  0.0274391
140  156  0.0173384
140  160  0.0887669
140  163  0.600285
140  245  0.121586
141  145  0.0222789
141  155  0.017439
141  162  0.601006
141  244  0.121431
142  152  0.0191643
142  154  0.0133352
142  159  0.0394184
142  161  0.570578
142  243  0.119446
143  151  0.0299205
143  242  0.116516
144  150  0.0325075
144  157  0.467769
144  241  0.113812
145  149  0.0202189
145  156  0.480373
145  158  0.220093
145  236  0.0846469
146  155  0.470655
146  157  0.218528
146  235  0.086698
147  155  0.183186
147  234  0.0866867
148  153  0.0215882
149  232  0.0854257
150  171  0.0143869
150  231  0.0837673
151  170  0.0144663
151  230  0.0816369
152  169  0.0144656
153  168  0.0138567
155  163  0.0403024
155  228  0.0640201
156  162  0.0398858
156  227  0.0630156
157  161  0.015199
157  163  0.0207617
158  162  0.0168927
158  226  0.0131853
161  180  0.0149859
162  179  0.0557632
162  249  0.0935091
163  178  0.0533808
163  248  0.103441
164  247  0.106518
165  177  0.0704357
165  246  0.108169
166  176  0.0705214
166  245  0.108234
167  175  0.0653782
167  244  0.102749
170  241  0.0443304
171  240  0.0562338
171  242  0.0510565
172  241  0.0511701
173  240  0.0513056
174  237  0.19544
175  236  0.233319
176  227  0.088255
176  235  0.236483
177  226  0.0964181
177  234  0.236505
178  225  0.108957
178  228  0.02163
178  233  0.23545
179  227  0.021205
179  232  0.234982
180  224  0.634666
181  223  0.742501
181  241  0.0994688
182  222  0.744547
182  240  0.100735
183  221  0.743098
183  239  0.101386
184  220  0.727138
184  231  0.0232483
184  238  0.100793
185  230  0.0231361
186  221  0.0186407
186  229  0.0210639
187  218  0.856951
187  220  0.0281627
187  228  0.0134955
187  233  0.0414636
188  217  0.871449
188  219  0.0283533
188  232  0.0414605
189  216  0.864727
189  218  0.0282549
189  231  0.0413889
190  230  0.0381057
192  214  0.990455
193  213  0.994903
194  212  0.995795
195  211  0.996301
196  210  0.996124
197  209  0.984748
199  207  0.946305
200  206  0.942166
215  223  0.0124019
216  222  0.0137924
219  228  0.0951547
219  233  0.0140991
219  236  0.0159818
220  227  0.0952125
220  232  0.013853
220  235  0.0164534
221  226  0.0849239
221  234  0.016354
222  233  0.0149265
223  228  0.0101725
226  231  0.116973
234  246  0.0899249
234  252  0.0735383
234  253  0.0136124
235  245  0.0900771
235  251  0.0408805
235  252  0.0175517
236  244  0.0899577
237  243  0.0894586
237  249  0.112212
238  242  0.0650031
238  248  0.124926
239  247  0.125128
240  246  0.125107
241  245  0.0774862
248  260  0.13881
249  259  0.139734
250  258  0.138281
251  257  0.118896
269  336  0.0245007
270  333  0.595574
270  335  0.0411231
271  332  0.682838
271  334  0.0421022
272  331  0.638018
272  333  0.0378894
274  329  0.805257
275  328  0.951019
276  327  0.958251
277  325  0.971307
278  324  0.971853
279  323  0.963618
281  321  0.991052
282  320  0.998181
283  319  0.998634
284  318  0.987345
286  315  0.0148688
287  315  0.831479
288  314  0.955199
289  313  0.983216
290  312  0.985149
292  311  0.977609
293  310  0.977521
294  309  0.960943
294  311  0.0211912
295  310  0.0212911
297  308  0.908783
298  307  0.993045
299  306  0.994204
300  305  0.956832
