6  530  0.890601
7  529  0.968682
8  528  0.982189
9  527  0.981135
10  526  0.980466
11  525  0.980773
12  28  0.435809
12  40  0.0109046
12  524  0.374209
13  27  0.436457
13  38  0.101575
13  39  0.0149688
13  523  0.197122
14  26  0.435927
14  37  0.131717
14  38  0.0158148
14  522  0.0576115
15  25  0.430602
15  36  0.139758
15  37  0.0132733
16  24  0.376319
16  35  0.139414
17  522  0.0806436
18  34  0.176087
18  521  0.0936514
19  33  0.150349
19  520  0.0930265
21  33  0.338375
22  32  0.428497
23  30  0.0183692
23  31  0.438596
24  29  0.0198551
24  30  0.430656
30  41  0.018645
31  40  0.0218128
32  39  0.0224132
32  522  0.0112199
33  521  0.0204618
33  528  0.0138104
34  520  0.0204886
34  527  0.0138722
35  519  0.0175299
35  526  0.0136423
41  519  0.0776928
42  518  0.0962127
42  523  0.687194
43  517  0.0975696
43  522  0.797789
44  516  0.0417546
44  521  0.82894
45  520  0.828436
45  522  0.0268054
46  121  0.0116328
46  521  0.0371726
47  124  0.202526
47  517  0.0118879
47  520  0.0370943
48  120  0.0104536
48  123  0.974799
49  119  0.0164179
49  122  0.981265
50  118  0.0164539
50  121  0.982967
51  117  0.0162611
51  120  0.981973
53  118  0.966483
54  117  0.959536
55  87  0.583632
56  86  0.587658
57  87  0.0449008
58  85  0.991042
59  84  0.99245
60  83  0.9924
61  81  0.0186867
61  82  0.976098
62  80  0.0351345
63  79  0.0268502
64  78  0.018633
64  79  0.965979
65  77  0.0104689
65  78  0.975928
66  77  0.986864
67  76  0.996441
68  75  0.9875
69  74  0.611408
90  116  0.0186758
92  114  0.835607
93  113  0.0173608
93  115  0.0140033
94  113  0.974367
95  112  0.994575
96  111  0.993977
97  110  0.997148
98  109  0.998875
99  108  0.998841
100  107  0.984242
101  106  0.934773
124  516  0.795654
125  515  0.94669
126  514  0.996998
127  513  0.996412
128  512  0.996182
129  511  0.997267
130  510  0.997203
131  509  0.993786
132  508  0.994235
133  507  0.784361
138  216  0.0364084
139  215  0.0457588
140  214  0.0504458
141  213  0.0517843
141  451  0.904821
142  201  0.0187515
142  212  0.0518587
142  450  0.906255
143  200  0.0199599
143  211  0.0512604
143  449  0.898435
144  199  0.0215254
144  210  0.0501854
144  224  0.0604162
144  448  0.8513
145  198  0.0108682
145  223  0.0734315
145  447  0.793774
146  198  0.160338
146  222  0.226578
146  230  0.0221493
147  197  0.310835
147  221  0.289183
147  229  0.0244679
147  230  0.068156
148  196  0.312109
148  220  0.289249
148  229  0.0412749
149  195  0.312829
149  219  0.289137
149  445  0.0258013
150  193  0.0357692
150  194  0.284782
150  218  0.20847
150  227  0.357722
151  192  0.380216
151  193  0.163736
151  226  0.382965
152  191  0.50297
152  225  0.383042
153  190  0.503371
153  191  0.0204013
153  224  0.382962
154  188  0.227504
154  190  0.0308333
154  199  0.0160327
154  223  0.195399
155  188  0.275056
155  198  0.0161323
155  221  0.0144203
155  222  0.180481
156  186  0.403646
156  197  0.0162394
156  221  0.332313
157  185  0.758265
157  196  0.0161767
158  184  0.827712
158  195  0.0151705
159  171  0.0123715
159  183  0.836066
159  194  0.0109987
160  170  0.020521
160  182  0.836167
161  169  0.0213332
161  181  0.83772
162  168  0.0214727
162  180  0.838538
163  167  0.0134338
163  179  0.83612
163  199  0.0824256
164  198  0.0824776
165  173  0.0127583
165  182  0.0332758
165  197  0.0825286
166  172  0.0132213
166  181  0.0360178
166  196  0.0824781
167  177  0.812849
167  180  0.0368297
167  195  0.0821293
168  176  0.81953
168  179  0.0388599
169  175  0.799239
169  178  0.0341006
170  177  0.02791
171  176  0.010331
176  192  0.0527658
177  191  0.095036
178  190  0.102481
179  189  0.102569
180  188  0.102608
180  220  0.0147632
181  187  0.0929562
181  219  0.0149229
182  218  0.0157408
183  217  0.0181879
184  216  0.018073
186  214  0.0175245
187  213  0.0182984
188  212  0.0183046
189  213  0.0114464
189  220  0.311661
190  212  0.0119316
190  219  0.312473
191  209  0.0169795
191  211  0.0118209
191  218  0.312374
192  208  0.0192881
192  210  0.011703
192  217  0.305074
193  207  0.0192796
193  216  0.294124
193  217  0.220859
194  215  0.279962
194  216  0.228496
195  215  0.2276
196  203  0.0233051
196  214  0.229995
197  202  0.0239453
197  212  0.378075
198  211  0.349078
198  440  0.0402249
198  446  0.0391111
199  439  0.0511036
199  445  0.0530453
201  207  0.0102781
201  208  0.735772
201  210  0.0148114
202  207  0.658069
202  208  0.0155835
202  217  0.0556476
203  216  0.0557718
204  215  0.0490037
206  213  0.0580832
207  212  0.0546031
210  439  0.0292706
210  445  0.0226071
213  231  0.014036
214  229  0.157355
215  228  0.23263
216  227  0.253448
217  226  0.255362
218  225  0.253361
218  452  0.0259678
219  224  0.221861
219  451  0.0361228
219  507  0.012739
220  450  0.0358004
220  506  0.0146945
221  505  0.0148123
223  446  0.177884
223  503  0.0124412
224  439  0.0102401
224  445  0.193265
224  502  0.012513
225  444  0.191073
229  440  0.012512
229  441  0.139779
230  439  0.0116588
230  440  0.159965
233  437  0.980316
234  436  0.985916
235  435  0.987006
236  434  0.988666
237  433  0.988235
238  432  0.988461
239  431  0.988191
240  430  0.85345
241  369  0.168926
241  426  0.383908
242  260  0.0514373
242  368  0.172372
243  254  0.020121
243  259  0.0738372
243  367  0.172392
243  424  0.569138
244  252  0.0224213
244  253  0.0435255
244  258  0.0794009
244  366  0.173204
244  423  0.663697
245  251  0.0227298
245  252  0.0419141
245  257  0.0779074
245  364  0.174764
245  422  0.664047
246  255  0.0355336
246  363  0.174727
246  421  0.663753
247  254  0.0290989
247  362  0.174088
247  420  0.661797
248  254  0.0211482
248  361  0.171327
248  419  0.660349
249  418  0.472874
250  265  0.0128803
250  356  0.0612299
250  357  0.0343723
250  359  0.0158955
251  264  0.0139617
251  355  0.0485259
252  354  0.0321864
252  355  0.594157
252  362  0.014382
253  262  0.0215777
253  264  0.010948
253  354  0.613943
253  361  0.0145998
254  261  0.0256881
254  263  0.0138134
254  353  0.62613
254  364  0.020255
254  366  0.126653
255  260  0.0186572
255  262  0.01085
255  352  0.576549
255  365  0.126587
256  350  0.0128301
256  363  0.151804
257  355  0.0219035
257  362  0.153319
258  354  0.0219593
258  361  0.153197
260  270  0.734571
261  269  0.794629
261  426  0.0718244
262  268  0.80147
262  425  0.0811749
262  427  0.0285353
263  267  0.650498
263  424  0.0811751
263  426  0.0285612
264  423  0.0691912
264  425  0.0279546
264  429  0.0299951
265  428  0.0300203
266  354  0.0374715
266  355  0.0255909
266  424  0.0193832
266  426  0.0223665
267  353  0.0390351
267  423  0.0128256
267  425  0.0226982
267  427  0.0173719
268  354  0.0962948
268  424  0.0226335
268  426  0.0173766
269  353  0.112887
269  423  0.0102845
269  425  0.0171036
270  352  0.0954424
270  424  0.0162815
271  349  0.660483
272  348  0.909775
273  347  0.975453
274  346  0.992553
275  345  0.991866
277  343  0.991085
278  342  0.992029
279  341  0.991454
280  340  0.990398
283  339  0.0361206
285  292  0.0288762
285  337  0.94565
286  336  0.945289
288  334  0.0204704
290  334  0.0632803
291  334  0.319283
292  335  0.0158523
293  333  0.982769
293  336  0.0109467
294  332  0.98531
294  335  0.0111437
295  331  0.985692
295  334  0.0111459
296  330  0.985634
296  333  0.0112433
297  329  0.924281
298  329  0.0195481
299  328  0.0226662
299  330  0.0103365
300  328  0.970786
301  327  0.991977
302  326  0.998932
303  325  0.999452
304  324  0.988774
308  321  0.945973
309  320  0.99707
310  319  0.999717
311  318  0.999694
312  317  0.990786
361  366  0.0298572
361  422  0.110802
361  423  0.0406302
362  422  0.0408024
363  420  0.0373508
364  419  0.148784
365  418  0.150625
367  417  0.81066
368  416  0.815773
369  415  0.817713
370  414  0.814444
371  413  0.777889
374  410  0.804612
375  394  0.0104267
375  409  0.810152
375  427  0.168925
376  393  0.0104309
376  408  0.809736
376  426  0.169229
377  392  0.0282848
377  394  0.374192
377  407  0.213122
377  425  0.169441
378  393  0.374323
378  424  0.169436
379  391  0.0516775
379  392  0.357156
379  406  0.0698251
379  423  0.157128
381  389  0.530437
381  391  0.0105194
381  392  0.395566
382  388  0.527259
382  389  0.0512015
382  391  0.396529
383  387  0.200929
383  390  0.287561
393  405  0.432955
393  409  0.169193
394  404  0.435516
394  408  0.169329
395  403  0.436507
395  407  0.189217
396  402  0.426773
396  405  0.45032
396  406  0.0969716
397  404  0.544757
398  403  0.35783
410  421  0.0491147
411  420  0.0610959
412  419  0.0659276
413  418  0.0490058
439  448  0.0151937
440  447  0.0119392
452  503  0.0118052
453  502  0.0133348
454  477  0.977615
455  476  0.979361
456  475  0.980495
457  474  0.980259
458  473  0.937398
459  472  0.793981
459  473  0.0118217
460  472  0.0231058
461  470  0.20635
461  471  0.0302507
462  467  0.0798836
480  496  0.0464947
480  506  0.930269
481  495  0.0481337
481  505  0.946774
482  494  0.0490255
482  504  0.949753
483  493  0.0490893
483  503  0.949536
484  492  0.0490613
484  502  0.94957
485  491  0.0385402
485  501  0.904395
487  499  0.423052
489  496  0.920397
490  495  0.889754
