1  518  0.0146991
2  517  0.0392184
2  721  0.0607526
3  8  0.220898
3  516  0.0449655
3  720  0.132209
4  515  0.0466966
4  719  0.141935
4  724  0.158233
5  514  0.0467418
5  718  0.141896
5  721  0.0129958
5  723  0.164729
6  513  0.0441225
7  512  0.0335191
7  724  0.204646
8  440  0.0601837
8  699  0.0209266
8  700  0.0231391
8  703  0.0270634
8  715  0.0700025
8  723  0.220246
9  439  0.242498
9  699  0.0174896
9  702  0.0194639
9  705  0.0117485
9  714  0.0597229
9  722  0.191136
10  231  0.0144764
10  430  0.0107604
10  438  0.333679
10  713  0.0301631
11  230  0.0145212
11  429  0.010795
11  436  0.192376
11  437  0.251694
11  703  0.30724
12  229  0.0145961
12  428  0.0107029
12  435  0.300004
12  436  0.169449
12  702  0.426597
13  228  0.0139432
13  427  0.0105968
13  434  0.389128
13  435  0.0869058
13  701  0.460476
14  426  0.0104588
14  433  0.471928
14  700  0.465036
15  226  0.017572
15  432  0.471729
15  699  0.464759
16  225  0.0233094
16  431  0.340799
18  224  0.982627
19  223  0.985457
20  222  0.989026
21  221  0.989043
22  220  0.949412
26  133  0.0286471
26  134  0.0470612
26  136  0.0254887
28  132  0.98537
29  131  0.992369
30  130  0.993218
31  129  0.991937
32  128  0.99176
33  127  0.992223
34  126  0.987018
35  57  0.127115
36  56  0.128613
36  121  0.430367
36  124  0.407224
37  55  0.129191
37  120  0.458201
37  123  0.406588
38  54  0.129202
38  119  0.468427
38  122  0.393326
39  53  0.129111
39  118  0.475532
39  121  0.38774
40  52  0.128461
40  117  0.479847
40  120  0.380628
41  116  0.465858
42  50  0.010077
42  118  0.0175061
43  49  0.0203375
44  51  0.0915281
44  113  0.688354
45  50  0.10682
45  112  0.71977
46  111  0.669862
47  110  0.543348
48  112  0.0476915
49  60  0.844469
49  61  0.0161674
50  59  0.854954
51  58  0.861775
52  57  0.84737
62  108  0.983814
63  107  0.984448
64  106  0.984316
65  105  0.985253
66  104  0.974244
67  102  0.385243
68  101  0.379373
68  103  0.160803
69  101  0.244266
69  103  0.0786621
70  99  0.187464
71  99  0.308293
72  98  0.219076
72  100  0.127725
73  97  0.109872
73  98  0.769022
74  97  0.886023
75  96  0.99562
76  95  0.993906
77  94  0.878888
79  92  0.910401
80  91  0.993914
81  90  0.995598
82  89  0.925065
83  88  0.671797
138  217  0.0167711
139  215  0.988707
140  214  0.995187
141  213  0.998142
142  212  0.998951
143  211  0.998747
144  210  0.940606
145  209  0.873324
146  175  0.432797
146  208  0.467432
147  174  0.938199
147  207  0.0370408
148  173  0.942984
149  172  0.945457
150  171  0.946013
151  170  0.879188
154  185  0.0469727
155  184  0.0470878
156  165  0.935304
156  183  0.0474119
157  164  0.948681
157  182  0.0475001
158  163  0.934884
158  181  0.0473682
159  178  0.0310307
160  177  0.0362179
161  176  0.0308265
162  174  0.0105749
164  171  0.0173635
176  186  0.127654
177  182  0.0106119
177  185  0.177248
177  207  0.298398
178  184  0.166701
178  206  0.274221
179  191  0.187107
180  190  0.329693
181  189  0.471603
182  188  0.465849
187  208  0.291777
188  207  0.441892
190  205  0.578904
191  204  0.742945
192  203  0.907226
193  202  0.973681
194  201  0.942753
225  262  0.485245
226  261  0.934316
227  260  0.934657
228  259  0.505832
229  259  0.427733
230  258  0.85238
230  421  0.0128539
231  255  0.0887449
231  257  0.849498
231  420  0.0128483
232  253  0.0713254
232  254  0.062764
233  252  0.036659
233  254  0.0320966
234  252  0.874178
235  251  0.970017
236  250  0.972206
237  249  0.971081
238  248  0.972871
239  247  0.969382
240  246  0.903525
254  416  0.0135977
255  415  0.0242696
256  414  0.0243074
257  413  0.0244179
259  412  0.0245774
259  714  0.0102471
260  411  0.0247457
260  713  0.0112535
261  410  0.0247462
261  712  0.0113906
262  409  0.0247075
264  424  0.467397
264  433  0.490621
265  405  0.0251538
265  423  0.469691
265  432  0.493122
266  404  0.0253224
266  422  0.469471
266  431  0.493083
267  403  0.025346
267  421  0.469618
267  430  0.493421
268  402  0.0175954
268  420  0.46803
268  428  0.1605
268  429  0.332221
269  419  0.465464
269  427  0.32078
269  428  0.170702
270  400  0.0251866
270  418  0.464251
270  426  0.481549
271  395  0.156669
271  399  0.136376
271  425  0.480387
272  394  0.201055
272  398  0.166836
272  424  0.478185
272  425  0.0106594
273  393  0.205369
273  397  0.168889
273  416  0.0888363
273  423  0.476457
273  424  0.0110601
274  279  0.0649263
274  283  0.0104226
274  285  0.545692
274  415  0.0785967
274  421  0.056193
274  422  0.11439
275  281  0.0138156
275  284  0.546886
275  420  0.055701
276  280  0.0120261
276  283  0.646462
276  413  0.0687594
276  421  0.0480771
277  282  0.424596
278  417  0.0525177
279  416  0.0520584
282  394  0.0859364
282  398  0.036885
282  419  0.078277
283  393  0.0906354
283  397  0.0389763
283  418  0.0800349
284  328  0.016347
284  417  0.0799458
284  421  0.170162
285  327  0.0186456
285  393  0.0441074
285  416  0.0797388
285  420  0.170416
286  326  0.0190139
286  391  0.49324
286  392  0.0236334
286  419  0.168632
287  325  0.0191886
287  390  0.631088
287  422  0.110483
288  324  0.019171
288  389  0.631078
288  417  0.160824
288  421  0.125492
289  323  0.0191775
289  387  0.0129071
289  393  0.017014
289  416  0.164794
289  420  0.125465
290  388  0.57972
290  391  0.111315
290  392  0.0137523
290  419  0.0959967
291  322  0.0211423
291  386  0.0181205
291  390  0.182648
291  414  0.0101362
292  321  0.0105967
292  385  0.0121281
292  386  0.634666
292  389  0.181244
292  390  0.0717329
292  413  0.0131892
293  320  0.0108034
293  385  0.688721
293  389  0.072341
294  319  0.021365
294  384  0.694789
294  387  0.226887
295  318  0.0213672
295  330  0.164743
295  333  0.549296
295  386  0.221238
296  317  0.0213631
296  329  0.164465
296  332  0.548286
296  385  0.221709
297  316  0.020272
297  331  0.536622
297  384  0.212066
298  332  0.0113488
299  331  0.0152835
299  382  0.0166111
300  328  0.906149
300  329  0.0134107
300  330  0.0111669
301  312  0.0200609
301  327  0.974695
302  311  0.019474
302  326  0.975922
303  325  0.978098
304  324  0.977802
305  323  0.971854
307  321  0.912944
308  320  0.960503
309  319  0.920736
310  319  0.0531858
311  317  0.13586
311  318  0.825382
312  317  0.736145
337  370  0.0260505
338  369  0.0304825
338  381  0.957258
339  368  0.0299536
339  380  0.958436
340  367  0.0285523
340  379  0.928143
341  366  0.0269023
341  379  0.0351201
342  378  0.965242
343  377  0.964516
344  376  0.962243
345  363  0.0264683
345  375  0.963475
346  362  0.0308304
346  374  0.964837
347  361  0.0308375
347  372  0.963681
348  360  0.0272181
348  371  0.964001
349  370  0.962388
350  359  0.0486658
351  356  0.920785
351  358  0.0581801
352  357  0.0417873
352  358  0.0156931
360  369  0.964545
361  368  0.965273
362  367  0.95548
383  422  0.0194483
384  421  0.0237096
385  420  0.0237128
386  419  0.023624
388  417  0.0230606
389  416  0.0226737
390  397  0.0151513
393  415  0.0178166
394  414  0.0157118
396  414  0.0170483
397  413  0.0240239
397  415  0.179765
398  414  0.168892
400  411  0.964812
401  410  0.966372
402  409  0.966706
403  408  0.956563
415  420  0.0152494
437  713  0.027846
437  724  0.0133539
438  700  0.0146709
438  712  0.0336377
438  723  0.0143475
440  698  0.911963
441  505  0.0143611
441  697  0.920569
442  696  0.922426
443  503  0.0353893
443  695  0.921938
444  502  0.0429864
444  694  0.922219
445  501  0.0428975
445  502  0.0157958
445  693  0.920596
446  501  0.01598
446  689  0.0184171
446  692  0.878975
447  499  0.0778485
447  688  0.0329202
448  498  0.0789093
448  567  0.89264
448  690  0.0118835
449  497  0.0792257
449  566  0.893421
449  689  0.0170345
450  496  0.0791841
450  565  0.893068
450  688  0.0164934
451  495  0.0790576
451  564  0.89266
452  494  0.0791393
452  563  0.893324
453  493  0.0788948
453  562  0.893476
454  561  0.870556
455  560  0.807826
456  486  0.0631173
456  686  0.010735
457  485  0.0681481
457  558  0.690688
457  561  0.0126516
457  685  0.0109807
458  484  0.0691164
458  488  0.0135002
458  557  0.667405
458  560  0.033686
458  684  0.0107967
459  483  0.0694198
459  487  0.0136393
459  559  0.040012
460  482  0.0693488
460  486  0.0132358
460  557  0.0331687
461  556  0.0510616
462  481  0.0850074
462  555  0.0356925
462  677  0.0137391
463  480  0.0851286
463  554  0.0181139
463  555  0.841094
464  479  0.0856771
464  554  0.868922
465  478  0.0856773
465  553  0.886589
465  674  0.0154877
466  477  0.0596894
466  552  0.848015
466  673  0.0155063
467  477  0.0259201
467  551  0.728913
467  552  0.0101075
467  672  0.0155065
468  476  0.0517185
468  671  0.0154752
469  474  0.0303314
469  475  0.0515528
469  670  0.0154221
470  474  0.0196289
470  549  0.715516
471  548  0.892791
472  547  0.898395
473  546  0.898385
474  545  0.89728
475  544  0.896076
476  542  0.121855
476  543  0.730557
478  540  0.76386
479  539  0.886311
480  538  0.878474
481  537  0.868831
482  509  0.600917
483  508  0.880291
483  535  0.0146136
484  507  0.880437
485  506  0.880791
485  533  0.0204513
486  505  0.880668
486  532  0.0233406
487  492  0.0171205
487  504  0.882155
487  531  0.0247599
488  503  0.862381
488  530  0.023019
491  500  0.860361
491  506  0.0260958
492  499  0.869326
492  505  0.0274121
493  498  0.628918
493  504  0.0272079
495  503  0.0223357
496  502  0.0213434
501  688  0.0112155
502  687  0.0113706
512  529  0.725572
512  569  0.013206
513  528  0.869163
513  568  0.0173264
514  527  0.906767
514  567  0.0181829
514  719  0.0121556
515  526  0.906413
515  718  0.0121765
516  525  0.866148
516  565  0.0221033
516  717  0.0120389
517  564  0.0241915
518  523  0.0278586
518  524  0.13826
518  563  0.0251688
518  716  0.0205043
519  523  0.118761
519  562  0.0253289
519  715  0.0216611
519  721  0.010048
520  561  0.0250518
521  560  0.0238423
523  558  0.0243887
523  711  0.051991
524  557  0.0244257
524  710  0.0520079
525  555  0.0278222
525  709  0.0519951
526  554  0.0282619
526  708  0.0520664
527  553  0.0282682
527  707  0.0520379
528  552  0.0281593
529  551  0.0275424
530  550  0.0233273
533  548  0.0202944
534  547  0.0220456
534  697  0.0614701
535  546  0.0215077
535  696  0.062292
536  695  0.0622663
537  545  0.0262317
537  694  0.0623004
538  544  0.0254575
538  693  0.0622954
539  692  0.0621808
541  691  0.0237746
544  688  0.0572677
545  687  0.0572804
546  567  0.0633908
547  566  0.0634815
548  565  0.0634476
549  564  0.0633874
550  563  0.0632471
551  562  0.0474857
553  560  0.0513848
554  559  0.0610831
567  652  0.0107473
568  651  0.0108605
568  691  0.0930323
569  650  0.0108074
569  690  0.107645
570  649  0.0107516
570  687  0.0620543
570  688  0.157185
571  687  0.122045
571  688  0.225782
572  687  0.441527
572  688  0.0368647
573  687  0.0378684
574  685  0.943158
575  684  0.9448
576  683  0.945226
577  682  0.945671
578  623  0.026038
578  681  0.941533
579  622  0.0657004
579  677  0.721939
579  678  0.0404192
579  679  0.0225246
580  621  0.0658257
580  676  0.827669
580  677  0.0739341
581  620  0.0647141
581  675  0.877477
581  676  0.0371282
582  674  0.918045
583  673  0.913891
584  617  0.16421
584  672  0.810664
585  616  0.173347
585  671  0.777716
586  615  0.58928
586  617  0.0157973
587  614  0.589982
587  616  0.0115442
587  619  0.0249471
587  669  0.331641
588  613  0.5877
588  618  0.0331633
588  668  0.31623
589  612  0.577686
589  615  0.0207952
589  617  0.0364447
590  666  0.294057
591  613  0.0685633
591  665  0.285225
593  611  0.852741
594  610  0.911527
594  661  0.0330233
595  609  0.9164
595  660  0.0264215
596  608  0.915475
597  607  0.914534
598  606  0.915294
599  605  0.879308
600  604  0.335239
600  605  0.0299842
600  644  0.0545163
601  643  0.0711936
602  642  0.0713151
603  641  0.0712094
604  640  0.0713352
605  639  0.0713316
606  638  0.0711978
607  637  0.0529512
608  637  0.017415
609  636  0.0348189
610  635  0.0290789
611  629  0.0187541
611  662  0.0126354
612  628  0.0203888
612  652  0.0319874
612  661  0.0200652
613  627  0.0126322
613  632  0.0178062
613  651  0.0339686
613  660  0.019626
614  650  0.0341585
614  662  0.0145363
615  625  0.0218066
615  630  0.0404244
615  649  0.0341089
615  661  0.0149787
616  624  0.0230197
616  626  0.0570435
616  629  0.0411584
616  653  0.0161624
616  656  0.026845
616  660  0.0114358
616  672  0.0169568
617  623  0.0229778
617  625  0.0575079
617  628  0.041206
617  652  0.0162455
617  655  0.0269303
617  670  0.0114089
617  671  0.0200223
618  624  0.0465627
618  627  0.0387262
618  651  0.0161036
618  654  0.0249956
619  650  0.0142008
620  668  0.515166
621  667  0.553258
622  665  0.623813
623  639  0.0105371
623  664  0.746849
624  638  0.0108683
624  663  0.746336
625  637  0.0109818
625  650  0.0248613
625  656  0.0130537
625  662  0.746023
626  636  0.0109629
626  649  0.0283746
626  655  0.0130532
626  661  0.744924
628  647  0.723133
628  653  0.0120699
628  659  0.0894912
629  646  0.725107
629  658  0.0811181
630  645  0.796681
631  650  0.0120705
632  644  0.843717
632  649  0.0115503
633  643  0.852268
634  642  0.844892
636  640  0.0232343
636  664  0.0138729
637  663  0.0139118
638  662  0.0138935
639  661  0.0134607
642  677  0.0152416
644  656  0.0333399
645  655  0.0342089
645  674  0.0163527
646  653  0.098244
646  656  0.0718741
646  662  0.014586
646  672  0.0122248
647  652  0.0987512
647  655  0.0716632
647  661  0.0160625
647  671  0.0203462
648  657  0.25653
648  670  0.0128956
649  656  0.328049
649  659  0.327806
650  655  0.266286
650  658  0.333078
650  668  0.0249838
651  657  0.33202
652  656  0.261391
652  666  0.0100221
653  665  0.0264023
654  663  0.036801
655  662  0.0402417
656  661  0.0394788
671  689  0.0118985
672  688  0.0137412
673  687  0.0137213
676  683  0.011503
677  682  0.0116091
698  703  0.0578164
700  711  0.138693
701  710  0.140018
702  709  0.140433
703  708  0.135934
703  724  0.0133659
704  724  0.0136954
706  720  0.675135
707  719  0.776238
708  718  0.776382
709  717  0.774885
710  716  0.77164
711  715  0.661277
712  719  0.0159701
713  718  0.0116158
