2  309  0.0145023
2  845  0.225453
3  308  0.216666
3  835  0.0167486
3  844  0.271805
4  307  0.217067
4  834  0.0168583
4  843  0.269693
5  306  0.217035
5  833  0.016872
5  842  0.262938
6  305  0.157602
6  832  0.0157791
7  206  0.0206234
7  831  0.0128365
8  205  0.0322185
9  204  0.0322183
9  256  0.0181868
9  849  0.0454476
10  203  0.0284371
10  255  0.0249576
10  848  0.090518
11  254  0.026948
11  847  0.095094
12  201  0.0306638
12  253  0.0278559
12  802  0.020396
12  845  0.298681
12  846  0.0497346
13  200  0.0337211
13  211  0.420289
13  252  0.0289967
13  801  0.0242615
13  818  0.0348694
13  844  0.397263
14  199  0.0337212
14  210  0.428079
14  251  0.0289737
14  800  0.0242556
14  817  0.0404369
14  843  0.392379
15  198  0.0279143
15  209  0.454475
15  816  0.0401025
16  208  0.457453
16  815  0.0373344
16  840  0.249852
17  207  0.460315
17  814  0.0258771
17  839  0.376602
18  47  0.0252659
18  206  0.461206
18  838  0.385263
19  46  0.0253977
19  205  0.460649
19  837  0.385153
20  45  0.0245853
20  836  0.278793
21  40  0.427678
21  112  0.485981
22  39  0.466307
22  111  0.519283
23  38  0.466605
23  110  0.520588
24  37  0.466972
24  109  0.521136
25  36  0.466967
25  108  0.521137
26  35  0.465735
26  107  0.52041
28  33  0.0841987
28  34  0.220735
28  94  0.484459
29  33  0.0840274
29  93  0.48549
30  92  0.485934
30  106  0.0324327
31  91  0.486637
31  105  0.0346293
32  90  0.486075
32  104  0.0346308
33  86  0.204872
33  89  0.25716
33  103  0.0317444
34  85  0.286528
34  88  0.187539
34  101  0.024842
35  84  0.308018
35  85  0.0226573
35  100  0.0240895
36  67  0.0156415
36  83  0.191482
37  66  0.015841
37  83  0.265996
38  65  0.0157843
38  82  0.38295
39  64  0.0154908
39  80  0.0245956
39  81  0.37896
41  79  0.248927
41  833  0.0388621
42  68  0.239249
42  77  0.237941
42  832  0.038499
42  834  0.262039
43  67  0.262609
43  76  0.239518
43  833  0.293718
44  59  0.0419749
44  66  0.238074
44  832  0.292547
45  58  0.0488642
45  65  0.239092
45  74  0.0993161
45  250  0.0147536
45  829  0.0521184
45  831  0.28151
46  53  0.0103486
46  57  0.0553078
46  64  0.324241
46  72  0.102527
46  73  0.0978465
46  249  0.0184346
46  828  0.0576286
46  830  0.27106
47  53  0.0271715
47  56  0.0549
47  63  0.324169
47  64  0.0478023
47  71  0.102075
47  72  0.0969116
47  248  0.0183937
47  827  0.0581671
47  828  0.0356304
48  52  0.0104426
48  816  0.0265541
49  61  0.0292578
49  815  0.0287165
50  60  0.0158624
50  61  0.465717
50  244  0.0248192
50  814  0.0294093
51  60  0.569979
51  69  0.150789
51  243  0.0275428
51  813  0.029682
52  59  0.600771
52  68  0.167398
52  242  0.0281912
52  812  0.0298738
53  58  0.591816
53  67  0.161016
53  241  0.028239
53  811  0.0298053
54  240  0.0263232
55  239  0.0184621
56  66  0.267413
57  65  0.273163
57  825  0.0224702
58  64  0.2684
58  824  0.0240329
59  823  0.0239499
60  196  0.0117999
60  822  0.0223165
61  195  0.0131177
62  194  0.0136218
63  192  0.0324132
64  191  0.0375277
65  72  0.0806804
65  73  0.0125268
65  190  0.0376396
65  821  0.302092
66  71  0.0798542
66  72  0.0149234
66  189  0.0377452
66  820  0.302495
67  188  0.0377218
67  819  0.302558
68  187  0.0348313
68  818  0.301567
69  76  0.014397
69  817  0.294947
70  75  0.0109345
70  816  0.245006
71  76  0.0369533
71  206  0.0140882
71  811  0.0457194
72  79  0.0162782
72  205  0.0140649
72  809  0.0685448
73  199  0.0129616
73  204  0.0126607
73  232  0.0223069
73  808  0.0688594
74  198  0.0162516
74  231  0.0321007
74  807  0.0682742
74  813  0.0266698
75  82  0.0454811
75  197  0.0165116
75  230  0.0338661
75  806  0.0614332
75  812  0.0240233
76  81  0.0539965
76  99  0.0737262
76  229  0.0343321
76  813  0.0146389
76  814  0.0296485
77  98  0.0940755
77  228  0.0343168
77  804  0.0587492
77  813  0.0308018
78  97  0.101346
78  201  0.016898
78  226  0.0125704
78  227  0.0220943
78  803  0.0596467
78  811  0.132544
79  96  0.104157
79  193  0.168201
79  200  0.0175275
79  225  0.0250384
79  810  0.135976
80  95  0.104143
80  192  0.168806
80  199  0.0174315
80  809  0.135163
81  94  0.102968
81  191  0.169417
81  195  0.0189102
81  223  0.0328747
82  190  0.133126
82  194  0.0190729
82  222  0.0335156
82  807  0.059653
83  91  0.0891638
83  96  0.190958
83  193  0.0190649
83  221  0.0336304
83  810  0.0122356
84  90  0.0854919
84  95  0.194148
84  192  0.0190583
84  220  0.0334945
84  809  0.0121616
85  94  0.194056
85  191  0.0189585
86  93  0.166066
86  805  0.13822
87  804  0.149697
88  216  0.0377081
88  803  0.150494
89  215  0.0380465
89  802  0.150424
90  214  0.0381762
90  801  0.1505
91  213  0.038001
91  800  0.150412
92  209  0.0128322
93  190  0.0335281
93  208  0.0135138
93  209  0.0502951
94  176  0.0325856
94  189  0.0380821
94  207  0.0131803
94  208  0.0487313
95  105  0.516808
95  175  0.0373425
95  188  0.0379623
95  207  0.0523003
96  104  0.517255
96  174  0.0374443
96  205  0.013649
96  206  0.0595217
97  103  0.513331
97  173  0.0375792
97  184  0.23659
98  102  0.195423
98  172  0.0219892
98  183  0.238214
98  203  0.0548594
98  204  0.0115248
99  172  0.01664
99  182  0.239147
99  202  0.0639075
100  171  0.0328246
100  181  0.147108
100  201  0.0698626
101  170  0.0329419
101  181  0.134618
101  199  0.0719127
102  169  0.0208549
102  180  0.225855
102  198  0.0707831
103  138  0.0320077
104  137  0.0363318
104  178  0.127518
104  810  0.0101586
105  136  0.0362986
105  177  0.285558
105  195  0.0749723
105  809  0.010151
106  176  0.28548
106  194  0.0768226
106  208  0.0265256
107  117  0.035553
107  175  0.285633
107  193  0.0775162
107  207  0.0370503
108  116  0.0344991
108  174  0.284002
108  192  0.0775189
108  206  0.0381301
109  136  0.048092
109  191  0.0774182
109  205  0.0381436
110  135  0.0488657
110  172  0.0151017
110  204  0.037723
111  188  0.053953
111  815  0.0240086
112  187  0.053778
112  814  0.0347217
113  186  0.0421116
113  813  0.0781001
114  133  0.280794
114  202  0.42065
114  812  0.0982681
115  132  0.295772
115  201  0.443759
115  811  0.0998129
116  131  0.295651
116  175  0.0185285
116  200  0.444691
116  810  0.0999465
117  174  0.018573
117  199  0.444496
117  809  0.0998915
118  130  0.695448
118  198  0.245141
119  129  0.697702
120  128  0.698309
121  127  0.697525
121  195  0.200529
122  126  0.432015
123  193  0.27201
124  192  0.272559
125  191  0.104903
126  190  0.103729
127  189  0.271322
127  828  0.0118306
128  188  0.262969
128  827  0.0118494
129  182  0.100505
129  826  0.0118539
130  181  0.10564
130  825  0.0117354
131  155  0.0180118
132  154  0.0644982
132  184  0.0301478
132  188  0.0511259
133  152  0.0124557
133  153  0.0620677
133  187  0.0578566
134  151  0.0162381
134  152  0.058203
134  186  0.0593934
135  150  0.0190793
135  151  0.0475764
135  176  0.160096
135  185  0.0587885
135  194  0.0904459
136  148  0.0923276
136  149  0.0109348
136  175  0.167742
136  184  0.0559861
136  193  0.102595
136  310  0.0108731
137  147  0.103936
137  170  0.537055
137  174  0.164785
137  192  0.102189
137  309  0.0108763
138  146  0.0994541
138  169  0.68906
138  173  0.130085
138  308  0.0104875
139  145  0.0984992
139  168  0.86216
140  167  0.864968
141  166  0.865283
142  165  0.841913
144  163  0.875065
145  162  0.875954
146  160  0.880264
147  159  0.882009
148  158  0.883635
149  157  0.863359
150  155  0.0105617
153  182  0.015058
154  181  0.0155312
155  178  0.0747855
156  177  0.0928639
157  176  0.0932748
158  175  0.0934339
159  174  0.0902686
161  170  0.101303
162  169  0.10173
163  168  0.101141
167  307  0.0150015
168  306  0.0167686
169  305  0.0181056
170  189  0.0984286
170  304  0.0187389
171  188  0.0988168
171  303  0.0186773
172  178  0.0137565
172  187  0.0913668
172  254  0.0136917
173  177  0.0106275
173  181  0.0243554
173  253  0.0191812
173  811  0.0124121
174  180  0.0187514
174  193  0.0186637
174  252  0.01968
174  804  0.0979198
174  810  0.0135038
175  181  0.0347275
175  192  0.0187556
175  251  0.0196791
175  803  0.100869
175  809  0.0135059
176  183  0.0102911
176  191  0.0173762
176  250  0.0191104
176  802  0.100893
176  808  0.013445
177  184  0.100743
177  249  0.0168457
177  801  0.100929
177  807  0.0132753
178  183  0.0737327
178  800  0.0976416
178  806  0.0111279
181  188  0.0159201
181  209  0.111614
182  187  0.0105865
182  208  0.119641
183  207  0.121526
184  205  0.0408365
184  206  0.115892
185  204  0.0481896
185  205  0.109061
186  203  0.0521563
186  204  0.102344
187  202  0.0558952
187  203  0.0880393
188  201  0.059143
189  201  0.0113644
190  202  0.0706776
190  230  0.0176571
191  212  0.0385527
191  229  0.0205965
192  200  0.164919
192  211  0.0386187
192  228  0.020631
193  199  0.165794
193  210  0.0382091
193  227  0.0206975
194  226  0.0221941
194  802  0.0116937
195  209  0.0400485
195  225  0.0235894
195  801  0.0136725
196  208  0.0425669
196  224  0.0224129
197  207  0.0437241
198  206  0.0440252
198  802  0.0145461
198  811  0.0109798
199  221  0.0245999
199  801  0.0172653
199  810  0.0210761
200  205  0.106357
200  220  0.0247282
200  800  0.0134642
200  809  0.0209852
201  219  0.0247279
202  218  0.0244989
205  212  0.0238613
206  211  0.0234546
208  846  0.0264101
209  800  0.0510843
209  845  0.0372121
210  799  0.431196
210  844  0.0428213
211  798  0.432055
211  843  0.0428926
212  797  0.432251
212  842  0.0443661
213  796  0.431938
213  839  0.106652
213  841  0.043518
214  795  0.431807
214  817  0.0101348
214  837  0.0204813
214  838  0.120463
215  836  0.0180653
216  304  0.190063
216  793  0.418618
216  794  0.0107937
216  814  0.0101943
216  828  0.0298644
216  836  0.143451
217  303  0.190021
217  792  0.418187
217  793  0.0104629
217  813  0.0142006
217  827  0.0299418
217  835  0.202048
218  302  0.158627
218  791  0.348707
218  812  0.0189265
218  826  0.0299186
218  834  0.210534
219  253  0.514638
219  811  0.0191691
219  825  0.0298271
219  833  0.210471
220  252  0.64109
220  310  0.0235746
220  810  0.0194325
221  251  0.641142
221  309  0.0225927
221  809  0.019432
222  250  0.636514
222  808  0.0190472
222  831  0.201805
223  248  0.0354354
223  249  0.592441
223  308  0.0297809
223  807  0.0177374
223  830  0.215239
224  242  0.0137897
224  245  0.0126721
224  247  0.0660507
224  307  0.0298108
224  806  0.0142477
224  829  0.215135
225  241  0.0139333
225  306  0.0298209
226  244  0.349918
226  246  0.173074
226  249  0.0152008
226  304  0.0254433
226  828  0.221045
227  243  0.558337
227  248  0.0158122
227  303  0.0254241
227  827  0.221078
228  236  0.0105344
228  242  0.632065
228  247  0.0142011
228  302  0.0217204
228  826  0.220982
229  235  0.0145532
229  241  0.636811
229  825  0.220843
230  240  0.622383
230  254  0.0115988
231  253  0.0178211
231  295  0.0144957
231  319  0.146417
232  238  0.491454
232  243  0.0210647
232  252  0.0240508
232  294  0.0168447
232  318  0.167405
232  321  0.0112779
233  237  0.188305
233  242  0.0219478
233  251  0.0240322
233  293  0.0168391
233  317  0.16862
233  320  0.0112365
234  241  0.0210005
234  250  0.0240308
234  292  0.0168376
234  316  0.168827
234  319  0.0105422
235  249  0.0237672
235  291  0.0168118
235  314  0.0350953
235  315  0.143143
236  290  0.0156351
236  313  0.0631235
236  314  0.115551
237  312  0.0889911
237  313  0.0730823
238  311  0.114313
240  247  0.0500359
240  250  0.0818023
241  246  0.0651704
241  249  0.100221
243  256  0.0129557
244  255  0.0177694
245  254  0.020527
246  253  0.0205432
251  310  0.187374
251  801  0.0184354
252  309  0.187537
252  800  0.018449
253  308  0.185969
253  786  0.0332425
253  799  0.0180885
254  301  0.585663
254  307  0.149749
254  785  0.0239485
254  798  0.0155507
255  299  0.0312218
255  300  0.741678
256  298  0.0385519
256  299  0.753432
256  300  0.0128329
257  297  0.0412741
257  298  0.7281
257  299  0.0128541
259  296  0.946538
260  295  0.956363
261  294  0.95854
263  293  0.968075
264  292  0.972987
265  291  0.978821
266  290  0.978289
267  289  0.972156
270  288  0.0337513
270  289  0.0123333
271  286  0.0327862
271  288  0.014774
272  286  0.906955
273  285  0.999268
274  284  0.99924
275  283  0.999342
276  282  0.903606
277  281  0.248025
303  784  0.468064
304  783  0.472231
305  782  0.472322
306  781  0.472616
307  780  0.472265
308  778  0.0178527
308  779  0.453262
309  334  0.100028
309  777  0.0349927
309  844  0.189576
310  328  0.101536
310  333  0.100939
310  776  0.0348918
310  778  0.225265
310  843  0.189131
311  321  0.131087
311  327  0.105174
311  332  0.0897719
311  777  0.223332
312  320  0.129803
312  326  0.105666
312  331  0.0110594
312  776  0.218751
313  319  0.122227
313  325  0.0894405
313  330  0.022653
313  775  0.119755
314  324  0.0609966
314  329  0.100282
315  323  0.0760557
315  328  0.099176
316  322  0.0955873
316  327  0.0831847
317  774  0.155494
318  325  0.0311963
318  773  0.0619531
320  771  0.182015
321  770  0.175942
322  770  0.0563497
322  822  0.365106
323  769  0.268514
323  821  0.508653
324  768  0.268696
324  820  0.50886
325  767  0.268688
325  819  0.508865
326  765  0.274733
326  818  0.508689
327  764  0.27459
327  817  0.237113
328  763  0.275505
328  816  0.233446
329  762  0.275763
329  815  0.502951
330  814  0.442489
331  760  0.276201
331  813  0.393697
332  759  0.276159
332  802  0.130079
332  812  0.331334
333  758  0.276376
333  799  0.0111305
333  801  0.420532
333  810  0.0354752
334  757  0.276365
334  778  0.124701
334  798  0.0111509
334  800  0.420671
334  809  0.0352735
334  811  0.0104428
335  756  0.273657
335  777  0.267884
335  799  0.415977
336  776  0.26795
336  784  0.0327946
336  798  0.413075
337  775  0.268413
337  783  0.040519
337  797  0.40579
338  754  0.233745
338  774  0.268099
338  782  0.170534
338  796  0.18908
339  753  0.272235
339  772  0.315781
339  781  0.336044
340  752  0.275546
340  771  0.315705
340  780  0.336236
341  751  0.276174
341  770  0.315339
341  778  0.214755
341  779  0.170007
342  750  0.275872
342  777  0.383861
343  749  0.275699
343  776  0.383725
344  371  0.0122651
344  748  0.244673
344  775  0.354414
345  774  0.147719
346  370  0.984924
347  369  0.993719
348  368  0.99849
349  367  0.998474
350  366  0.998458
351  365  0.997905
352  364  0.972287
353  363  0.887717
354  359  0.076557
355  361  0.143785
372  737  0.0155666
372  769  0.710957
373  733  0.214031
373  736  0.0139278
373  737  0.0393823
373  768  0.718353
374  732  0.216363
374  736  0.0395308
374  767  0.718429
375  731  0.216653
375  735  0.0385071
375  766  0.713748
376  730  0.113569
376  765  0.641879
377  730  0.144904
378  729  0.246956
378  763  0.0128282
379  728  0.223832
379  762  0.0146921
380  761  0.0127804
381  764  0.670592
382  727  0.236495
382  763  0.695916
383  726  0.277661
383  758  0.0144128
383  762  0.704816
384  725  0.277758
384  757  0.014459
384  761  0.706773
385  724  0.277696
385  756  0.0144523
385  760  0.706494
386  723  0.276857
386  755  0.0143905
386  759  0.706106
387  722  0.244913
387  758  0.353193
388  721  0.245017
388  758  0.353445
389  720  0.268955
389  751  0.0143588
389  757  0.706295
390  717  0.211864
390  719  0.0286483
390  750  0.0143125
390  756  0.70616
391  716  0.229452
391  749  0.0139256
391  755  0.651294
392  715  0.229786
392  748  0.0122702
392  755  0.042242
393  714  0.22442
393  753  0.0624493
393  754  0.082504
394  713  0.194683
395  752  0.0636165
395  753  0.0736371
396  407  0.010226
396  680  0.256042
397  406  0.0108152
397  679  0.26994
397  751  0.697006
398  405  0.0107303
398  678  0.272437
398  750  0.703324
399  404  0.0104085
399  677  0.269853
399  749  0.0148235
400  749  0.691238
401  748  0.705443
402  674  0.269553
402  747  0.195611
403  673  0.272633
403  746  0.195406
404  672  0.272501
404  745  0.704805
405  671  0.272395
405  744  0.686266
406  670  0.272591
407  669  0.228887
408  669  0.038815
409  668  0.0743942
409  739  0.716033
410  448  0.0224196
410  668  0.0829719
410  738  0.721082
411  447  0.0314797
411  667  0.234798
411  737  0.721905
412  666  0.23494
412  736  0.721669
413  445  0.0388652
413  665  0.224433
414  444  0.0465818
414  661  0.0512577
414  664  0.142841
415  422  0.0120084
415  430  0.0170814
415  443  0.0629272
415  660  0.0690734
415  733  0.720082
416  421  0.0118501
416  429  0.0171467
416  441  0.123719
416  447  0.0235087
416  659  0.0707929
416  732  0.721578
417  428  0.0171763
417  440  0.12394
417  446  0.0230903
417  658  0.0715564
417  731  0.71387
418  427  0.0170375
418  439  0.123794
418  657  0.0715536
419  438  0.120453
419  656  0.0700087
419  727  0.664043
419  730  0.0101576
420  429  0.107018
420  441  0.0364291
420  655  0.067872
420  726  0.710503
421  428  0.115277
421  440  0.0370419
421  532  0.0142344
421  725  0.702207
422  427  0.113788
422  439  0.0370335
422  472  0.038937
422  531  0.0141527
422  725  0.012209
423  438  0.0337836
423  471  0.0480546
423  722  0.62934
423  724  0.0159933
424  470  0.0478773
424  721  0.718673
425  436  0.0344081
425  469  0.0457548
425  720  0.724866
426  435  0.0366877
426  444  0.0104265
426  468  0.0333921
426  719  0.725998
427  434  0.0358575
427  443  0.0120076
427  457  0.0657803
427  718  0.727256
428  433  0.0329076
428  441  0.0229432
428  456  0.0702582
428  717  0.727258
429  440  0.0230413
429  455  0.0703301
429  716  0.727054
430  439  0.0234763
430  454  0.0703433
430  715  0.727226
431  438  0.023498
431  453  0.0677319
431  714  0.723867
432  437  0.019857
432  452  0.0531175
432  713  0.706103
433  451  0.0416118
433  712  0.654527
434  452  0.0213595
435  451  0.03289
435  712  0.0189956
436  450  0.0513099
436  709  0.0965264
436  710  0.0268802
436  711  0.0246097
437  449  0.0582391
437  672  0.011865
437  707  0.0542355
437  709  0.025944
437  710  0.0249322
438  448  0.059343
438  671  0.0167377
438  706  0.0591603
439  447  0.0364917
439  670  0.0181296
439  685  0.0111586
439  705  0.0453182
439  708  0.0192748
439  709  0.0287353
440  447  0.0942464
440  669  0.0154655
440  684  0.0111499
440  705  0.567407
440  707  0.0134436
440  708  0.0298166
441  446  0.115531
441  668  0.0153209
441  704  0.581142
442  682  0.053996
443  679  0.0254823
443  681  0.0836365
444  677  0.0517677
444  680  0.208978
445  668  0.0214259
445  676  0.0650626
445  679  0.225834
445  706  0.053715
446  666  0.0109754
446  667  0.0491257
446  670  0.0112299
446  675  0.0677852
446  678  0.234296
446  705  0.0553232
447  668  0.0146833
447  704  0.0553116
448  665  0.0335447
450  663  0.340872
450  671  0.0164293
450  674  0.388275
451  662  0.42687
451  670  0.017634
451  673  0.451673
452  661  0.426815
452  669  0.0175713
452  672  0.451713
453  668  0.0166121
453  671  0.45131
454  660  0.473632
454  670  0.44918
455  659  0.47787
455  669  0.446499
456  658  0.480513
456  668  0.428509
457  501  0.0216899
457  657  0.48239
458  468  0.0141982
458  500  0.0212637
458  656  0.48433
459  467  0.0252127
459  478  0.0186293
459  499  0.0196953
459  655  0.485272
459  667  0.0354965
460  465  0.0231919
460  471  0.144585
460  477  0.0228034
460  498  0.0109677
460  654  0.479578
460  666  0.0355043
461  470  0.14528
461  665  0.0324576
462  469  0.143386
462  475  0.495889
463  468  0.116568
463  474  0.540231
464  473  0.549369
464  532  0.0114601
464  536  0.0110068
465  472  0.545391
465  531  0.0154749
465  535  0.0115767
466  530  0.0156612
467  529  0.0156534
467  535  0.0108399
468  528  0.0154354
468  534  0.010377
469  527  0.0144438
470  482  0.0172455
470  536  0.0923221
471  481  0.0193361
471  535  0.0973598
472  480  0.0126894
476  530  0.496035
476  651  0.0110658
477  529  0.530667
477  535  0.0113258
477  650  0.0112458
478  528  0.530925
478  534  0.0111536
479  527  0.530575
480  526  0.524885
481  666  0.0111593
482  665  0.0112361
484  522  0.486287
484  533  0.338502
485  494  0.0119427
485  521  0.557656
485  532  0.374531
486  493  0.0130647
486  520  0.562235
486  531  0.392025
487  519  0.561624
487  530  0.397893
488  518  0.561819
488  529  0.398405
489  517  0.561068
489  528  0.398158
490  516  0.559468
490  527  0.398155
491  515  0.556556
491  526  0.398102
492  511  0.0156227
492  525  0.355036
493  499  0.209548
493  510  0.0184873
493  512  0.0309346
493  513  0.066399
494  498  0.0801735
494  519  0.113077
495  501  0.0234698
495  502  0.0554614
495  504  0.0646056
495  508  0.01605
495  518  0.119583
496  501  0.040464
496  503  0.0567523
496  517  0.119387
496  520  0.0154109
497  507  0.010626
497  514  0.0131873
497  516  0.118519
497  519  0.0178214
498  505  0.112193
498  515  0.106015
498  518  0.0173772
499  504  0.121105
499  517  0.0173037
499  518  0.0124393
500  511  0.447949
500  517  0.0123252
501  510  0.531613
501  513  0.0908622
501  516  0.0123927
502  509  0.508971
502  512  0.0898708
502  667  0.0101086
503  514  0.0220904
504  510  0.0724261
504  513  0.0231087
504  666  0.0276625
505  665  0.0279901
506  664  0.0286431
507  520  0.0874323
507  663  0.0290563
508  519  0.197865
508  662  0.0290155
509  518  0.202497
510  517  0.202336
510  520  0.0440081
511  516  0.188358
511  519  0.0473823
511  659  0.0285289
512  518  0.0481085
512  658  0.0292383
513  517  0.029804
513  657  0.0292115
517  655  0.0294071
518  654  0.0294415
519  653  0.0294111
520  652  0.0292238
521  651  0.0288078
526  649  0.0349253
527  648  0.0349344
528  647  0.0349217
529  646  0.034952
530  645  0.0163767
531  644  0.0158268
531  667  0.35396
532  643  0.0342119
532  666  0.355064
533  665  0.353717
534  664  0.35344
535  654  0.0217092
535  662  0.404023
536  661  0.404043
537  546  0.0162257
537  652  0.485995
537  660  0.404362
538  545  0.0162333
538  651  0.526665
538  659  0.402867
539  544  0.0151783
539  650  0.535121
539  658  0.399434
540  549  0.0157689
540  649  0.542243
541  548  0.0160095
541  635  0.0211202
541  637  0.047638
541  648  0.540746
541  657  0.0550544
542  627  0.15946
542  634  0.010842
542  635  0.321804
542  636  0.0350305
543  626  0.204358
543  634  0.507126
543  635  0.0134911
544  622  0.0118314
544  624  0.022317
544  625  0.211871
544  633  0.601557
544  646  0.0154136
544  654  0.014703
545  621  0.0101359
545  623  0.0223651
545  632  0.602654
545  653  0.0122119
546  623  0.118554
546  631  0.602584
546  645  0.0178975
547  630  0.574973
547  644  0.0182252
548  622  0.170794
548  629  0.3378
548  643  0.0176973
549  620  0.950014
550  619  0.979424
551  618  0.979555
552  617  0.974095
554  614  0.879083
555  613  0.985997
556  612  0.989547
557  611  0.989027
558  610  0.989427
559  609  0.973426
560  608  0.808827
564  592  0.0109927
565  591  0.0124801
567  589  0.976717
568  588  0.981189
569  587  0.980302
572  584  0.965317
573  583  0.985859
574  582  0.965268
575  581  0.845226
591  606  0.775205
592  605  0.934802
593  604  0.983101
594  603  0.983765
595  602  0.981523
596  601  0.97642
620  652  0.0211042
621  651  0.0535696
622  650  0.0597315
623  649  0.0610107
624  648  0.0579953
625  631  0.0227141
630  650  0.0429528
630  653  0.0135911
631  646  0.081135
631  649  0.0827028
631  652  0.0170014
632  651  0.0170762
633  645  0.170003
633  648  0.105417
633  650  0.0154346
633  657  0.0409841
634  644  0.175608
634  647  0.140329
634  656  0.0419122
635  643  0.176061
635  646  0.159675
635  655  0.0423684
636  644  0.263834
636  647  0.192931
636  656  0.0210349
637  643  0.272849
637  646  0.213608
637  654  0.0264025
637  655  0.0234253
639  644  0.0130594
639  652  0.0135397
640  651  0.0140172
641  652  0.127293
642  651  0.141345
643  648  0.0224458
643  650  0.14081
667  679  0.0617669
668  675  0.0192266
668  678  0.0687171
669  674  0.0111938
669  677  0.0572118
672  680  0.01109
673  679  0.0116259
679  705  0.0252301
681  703  0.913304
682  702  0.935227
683  701  0.984715
684  700  0.988666
685  699  0.988683
686  698  0.98821
687  697  0.988348
688  696  0.962437
689  694  0.0304447
690  694  0.0115548
694  706  0.0108489
695  705  0.01124
696  704  0.01124
697  703  0.0111419
776  796  0.048015
777  795  0.0533367
778  794  0.0540775
778  801  0.0117185
779  793  0.0524816
779  799  0.0515741
780  798  0.0521303
781  797  0.0524331
782  790  0.0380568
782  795  0.144755
783  789  0.0348893
783  793  0.0202543
783  794  0.374978
784  788  0.016164
784  792  0.0199611
784  793  0.371109
786  797  0.0281061
787  796  0.0282531
788  795  0.024208
799  811  0.0246845
800  810  0.0720048
801  809  0.0717044
802  807  0.0407903
803  810  0.411328
804  809  0.298835
816  845  0.0108088
817  827  0.0372044
817  844  0.0114686
818  826  0.0387019
819  825  0.0381435
820  838  0.012862
821  837  0.0129407
822  836  0.0128863
823  834  0.0159142
823  843  0.0214331
824  833  0.0161747
824  842  0.215883
825  840  0.0629956
825  841  0.248299
826  839  0.19872
826  840  0.124775
827  838  0.324555
828  837  0.324076
829  836  0.245274
