1  68  0.088117
1  144  0.0320526
2  67  0.0990448
2  143  0.0460052
3  16  0.0169409
4  15  0.0253244
4  64  0.0105986
5  14  0.0259521
5  63  0.0167318
5  64  0.214472
6  13  0.0249849
6  63  0.217632
6  167  0.0111827
7  61  0.623597
7  166  0.0105295
8  60  0.810499
9  59  0.829567
9  66  0.106701
10  58  0.836136
10  65  0.124658
11  57  0.836098
11  64  0.127282
12  56  0.834114
12  63  0.127308
13  17  0.0314159
13  55  0.572959
13  62  0.126904
14  54  0.3956
14  60  0.0251147
15  25  0.0187725
15  53  0.338299
15  59  0.0245067
15  60  0.0392568
16  24  0.0666971
16  52  0.101511
16  59  0.0412828
17  23  0.093709
17  56  0.0108741
17  57  0.136298
18  51  0.0134731
18  55  0.0132875
19  54  0.0121427
19  55  0.340065
20  54  0.512134
21  53  0.608618
22  52  0.803972
23  51  0.872055
24  50  0.654765
25  49  0.437146
25  50  0.295824
26  48  0.220693
26  49  0.545212
27  48  0.77031
28  47  0.991287
29  46  0.992126
30  45  0.997827
31  44  0.99675
32  43  0.998498
33  42  0.996685
34  41  0.984956
35  40  0.879738
60  145  0.0128382
61  144  0.0818857
62  143  0.161082
63  141  0.488479
63  142  0.119876
64  140  0.490762
64  141  0.118854
67  137  0.809489
67  152  0.0132302
68  136  0.813107
68  151  0.0133718
69  135  0.814677
69  150  0.0122563
70  134  0.758035
70  149  0.010899
70  177  0.0546494
71  91  0.0115609
71  176  0.0388789
72  90  0.0140221
72  93  0.0913871
72  131  0.0172175
72  132  0.0529883
72  175  0.0437368
73  89  0.013178
73  92  0.114559
73  174  0.0625504
74  91  0.12227
74  147  0.0105019
74  173  0.0588455
75  90  0.124319
75  128  0.0410784
75  129  0.0305331
75  137  0.036229
75  146  0.011157
75  172  0.0553628
76  89  0.117612
76  136  0.0363088
76  145  0.0110842
77  88  0.0704137
77  90  0.0113087
77  93  0.169755
77  127  0.0848087
77  135  0.0353243
77  144  0.0100978
77  171  0.0516321
78  92  0.212522
78  126  0.0845894
78  170  0.0529512
79  91  0.226793
80  90  0.230597
80  93  0.299843
80  124  0.0953483
81  89  0.212682
81  92  0.373137
81  123  0.0949798
81  167  0.0492836
82  91  0.397743
82  122  0.0771681
82  166  0.0528004
83  90  0.404067
83  137  0.0138397
83  165  0.0529306
84  89  0.31743
84  120  0.0954588
84  136  0.0138928
84  164  0.0529278
85  119  0.0972382
85  135  0.0136269
85  163  0.0522398
86  118  0.0656733
87  117  0.0339682
87  118  0.0324292
88  117  0.0647655
88  160  0.0152529
89  116  0.0969402
89  144  0.0106738
89  157  0.0159969
89  161  0.0153376
90  115  0.0970036
90  143  0.0109902
90  156  0.0187998
90  160  0.0160337
91  155  0.0146291
91  159  0.0125819
94  112  0.751717
95  111  0.996822
96  110  0.9977
97  109  0.997438
98  108  0.997681
99  107  0.995215
100  106  0.936165
114  128  0.893661
115  127  0.896267
116  126  0.895843
117  125  0.895756
118  124  0.895866
119  123  0.72708
130  174  0.0159085
131  173  0.0212707
134  170  0.0573967
135  169  0.060822
136  168  0.0608415
137  167  0.0608414
138  166  0.0593826
142  164  0.047628
143  163  0.0505698
144  178  0.530424
145  161  0.0594032
145  177  0.798098
146  156  0.0119178
146  160  0.0611168
146  176  0.826756
147  155  0.0102339
147  159  0.0542114
147  175  0.825567
148  174  0.807048
149  170  0.0553913
149  173  0.718936
150  156  0.0281666
150  169  0.0793505
151  155  0.0130613
151  168  0.0854225
151  171  0.11307
152  167  0.0837566
152  169  0.209306
153  169  0.356912
154  167  0.726497
155  164  0.0780583
155  166  0.72927
156  163  0.0771369
156  165  0.726625
156  171  0.0118577
157  164  0.659031
157  170  0.012363
158  167  0.014021
158  169  0.0122952
159  166  0.0134768
160  165  0.0110036
178  199  0.325972
179  198  0.998654
180  197  0.999501
181  196  0.999401
182  195  0.999942
183  194  0.999915
184  193  0.999832
185  192  0.952611
186  192  0.0101365
