2  72  0.99469
3  71  0.995073
4  69  0.0513576
4  70  0.946818
5  68  0.0984605
5  69  0.899203
6  67  0.145542
6  68  0.851883
7  66  0.192604
7  67  0.798184
8  64  0.532437
8  65  0.120459
9  49  0.0250057
9  63  0.770366
10  26  0.197073
10  49  0.0140087
10  62  0.770811
11  25  0.198233
11  48  0.013511
11  61  0.76434
12  24  0.199087
12  35  0.0130092
12  57  0.0270558
13  23  0.198394
13  46  0.0109723
14  34  0.020577
14  56  0.506549
15  21  0.142875
15  24  0.0128039
15  33  0.0230415
15  55  0.617508
15  56  0.011543
15  57  0.0183167
16  20  0.126171
16  23  0.0123631
16  32  0.0230767
16  54  0.607118
17  31  0.0231123
17  53  0.590538
17  54  0.150292
18  30  0.0230577
18  53  0.167663
19  29  0.0228558
19  52  0.755471
20  28  0.0198864
20  51  0.753192
21  50  0.0136971
23  48  0.749568
24  47  0.757218
25  46  0.473522
26  46  0.178416
27  66  0.0295585
28  44  0.918801
28  65  0.02977
29  43  0.943129
29  64  0.0299614
30  42  0.944286
30  63  0.0299276
31  41  0.944086
31  62  0.0298813
32  40  0.910172
32  61  0.0161922
34  38  0.0150925
34  39  0.0245323
34  59  0.0116109
38  56  0.0204942
39  55  0.0237281
40  54  0.0192563
41  53  0.0143372
41  54  0.0215932
42  53  0.0266118
43  52  0.0314589
44  51  0.0246862
50  66  0.192094
51  65  0.193628
52  64  0.195295
53  63  0.196137
54  62  0.192295
