1  964  0.0134927
2  12  0.0200984
2  333  0.0320206
2  801  0.0190404
2  957  0.0426728
2  963  0.0186345
2  980  0.0122637
2  981  0.0138012
3  11  0.0272996
3  332  0.0387868
3  800  0.0424683
3  956  0.0908275
3  962  0.0232238
4  331  0.0387932
4  799  0.0457278
4  955  0.0908931
4  961  0.023227
4  979  0.562394
5  330  0.0387208
5  798  0.0457299
5  954  0.0908845
5  960  0.0231826
5  978  0.586331
6  797  0.0447626
6  953  0.0870807
6  977  0.583285
7  796  0.0402504
7  952  0.0756417
7  976  0.575004
8  795  0.0307834
8  975  0.540364
8  981  0.0155145
9  974  0.458507
9  980  0.028669
10  822  0.130095
10  979  0.0298451
11  135  0.0271599
11  787  0.0782022
11  821  0.199736
11  973  0.065436
11  978  0.0271669
12  134  0.0280048
12  786  0.0788149
12  979  0.0117902
13  133  0.0281382
13  785  0.0788953
13  819  0.237341
14  132  0.0281366
14  784  0.0788053
14  818  0.239788
14  978  0.145377
15  131  0.0274033
15  298  0.157701
15  977  0.157271
16  297  0.200897
16  781  0.0570552
16  976  0.157626
17  296  0.211412
17  780  0.0722557
17  815  0.209694
17  975  0.157537
18  67  0.0276745
18  107  0.0167047
18  128  0.0259159
18  295  0.214821
18  779  0.0746385
18  814  0.221039
18  974  0.158134
19  66  0.0299386
19  106  0.0184443
19  127  0.0263873
19  294  0.213895
19  778  0.0750225
19  813  0.124134
19  973  0.15661
20  105  0.0184232
20  126  0.026383
20  777  0.0748215
20  811  0.0221061
20  813  0.243973
21  64  0.0498568
21  125  0.0224573
21  290  0.0245172
21  812  0.342793
22  63  0.0517584
22  289  0.0254116
22  809  0.0245033
22  811  0.342963
23  808  0.0252547
23  809  0.351911
24  289  0.118303
24  807  0.0251232
24  808  0.353337
25  60  0.065062
25  289  0.0128652
25  807  0.353131
25  931  0.0740194
26  59  0.104558
26  287  0.323643
26  806  0.222637
26  930  0.117958
27  58  0.105707
27  286  0.325611
27  802  0.350449
27  805  0.0673633
27  929  0.118261
28  57  0.105889
28  285  0.325786
28  801  0.427019
28  928  0.118242
29  39  0.0212607
29  56  0.105836
29  284  0.325612
29  800  0.4273
30  38  0.029558
30  55  0.105892
30  262  0.0743872
30  283  0.325789
30  799  0.427558
30  927  0.0106705
31  37  0.0293494
31  54  0.105433
31  261  0.0744206
31  282  0.249087
31  798  0.427107
31  926  0.0106525
32  36  0.0181827
32  260  0.074287
32  282  0.0763604
32  796  0.419004
33  281  0.151506
33  795  0.416046
33  924  0.0102782
34  48  0.0988751
34  794  0.396695
34  923  0.0105617
35  47  0.102279
35  181  0.0686671
35  279  0.323074
35  770  0.0156504
35  922  0.0105726
36  45  0.0410344
36  46  0.0699047
36  166  0.0119969
36  180  0.0779549
36  278  0.325599
36  769  0.016303
36  792  0.139051
36  793  0.125535
37  44  0.0736534
37  45  0.0369868
37  165  0.0122592
37  179  0.0778639
37  277  0.320839
37  768  0.0162183
37  792  0.126667
38  43  0.105114
38  163  0.403271
38  178  0.073983
38  767  0.0141342
38  790  0.352944
39  162  0.476106
39  789  0.352775
40  161  0.499546
40  788  0.352877
41  160  0.501687
41  787  0.349357
42  159  0.501467
42  265  0.0231688
43  158  0.50176
43  264  0.0295874
43  786  0.350916
44  157  0.342026
44  263  0.0295919
44  785  0.351285
45  156  0.18216
45  157  0.159779
45  261  0.0296852
45  784  0.3511
46  156  0.319609
46  260  0.0298067
47  155  0.478392
47  259  0.0302766
47  782  0.353132
48  154  0.477693
48  258  0.0302053
48  781  0.352781
49  153  0.470111
49  257  0.0300258
49  780  0.348584
50  152  0.382845
50  256  0.0293404
50  779  0.349793
51  255  0.0186343
52  778  0.348187
53  112  0.0248454
53  777  0.347639
54  111  0.0277281
54  150  0.85229
55  110  0.0277298
55  149  0.858124
56  109  0.0277032
56  148  0.857725
57  108  0.0275082
57  147  0.858209
58  146  0.857874
59  105  0.0270547
59  145  0.856764
60  104  0.0316155
60  111  0.0362517
60  144  0.851396
61  103  0.0315568
61  110  0.0363359
61  142  0.85282
62  109  0.0363193
62  141  0.852162
63  108  0.0360514
63  140  0.84672
65  105  0.0280442
65  138  0.761231
66  85  0.0148327
66  104  0.0442353
66  137  0.763845
68  84  0.0366303
68  103  0.0636154
68  135  0.837299
69  83  0.0411783
69  102  0.0670664
69  134  0.849534
70  82  0.0411393
70  101  0.0670095
70  133  0.850535
71  81  0.0309778
71  100  0.0626894
71  132  0.846711
72  80  0.0278994
72  97  0.0428452
72  131  0.839141
73  79  0.021281
73  96  0.058283
73  130  0.83938
74  95  0.0600787
74  129  0.835876
75  94  0.0603796
75  128  0.779439
76  93  0.0600357
76  111  0.0212404
76  130  0.0111369
77  129  0.01202
78  110  0.0363436
78  126  0.755177
78  127  0.011623
78  128  0.013278
79  109  0.0613254
79  125  0.746177
79  126  0.0106808
79  127  0.0130369
79  973  0.0105297
80  108  0.0799633
80  124  0.72434
80  972  0.0296847
81  90  0.684623
81  971  0.0297638
82  89  0.686305
82  122  0.0515832
82  124  0.0270118
82  970  0.0299485
83  88  0.656965
83  105  0.0899024
83  112  0.0531112
83  123  0.0279874
83  969  0.0299487
84  104  0.0914471
84  111  0.0541699
84  122  0.0145554
84  968  0.0250763
85  103  0.0894119
85  110  0.0540415
86  109  0.0450354
87  103  0.0252118
88  102  0.250725
88  108  0.0115625
89  101  0.252039
89  106  0.0234333
90  100  0.251251
90  105  0.0232057
91  99  0.209796
92  101  0.373691
93  100  0.376633
93  123  0.107434
94  99  0.247461
94  120  0.0132826
94  122  0.109599
95  117  0.0101538
95  119  0.014675
95  121  0.105532
96  119  0.0231854
97  118  0.0223193
98  110  0.0121794
99  109  0.012256
99  115  0.0509425
99  116  0.0219879
100  108  0.0122479
102  112  0.584822
103  111  0.679683
103  964  0.0306189
104  110  0.677458
104  963  0.0326142
105  962  0.0331477
106  961  0.0331494
108  960  0.0331537
109  959  0.0331535
109  971  0.0302999
110  124  0.0529962
110  958  0.0331822
110  970  0.0390445
111  123  0.0536354
111  957  0.033099
111  969  0.0390615
112  122  0.0378306
112  259  0.0103839
112  968  0.0390671
113  967  0.0385133
114  120  0.0147356
114  966  0.0319395
116  255  0.0462689
117  254  0.0509304
118  253  0.0485853
120  251  0.0871913
121  250  0.101247
122  249  0.103604
123  248  0.104257
124  247  0.104258
125  246  0.103777
126  245  0.0874561
127  244  0.0877963
128  243  0.102276
129  242  0.0995807
130  241  0.0950245
131  173  0.0194485
131  240  0.0662876
132  137  0.0364419
132  172  0.0309985
132  180  0.0285437
133  171  0.0309867
133  179  0.0288978
134  148  0.0100758
134  170  0.0278489
134  178  0.0288599
135  147  0.0230613
135  169  0.0180567
135  177  0.0285752
136  146  0.0243415
136  176  0.0176549
137  145  0.0247099
137  801  0.0266107
138  144  0.0232468
138  176  0.0196223
138  800  0.0267683
139  175  0.0627176
139  799  0.0268073
140  174  0.0628033
140  798  0.0267305
141  173  0.0627271
142  166  0.0164328
142  172  0.0621008
143  165  0.016519
144  164  0.0151248
144  170  0.056508
145  169  0.0567982
145  792  0.0264507
146  161  0.0171331
146  168  0.0429656
146  791  0.0265301
147  160  0.020679
147  790  0.0264327
149  158  0.0956002
149  786  0.0266845
150  157  0.0956636
150  785  0.0270141
151  156  0.0921012
151  774  0.0365017
151  784  0.0272924
152  773  0.0374003
152  783  0.0281866
153  772  0.0372925
153  782  0.0283009
155  770  0.0330108
155  777  0.0314703
156  769  0.0379655
156  776  0.344211
157  768  0.0379707
157  775  0.344706
158  767  0.0379398
158  774  0.344723
159  773  0.344184
160  166  0.0573279
160  772  0.343072
161  165  0.0218486
161  354  0.0216925
162  353  0.029646
163  177  0.0411787
163  352  0.035079
163  354  0.0216608
163  769  0.138184
164  176  0.0393801
164  353  0.0293159
164  786  0.0109704
165  275  0.294684
165  785  0.0117719
165  791  0.0122051
166  174  0.0372741
166  274  0.31082
166  351  0.277873
166  784  0.0121654
166  790  0.0132495
167  173  0.0371606
167  176  0.0316867
167  273  0.310688
167  350  0.40006
167  783  0.0121414
168  172  0.029221
168  175  0.047202
168  271  0.342625
168  349  0.418908
168  782  0.0121034
169  174  0.0465405
169  270  0.342658
169  348  0.418968
169  781  0.0120962
169  787  0.0187744
170  269  0.342221
170  347  0.418747
170  786  0.0188338
171  268  0.335745
171  346  0.416173
171  785  0.0188496
172  266  0.256978
172  344  0.0103638
172  784  0.0188378
173  265  0.257024
173  344  0.370561
174  264  0.256736
174  267  0.0911933
174  343  0.418968
174  713  0.0116423
174  782  0.0176098
175  263  0.214588
175  266  0.0915647
175  342  0.41902
175  712  0.011644
175  781  0.0176027
176  239  0.0584918
176  265  0.0915442
176  341  0.41887
176  711  0.0116396
176  780  0.0138273
177  238  0.0727741
177  263  0.134362
177  340  0.418959
177  710  0.0116342
178  237  0.0739873
178  262  0.350702
178  308  0.0201484
178  339  0.396187
179  236  0.0739901
179  261  0.351722
179  307  0.0251055
179  778  0.0145607
180  235  0.0739326
180  260  0.351669
180  306  0.0261543
180  337  0.367907
180  777  0.0145731
181  201  0.0108118
181  234  0.0555774
181  237  0.0212167
181  259  0.339944
181  305  0.0261337
181  336  0.341562
182  200  0.0133965
182  232  0.0101095
182  236  0.0207495
182  252  0.0154021
182  256  0.0376887
182  304  0.0260586
182  334  0.124967
183  199  0.0131506
183  200  0.0327278
183  235  0.0201158
183  251  0.0139139
183  252  0.802894
184  199  0.0338031
184  251  0.811576
184  256  0.0385908
185  240  0.0120069
185  250  0.811533
185  255  0.0372326
186  197  0.0369453
186  233  0.0114852
186  239  0.0130227
186  249  0.405945
187  196  0.0398257
187  232  0.0125671
187  238  0.0131555
187  249  0.459566
188  194  0.0115159
188  195  0.0347862
188  231  0.0127522
188  237  0.0132913
188  248  0.869391
189  193  0.0123772
189  230  0.0127488
189  236  0.0121301
189  247  0.869385
190  246  0.864519
191  245  0.841928
193  201  0.0443138
193  243  0.868419
194  200  0.0456703
194  242  0.869241
195  199  0.0283119
195  241  0.869039
196  240  0.808324
199  229  0.0323567
199  237  0.197058
200  220  0.0114093
200  228  0.0328234
200  234  0.0161271
200  237  0.560501
201  219  0.0118214
201  233  0.0160129
201  235  0.122662
201  236  0.587504
202  218  0.0118531
203  217  0.0117878
203  224  0.0131759
204  216  0.0103483
205  222  0.0456557
206  214  0.0116523
206  221  0.0502694
206  232  0.691815
207  213  0.0118945
207  220  0.0554198
207  231  0.909215
208  219  0.055539
208  230  0.909484
209  218  0.0484991
209  229  0.922621
210  217  0.0485777
210  228  0.922949
211  216  0.0554015
211  227  0.921755
212  226  0.921831
213  225  0.921806
214  224  0.794294
215  222  0.138334
216  221  0.105124
217  221  0.0341254
221  234  0.0121178
222  233  0.0121216
223  232  0.01196
229  238  0.0138302
230  237  0.0519294
231  236  0.0509086
232  237  0.0108356
258  964  0.040091
259  289  0.0222031
259  334  0.0134446
259  770  0.0152513
259  963  0.0437662
260  288  0.0224285
260  332  0.390057
260  769  0.0158557
260  956  0.0336798
260  962  0.0440381
261  287  0.0220393
261  331  0.390367
261  768  0.0158562
261  955  0.0339502
261  961  0.0439979
262  330  0.390114
262  767  0.01584
262  954  0.0339098
262  960  0.0439553
263  287  0.119436
263  329  0.102252
263  352  0.0161844
263  958  0.0392655
264  285  0.318819
264  328  0.0987124
264  351  0.0162011
264  952  0.0103141
264  957  0.0410479
265  284  0.393281
265  350  0.0161944
266  283  0.404853
266  305  0.0111697
266  349  0.0162036
266  927  0.195271
267  282  0.404854
267  304  0.0111732
267  348  0.0162013
267  926  0.195897
268  280  0.0189829
268  347  0.0149231
268  925  0.200457
269  279  0.0189893
269  281  0.390781
269  924  0.200299
270  278  0.0192173
270  280  0.395361
270  923  0.200364
271  279  0.39578
271  344  0.0158356
271  922  0.200463
272  277  0.0549239
272  278  0.339351
272  343  0.0156381
272  921  0.19624
273  342  0.0151001
273  920  0.186773
276  308  0.0213757
276  848  0.197561
277  307  0.0234197
277  847  0.212614
278  306  0.023449
278  846  0.212764
279  305  0.0234994
279  845  0.212775
280  304  0.023471
280  844  0.21278
281  303  0.0220433
281  843  0.212657
282  842  0.212763
283  841  0.212659
284  840  0.190221
285  327  0.0108106
285  823  0.190664
286  326  0.0102349
286  822  0.190885
286  836  0.0146988
287  294  0.0148202
287  821  0.190291
287  835  0.0148894
288  425  0.0102835
288  834  0.0148591
289  424  0.0130954
289  833  0.0145338
291  308  0.0143258
291  831  0.0144392
292  307  0.0157754
292  426  0.0108856
292  830  0.0145507
293  298  0.0155619
293  306  0.0157158
293  425  0.027412
293  829  0.0142337
294  305  0.0158202
294  424  0.0318728
294  828  0.0135265
300  950  0.101316
301  949  0.168316
302  948  0.176523
303  947  0.178067
304  329  0.553546
304  409  0.0289533
304  946  0.178653
304  958  0.0114262
305  328  0.554495
305  408  0.0291616
305  945  0.178391
305  957  0.0114457
306  324  0.0902916
306  327  0.556819
306  407  0.0290704
306  410  0.0455191
306  944  0.070504
306  956  0.0114405
307  323  0.0906604
307  326  0.553121
307  406  0.0290639
307  409  0.0456029
307  941  0.172929
307  955  0.0112596
308  322  0.0793046
308  325  0.539224
308  405  0.0222525
308  408  0.0454738
308  940  0.175288
309  320  0.0194574
309  407  0.0449658
309  939  0.177633
310  319  0.0192383
310  405  0.0508205
310  938  0.177642
311  318  0.0128649
311  322  0.526018
311  338  0.0193221
311  404  0.0733001
311  937  0.177866
312  319  0.0683594
312  321  0.535451
312  337  0.0213783
312  403  0.0746072
312  936  0.177672
313  318  0.0450837
313  322  0.0221979
313  335  0.0355297
313  908  0.0157134
314  319  0.273364
314  321  0.0235919
314  334  0.0364825
314  401  0.0758493
314  907  0.0173186
314  934  0.0146137
315  333  0.0343305
315  400  0.0759005
315  906  0.0138662
316  399  0.0754995
317  398  0.0728319
318  397  0.0620566
319  329  0.100322
319  396  0.0218763
320  328  0.10246
320  866  0.150908
321  327  0.105122
321  394  0.0159011
321  865  0.187152
322  326  0.0400272
322  393  0.0149557
322  864  0.187156
323  863  0.187219
324  862  0.187219
325  861  0.187011
326  860  0.187026
327  859  0.186967
328  822  0.0177001
329  821  0.0254193
330  389  0.0828035
330  755  0.032272
330  820  0.231262
331  388  0.0828839
331  754  0.0327313
331  819  0.231441
331  856  0.148808
332  387  0.082906
332  753  0.0327452
332  818  0.231441
332  855  0.148865
333  386  0.0829131
333  752  0.032722
333  817  0.230357
333  854  0.148532
334  385  0.0829663
334  751  0.0327262
334  816  0.227145
334  853  0.147776
335  345  0.010554
335  359  0.0446981
335  491  0.12001
336  344  0.011202
336  358  0.0841174
336  384  0.0826818
336  490  0.128335
336  750  0.0323657
336  976  0.019427
337  343  0.0108425
337  357  0.0624018
337  383  0.0826855
337  489  0.129022
337  749  0.0322917
338  488  0.126969
338  748  0.0323555
339  355  0.231978
339  382  0.0826168
339  486  0.075649
339  747  0.0315197
339  973  0.0390833
340  354  0.237057
340  381  0.0826094
340  482  0.0819896
340  483  0.0200431
340  485  0.0245947
340  744  0.0296245
340  972  0.0398465
341  353  0.238045
341  481  0.117164
341  482  0.0137205
341  743  0.0298709
341  971  0.0398372
342  352  0.238753
342  380  0.082931
342  480  0.131237
342  742  0.0299457
342  970  0.0398514
343  351  0.238189
343  379  0.0829327
343  479  0.139538
343  741  0.0299564
343  969  0.0398417
344  349  0.037786
344  350  0.162658
344  378  0.0829287
344  478  0.139586
344  740  0.0299538
344  968  0.0358636
345  377  0.0828549
345  477  0.138297
346  376  0.0829144
346  966  0.024803
347  375  0.0828213
347  737  0.0279156
347  965  0.0314995
348  374  0.0826691
348  736  0.0290183
348  848  0.0107594
348  964  0.0315403
349  373  0.0777956
349  475  0.14071
349  847  0.0108287
349  963  0.0314296
350  372  0.0701141
350  474  0.140891
350  821  0.014469
350  846  0.0108077
351  366  0.0356597
351  370  0.0108593
351  473  0.141185
351  768  0.119594
351  820  0.0345514
351  845  0.0108441
352  365  0.0384942
352  472  0.14118
352  767  0.127761
352  819  0.0340128
352  844  0.0108273
353  364  0.0192964
353  365  0.0293604
353  471  0.10246
353  731  0.0283244
353  766  0.0640485
353  767  0.0900209
353  771  0.010451
353  818  0.0262331
354  364  0.0579954
354  730  0.0332737
354  766  0.267303
354  770  0.0133086
355  363  0.0841246
355  469  0.141223
355  729  0.0337163
355  765  0.402725
355  769  0.0209122
355  817  0.0115519
356  362  0.0836815
356  468  0.141391
356  728  0.0337169
356  764  0.402817
356  768  0.0209055
356  792  0.011077
356  816  0.0200005
357  361  0.0318557
357  467  0.141373
357  763  0.402428
357  767  0.0202916
357  791  0.0105963
357  814  0.111338
357  815  0.0179966
358  466  0.141364
358  762  0.402171
359  465  0.136688
359  725  0.0292016
359  757  0.0314372
359  761  0.367326
359  788  0.0117859
359  812  0.213331
360  464  0.118007
360  756  0.341576
360  760  0.0749111
360  811  0.247916
361  374  0.088172
361  441  0.0310995
361  460  0.0135868
361  723  0.0108124
361  755  0.412269
361  759  0.0187886
361  810  0.276143
362  373  0.0882473
362  440  0.0311234
362  459  0.0139344
362  722  0.0283104
362  754  0.413625
362  758  0.017644
362  785  0.0148297
362  809  0.276175
363  372  0.0880384
363  439  0.0310904
363  458  0.0139093
363  753  0.414309
363  757  0.0165958
363  784  0.0148291
363  808  0.276163
364  394  0.0324477
364  721  0.0307303
364  752  0.420446
364  783  0.014804
365  370  0.0148294
365  393  0.0326622
365  720  0.0307016
365  751  0.422851
365  782  0.0148299
365  806  0.273255
366  392  0.0326468
366  750  0.421741
366  781  0.0147549
366  805  0.275692
367  391  0.0322335
367  780  0.0146054
367  804  0.275049
368  390  0.0304088
368  717  0.0197043
368  779  0.0145477
368  803  0.275091
369  716  0.0177224
369  747  0.418935
369  778  0.0142583
369  802  0.275902
370  388  0.0143775
370  746  0.424413
370  777  0.0142352
370  801  0.276076
371  745  0.424591
371  800  0.238501
372  381  0.0104764
372  386  0.0243767
372  447  0.0921014
372  729  0.0190601
372  744  0.419792
372  799  0.113799
373  380  0.0105011
373  385  0.0354676
373  446  0.093373
373  447  0.01446
373  713  0.0349694
373  728  0.0190875
373  740  0.0192636
373  742  0.431263
373  743  0.0157046
373  799  0.0361677
374  379  0.0103909
374  384  0.0396669
374  444  0.0623819
374  712  0.0350572
374  727  0.0190743
374  739  0.01932
374  741  0.436694
374  796  0.0132087
374  798  0.0634745
375  383  0.0402199
375  443  0.0685612
375  446  0.0351556
375  738  0.0191019
375  740  0.437199
375  742  0.0165705
376  382  0.0401488
376  442  0.0685518
376  444  0.229751
376  710  0.0361593
376  737  0.0190151
376  739  0.437013
376  741  0.0165874
377  381  0.0248673
377  441  0.0684837
377  443  0.28472
377  709  0.0404902
377  728  0.0473491
377  738  0.385023
377  740  0.016562
378  440  0.0682934
378  442  0.284792
378  708  0.0404968
378  727  0.0495961
378  737  0.384865
378  739  0.0165601
379  389  0.0782754
379  441  0.306983
379  707  0.0406712
379  713  0.0655453
379  726  0.055008
379  736  0.246569
379  738  0.0158225
380  388  0.0783435
380  440  0.307088
380  706  0.0406669
380  712  0.0657173
380  725  0.0588349
380  737  0.015592
381  387  0.0758138
381  439  0.306761
381  444  0.201463
381  705  0.0399401
381  710  0.0812019
381  724  0.0590603
382  386  0.0288647
382  389  0.0641298
382  443  0.248306
382  709  0.0837646
382  723  0.0588715
383  388  0.0628683
383  403  0.164283
383  442  0.248325
383  708  0.0837657
383  722  0.0588991
384  402  0.236268
384  441  0.24845
384  707  0.0835051
384  721  0.0517906
385  401  0.236288
385  440  0.247998
385  706  0.083439
386  400  0.232741
386  439  0.22815
386  705  0.0817744
386  730  0.0465689
387  394  0.0111016
387  399  0.212804
387  704  0.0727265
387  729  0.0507734
388  398  0.170303
388  402  0.158672
388  713  0.0346721
388  728  0.0507832
389  401  0.158545
389  436  0.0622566
389  702  0.0695548
389  712  0.0347394
389  727  0.0506729
390  397  0.0207563
390  399  0.0507797
390  462  0.0102163
390  701  0.046551
390  726  0.0439181
391  398  0.0510226
391  399  0.0775417
391  461  0.0106616
392  397  0.0399072
392  398  0.0793862
392  460  0.0107912
392  701  0.0364823
393  404  0.0344447
393  459  0.0106975
393  700  0.0868454
393  711  0.0101055
394  403  0.0361261
394  439  0.0369602
394  458  0.0106575
394  699  0.0888715
394  710  0.0103734
394  722  0.011379
395  404  0.0123797
395  437  0.213452
395  438  0.0192771
395  698  0.0888447
396  401  0.0245469
396  403  0.0132069
396  436  0.245982
396  439  0.0350824
396  697  0.0888267
397  435  0.245607
397  438  0.0359025
397  696  0.0762596
398  434  0.242857
398  437  0.0356172
398  512  0.0132838
398  695  0.0468608
399  433  0.222962
399  436  0.0330569
399  456  0.0432808
399  511  0.0236766
399  519  0.0147276
400  455  0.0480581
400  510  0.0248219
400  518  0.0162045
400  656  0.0111537
401  431  0.0432128
401  432  0.0276064
401  454  0.0488451
401  509  0.0250246
401  517  0.0165117
401  655  0.0122882
401  713  0.0197314
402  430  0.094715
402  453  0.0487986
402  508  0.0250162
402  516  0.0165007
402  654  0.0122876
402  712  0.0197441
403  432  0.406663
403  452  0.0224797
403  507  0.0118163
404  431  0.204352
404  451  0.0206948
405  431  0.508683
406  426  0.0919772
406  430  0.768944
406  475  0.0444005
407  425  0.0931365
407  429  0.771316
407  474  0.0446089
408  424  0.09303
408  428  0.773114
408  473  0.0447059
409  427  0.773618
409  472  0.0447054
410  426  0.773361
410  471  0.0445884
411  420  0.36405
411  425  0.577874
412  419  0.981553
413  418  0.99651
421  462  0.0210103
422  461  0.0227898
423  460  0.0232858
424  459  0.0233908
426  469  0.0151577
426  776  0.0669392
427  457  0.0256157
427  468  0.015343
427  775  0.0716399
428  456  0.0276843
428  467  0.0150398
428  774  0.0716757
429  455  0.0279554
429  773  0.0716512
430  454  0.0279899
430  772  0.0717291
431  464  0.0143181
431  771  0.0716918
432  453  0.0272541
432  463  0.0154959
432  770  0.0714559
433  452  0.0378685
433  462  0.0152983
434  451  0.0388516
434  461  0.0145343
435  450  0.0394949
435  460  0.0130496
436  449  0.0394511
436  768  0.033006
439  447  0.0512852
439  729  0.0108888
439  765  0.0602007
440  446  0.0488507
440  709  0.131882
440  728  0.0108768
440  764  0.0603465
441  708  0.132302
441  727  0.0108722
441  763  0.0603465
442  454  0.0157442
442  707  0.138456
442  726  0.0100356
442  728  0.0206983
442  762  0.0602362
443  453  0.0157724
443  463  0.0118569
443  706  0.138464
443  727  0.020925
443  761  0.0601818
444  452  0.0155551
444  461  0.0542994
445  451  0.0143296
445  460  0.112913
445  704  0.223539
445  726  0.18269
445  759  0.0579891
446  459  0.126791
446  703  0.242691
446  725  0.201469
446  758  0.0583947
447  458  0.128787
447  702  0.242932
447  724  0.202045
447  757  0.058279
447  787  0.0202342
448  457  0.115269
448  701  0.242077
448  723  0.201579
448  786  0.0204865
449  699  0.234856
449  722  0.20103
449  785  0.0204951
449  790  0.0996218
450  476  0.0198289
450  698  0.229965
450  716  0.125662
450  784  0.0190464
450  789  0.0999827
451  475  0.0226341
451  696  0.0146368
451  697  0.221023
451  715  0.13313
451  788  0.100121
452  474  0.0252993
452  695  0.0235598
452  696  0.202714
452  705  0.0193224
452  714  0.135297
452  787  0.034469
453  473  0.026134
453  694  0.0321549
453  704  0.0462082
453  707  0.0421456
453  713  0.136145
453  782  0.0214703
453  786  0.0347013
453  799  0.0771435
454  472  0.0261225
454  692  0.0140731
454  703  0.0515431
454  706  0.0421716
454  712  0.136101
454  781  0.0215165
454  785  0.100123
454  798  0.0776457
455  471  0.0236093
455  702  0.0514905
455  705  0.0420858
455  711  0.120722
455  780  0.0187855
455  784  0.0955216
455  797  0.0768933
456  701  0.0512643
456  704  0.0418044
456  783  0.0561899
457  467  0.0229443
457  633  0.0253376
457  691  0.221069
457  700  0.0502826
457  703  0.0406156
458  466  0.0304631
458  469  0.070968
458  522  0.0867956
458  632  0.0321353
458  690  0.246523
458  782  0.0106714
458  783  0.0312558
458  793  0.0798291
459  466  0.0310198
459  468  0.0770735
459  521  0.0871541
459  631  0.0319769
459  689  0.246593
459  694  0.0106572
459  701  0.0393893
459  782  0.04379
459  792  0.0825235
460  465  0.0205492
460  467  0.0562013
460  520  0.0868721
460  688  0.242646
460  693  0.0105411
460  697  0.0510122
460  700  0.039499
460  781  0.0439773
460  791  0.0823883
461  519  0.0668508
461  696  0.0527252
461  699  0.037453
461  780  0.0431722
461  790  0.0818419
462  628  0.0267996
462  686  0.0286248
462  695  0.0556129
462  698  0.0312556
462  779  0.0415258
462  789  0.0791287
463  517  0.0550563
463  627  0.0268101
463  685  0.0234317
463  694  0.0562104
464  626  0.0268021
464  684  0.0140888
464  685  0.217543
465  625  0.0268019
465  684  0.230515
465  786  0.0211687
466  516  0.0107399
466  624  0.0266753
466  683  0.239791
466  785  0.0208241
466  787  0.0576061
467  515  0.0102331
467  682  0.236471
467  786  0.0579377
468  621  0.022125
468  659  0.10248
468  680  0.0232184
468  785  0.056928
469  620  0.0221998
469  658  0.10399
469  679  0.0229377
469  680  0.214843
469  778  0.142446
469  784  0.0505349
470  619  0.0221624
470  657  0.103916
470  679  0.215108
470  777  0.155965
471  510  0.497614
471  656  0.0399962
471  776  0.157924
472  509  0.570026
472  655  0.0347268
472  775  0.157953
473  508  0.570586
473  654  0.0346608
473  774  0.15795
474  507  0.573205
474  773  0.157414
475  506  0.57049
475  772  0.154544
477  491  0.0140212
477  504  0.174906
478  490  0.0151015
478  702  0.0124694
478  770  0.0235344
479  489  0.0146771
479  503  0.666361
479  641  0.0579138
479  701  0.0127758
479  769  0.0215553
480  502  0.666928
480  640  0.059029
480  700  0.0128315
481  501  0.667687
481  639  0.0366945
481  699  0.01281
482  500  0.669616
482  698  0.0128183
483  499  0.663953
483  637  0.0622262
483  697  0.0126498
484  636  0.0630705
484  767  0.0211187
485  500  0.0264478
485  635  0.0628948
485  695  0.0102375
485  766  0.0214506
486  634  0.0624164
486  694  0.0102864
486  765  0.0212849
487  498  0.714032
488  497  0.794574
488  500  0.011495
489  496  0.798124
489  499  0.0121631
490  495  0.698648
490  498  0.0122021
491  497  0.0117756
493  848  0.122873
494  847  0.132397
495  770  0.0122669
495  846  0.132455
496  769  0.0127871
496  845  0.0858246
498  766  0.0145217
499  765  0.0171356
501  510  0.073857
502  509  0.0845332
502  762  0.198732
503  508  0.0836602
503  761  0.198871
504  760  0.198324
505  759  0.198211
506  757  0.0639553
506  758  0.136165
506  770  0.0151515
507  714  0.0102335
507  756  0.126252
507  757  0.068406
508  517  0.0248669
508  653  0.0121953
508  707  0.0242673
508  713  0.0130782
508  755  0.146129
508  768  0.0239899
509  516  0.0249683
509  652  0.0121641
509  706  0.0242743
509  712  0.013079
509  754  0.145996
509  767  0.0241854
510  651  0.0107182
510  705  0.0223832
510  711  0.0119338
510  753  0.140175
510  766  0.0226697
511  672  0.0155494
511  752  0.107303
512  671  0.0157097
513  673  0.0234671
514  672  0.0236022
515  639  0.0415029
515  710  0.0212995
515  763  0.0220763
516  618  0.0221458
516  638  0.0813316
516  669  0.236192
516  709  0.0367734
516  713  0.0105584
516  762  0.0307511
516  782  0.0419562
517  617  0.0221892
517  636  0.231098
517  637  0.0727323
517  668  0.236577
517  708  0.0354323
517  712  0.010526
517  761  0.0307649
517  781  0.0420269
518  616  0.0221487
518  633  0.0129581
518  635  0.25464
518  636  0.0633594
518  667  0.236161
518  760  0.0306798
518  780  0.0411032
519  615  0.0219934
519  632  0.0163567
519  634  0.261694
519  660  0.0106239
519  666  0.231529
519  694  0.0119225
519  759  0.0158883
520  663  0.0909705
520  665  0.138188
520  759  0.0149957
521  536  0.0104721
521  544  0.0157405
521  658  0.0129968
521  659  0.0112747
521  662  0.215366
521  692  0.0256021
521  758  0.0296496
521  778  0.036297
522  535  0.0104656
522  543  0.0158169
522  657  0.013069
522  658  0.0112763
522  661  0.215742
522  691  0.0252911
522  757  0.0296484
522  777  0.0364127
523  534  0.010042
523  542  0.0157803
523  630  0.906674
523  660  0.0496886
524  629  0.950721
525  628  0.963651
526  627  0.964646
527  626  0.963388
528  537  0.0156256
528  625  0.965902
529  536  0.0157858
529  624  0.966972
530  535  0.0140798
530  623  0.966162
531  622  0.965696
532  621  0.965394
534  619  0.958925
535  618  0.954866
537  616  0.940672
538  615  0.934931
541  558  0.0305421
541  611  0.6033
541  612  0.0344272
542  557  0.0307541
542  610  0.627483
543  552  0.0423018
543  559  0.0868132
543  609  0.165245
543  612  0.0428223
544  558  0.0853707
544  608  0.0802232
544  611  0.0427319
546  565  0.0699598
547  557  0.0398258
547  564  0.0959486
548  554  0.0171248
548  556  0.0411235
548  563  0.096003
549  555  0.0334933
549  562  0.0934548
555  570  0.145119
556  569  0.641917
557  568  0.735935
558  567  0.73606
559  566  0.730954
560  565  0.47995
565  613  0.145434
566  612  0.251903
567  611  0.252034
568  610  0.24098
569  610  0.0212515
570  609  0.827163
571  608  0.916209
572  607  0.947941
573  606  0.94809
574  605  0.947621
575  604  0.946088
576  603  0.939136
577  602  0.879249
579  600  0.882194
579  607  0.0432703
580  599  0.873312
580  606  0.0439979
581  598  0.847589
581  601  0.0167532
581  605  0.0440905
582  597  0.126972
582  600  0.0145658
582  604  0.016218
583  594  0.0364621
583  596  0.0680907
583  603  0.0134576
584  593  0.0420397
584  602  0.0382477
585  592  0.0423811
585  599  0.0749009
586  591  0.0414937
586  599  0.0175167
587  597  0.832172
587  598  0.0133507
588  595  0.043372
588  596  0.878315
589  594  0.0394472
589  595  0.880947
590  594  0.545631
630  659  0.0413803
631  658  0.0624496
631  659  0.189486
631  662  0.0138985
632  657  0.0621445
632  658  0.193499
632  661  0.0141073
633  656  0.0301219
634  657  0.0747852
634  658  0.0125341
634  659  0.0107178
635  656  0.0648768
636  649  0.0248024
636  655  0.0327938
636  656  0.238446
636  709  0.0317897
636  752  0.0141709
636  776  0.0363002
637  648  0.0249749
637  655  0.370232
637  707  0.222544
637  709  0.0164691
637  751  0.113566
637  775  0.0363308
638  654  0.402855
638  706  0.223087
638  708  0.0165138
638  750  0.114202
638  774  0.0363122
639  646  0.0318279
639  653  0.404256
639  707  0.0164848
639  749  0.11269
639  773  0.020759
640  645  0.0185031
640  704  0.256825
640  748  0.112325
641  652  0.405515
641  703  0.267521
641  706  0.0116581
641  747  0.105042
642  651  0.402054
642  702  0.267733
642  705  0.0116629
642  746  0.102192
642  770  0.0109795
643  701  0.149908
643  745  0.0806558
644  701  0.124629
645  698  0.0345992
645  700  0.242499
645  771  0.0178371
646  651  0.0168977
646  697  0.0349678
646  699  0.243
646  770  0.0193447
647  659  0.0291391
647  696  0.0184656
647  698  0.221231
648  658  0.0978089
648  697  0.191761
648  747  0.115452
649  657  0.16091
649  746  0.129285
650  656  0.160953
650  745  0.138456
651  655  0.127296
651  694  0.0699915
651  743  0.0488797
651  744  0.145784
652  660  0.0144324
652  694  0.0115347
652  742  0.21063
653  659  0.0145023
653  741  0.212787
654  740  0.212682
655  692  0.0977645
655  739  0.212223
656  691  0.0975878
656  695  0.177193
656  737  0.0117571
657  690  0.0979846
657  694  0.241964
657  736  0.0110393
658  689  0.0979055
658  694  0.0259292
660  691  0.562428
661  690  0.648625
662  687  0.0950638
662  689  0.649239
663  686  0.0964688
663  688  0.64766
664  685  0.0952286
664  687  0.632124
665  686  0.439243
666  683  0.751398
667  682  0.757965
668  681  0.75959
669  680  0.758859
670  679  0.753128
671  678  0.693115
672  677  0.565597
700  738  0.0428373
701  730  0.0938545
701  733  0.0123097
701  737  0.046326
702  729  0.113971
702  732  0.0122258
702  736  0.0492936
703  728  0.113994
704  727  0.113436
704  730  0.122986
705  726  0.108688
705  729  0.190358
705  769  0.0125805
706  713  0.0701057
706  728  0.190449
706  768  0.0125848
707  712  0.0707555
707  724  0.113841
707  727  0.190423
707  767  0.012579
708  723  0.11423
708  726  0.189979
708  755  0.161903
709  722  0.114362
709  725  0.189404
709  754  0.161991
710  720  0.0167618
710  721  0.102691
711  719  0.0251234
711  723  0.0218806
711  752  0.182856
712  718  0.0220385
712  720  0.0182078
712  723  0.161514
712  728  0.0196609
712  751  0.190257
713  722  0.175652
713  727  0.0198323
713  750  0.190258
714  726  0.0191779
714  749  0.186454
715  748  0.146332
717  723  0.0157531
719  779  0.0111119
720  747  0.200479
720  778  0.0112408
721  746  0.202449
721  777  0.0112387
722  745  0.184902
723  730  0.0300305
724  729  0.0364732
724  743  0.146168
725  736  0.0172238
725  742  0.216526
726  735  0.0171752
726  741  0.216408
727  740  0.216814
728  739  0.211003
729  737  0.167421
731  738  0.0179975
732  737  0.0161267
741  799  0.0366056
742  798  0.0390694
743  797  0.043859
744  785  0.0179476
744  796  0.0442139
745  795  0.0423816
746  773  0.0221496
746  783  0.0108168
746  793  0.0100681
746  794  0.0225447
747  772  0.0374889
747  782  0.0243213
747  792  0.0200968
748  771  0.0413096
748  781  0.024109
748  791  0.0197676
749  770  0.0422039
749  780  0.0222584
749  790  0.0181743
750  768  0.124148
750  769  0.0219991
751  767  0.146624
751  778  0.0286197
752  766  0.146725
752  777  0.0288193
753  765  0.146963
753  769  0.0183375
753  776  0.0342441
754  764  0.146954
754  768  0.0183618
754  775  0.0342605
755  763  0.145963
755  767  0.0183449
755  774  0.0342603
756  773  0.0341627
757  762  0.0184729
757  765  0.0524541
757  772  0.0338813
757  776  0.0139862
757  793  0.0107472
758  764  0.0522558
758  775  0.0140153
758  792  0.0130213
759  763  0.0198924
759  774  0.0140082
759  791  0.0129125
759  849  0.0113893
760  773  0.0139889
760  848  0.0121764
761  768  0.0340059
761  772  0.0139389
762  767  0.0340825
762  770  0.0140138
762  787  0.0180178
762  846  0.012907
763  769  0.0124346
763  786  0.019592
763  845  0.0579368
764  785  0.0196842
764  844  0.0291177
765  784  0.0197338
765  844  0.113781
766  783  0.0197446
766  843  0.152032
767  782  0.0194771
767  842  0.157001
768  781  0.0139214
768  841  0.157012
769  777  0.0156793
769  840  0.156841
770  776  0.0155885
770  823  0.154049
771  822  0.154238
772  821  0.146421
773  787  0.0114309
774  786  0.04207
774  820  0.15639
775  785  0.0436593
775  819  0.1564
776  784  0.0436407
776  818  0.156388
777  783  0.0416039
777  817  0.155153
778  782  0.0339645
778  816  0.154353
779  794  0.0308799
780  793  0.0334354
781  792  0.0346763
781  810  0.0915984
782  790  0.037178
782  796  0.0163487
782  809  0.0916263
783  789  0.0360126
783  795  0.0164667
783  808  0.0890698
784  793  0.0185079
785  792  0.030609
785  806  0.0891165
786  791  0.0241843
786  805  0.0888742
789  800  0.0855165
790  799  0.0866987
792  798  0.0580783
793  797  0.0243947
798  810  0.061334
799  809  0.0609668
800  808  0.0544308
802  806  0.0234878
806  973  0.0810047
807  972  0.163819
808  971  0.164265
809  970  0.168718
810  969  0.168865
811  968  0.168859
812  967  0.167835
813  966  0.143398
815  831  0.0122983
815  964  0.130309
816  830  0.0188647
816  963  0.126288
816  973  0.0442758
817  829  0.0190036
817  963  0.0194859
818  828  0.0192765
818  962  0.139884
818  971  0.0801969
818  972  0.0203708
819  827  0.0185537
819  961  0.139901
819  970  0.130671
820  960  0.139835
820  969  0.131165
821  842  0.099604
821  959  0.0297732
821  968  0.111505
822  841  0.0998784
822  974  0.0644236
823  840  0.100374
823  957  0.0211624
823  963  0.0182849
823  973  0.210601
824  838  0.666942
824  972  0.221419
825  837  0.678083
826  836  0.682664
826  971  0.0116369
827  835  0.683478
827  969  0.15525
828  834  0.680241
828  969  0.0555864
829  833  0.421324
829  967  0.0896899
829  968  0.058499
830  966  0.219349
830  967  0.02925
831  965  0.256775
832  964  0.268972
833  963  0.270304
834  962  0.270917
835  961  0.270927
836  960  0.270615
837  959  0.244257
839  957  0.246617
839  963  0.0499598
840  956  0.317764
840  962  0.171714
841  955  0.317854
841  961  0.171901
842  954  0.317784
842  960  0.171852
843  953  0.294978
844  927  0.107154
844  958  0.266377
845  926  0.107506
845  952  0.18819
845  957  0.266573
846  854  0.0159424
846  925  0.0843941
846  951  0.187176
846  956  0.267877
847  853  0.0222373
847  925  0.0369638
847  950  0.18183
847  955  0.266187
848  924  0.0586396
848  949  0.177665
848  954  0.25591
849  923  0.05508
849  948  0.135817
852  923  0.174291
853  922  0.188425
853  928  0.0136856
854  920  0.314918
855  919  0.792659
856  918  0.804227
857  917  0.803702
858  916  0.803323
859  915  0.804339
860  914  0.803416
861  913  0.802717
862  912  0.73893
863  912  0.0619098
864  910  0.363601
864  911  0.115926
865  911  0.0158416
868  909  0.860636
868  930  0.041616
869  908  0.89221
869  929  0.0420327
870  907  0.893843
870  928  0.0420867
871  927  0.0420101
872  906  0.901225
872  926  0.0419027
873  905  0.928232
873  925  0.0325268
874  904  0.92967
875  903  0.873747
875  924  0.0144963
876  923  0.014143
877  900  0.728503
877  901  0.212657
877  922  0.0138482
878  899  0.72352
880  897  0.782357
881  896  0.983812
882  895  0.985567
883  894  0.984116
884  893  0.895787
886  891  0.063159
903  923  0.0254286
904  922  0.0273835
905  920  0.0373257
906  919  0.0448157
907  918  0.0448167
908  917  0.0437933
911  935  0.146892
912  934  0.146997
913  933  0.146867
914  932  0.146882
915  931  0.146296
917  929  0.0891813
918  928  0.049293
919  928  0.0991505
920  927  0.275717
920  946  0.0197099
921  926  0.273118
921  928  0.0208495
921  931  0.0176027
921  945  0.0196478
922  927  0.0220184
922  930  0.019475
922  941  0.0262395
923  929  0.0170187
923  940  0.0268116
924  939  0.0248658
925  936  0.0435491
926  935  0.0447133
927  934  0.0441446
927  952  0.163652
928  933  0.0202563
928  946  0.0219955
928  951  0.245835
929  950  0.21727
930  945  0.0315688
930  952  0.18125
931  944  0.0336079
931  951  0.188738
931  972  0.0477081
932  943  0.034307
932  948  0.344099
932  950  0.15665
932  971  0.0482992
933  942  0.0350398
933  947  0.521156
933  949  0.0482565
934  941  0.0341502
934  946  0.589048
934  970  0.118911
935  945  0.589963
935  969  0.119036
936  944  0.579445
936  968  0.119069
937  943  0.539375
937  967  0.118979
938  966  0.118754
939  965  0.118876
940  964  0.11882
941  963  0.117975
945  958  0.0309746
945  961  0.0745534
946  957  0.0306364
946  960  0.0747259
947  959  0.0637129
950  974  0.0364014
951  957  0.0288501
951  973  0.0799248
952  956  0.018147
952  972  0.0872239
953  971  0.0872055
954  970  0.0872081
955  969  0.0831299
956  963  0.0114796
957  962  0.0111711
957  964  0.0370988
958  963  0.0377559
964  980  0.0535304
965  979  0.0619389
966  978  0.0626899
967  974  0.0108434
967  977  0.0631771
968  973  0.0109072
968  976  0.0631673
969  979  0.0355298
970  978  0.0383508
971  977  0.0381425
972  976  0.0326799
