1  23  0.0239881
1  269  0.0775362
2  22  0.0403505
2  90  0.0217455
2  97  0.0448983
2  268  0.10026
3  21  0.0442114
3  89  0.0264968
3  96  0.0871039
3  266  0.773353
3  267  0.0535139
4  20  0.0449413
4  88  0.0264873
4  95  0.0872259
4  265  0.835192
5  19  0.0447867
5  87  0.0265937
5  94  0.0872646
5  264  0.836455
6  86  0.0265746
6  93  0.0871108
6  263  0.836192
7  17  0.0313363
7  85  0.0264287
7  92  0.0872536
7  262  0.836687
8  16  0.0412157
8  91  0.0872083
8  261  0.836289
10  81  0.846393
11  80  0.850009
12  79  0.850414
13  78  0.847398
15  76  0.84151
16  75  0.84907
17  74  0.850193
18  73  0.848859
19  24  0.0101184
19  25  0.0161645
25  325  0.0434709
26  324  0.0442745
27  323  0.0440115
28  322  0.0390534
30  320  0.0375542
31  319  0.0421995
32  60  0.0469313
32  318  0.0421673
33  60  0.0187863
33  317  0.0416241
34  58  0.924976
34  59  0.0309692
34  316  0.0338726
35  57  0.950682
35  58  0.0175048
35  315  0.0265921
36  56  0.964949
38  54  0.984181
39  53  0.985563
40  52  0.986311
41  51  0.987087
42  50  0.986477
43  49  0.979355
59  304  0.0104299
60  89  0.103435
61  72  0.861107
61  88  0.103498
62  71  0.86991
62  87  0.103521
63  70  0.836156
63  86  0.103432
64  85  0.10323
65  84  0.0975542
67  81  0.0312768
68  80  0.0302259
69  79  0.0274467
69  80  0.0583316
70  79  0.0605402
71  77  0.0188425
71  303  0.0133921
72  77  0.0660346
72  302  0.0134286
73  300  0.0320093
74  299  0.0320414
75  298  0.0320508
76  297  0.032075
77  296  0.0318086
78  109  0.0286691
79  108  0.0286849
80  107  0.0286923
81  106  0.0286547
84  103  0.028354
85  102  0.028783
86  101  0.0287636
87  100  0.0287241
88  99  0.0261122
88  259  0.829973
89  258  0.832897
90  257  0.83247
91  96  0.0138045
91  256  0.832921
91  297  0.017908
92  255  0.832664
92  296  0.0179177
93  143  0.136359
93  254  0.489942
93  295  0.0155037
94  141  0.599035
95  140  0.599846
96  139  0.598923
96  251  0.201739
96  292  0.0107988
97  121  0.847833
97  250  0.0119941
98  120  0.850161
98  249  0.0108476
99  119  0.856071
100  118  0.857181
101  116  0.255883
101  117  0.599012
102  115  0.510735
103  113  0.806938
104  112  0.850185
105  111  0.859755
106  110  0.532514
109  304  0.0823161
110  303  0.0859081
111  262  0.0313162
111  302  0.085473
112  261  0.0315098
112  301  0.0733366
113  260  0.0395604
113  298  0.0611062
114  259  0.0436648
114  297  0.0650414
115  258  0.0437139
115  296  0.0632927
116  257  0.0379441
118  256  0.0110324
118  295  0.0818013
119  254  0.0451936
119  294  0.0822708
120  253  0.047516
120  293  0.0821911
121  252  0.0479751
121  292  0.0822972
122  127  0.0456975
122  131  0.0244105
122  133  0.0698808
122  251  0.0493424
122  290  0.0157261
122  291  0.0711789
123  130  0.054442
123  132  0.101148
123  250  0.0878053
123  289  0.0273401
124  249  0.0850303
125  248  0.0705954
125  285  0.0968346
126  135  0.139225
126  284  0.0998934
127  132  0.0440487
127  134  0.154983
127  250  0.137145
127  283  0.100672
128  249  0.136406
128  281  0.105543
129  246  0.108609
129  248  0.116897
129  280  0.105937
130  137  0.159354
130  245  0.119956
130  279  0.106351
131  244  0.118449
131  246  0.0398592
131  278  0.106415
132  137  0.0277477
132  243  0.118367
132  245  0.117142
132  277  0.106187
133  157  0.0153402
133  161  0.0300044
134  156  0.0184355
134  160  0.051241
134  271  0.0887928
135  151  0.012846
135  155  0.0176337
135  159  0.0516266
135  270  0.0893336
136  150  0.0166806
136  158  0.0512682
136  269  0.089021
137  149  0.0169413
137  154  0.0103168
137  157  0.0487829
138  150  0.0247404
138  223  0.0146059
139  149  0.0278472
139  154  0.0589429
139  222  0.0160396
139  266  0.0899302
140  146  0.0101431
140  148  0.0220411
140  152  0.120899
140  153  0.0328737
140  221  0.0161324
140  265  0.0901096
141  151  0.148685
141  220  0.0161463
141  264  0.0900514
142  150  0.124129
142  219  0.0160149
143  151  0.021462
143  218  0.0159693
144  150  0.0185479
146  254  0.0320591
147  253  0.0417961
148  157  0.0197913
149  156  0.0237302
149  252  0.701699
150  155  0.0219194
150  251  0.703588
151  250  0.709834
152  249  0.704698
153  246  0.0250136
153  248  0.60835
154  245  0.0323031
155  187  0.0175459
155  246  0.0556013
156  186  0.0199313
156  244  0.839472
157  185  0.0199179
157  243  0.838961
158  184  0.0199185
158  242  0.859118
158  268  0.0141525
159  183  0.0199617
159  241  0.85782
159  267  0.0190557
160  182  0.0199036
160  241  0.0122157
160  266  0.0190636
161  181  0.0188621
161  239  0.847551
161  265  0.0190504
162  237  0.0103543
162  238  0.862652
162  264  0.0190391
163  179  0.0175671
163  237  0.842365
163  239  0.051502
163  263  0.0131098
164  178  0.0199348
164  238  0.0577976
164  239  0.0115317
165  177  0.0199634
165  233  0.0765136
165  237  0.0616483
165  238  0.0117149
166  176  0.0193821
166  234  0.0513125
166  236  0.0561073
167  232  0.879038
167  233  0.0352129
167  235  0.03304
168  174  0.0143664
168  231  0.951996
168  232  0.0178781
169  173  0.0113935
169  230  0.978448
170  229  0.978482
171  228  0.978442
172  227  0.978195
173  226  0.977806
175  181  0.0114507
175  185  0.276586
176  184  0.590174
177  183  0.944169
178  182  0.359587
184  223  0.298104
185  222  0.506266
186  220  0.0306605
187  220  0.645606
188  219  0.956538
189  218  0.963839
190  217  0.990925
191  216  0.990744
192  215  0.990981
193  214  0.98377
194  213  0.912211
196  209  0.184862
197  202  0.0240818
197  208  0.184235
198  209  0.783775
199  208  0.782597
241  258  0.0207725
242  257  0.0211585
243  256  0.021232
244  255  0.0212286
245  254  0.0211065
246  253  0.0202144
254  263  0.0770473
255  262  0.0942925
256  261  0.0927005
264  295  0.0480269
265  294  0.0481137
266  293  0.0481615
267  292  0.0480262
267  325  0.0854046
267  329  0.263866
268  324  0.0832934
268  328  0.256251
269  313  0.0779953
269  327  0.218887
270  312  0.089655
270  322  0.0845079
270  324  0.0100487
271  289  0.0232583
271  300  0.0232089
271  311  0.0911559
271  321  0.0866514
271  323  0.0101713
271  324  0.018673
272  281  0.0134772
272  299  0.0222204
272  323  0.0184739
273  280  0.0139816
273  322  0.0131334
274  279  0.0135855
274  286  0.322105
274  325  0.0303594
274  329  0.0519189
275  285  0.323553
275  324  0.0289549
275  328  0.0433166
276  284  0.323593
276  323  0.025004
277  283  0.316504
277  297  0.490462
278  296  0.490794
279  289  0.0136764
279  295  0.487624
279  297  0.0132432
279  315  0.0214349
280  288  0.0134574
280  314  0.0215449
281  287  0.0123603
281  313  0.0214346
282  294  0.125754
282  312  0.0197397
283  292  0.360364
283  293  0.153205
284  291  0.355211
284  292  0.151745
284  310  0.0131393
285  290  0.331429
285  291  0.143272
285  309  0.0144959
289  325  0.0674899
290  324  0.0675746
291  323  0.0667535
292  303  0.225695
292  316  0.0137538
292  322  0.064958
293  302  0.225639
293  315  0.0137169
293  321  0.0648336
294  301  0.165233
294  305  0.0462221
294  320  0.0407343
295  304  0.0595158
296  303  0.0537901
299  305  0.0390117
299  326  0.0300969
299  330  0.0157253
300  304  0.035299
300  325  0.0318323
300  329  0.0188615
301  324  0.0249078
301  328  0.0165876
303  325  0.0664208
304  311  0.0279398
304  316  0.0132203
304  324  0.0679909
305  323  0.0674229
306  322  0.0592937
316  325  0.241728
317  324  0.228835
318  323  0.173491
