4  180  0.916638
5  179  0.999062
6  178  0.999546
7  177  0.999913
8  176  0.998179
9  175  0.999861
10  174  0.999644
11  173  0.999952
12  172  0.999415
13  171  0.998993
14  170  0.999794
15  169  0.523356
16  166  0.0185704
16  168  0.0272898
16  169  0.475007
17  165  0.0296285
17  168  0.95028
18  164  0.0298977
18  167  0.969149
19  163  0.0298981
19  166  0.960256
20  162  0.0295737
22  160  0.0298062
22  164  0.960796
23  159  0.0299285
23  163  0.969338
24  162  0.96738
25  41  0.0297687
25  161  0.968741
26  40  0.0304921
26  160  0.968635
27  39  0.0305941
27  159  0.961535
28  37  0.143891
29  36  0.144568
29  155  0.015128
30  35  0.13634
30  121  0.0132817
30  124  0.20336
30  154  0.0171548
30  155  0.0144886
30  157  0.158353
31  120  0.013166
31  123  0.203587
31  156  0.138983
32  119  0.0123292
32  122  0.202552
32  153  0.395017
33  152  0.39482
33  153  0.214497
34  151  0.393663
34  152  0.215824
35  151  0.216389
36  149  0.499595
36  150  0.108725
37  71  0.21863
37  148  0.611303
38  70  0.219998
38  147  0.610511
38  155  0.0717602
39  69  0.220473
39  146  0.609805
39  154  0.0800303
40  68  0.217375
40  145  0.60809
40  153  0.0805189
41  66  0.0136652
41  144  0.47681
41  152  0.0610532
42  49  0.496452
43  48  0.434816
43  64  0.0104961
44  63  0.0104829
45  62  0.010462
52  154  0.0105829
53  66  0.204949
53  153  0.0131447
54  65  0.211523
55  64  0.211538
55  154  0.013178
56  63  0.210736
56  136  0.0153957
56  153  0.0157376
57  62  0.138373
57  135  0.0153957
58  134  0.0142407
59  130  0.770503
60  129  0.77581
61  128  0.775387
62  127  0.776752
63  126  0.777495
64  125  0.776878
65  124  0.773962
67  122  0.67681
68  121  0.674035
69  122  0.0750643
70  120  0.378652
71  119  0.189535
72  119  0.779348
73  118  0.999786
74  117  0.999796
75  116  0.998091
76  115  0.999781
77  114  0.991512
78  113  0.929941
81  111  0.806749
82  108  0.0585686
82  109  0.0211861
82  110  0.852933
83  109  0.856363
84  107  0.364922
84  108  0.626312
85  106  0.59185
87  104  0.0621393
87  105  0.069818
89  103  0.997849
90  102  0.999296
91  101  0.999842
92  100  0.999834
93  99  0.972473
130  153  0.015104
132  144  0.133105
132  152  0.308505
133  143  0.539198
133  151  0.383802
134  142  0.541597
134  150  0.385585
135  141  0.538631
135  149  0.386868
136  140  0.423789
136  148  0.388196
137  147  0.387901
138  146  0.387783
139  145  0.387605
140  144  0.240066
