1  109  0.370805
1  110  0.0192994
1  111  0.073224
1  112  0.0168584
3  108  0.833613
4  107  0.94981
5  106  0.992895
6  105  0.992999
7  104  0.992249
8  103  0.922185
11  28  0.990616
12  27  0.995836
13  26  0.99762
14  25  0.999157
15  24  0.99977
16  23  0.995505
17  22  0.653846
29  80  0.950537
30  79  0.964149
31  78  0.96875
32  77  0.961262
33  78  0.0233997
34  77  0.0234265
36  73  0.0133295
36  75  0.407371
37  74  0.432708
38  72  0.975632
39  71  0.990525
40  70  0.990108
41  69  0.99061
42  68  0.987335
43  67  0.964104
44  66  0.790737
45  62  0.72302
46  61  0.959088
47  60  0.974387
48  59  0.977844
49  58  0.970398
81  102  0.880379
82  101  0.973195
83  100  0.99089
84  99  0.996751
85  98  0.995982
86  97  0.989891
87  94  0.0128027
87  96  0.980579
88  93  0.0156605
89  95  0.409922
116  139  0.754928
117  138  0.930534
118  137  0.999862
119  136  0.999988
120  135  0.999988
121  134  0.999973
122  133  0.999645
123  132  0.999863
124  131  0.999062
125  130  0.999882
