1  700  0.326366
2  699  0.674122
3  698  0.994785
4  697  0.995294
5  696  0.995287
6  695  0.993566
7  694  0.985854
8  693  0.902015
11  620  0.0260803
12  619  0.0312991
13  613  0.288418
13  618  0.031915
13  693  0.0111259
14  612  0.354627
14  617  0.0319796
14  692  0.0267495
15  616  0.0319096
15  691  0.0268121
16  610  0.981743
17  609  0.982587
18  608  0.98133
19  607  0.980365
20  606  0.975724
21  550  0.0651854
21  604  0.0635268
22  549  0.063885
22  550  0.908066
23  549  0.915109
24  548  0.986651
25  547  0.985989
26  546  0.915746
31  57  0.134345
33  57  0.594686
34  55  0.648183
34  56  0.338952
35  54  0.9061
35  55  0.0826573
36  53  0.989521
37  52  0.989522
38  51  0.989498
39  50  0.962177
41  48  0.987359
42  47  0.937487
59  544  0.81612
60  543  0.988077
61  542  0.987753
62  541  0.987385
63  540  0.987887
64  114  0.0101454
64  539  0.981317
65  113  0.0101691
65  538  0.971465
66  112  0.0101608
66  537  0.898319
67  78  0.197629
67  111  0.0101765
67  536  0.711262
68  77  0.981087
68  110  0.0101917
69  76  0.969474
69  109  0.0101853
79  535  0.946338
80  534  0.950183
81  533  0.947516
83  531  0.938278
83  535  0.0207366
84  530  0.93003
84  534  0.0208113
85  533  0.019971
88  528  0.972135
89  527  0.974565
90  526  0.94692
93  523  0.96183
94  522  0.969262
95  521  0.971569
96  520  0.971516
97  519  0.959894
98  518  0.959439
99  517  0.955532
101  116  0.833832
101  347  0.0154587
102  115  0.880666
102  346  0.0162339
102  445  0.0102154
103  114  0.883812
103  345  0.0162962
103  444  0.0104236
104  113  0.862176
104  344  0.0162764
104  498  0.05047
105  110  0.0343933
105  343  0.0162793
105  442  0.0108138
105  497  0.0567156
106  342  0.0162967
106  441  0.010817
106  496  0.0574471
107  341  0.016282
107  440  0.010809
107  495  0.0219467
108  340  0.0162891
108  439  0.0107932
108  494  0.0220886
109  338  0.0161939
109  493  0.0576616
110  337  0.0161727
110  492  0.0575293
113  334  0.0142834
113  488  0.048509
114  333  0.0145776
114  487  0.0534503
115  331  0.011285
115  486  0.0504116
116  330  0.0115724
117  329  0.0110592
122  515  0.657755
123  130  0.0472756
123  323  0.0128227
123  514  0.871997
124  129  0.0538351
124  322  0.0129779
124  513  0.872077
125  321  0.0129314
125  512  0.841701
126  320  0.0122068
126  511  0.811559
127  510  0.490028
128  510  0.0265746
129  294  0.0126805
129  486  0.60387
129  509  0.050967
130  293  0.0127748
130  416  0.191108
130  485  0.605092
130  508  0.0432277
131  292  0.0128273
131  415  0.202956
131  484  0.303205
132  150  0.0108146
132  291  0.0128252
132  414  0.202944
132  484  0.451835
133  149  0.0167881
133  290  0.0127189
133  413  0.19734
133  483  0.756967
134  289  0.0126475
134  412  0.197581
134  482  0.759372
135  147  0.0196218
135  411  0.19468
135  481  0.759325
136  146  0.0350763
136  149  0.0110409
136  410  0.17035
136  480  0.76043
137  145  0.0350673
137  148  0.0110413
137  286  0.011716
137  409  0.169998
137  479  0.759938
138  144  0.0307297
138  147  0.0103488
138  285  0.0103129
138  478  0.623292
140  476  0.49608
140  477  0.0214331
141  475  0.509177
141  476  0.0168969
142  474  0.219551
144  408  0.0225948
144  471  0.0602481
144  474  0.495373
145  158  0.0153317
145  251  0.0134456
145  407  0.0240858
145  470  0.0607456
145  473  0.700262
146  157  0.0151468
146  250  0.0134531
146  406  0.0240868
146  469  0.0607487
146  472  0.700911
147  249  0.013431
147  405  0.0239695
147  468  0.0605791
147  471  0.700506
148  158  0.126974
148  248  0.0134468
148  404  0.0239187
148  467  0.0605429
148  470  0.70088
149  157  0.126728
149  247  0.0134612
149  403  0.0239266
149  466  0.0601718
149  469  0.700771
150  246  0.0134522
150  468  0.655001
151  245  0.0132017
151  464  0.022106
151  467  0.60387
152  244  0.0102539
153  464  0.0149802
154  464  0.152445
155  462  0.0168586
155  464  0.0216024
156  174  0.0191014
156  461  0.0146091
156  462  0.0665086
156  464  0.0632375
157  173  0.0219554
157  213  0.0113859
157  410  0.496361
157  461  0.0687936
157  463  0.0580228
158  172  0.0219582
158  212  0.0113474
158  333  0.0100401
158  409  0.498783
158  460  0.068701
158  465  0.0346773
159  171  0.0190321
159  332  0.010633
159  408  0.430877
159  464  0.0344216
160  165  0.0183936
160  331  0.0107031
160  407  0.215682
160  408  0.403905
160  463  0.0325337
161  170  0.0196913
161  407  0.684072
162  169  0.0287865
162  325  0.0224865
162  406  0.899914
163  168  0.0188951
163  324  0.023071
163  405  0.898789
164  323  0.0231549
164  404  0.899003
165  322  0.023193
165  403  0.899911
166  207  0.0229801
166  321  0.0231798
166  402  0.89793
167  206  0.023103
167  320  0.0229032
167  401  0.679204
168  205  0.0231701
168  319  0.0214912
169  180  0.0231386
169  204  0.0232158
169  399  0.883504
170  179  0.0231582
170  203  0.0232142
170  398  0.883562
171  178  0.0229166
171  202  0.023027
171  372  0.0237991
172  177  0.0196699
172  201  0.021766
172  371  0.88783
173  370  0.888372
174  199  0.0128898
174  369  0.883
175  198  0.0210645
175  368  0.551775
176  197  0.0201247
177  366  0.895461
178  365  0.912632
179  364  0.915429
180  363  0.915417
181  317  0.0256235
181  362  0.904188
182  316  0.0257487
182  361  0.799445
183  315  0.0261575
183  360  0.10974
184  314  0.0259387
184  359  0.124167
185  313  0.0222664
185  334  0.708845
185  358  0.0246237
186  333  0.749674
187  332  0.733343
188  266  0.0159898
189  265  0.0197317
189  330  0.63757
190  264  0.0206693
190  329  0.725774
191  263  0.020911
191  308  0.0239226
191  328  0.718664
192  262  0.0209064
192  307  0.0241493
192  325  0.0266777
192  333  0.0195904
193  261  0.019544
193  306  0.0224906
193  324  0.0267609
193  330  0.0186292
193  332  0.0185167
194  323  0.0258072
194  329  0.0241467
197  257  0.0262181
197  320  0.0236506
197  326  0.758018
198  256  0.0277057
198  304  0.0248161
198  319  0.0239752
198  325  0.793923
199  303  0.0257812
199  309  0.0199807
199  318  0.0126808
199  324  0.79289
200  302  0.0260128
200  323  0.793891
201  301  0.026087
201  307  0.097287
201  322  0.792991
202  207  0.0116632
202  300  0.0261253
202  306  0.11913
202  321  0.743624
203  251  0.683142
203  299  0.026226
203  305  0.195201
204  250  0.683567
204  298  0.0262098
204  304  0.195342
204  319  0.0258654
205  249  0.641522
205  303  0.194344
205  318  0.0201358
206  248  0.351779
206  302  0.189475
207  247  0.272692
207  301  0.187326
209  245  0.0187183
209  248  0.388836
210  247  0.50297
210  307  0.0148867
211  243  0.0147448
211  244  0.0898827
211  246  0.746545
211  300  0.011736
211  306  0.0152389
212  243  0.0940801
212  245  0.721012
212  299  0.0125699
212  305  0.0153478
213  298  0.0125631
213  304  0.0153458
214  303  0.0116248
215  242  0.959915
216  241  0.983991
217  240  0.964711
219  238  0.982323
220  237  0.995816
221  236  0.99535
222  235  0.995866
223  234  0.993982
225  232  0.968677
226  231  0.963385
247  258  0.0119405
247  299  0.157732
248  257  0.0118812
248  298  0.160547
249  256  0.011248
249  297  0.190915
249  310  0.0200961
250  296  0.198692
250  299  0.0225998
250  309  0.0226692
251  295  0.198614
251  298  0.0226269
251  308  0.0226069
256  275  0.121441
256  276  0.0595111
256  303  0.0126281
256  315  0.0394712
257  274  0.200845
257  275  0.0297957
257  302  0.0129611
257  314  0.0379378
258  273  0.239798
258  301  0.013054
258  319  0.036822
259  272  0.243177
259  309  0.59296
259  318  0.0319627
259  442  0.014671
260  270  0.142049
260  271  0.149641
260  308  0.593263
260  441  0.0146789
261  269  0.236374
261  270  0.0530914
261  307  0.226891
261  316  0.0443003
261  440  0.0146723
262  268  0.267855
262  306  0.225881
262  315  0.0472683
262  439  0.0146324
263  267  0.165906
263  305  0.591879
263  314  0.0471332
263  438  0.0143166
264  304  0.551725
264  313  0.0455547
264  437  0.0140404
265  304  0.0354217
265  312  0.0428181
266  293  0.0116126
266  311  0.0341157
266  431  0.0157467
267  292  0.0152055
267  301  0.0965306
267  308  0.0413383
267  430  0.0174738
268  291  0.015251
268  301  0.441794
268  307  0.0414611
268  429  0.0175194
269  290  0.0149663
269  300  0.463536
269  306  0.0155546
269  428  0.0175204
270  289  0.0147492
270  299  0.431625
270  427  0.0173755
271  296  0.687731
271  357  0.0104525
272  295  0.690627
272  356  0.0108675
272  424  0.0174826
273  294  0.698494
273  355  0.0109485
273  423  0.0174821
274  293  0.513363
274  354  0.0109353
275  292  0.312914
275  293  0.225672
275  353  0.0109282
276  291  0.154447
276  292  0.435245
276  352  0.0109233
276  421  0.017187
277  290  0.073005
277  420  0.0174397
278  291  0.773308
278  419  0.0173893
279  288  0.0157926
279  290  0.836992
280  287  0.0164002
280  288  0.040215
280  289  0.861562
281  287  0.0743632
281  288  0.636209
282  286  0.0759278
287  417  0.0137791
288  416  0.0171973
289  415  0.0178852
292  412  0.0180057
294  346  0.0169441
294  411  0.0183786
295  309  0.015179
295  345  0.0174523
295  410  0.0192239
296  307  0.0301936
296  409  0.0192257
297  306  0.0665617
297  344  0.0186959
297  408  0.0192284
298  305  0.0823271
298  343  0.0191708
298  407  0.0192393
299  304  0.0837335
299  342  0.0192826
299  406  0.0192067
300  341  0.0193506
301  340  0.0193824
301  371  0.0146437
302  370  0.0146662
303  369  0.0229698
304  338  0.0195382
304  368  0.0246526
305  337  0.0195398
305  367  0.0247402
306  316  0.0216321
306  336  0.0193992
307  315  0.0342492
307  318  0.0220971
308  314  0.0261457
308  317  0.029793
308  364  0.025517
309  319  0.0372838
309  325  0.0130711
309  333  0.018641
309  363  0.0255061
310  318  0.0337572
310  324  0.0132379
310  332  0.0176458
311  323  0.0129706
314  320  0.0214966
314  326  0.0411782
314  334  0.0249081
315  319  0.0192532
315  325  0.044681
315  333  0.0262825
316  323  0.0159276
316  324  0.028321
316  332  0.0233916
317  322  0.028637
319  330  0.0269826
320  329  0.0317989
321  328  0.0335141
336  360  0.653678
337  359  0.811013
337  362  0.0203319
338  358  0.905141
338  361  0.0203505
339  357  0.907435
339  359  0.0117171
339  360  0.0106401
340  356  0.908143
340  358  0.0240988
341  357  0.0241577
342  355  0.954715
343  354  0.953843
344  353  0.954583
345  352  0.95262
356  516  0.0142864
357  515  0.0142939
358  514  0.0142955
359  513  0.0140842
361  461  0.0153444
361  509  0.0139945
362  460  0.0177988
362  508  0.0140059
363  459  0.031554
364  458  0.0315762
365  457  0.031521
366  456  0.0315577
367  402  0.0261975
367  455  0.0313946
368  454  0.031123
369  453  0.0282278
370  399  0.078272
371  398  0.078694
372  397  0.931146
373  396  0.929331
374  395  0.878092
377  392  0.907018
378  391  0.967194
378  401  0.0105941
379  390  0.973809
379  400  0.0234474
380  389  0.970573
380  399  0.0234685
381  388  0.970566
381  398  0.0234456
382  387  0.921466
382  397  0.0234568
383  396  0.0224397
384  395  0.0191125
400  452  0.0283165
401  451  0.0318103
402  450  0.0318125
403  449  0.0317962
404  448  0.0158679
405  448  0.0157768
406  447  0.0316931
407  446  0.0319502
408  445  0.0319184
409  444  0.0319131
409  461  0.17345
410  460  0.193241
411  442  0.0590348
411  459  0.674911
411  467  0.0113504
412  441  0.0590484
412  458  0.675106
412  466  0.0162432
413  440  0.0589854
413  457  0.673903
414  439  0.0587284
414  456  0.673838
415  438  0.0402866
415  455  0.40098
415  463  0.0165267
416  462  0.0163021
417  436  0.0422812
417  453  0.638977
417  461  0.0132776
418  435  0.0479101
418  510  0.106502
419  434  0.0480026
419  451  0.660402
419  453  0.0144726
419  509  0.192671
420  450  0.660599
420  452  0.014623
420  508  0.193284
421  433  0.046299
421  449  0.659423
421  451  0.0146862
421  507  0.192943
422  432  0.0479678
422  447  0.0223549
422  506  0.187533
423  431  0.0477898
423  445  0.658972
423  446  0.0113503
423  450  0.0162095
424  444  0.673009
424  449  0.0162895
424  502  0.0608689
424  504  0.0952851
425  443  0.667839
425  448  0.0113353
425  501  0.0606094
425  503  0.0844335
426  500  0.051639
427  441  0.668028
427  446  0.0190105
427  496  0.0338584
428  440  0.672836
428  445  0.0190489
428  495  0.0184965
428  496  0.0677789
429  439  0.654582
429  444  0.0189017
429  494  0.0144027
430  438  0.600114
430  439  0.0198567
430  493  0.0251679
430  494  0.154552
431  438  0.0368513
431  442  0.0181525
431  493  0.176108
432  437  0.0509884
432  441  0.0177959
432  491  0.0132833
432  492  0.187822
433  440  0.0110391
433  491  0.188004
434  490  0.18868
435  488  0.0339668
435  489  0.1668
436  487  0.0135708
436  488  0.149949
438  485  0.182325
439  484  0.201649
440  483  0.201611
441  482  0.201692
442  481  0.201533
444  465  0.231152
445  464  0.234626
446  463  0.234207
448  461  0.163853
449  460  0.235826
450  459  0.238639
451  458  0.234392
455  485  0.0102992
456  484  0.0124682
457  483  0.0126969
458  482  0.0127614
459  481  0.0127616
460  480  0.0128299
460  493  0.0106154
461  479  0.0117696
461  492  0.0106402
462  491  0.0108333
463  490  0.0108927
464  475  0.0105542
465  474  0.0155782
466  473  0.0163402
466  486  0.0111961
467  472  0.0132649
467  485  0.0111733
468  484  0.011022
469  480  0.16798
470  479  0.167426
471  478  0.148599
472  480  0.0432904
473  479  0.0430889
474  478  0.016405
487  507  0.0182518
488  506  0.0174217
489  510  0.0117221
490  507  0.248623
490  509  0.0242236
491  506  0.246533
491  510  0.180317
492  504  0.042612
492  507  0.036988
492  509  0.345405
493  508  0.34037
494  503  0.254689
494  505  0.164144
495  502  0.305681
495  504  0.188094
495  507  0.107913
496  502  0.0870145
496  504  0.109774
496  506  0.105307
497  501  0.0333069
497  503  0.083303
497  505  0.0987857
508  514  0.0445693
509  513  0.0361892
553  603  0.0510174
553  605  0.589845
554  602  0.0352705
555  604  0.610154
556  602  0.303695
556  603  0.608096
557  601  0.983063
558  600  0.992363
559  599  0.998343
560  598  0.999124
561  597  0.999072
562  595  0.955503
562  596  0.0438095
563  594  0.99932
564  593  0.998275
565  592  0.997615
566  590  0.848423
567  590  0.0202878
569  587  0.974787
570  586  0.99967
571  585  0.99961
572  584  0.992514
573  583  0.960286
614  692  0.889499
615  691  0.905973
616  690  0.951295
617  689  0.950599
618  688  0.893614
621  635  0.0273859
621  693  0.0116022
622  634  0.0174542
622  692  0.0257905
623  628  0.599407
623  634  0.290429
623  691  0.0259598
624  633  0.353149
624  690  0.0203778
625  632  0.275754
628  633  0.0243687
635  687  0.953161
636  686  0.990207
637  685  0.996468
638  684  0.996172
639  683  0.996405
640  682  0.971451
641  681  0.917811
641  682  0.0217946
642  680  0.777902
642  681  0.0433177
643  648  0.0176491
643  680  0.064308
644  649  0.0108805
644  650  0.0108779
644  651  0.0468512
644  678  0.0381038
644  679  0.0819958
645  655  0.528021
646  654  0.538647
647  652  0.0103116
647  653  0.484979
647  676  0.0251668
647  677  0.187026
647  678  0.0124104
647  679  0.0116843
648  652  0.11936
648  676  0.18299
648  677  0.0125679
648  678  0.0184477
649  675  0.0305815
652  672  0.0172343
653  671  0.0172225
653  675  0.418074
654  674  0.437716
655  673  0.437918
655  676  0.0140808
656  672  0.429753
656  675  0.5258
657  674  0.525194
659  670  0.921621
660  669  0.998795
661  668  0.997415
662  667  0.994863
700  711  0.0109995
700  798  0.176762
700  800  0.240097
701  710  0.0127215
701  797  0.337636
701  799  0.374363
702  709  0.0127346
702  751  0.0601105
702  796  0.34832
702  798  0.383542
703  750  0.151417
703  761  0.768126
703  795  0.0187543
704  749  0.151472
704  760  0.776672
705  748  0.15124
705  759  0.776859
706  747  0.149236
706  758  0.765451
707  746  0.132259
707  757  0.712145
708  745  0.0709141
709  730  0.085706
710  729  0.0437272
711  729  0.265634
712  728  0.946569
713  727  0.954781
714  726  0.641974
715  725  0.326325
715  726  0.320333
716  725  0.630556
717  724  0.938737
718  723  0.681283
729  739  0.0245176
729  755  0.603206
730  738  0.0337724
730  754  0.82617
731  737  0.0337873
731  753  0.836311
732  736  0.0266022
732  745  0.0462161
732  752  0.838367
733  742  0.0194735
733  744  0.048986
733  751  0.837059
734  741  0.0188895
734  743  0.0479352
734  746  0.811112
735  745  0.874165
736  742  0.0234001
736  744  0.875557
737  742  0.0503872
737  743  0.750596
751  803  0.0567157
752  802  0.100409
753  801  0.0998249
758  796  0.130064
759  795  0.170051
759  848  0.0118262
760  794  0.169833
760  847  0.0118987
761  846  0.0119191
762  793  0.737737
762  845  0.0118743
763  792  0.960986
764  792  0.0141009
765  790  0.981967
766  789  0.989835
767  788  0.995877
768  787  0.999932
769  786  0.99941
770  785  0.998467
771  784  0.999924
772  783  0.999912
773  782  0.999029
774  781  0.997162
775  780  0.689975
792  837  0.0129098
793  836  0.0130635
794  835  0.0131374
795  834  0.0131387
799  816  0.0115416
800  815  0.0124201
801  814  0.0127164
802  813  0.0128665
803  812  0.0128193
803  852  0.458158
804  811  0.0122061
804  851  0.894855
805  850  0.971836
806  849  0.97768
807  848  0.980627
808  847  0.980372
809  846  0.980306
810  845  0.966717
811  839  0.379802
811  844  0.597235
812  838  0.608914
813  837  0.632504
813  843  0.245821
814  842  0.236041
815  835  0.848823
815  841  0.0942632
816  834  0.940159
817  833  0.99588
818  832  0.996165
819  831  0.995628
820  830  0.996175
821  829  0.995331
822  828  0.813974
823  827  0.473442
834  839  0.0110179
834  840  0.0178284
