1  17  0.505315
2  16  0.822976
3  15  0.912984
3  564  0.0143752
3  660  0.0181558
3  669  0.0118189
3  683  0.0101928
4  14  0.912807
4  563  0.014382
4  659  0.0181635
4  668  0.0119061
4  682  0.0101931
5  13  0.868773
5  562  0.0143341
5  658  0.0181413
5  667  0.0118988
6  561  0.0136623
6  666  0.0118479
7  665  0.0106133
8  654  0.0123371
9  653  0.0125828
10  652  0.0122649
10  653  0.0115556
11  651  0.0118833
11  652  0.011922
12  651  0.0122197
13  521  0.0144519
14  520  0.0182824
14  574  0.0102875
14  649  0.0146695
15  519  0.0182782
15  573  0.0103198
15  648  0.0184303
18  497  0.0113751
18  732  0.0102946
19  731  0.0188009
20  730  0.0181711
21  29  0.0174947
21  494  0.15753
22  28  0.0184228
22  493  0.165844
23  492  0.165926
23  730  0.101924
24  491  0.166072
25  490  0.166173
25  727  0.0129248
25  728  0.71155
26  484  0.0108445
26  489  0.166171
26  726  0.0129129
26  727  0.728282
27  483  0.0109659
27  488  0.166009
27  726  0.255792
27  731  0.0109913
28  482  0.0107707
28  487  0.165574
28  725  0.253936
28  730  0.0129268
29  724  0.723788
30  723  0.647768
31  484  0.0407807
31  721  0.0467168
31  727  0.0469066
32  481  0.0861441
32  484  0.0154329
32  721  0.460923
32  726  0.0470348
33  480  0.0870015
33  725  0.0339352
34  205  0.545533
34  479  0.0866123
35  204  0.539444
35  431  0.0442141
36  147  0.0117329
36  430  0.17861
37  146  0.0117377
37  429  0.178763
38  145  0.0117418
38  202  0.803224
38  428  0.178848
39  144  0.0117325
39  201  0.806624
39  427  0.178796
40  200  0.806615
40  426  0.159955
41  116  0.0125935
41  199  0.807055
42  115  0.0125993
42  198  0.410609
43  114  0.0125765
43  198  0.396425
43  425  0.161547
44  197  0.792355
44  424  0.170204
45  196  0.790826
45  423  0.169341
46  195  0.0751229
46  422  0.16961
47  195  0.0113107
47  420  0.178849
48  193  0.799563
48  419  0.178921
49  192  0.806486
49  418  0.178998
50  191  0.805821
50  417  0.17853
51  190  0.798825
51  416  0.178218
52  415  0.0515583
53  65  0.0234275
53  109  0.0338952
53  187  0.417924
53  188  0.226881
54  64  0.0244687
54  108  0.0784141
54  186  0.689268
54  187  0.114277
55  63  0.0245767
55  106  0.106866
55  107  0.0573622
55  185  0.805383
56  62  0.0242713
56  105  0.130443
56  184  0.80625
57  106  0.0342506
57  183  0.806312
58  103  0.130038
58  105  0.0342601
58  182  0.806238
59  102  0.0860251
59  104  0.0327076
59  177  0.0380536
59  181  0.75259
60  103  0.0191467
60  176  0.159557
60  180  0.602383
61  100  0.234888
61  175  0.286971
61  179  0.392401
62  97  0.109058
62  99  0.484307
62  174  0.330701
63  96  0.108801
63  98  0.484503
63  173  0.330834
64  95  0.0773422
64  97  0.48685
64  150  0.017014
65  149  0.0187724
66  95  0.463938
66  148  0.0191274
67  94  0.479859
67  147  0.019269
68  92  0.399306
68  146  0.0187718
69  91  0.400962
69  93  0.259582
69  113  0.1762
69  145  0.0171125
70  90  0.403348
70  92  0.263959
70  106  0.0834038
70  112  0.212688
70  116  0.0179855
71  89  0.203235
71  91  0.26359
71  105  0.0847496
71  111  0.212283
71  115  0.0179963
72  89  0.463996
72  104  0.0847875
72  110  0.211589
72  114  0.0179894
73  88  0.665849
73  106  0.0681747
73  112  0.0157505
74  87  0.663462
74  103  0.0866466
74  105  0.0721535
74  108  0.0160498
74  109  0.130381
74  111  0.0157025
75  86  0.62162
75  102  0.0866995
75  104  0.0713064
75  108  0.130109
75  110  0.0154901
76  101  0.0720888
78  85  0.0173627
78  86  0.181401
78  103  0.0561297
78  104  0.0266313
78  105  0.0639225
79  85  0.193519
79  102  0.0570452
79  103  0.0263476
79  104  0.0636856
80  101  0.0563122
81  100  0.0456593
81  102  0.0132293
82  101  0.0137879
83  103  0.0255561
84  102  0.0476049
85  101  0.0424158
87  99  0.314928
88  98  0.315742
89  97  0.315923
89  99  0.0108687
90  96  0.311994
90  98  0.0108767
91  95  0.118772
91  97  0.0108913
96  170  0.0644599
97  169  0.0674732
98  168  0.0676245
98  174  0.114546
99  167  0.067616
99  173  0.114597
101  166  0.0660692
101  172  0.363698
102  165  0.0663498
102  171  0.414636
103  164  0.0659825
103  170  0.414683
105  112  0.0680511
105  168  0.416041
105  174  0.012934
106  111  0.068064
106  167  0.415179
106  173  0.0129601
108  165  0.387198
108  171  0.0604693
109  164  0.386307
109  165  0.0283001
109  170  0.0605016
109  415  0.10707
110  147  0.0393075
110  156  0.0111104
110  164  0.0286419
110  414  0.176418
111  146  0.0397829
111  155  0.0111894
111  168  0.0613237
111  413  0.176803
112  145  0.040327
112  154  0.0111858
112  157  0.0252113
112  167  0.0612843
112  412  0.176993
113  411  0.159721
114  156  0.478082
114  171  0.225551
114  410  0.106631
114  411  0.0170048
115  142  0.0524468
115  155  0.478381
115  170  0.22575
115  410  0.0697779
116  154  0.478205
116  169  0.225737
116  409  0.122519
117  141  0.557769
117  153  0.0424174
117  168  0.206311
117  407  0.111154
117  408  0.0612203
118  140  0.568793
118  152  0.0392507
118  167  0.204724
118  406  0.174802
119  139  0.579341
119  151  0.0317338
119  166  0.197865
119  405  0.175851
120  132  0.0106315
120  138  0.590975
120  165  0.180263
120  404  0.1768
121  130  0.122839
121  137  0.590463
121  403  0.176796
122  129  0.1215
122  162  0.0117059
122  402  0.169326
123  128  0.111966
123  135  0.575033
123  161  0.0140679
123  401  0.147187
124  134  0.553298
124  160  0.0134358
124  377  0.0883561
124  400  0.0686347
125  133  0.552075
125  159  0.0114016
125  376  0.144389
125  399  0.0171505
126  132  0.585709
126  161  0.0299161
126  375  0.170746
127  131  0.22302
127  159  0.0207611
127  160  0.0306947
127  374  0.169388
128  158  0.0221891
128  159  0.0298945
128  373  0.163305
129  157  0.0218402
129  158  0.025415
129  372  0.163133
130  147  0.0109594
130  156  0.0200755
130  370  0.170523
131  146  0.0111406
131  369  0.172429
132  145  0.0108422
132  154  0.011629
132  157  0.136905
132  368  0.17253
133  142  0.0728475
133  156  0.141146
133  367  0.171217
134  141  0.0726623
134  155  0.141158
135  140  0.0527385
135  154  0.139337
137  363  0.155854
138  151  0.1384
138  362  0.157978
139  150  0.135989
139  360  0.0362234
140  149  0.126848
140  360  0.042568
141  358  0.17867
142  151  0.0234793
142  357  0.178987
143  150  0.0203098
143  356  0.178229
144  149  0.0147944
144  153  0.0176716
144  156  0.0402071
144  165  0.0416143
144  355  0.17571
145  153  0.436297
145  155  0.0401753
145  164  0.0416845
146  152  0.435318
146  154  0.0285879
146  163  0.0400017
147  151  0.373151
148  159  0.0485316
148  354  0.0891357
149  158  0.0596276
149  160  0.0161874
149  353  0.166711
150  157  0.0609883
150  159  0.0161496
150  352  0.176841
151  156  0.0573336
151  351  0.179068
152  350  0.179406
153  169  0.0125843
153  349  0.179516
154  168  0.0146981
154  348  0.179549
154  729  0.0131675
155  167  0.0145511
155  347  0.179555
155  728  0.0131769
156  346  0.179537
156  727  0.0131728
157  164  0.01112
157  165  0.0420618
157  345  0.176508
158  725  0.013121
159  724  0.0130798
160  723  0.0130232
161  722  0.0127827
162  721  0.0121173
164  202  0.0174068
165  201  0.0174886
165  344  0.171399
166  200  0.0174798
166  343  0.174869
167  174  0.0101767
167  199  0.0174895
167  342  0.175244
168  173  0.0101044
168  198  0.0174887
168  341  0.175241
169  197  0.0174668
169  340  0.174864
170  196  0.0174687
170  339  0.174843
171  195  0.0173914
171  337  0.171152
172  336  0.17094
173  335  0.170185
175  333  0.0285025
175  334  0.0885261
176  332  0.029647
176  333  0.0868524
176  334  0.0176803
177  331  0.0294126
177  332  0.0857601
177  333  0.0217167
177  334  0.0216553
178  330  0.0287475
178  331  0.0842298
178  332  0.0229125
178  333  0.0250563
179  329  0.0258553
179  330  0.081618
179  331  0.0237044
179  332  0.0259238
180  329  0.0705464
180  330  0.024287
180  331  0.0265229
181  329  0.0237251
181  330  0.0267969
182  325  0.0391604
182  328  0.016954
182  329  0.0277928
183  324  0.0397596
184  323  0.0397452
184  328  0.113116
185  322  0.0391961
185  324  0.0104273
185  327  0.119137
186  321  0.0265763
186  323  0.0103461
186  326  0.119616
187  325  0.119372
189  321  0.103351
190  320  0.146989
190  323  0.0146339
191  319  0.154685
191  322  0.0148868
192  318  0.155163
192  321  0.0147969
193  317  0.0785953
193  320  0.0141217
194  317  0.0811775
195  316  0.157593
196  315  0.157191
197  314  0.152326
198  315  0.0111869
199  210  0.149908
199  314  0.0114727
200  209  0.151756
200  313  0.0113704
201  208  0.153085
202  207  0.140748
204  311  0.0115114
206  309  0.0162817
206  720  0.80963
207  308  0.0169304
207  719  0.811163
208  307  0.0169811
208  718  0.811172
209  305  0.0161372
209  717  0.809444
210  304  0.0161102
210  716  0.808547
211  309  0.131416
211  715  0.809879
212  302  0.0246901
212  308  0.140853
212  714  0.810672
213  301  0.025254
213  307  0.145388
213  713  0.810996
214  260  0.0521947
214  300  0.0253294
214  306  0.145983
214  712  0.74273
215  259  0.0532662
215  299  0.0253126
215  305  0.140574
215  710  0.376679
216  258  0.0533948
216  297  0.0254236
216  301  0.148824
216  709  0.376209
217  235  0.0793137
217  257  0.0285617
217  260  0.0564502
217  296  0.0254341
217  300  0.150985
218  259  0.0542294
218  295  0.0253352
218  299  0.150898
218  704  0.0318996
219  234  0.0158362
219  258  0.0370725
219  294  0.0236477
219  298  0.150352
220  234  0.0108414
220  297  0.149746
220  702  0.0708717
221  232  0.724806
221  296  0.119729
221  701  0.0733808
222  231  0.726123
222  291  0.0257549
222  700  0.073382
223  230  0.698979
223  699  0.0690253
226  269  0.162571
227  268  0.171708
229  266  0.176308
230  265  0.17641
231  262  0.0721664
231  264  0.176022
232  261  0.07206
232  263  0.176094
233  711  0.237922
234  259  0.0586094
234  260  0.0137797
234  262  0.176466
234  710  0.314148
235  258  0.0791328
235  261  0.176349
235  709  0.316649
236  257  0.0714723
236  259  0.155706
237  256  0.0155191
237  258  0.157966
238  257  0.163357
239  256  0.0848435
240  256  0.833431
241  255  0.991527
242  254  0.995809
243  253  0.996413
244  252  0.993232
245  251  0.780207
257  707  0.487586
258  706  0.592844
259  705  0.589335
261  703  0.736275
262  702  0.737055
263  692  0.071353
263  701  0.737479
264  691  0.074297
264  700  0.736843
265  690  0.0776249
265  699  0.737392
266  689  0.0776551
266  698  0.737384
267  688  0.0776327
267  697  0.734594
268  687  0.0776169
268  696  0.699885
269  686  0.0720252
269  695  0.617385
271  665  0.23021
272  664  0.254049
273  663  0.260248
273  696  0.0199859
274  662  0.262815
274  695  0.0411018
275  290  0.14711
275  661  0.263631
275  694  0.0698457
276  289  0.17771
276  656  0.0308399
276  657  0.0253704
276  658  0.0708845
276  660  0.263251
276  693  0.0702097
277  288  0.177576
277  655  0.0184285
277  656  0.0432398
277  657  0.0426952
277  658  0.420049
277  692  0.0378015
278  287  0.159514
278  657  0.390896
280  366  0.595182
281  365  0.787647
282  364  0.8114
283  363  0.818241
284  362  0.819558
285  361  0.819139
286  360  0.818637
287  359  0.819239
288  358  0.819684
289  357  0.816488
290  336  0.0256419
290  356  0.78808
291  335  0.0414888
291  355  0.769861
292  334  0.046634
293  333  0.0450164
294  332  0.0345487
295  302  0.0845214
295  338  0.056248
296  301  0.0884943
296  337  0.0819272
297  306  0.115871
297  335  0.261196
297  336  0.0169418
298  305  0.091152
298  334  0.259675
301  306  0.0544693
301  331  0.196292
301  332  0.0281334
301  335  0.0201194
302  330  0.199994
302  331  0.0319505
302  334  0.0199387
303  329  0.178356
303  330  0.0286801
303  333  0.0168144
305  327  0.0736742
307  326  0.814335
308  325  0.817218
309  324  0.816553
310  323  0.817551
311  322  0.816944
312  321  0.814405
313  320  0.7802
336  352  0.0188609
336  353  0.029766
337  351  0.0143727
338  350  0.0101316
338  351  0.640418
339  350  0.781007
340  349  0.803557
341  348  0.805351
342  347  0.793621
368  655  0.774741
369  654  0.799516
370  653  0.802052
371  652  0.780162
373  650  0.798422
374  649  0.801216
375  648  0.802031
376  647  0.753403
377  647  0.0191615
378  645  0.649957
378  646  0.0368949
379  644  0.619933
380  628  0.382856
381  388  0.0169714
381  394  0.0179223
381  627  0.710734
382  387  0.0166917
382  393  0.0179257
382  399  0.145297
382  626  0.710222
383  392  0.0130575
383  398  0.147485
383  587  0.220842
383  588  0.320585
384  397  0.148153
384  586  0.252096
384  587  0.405422
385  396  0.147614
385  412  0.0223353
385  585  0.265306
385  586  0.409535
386  411  0.68974
387  394  0.148299
387  410  0.785416
388  393  0.144345
388  409  0.785556
389  408  0.78296
390  407  0.769752
390  627  0.0155886
391  406  0.752463
391  626  0.0156057
392  624  0.0186543
392  625  0.0104659
393  404  0.784462
393  623  0.0238977
394  403  0.786065
394  622  0.0291145
395  402  0.645634
395  621  0.0290644
396  401  0.42444
396  620  0.0288557
401  616  0.0110766
403  614  0.0226755
404  613  0.0231501
405  612  0.023118
406  611  0.0230614
407  610  0.022922
408  609  0.0224157
410  604  0.0227026
411  603  0.0227331
412  582  0.764835
412  602  0.0227511
413  581  0.775032
413  601  0.0227486
414  580  0.775048
414  600  0.0227042
416  578  0.627652
417  577  0.77181
419  575  0.794411
420  574  0.798043
421  573  0.798049
422  572  0.797577
423  571  0.797997
425  570  0.799014
426  569  0.798288
427  568  0.799024
428  567  0.798906
430  563  0.0189213
430  565  0.774675
431  482  0.105965
431  562  0.0191099
431  564  0.741074
432  481  0.104314
432  559  0.0842783
432  561  0.0144532
432  563  0.652116
433  480  0.10397
433  558  0.479298
434  478  0.457055
434  557  0.505428
435  477  0.486275
435  556  0.508509
436  476  0.487574
436  555  0.508498
437  474  0.0126643
437  475  0.504101
437  554  0.469023
438  473  0.013392
438  474  0.726015
438  553  0.248405
439  473  0.802854
440  471  0.0258794
440  472  0.696383
442  469  0.97786
443  468  0.989085
444  467  0.986794
445  466  0.986573
446  465  0.750841
448  465  0.20136
449  464  0.961376
450  463  0.990789
451  462  0.990829
452  461  0.989079
453  460  0.989765
454  459  0.946358
474  527  0.244788
475  526  0.436211
476  525  0.506895
477  524  0.506995
478  523  0.506722
479  522  0.554899
479  562  0.168573
480  521  0.554383
480  561  0.165634
481  520  0.553367
481  522  0.0136162
482  519  0.552297
482  521  0.0133749
482  559  0.148162
483  558  0.122865
484  516  0.0720234
484  517  0.218306
484  518  0.0366489
484  522  0.0647339
484  557  0.0134736
485  575  0.0195308
486  514  0.114518
486  516  0.0621937
486  520  0.157497
486  522  0.0731771
486  574  0.0244266
487  519  0.157695
487  521  0.0731047
487  573  0.024443
488  513  0.39424
488  572  0.0245214
489  512  0.471166
489  517  0.134102
489  518  0.181771
489  571  0.0245451
490  511  0.479322
490  516  0.134531
490  517  0.181548
490  570  0.0245228
491  510  0.479157
492  509  0.473482
492  515  0.317227
493  514  0.320498
494  513  0.317653
495  506  0.466552
495  512  0.314699
496  505  0.469863
496  511  0.309115
496  518  0.0244218
496  568  0.11577
496  646  0.0107239
497  505  0.0101712
497  510  0.221723
497  517  0.0243007
497  567  0.115893
497  645  0.010717
498  510  0.0121709
498  566  0.115444
499  507  0.0822976
499  565  0.111983
500  507  0.0585485
500  509  0.017805
500  515  0.101499
501  505  0.0108488
501  506  0.0214513
501  514  0.13867
502  513  0.137097
503  512  0.131868
506  515  0.0272875
507  514  0.04021
508  513  0.0264081
519  564  0.123495
519  584  0.0100798
519  669  0.0194518
520  563  0.123532
520  668  0.0200917
521  562  0.119335
521  564  0.0120705
521  583  0.0101553
521  667  0.022302
522  559  0.0419048
522  563  0.0120694
522  666  0.0222908
523  557  0.388925
523  558  0.022393
523  582  0.0203617
524  556  0.460125
524  581  0.0204243
525  555  0.462611
525  580  0.0204274
526  579  0.0203168
527  553  0.722364
527  578  0.0197874
528  552  0.91987
528  577  0.018312
529  551  0.955042
530  550  0.959526
531  549  0.959217
531  576  0.019453
532  575  0.0203845
533  547  0.965058
533  574  0.0204565
534  546  0.965438
534  573  0.0204523
535  545  0.92343
535  572  0.0177387
536  543  0.0156288
537  543  0.534415
543  562  0.011737
544  561  0.0115171
546  557  0.0202322
547  556  0.0209546
548  555  0.0209244
549  554  0.0183094
559  664  0.0250146
560  663  0.0301743
561  662  0.0316213
562  661  0.0321904
563  660  0.0322386
564  659  0.0321879
565  655  0.0158985
565  658  0.0160408
566  654  0.0250724
567  653  0.0261174
568  652  0.0259765
569  582  0.0425144
570  581  0.0433135
571  580  0.0431357
571  604  0.0170476
572  603  0.0178697
573  602  0.0195883
574  601  0.0195895
575  600  0.0195634
576  599  0.0364539
577  598  0.0364189
578  597  0.0347666
578  732  0.0413608
579  731  0.075546
580  595  0.0135166
580  656  0.0162074
580  730  0.0815004
581  594  0.0332885
581  655  0.0163707
581  729  0.0824504
582  593  0.0317637
582  653  0.0173134
582  728  0.0824552
583  590  0.0218576
583  592  0.017301
583  652  0.017643
583  727  0.0824691
584  589  0.0430434
584  651  0.0178454
584  726  0.082446
585  646  0.0906931
585  725  0.0609836
586  645  0.0909699
586  724  0.0554285
587  644  0.0861397
587  723  0.0572201
589  624  0.908125
589  625  0.0150148
590  623  0.925776
591  622  0.93343
592  621  0.93177
593  620  0.933358
594  619  0.743457
595  618  0.546001
595  619  0.190884
596  618  0.379067
597  617  0.564787
598  616  0.566275
600  615  0.945685
601  614  0.946854
602  613  0.946585
603  612  0.899399
604  611  0.701769
605  611  0.0148901
606  610  0.0140431
608  725  0.0120942
609  724  0.0134118
610  723  0.0137709
611  722  0.0139519
612  721  0.0139591
613  720  0.0140081
614  719  0.0140089
615  718  0.0140026
616  717  0.0111149
625  661  0.0430142
625  684  0.0179797
625  721  0.0107029
626  660  0.0509109
626  683  0.0213917
626  720  0.0111052
627  659  0.0508681
627  682  0.021355
627  719  0.0111017
628  643  0.48217
628  718  0.0106138
629  642  0.893433
630  641  0.963368
631  640  0.968801
632  639  0.808452
644  653  0.0149952
644  654  0.0542843
645  652  0.0202599
645  653  0.0582273
646  651  0.0198688
646  652  0.0575471
647  651  0.0219076
648  680  0.0137921
649  679  0.0138521
650  678  0.0138739
651  677  0.0138066
656  675  0.0235947
657  674  0.0238748
658  668  0.010848
658  673  0.0237488
659  667  0.0165101
659  669  0.0280488
659  685  0.0304313
659  690  0.0117123
659  692  0.474846
660  666  0.0163124
660  668  0.0321368
660  684  0.0304652
660  691  0.482275
661  667  0.0327799
661  677  0.0168929
661  683  0.0312985
661  689  0.0230065
661  690  0.469094
662  666  0.0124802
662  676  0.0158638
662  682  0.0307345
662  688  0.0293465
663  675  0.0147335
663  688  0.103147
664  674  0.0138442
664  679  0.0222105
665  673  0.0123149
665  678  0.0260584
665  688  0.0576942
666  677  0.026314
666  685  0.659258
666  687  0.0838697
666  692  0.0387265
667  675  0.0235351
667  684  0.659949
667  691  0.0395754
667  713  0.0101034
668  683  0.655512
668  685  0.115491
668  690  0.0363932
668  712  0.0132311
669  682  0.432811
669  684  0.0359841
669  711  0.013239
670  681  0.277367
670  710  0.0132401
671  682  0.349775
671  709  0.0132207
672  681  0.434055
673  680  0.456665
673  687  0.0510371
674  681  0.0201485
674  686  0.0511685
675  680  0.0258793
675  685  0.0509819
677  684  0.0355449
684  729  0.0594345
685  728  0.0595285
686  727  0.0596383
687  726  0.0597998
688  725  0.0557105
690  721  0.13569
691  720  0.150651
692  719  0.150664
693  718  0.150674
694  717  0.146086
697  715  0.021562
699  713  0.147393
700  712  0.150336
702  710  0.0491042
703  709  0.152949
704  708  0.0641991
