2  947  0.0121496
3  946  0.0143456
9  932  0.112376
9  943  0.0643475
9  946  0.694253
9  949  0.0745497
10  931  0.11244
10  942  0.0643729
10  945  0.694422
10  948  0.0767161
11  929  0.0460693
11  930  0.069254
11  941  0.0466031
11  944  0.531668
11  947  0.0627803
12  928  0.088152
12  942  0.112598
12  945  0.027033
13  924  0.968249
13  927  0.0169603
14  923  0.985805
15  922  0.986275
16  921  0.985238
17  920  0.985119
18  919  0.984342
19  35  0.997789
20  34  0.997808
21  33  0.999839
22  32  0.999395
23  31  0.999043
24  30  0.998591
25  29  0.618487
37  914  0.0242685
38  913  0.026421
39  912  0.0269191
39  918  0.937988
40  911  0.0222844
40  917  0.939165
41  881  0.0126085
41  916  0.858
42  880  0.0137895
43  879  0.0134555
43  914  0.834242
44  878  0.0107367
44  913  0.942647
45  912  0.944359
46  911  0.812545
47  56  0.0149362
47  877  0.0102453
47  881  0.192487
47  887  0.0335162
47  910  0.380979
48  55  0.0165798
48  876  0.0107341
48  880  0.208253
48  886  0.0361015
49  879  0.199384
50  878  0.166302
51  59  0.0221593
51  884  0.0100607
52  58  0.0200387
53  57  0.0100375
54  891  0.0579885
55  879  0.0107831
55  884  0.0251147
55  890  0.412572
56  878  0.0110592
56  889  0.513073
57  102  0.0108229
57  877  0.0100439
57  882  0.0361255
57  888  0.533209
58  101  0.0128467
58  881  0.0401881
58  887  0.542989
59  100  0.0123001
59  880  0.0359504
59  886  0.53695
60  880  0.0390615
61  104  0.197035
61  879  0.041091
62  99  0.180275
62  103  0.415166
62  878  0.0349954
62  884  0.269981
63  98  0.177205
63  102  0.416725
63  877  0.0345117
63  883  0.269683
63  888  0.0193475
64  101  0.412584
64  876  0.032396
64  882  0.264672
64  887  0.0305307
65  100  0.383352
65  875  0.0265899
65  881  0.256523
65  886  0.0316641
66  98  0.014377
66  874  0.0182514
66  880  0.217556
66  885  0.0326216
67  96  0.8639
67  879  0.0134394
67  884  0.0327892
68  95  0.942279
68  883  0.0320553
69  94  0.950273
69  882  0.0217228
70  93  0.962502
71  92  0.962736
72  91  0.946823
74  89  0.790511
75  88  0.977054
76  87  0.977323
77  86  0.976462
78  85  0.97329
91  100  0.0111996
92  99  0.0113579
96  875  0.0412021
97  874  0.08267
98  873  0.105918
99  872  0.108137
99  880  0.0552708
100  871  0.108389
100  879  0.0617632
101  870  0.10657
101  878  0.0581001
101  879  0.0638617
102  869  0.0784458
102  878  0.0657757
103  117  0.113009
103  876  0.0782616
103  883  0.119477
104  116  0.11368
104  875  0.0407087
104  876  0.286402
104  882  0.129474
105  115  0.113622
105  875  0.648815
105  881  0.137854
106  114  0.112964
106  874  0.70716
106  880  0.138466
107  113  0.0855538
107  873  0.708103
107  879  0.0996647
108  872  0.700282
110  869  0.732013
110  870  0.0136807
111  868  0.837808
112  867  0.846693
112  869  0.0121783
113  866  0.460792
113  868  0.0129991
114  864  0.0126177
114  865  0.456482
114  867  0.0130551
115  863  0.0126134
115  864  0.842362
116  865  0.0134582
117  863  0.762292
117  864  0.0128977
119  861  0.954403
120  860  0.990644
121  859  0.990735
122  858  0.990726
123  857  0.990249
124  138  0.922219
124  825  0.070554
125  137  0.922454
125  824  0.0701862
126  136  0.922635
126  823  0.0589923
127  135  0.92083
129  133  0.0252223
129  821  0.0637677
130  820  0.0743727
131  819  0.0749627
132  818  0.0750634
133  817  0.0749193
134  816  0.0747131
135  814  0.0744772
136  813  0.0752728
137  812  0.075204
138  811  0.075306
139  810  0.075214
140  809  0.0752007
141  808  0.0183297
141  856  0.760861
142  807  0.0150447
142  855  0.915229
143  806  0.07034
143  854  0.915396
144  853  0.914879
145  804  0.0104372
145  852  0.914238
146  803  0.0116042
146  851  0.858879
147  800  0.599742
148  799  0.988938
149  798  0.989507
150  797  0.989518
151  796  0.988682
152  501  0.664926
153  499  0.641984
153  500  0.332605
154  498  0.989999
155  497  0.990053
156  496  0.990058
157  495  0.990044
158  494  0.989108
159  493  0.988633
160  492  0.989182
161  491  0.955951
162  487  0.0133086
162  490  0.905059
162  491  0.0332669
163  257  0.473644
163  486  0.0265
163  487  0.013795
163  490  0.0664406
164  256  0.535189
164  484  0.0493815
164  489  0.0928013
165  177  0.115441
165  255  0.535139
165  483  0.0502532
165  486  0.0592733
165  487  0.06946
166  176  0.119372
166  254  0.397754
166  485  0.0606079
167  175  0.119706
167  214  0.525639
167  466  0.0237317
167  483  0.0576973
167  486  0.0502273
168  174  0.113883
168  181  0.0164018
168  213  0.53438
168  386  0.0106674
168  465  0.0262041
168  481  0.119598
168  482  0.0297974
168  484  0.0640267
169  180  0.0164459
169  212  0.535117
169  385  0.010651
169  464  0.0262049
169  480  0.148048
169  483  0.0655258
170  179  0.0162348
170  208  0.0143993
170  211  0.533745
170  463  0.0260739
170  479  0.128273
171  207  0.198084
171  210  0.534733
171  462  0.0255645
171  477  0.0156819
172  206  0.198455
172  209  0.322885
172  476  0.0151603
173  205  0.199328
173  209  0.209995
174  204  0.199608
174  208  0.419014
174  405  0.0198993
175  181  0.0191475
175  203  0.177725
175  207  0.407955
175  404  0.0223786
175  473  0.0538403
176  208  0.060169
176  403  0.0218143
176  472  0.0583659
177  202  0.0429765
177  203  0.0128628
177  206  0.0373933
177  207  0.131779
177  471  0.058489
178  201  0.0422421
178  202  0.0125439
178  205  0.0359474
178  206  0.11731
178  401  0.0188292
178  470  0.0551919
179  200  0.0425869
179  205  0.0967907
179  206  0.18426
179  400  0.0213767
179  485  0.0277286
180  199  0.0424325
180  203  0.18609
180  205  0.307881
180  399  0.021606
180  484  0.0317174
181  198  0.0425839
181  204  0.33072
181  397  0.0207383
181  483  0.0317017
181  486  0.056066
182  202  0.742865
182  396  0.0178896
182  485  0.0578607
183  201  0.8041
183  393  0.0126664
183  395  0.0152574
183  484  0.0580514
184  200  0.821904
184  392  0.014265
184  394  0.0127002
185  196  0.0411309
185  199  0.835757
185  391  0.0226191
186  195  0.0417571
186  198  0.84208
186  390  0.0231455
186  480  0.0267099
187  194  0.0366128
187  197  0.841542
187  389  0.0217752
187  479  0.0253389
188  196  0.842265
188  205  0.0107898
188  388  0.0116017
189  195  0.838476
189  204  0.0173908
190  203  0.0185198
191  202  0.0184786
191  477  0.0722516
192  201  0.0183241
192  476  0.0749103
193  200  0.018006
193  475  0.0754301
194  199  0.0150855
194  474  0.0753351
195  473  0.0752366
196  472  0.0753731
197  471  0.0753087
198  470  0.0722115
199  469  0.062393
201  372  0.0118938
202  371  0.0137359
202  467  0.0578392
203  370  0.0143764
203  466  0.0641393
204  369  0.01438
204  465  0.0610802
204  489  0.0149364
205  368  0.0142542
205  464  0.0482281
205  488  0.0147113
206  367  0.0133475
206  463  0.0323098
206  487  0.0143081
207  486  0.0132166
208  386  0.0270835
208  387  0.034787
208  468  0.247186
208  489  0.0450348
209  467  0.247582
209  488  0.0451029
210  385  0.0970171
210  466  0.247319
210  487  0.0447174
211  384  0.422921
212  383  0.423803
213  382  0.423488
214  381  0.423775
215  380  0.423722
216  379  0.424078
217  252  0.535805
217  357  0.014243
217  378  0.424445
218  251  0.538826
218  356  0.0152209
218  377  0.422419
219  239  0.0109703
219  250  0.539669
219  355  0.015386
219  376  0.418389
220  238  0.387105
220  249  0.5391
220  354  0.0154043
221  237  0.391548
221  248  0.538547
222  236  0.413042
222  247  0.536811
222  352  0.015712
222  373  0.0140923
223  235  0.414319
223  246  0.535223
223  351  0.0158087
223  372  0.0141444
224  244  0.0105188
224  350  0.0158085
225  233  0.941753
225  331  0.0120855
225  349  0.0158273
226  232  0.943611
226  330  0.0119353
226  348  0.0157971
227  231  0.584467
227  294  0.0104637
228  293  0.0112429
228  346  0.0156023
229  292  0.0112322
229  345  0.0156182
230  344  0.011971
231  269  0.0133266
232  268  0.0133443
233  267  0.0130958
234  241  0.482807
234  337  0.0137987
235  240  0.497252
235  265  0.0109534
235  336  0.0186954
236  335  0.0187203
237  263  0.0132239
237  334  0.0187036
237  373  0.0215525
238  262  0.0133573
238  333  0.0186299
238  372  0.0259021
239  261  0.0130872
239  334  0.0627134
239  371  0.0355767
239  373  0.169693
240  333  0.0692186
240  370  0.0362974
240  372  0.182721
241  332  0.0369531
241  336  0.0263304
242  258  0.0135018
242  335  0.0261106
243  257  0.013536
243  334  0.0184077
244  256  0.0135799
244  331  0.378914
245  255  0.0126499
245  330  0.37968
246  329  0.378586
246  336  0.0155772
247  335  0.0156293
248  327  0.104606
248  328  0.196233
248  334  0.0158587
249  326  0.189479
249  327  0.196553
249  333  0.0156023
250  325  0.189856
250  326  0.193643
251  324  0.166615
251  325  0.171257
252  296  0.0490197
254  294  0.245364
255  268  0.0130391
255  293  0.389747
255  331  0.0145737
256  267  0.0171101
256  292  0.389853
256  330  0.0145959
257  266  0.0166554
257  291  0.389643
257  329  0.0145
258  290  0.386072
258  328  0.0138032
259  289  0.327146
260  287  0.0115213
261  273  0.0491444
261  285  0.19547
261  287  0.0189104
261  289  0.0302307
262  272  0.0560458
262  284  0.245021
262  288  0.0499957
262  489  0.148986
263  271  0.0573805
263  283  0.252631
263  287  0.0480388
264  270  0.0551669
264  282  0.252908
264  487  0.473799
265  486  0.475069
265  487  0.0545817
266  280  0.226748
266  282  0.0101035
266  294  0.0172764
266  486  0.0551329
267  279  0.2168
267  283  0.0540008
267  293  0.0197046
267  484  0.527442
268  280  0.0254252
268  282  0.0559264
268  292  0.0105497
268  483  0.529231
269  280  0.0663056
269  292  0.0101453
270  276  0.0218045
270  278  0.174158
270  279  0.0625557
270  291  0.0248879
270  481  0.527828
271  275  0.0155434
271  277  0.161854
271  290  0.0234677
271  480  0.528827
272  479  0.524061
273  478  0.516718
274  288  0.0757051
274  477  0.490034
275  287  0.0757696
275  476  0.412412
276  286  0.0750172
277  285  0.0679688
277  474  0.027891
278  326  0.27999
278  327  0.0128185
279  325  0.281426
279  326  0.0124991
279  378  0.0144115
280  288  0.01915
280  471  0.0248375
280  475  0.0106914
281  287  0.0180593
281  377  0.136232
281  470  0.0197573
282  291  0.0157192
282  376  0.172362
283  290  0.0140413
283  321  0.238754
283  322  0.0222083
283  375  0.171074
284  320  0.250462
284  321  0.0213159
284  374  0.165516
285  319  0.184531
285  320  0.0181951
285  373  0.141881
287  317  0.287206
287  320  0.0186249
287  334  0.038875
287  373  0.019869
288  316  0.292572
288  319  0.0191547
288  333  0.0413103
288  372  0.0231424
289  318  0.018166
290  332  0.0114445
291  313  0.317896
291  333  0.0156381
292  312  0.322276
292  331  0.203783
293  311  0.323226
293  313  0.0104714
293  330  0.204697
294  310  0.317787
294  312  0.0100317
294  329  0.202038
296  307  0.285292
296  326  0.0992166
296  327  0.140569
297  306  0.285585
297  307  0.0895936
297  321  0.177754
297  325  0.103379
297  326  0.14047
298  306  0.0882801
298  320  0.177405
298  324  0.0988532
298  325  0.119738
299  305  0.0768555
300  322  0.0360463
300  323  0.0734231
302  318  0.273454
302  321  0.185728
302  323  0.0299419
303  317  0.288197
303  318  0.0113987
303  320  0.22481
303  322  0.0352086
304  316  0.280277
304  319  0.227275
304  321  0.0355648
305  316  0.0864451
305  318  0.16732
305  320  0.0269295
306  315  0.551749
307  314  0.530822
311  329  0.0137785
312  328  0.0138754
314  326  0.01457
315  325  0.0144783
318  396  0.0149106
319  395  0.0161674
319  477  0.0136023
320  394  0.0161672
320  476  0.0169855
321  393  0.0161725
321  475  0.0257921
322  392  0.0160161
322  474  0.0257099
323  391  0.0142018
323  473  0.0239934
325  388  0.0128049
325  471  0.0237483
326  387  0.0132058
326  470  0.0234266
327  386  0.0131761
327  468  0.0691528
327  471  0.0284037
328  470  0.0273429
329  385  0.0113946
329  466  0.326572
330  384  0.0106942
330  465  0.337717
331  464  0.337727
332  374  0.0265131
332  463  0.337081
333  462  0.335172
335  371  0.781347
336  370  0.836488
336  405  0.0515576
337  369  0.902032
337  404  0.0656991
338  368  0.900421
338  403  0.0655862
339  367  0.898632
339  402  0.064292
340  366  0.597245
340  401  0.0522039
341  366  0.312422
341  400  0.0242203
342  365  0.613883
343  364  0.558739
343  401  0.0146178
344  364  0.240014
344  400  0.0356084
345  360  0.134618
345  363  0.283397
345  399  0.0429502
346  359  0.0673626
346  361  0.742441
346  397  0.0100578
347  359  0.849683
347  397  0.0416085
348  358  0.918326
348  395  0.0105917
348  396  0.0382143
349  357  0.91833
350  356  0.907506
350  394  0.0587849
351  355  0.713264
351  393  0.0602236
352  392  0.0601965
353  391  0.0605769
354  390  0.0615831
355  389  0.0615456
357  386  0.0160612
357  387  0.0340953
358  385  0.0162439
359  384  0.0159821
359  386  0.0458304
360  385  0.0458644
361  384  0.0449364
362  379  0.011397
363  378  0.0115167
365  376  0.0109117
365  383  0.0323977
366  375  0.0102677
366  382  0.0326097
367  380  0.0257276
367  381  0.0229128
368  379  0.0361804
368  380  0.0129635
369  378  0.0458813
370  377  0.0358085
370  395  0.0146104
371  394  0.0147052
372  393  0.0150202
373  392  0.0121873
377  461  0.135812
378  460  0.197952
378  468  0.0214108
379  459  0.194325
379  467  0.0207591
380  458  0.179456
381  457  0.143543
382  391  0.0860568
383  390  0.116042
383  454  0.012089
383  456  0.0104836
384  389  0.103847
384  405  0.0307793
384  453  0.0110212
384  454  0.0174816
384  466  0.189576
385  404  0.0438148
385  406  0.0100701
385  465  0.431597
386  405  0.0103321
386  454  0.017635
386  464  0.239621
387  453  0.0169572
387  464  0.238976
388  461  0.072864
388  463  0.438774
389  400  0.0675773
389  460  0.101046
389  462  0.446056
390  399  0.0746829
390  450  0.0146878
390  460  0.242955
391  398  0.070258
391  458  0.480613
391  459  0.162751
392  397  0.0506453
392  457  0.621224
392  458  0.0825689
393  456  0.729755
394  410  0.0129552
394  455  0.729204
395  409  0.0139296
395  454  0.726864
396  402  0.0120035
396  403  0.0300282
396  405  0.192872
396  408  0.0139386
396  453  0.0360656
397  404  0.446362
397  407  0.0139235
399  405  0.0951105
404  454  0.0208662
406  453  0.913157
407  452  0.967298
408  451  0.968428
409  450  0.969235
410  449  0.645508
411  448  0.322791
411  449  0.338061
412  448  0.664747
413  447  0.989492
414  446  0.990037
415  445  0.989686
416  441  0.12359
416  444  0.836906
417  422  0.0276949
417  440  0.465863
418  439  0.55626
419  438  0.551636
419  441  0.119497
419  442  0.165763
420  437  0.436766
420  441  0.176613
421  440  0.173965
422  435  0.114695
422  438  0.215232
423  434  0.115253
423  436  0.880717
424  433  0.115108
424  435  0.882671
425  434  0.882838
426  433  0.871968
462  486  0.0922559
463  485  0.0944119
464  484  0.095
465  483  0.0949942
466  482  0.0929879
468  480  0.0443755
481  487  0.0107508
501  786  0.0227566
502  784  0.986511
503  783  0.988484
504  782  0.988674
505  781  0.988378
506  780  0.987903
507  762  0.966613
507  779  0.0220306
508  761  0.980858
509  760  0.983376
510  759  0.983243
511  758  0.98368
512  757  0.986139
513  756  0.986712
514  755  0.980001
515  528  0.227691
515  673  0.102653
515  675  0.482437
515  754  0.091166
516  527  0.227696
516  529  0.0320538
516  672  0.102848
516  674  0.5076
517  528  0.0345813
517  671  0.044813
517  673  0.511862
517  753  0.050631
518  523  0.0112966
518  525  0.210581
518  527  0.0316542
518  670  0.0429394
518  672  0.506204
518  752  0.0483485
519  671  0.318507
519  733  0.0104001
520  668  0.0105416
520  750  0.0227549
522  668  0.0325379
523  667  0.0305606
523  733  0.0216966
524  732  0.0201032
525  664  0.013993
525  668  0.304972
526  663  0.0140552
526  667  0.314872
527  648  0.302264
527  661  0.0114873
527  666  0.314993
527  723  0.0595848
528  647  0.303335
528  660  0.0117103
528  665  0.314871
528  722  0.059791
529  659  0.011174
529  663  0.0112484
529  664  0.168775
529  721  0.0599433
530  645  0.310089
530  720  0.0597236
531  644  0.311922
531  662  0.0233986
531  719  0.0226945
531  746  0.20544
532  643  0.312204
532  660  0.0101429
532  718  0.0202902
532  719  0.036796
532  745  0.216802
533  561  0.0182108
533  642  0.311824
533  660  0.0279822
533  718  0.0375737
533  744  0.216742
534  560  0.0171458
534  641  0.272808
534  717  0.0319394
536  638  0.244634
536  641  0.0146686
536  717  0.0426791
537  637  0.25141
537  640  0.0277988
537  716  0.0494517
537  718  0.0176433
537  745  0.0225271
538  636  0.250755
538  639  0.0280053
538  715  0.047927
538  718  0.0103802
538  744  0.0225971
539  554  0.593824
539  716  0.048219
540  553  0.638942
540  712  0.175919
540  715  0.107063
541  552  0.642468
541  711  0.203785
541  714  0.13645
542  551  0.642492
542  710  0.207371
542  713  0.136991
543  550  0.640543
543  709  0.204892
543  712  0.136935
544  549  0.560528
544  710  0.0516242
544  711  0.0729987
545  709  0.0448864
546  706  0.350202
547  705  0.350834
548  704  0.350404
549  703  0.350867
550  702  0.351335
551  701  0.351335
552  700  0.351131
553  699  0.197146
556  641  0.0115352
556  661  0.0819759
557  640  0.0158575
557  660  0.0871647
557  686  0.336954
558  639  0.0157858
558  660  0.0131869
558  685  0.350526
559  660  0.0163825
559  684  0.350623
560  683  0.329617
561  658  0.033717
561  682  0.18474
562  638  0.202693
562  656  0.303047
563  637  0.216113
563  639  0.012875
563  655  0.32022
563  681  0.0649577
564  636  0.215324
564  637  0.0281591
564  654  0.319785
565  635  0.0238918
565  653  0.323371
565  679  0.0792694
566  635  0.464988
566  678  0.0762868
567  585  0.0496802
567  634  0.519406
567  652  0.326298
567  673  0.0170619
567  677  0.0276707
568  584  0.0497269
568  633  0.519465
568  651  0.326033
568  672  0.0171304
569  583  0.0494863
569  632  0.51572
569  675  0.0182132
570  581  0.0560632
570  631  0.505866
570  649  0.305819
570  674  0.018359
571  580  0.0659325
571  630  0.430837
571  635  0.0170266
571  648  0.353771
571  673  0.0130618
572  579  0.0688301
572  628  0.221161
572  630  0.0568507
572  634  0.0188216
572  648  0.0115897
573  578  0.0672315
573  629  0.113119
573  633  0.0188734
573  646  0.378238
574  632  0.018771
574  645  0.380122
575  631  0.0184555
576  623  0.467239
576  643  0.0608619
577  622  0.489775
577  642  0.388361
578  585  0.0234079
578  621  0.489271
578  641  0.39041
579  584  0.0231846
579  620  0.489269
579  640  0.390904
580  619  0.487521
580  639  0.390487
581  618  0.485991
581  638  0.390514
582  616  0.476864
582  637  0.389755
583  615  0.471098
583  636  0.388519
584  630  0.0187093
584  634  0.384187
585  629  0.0187434
585  633  0.389934
586  611  0.44424
586  632  0.381141
587  606  0.0699255
587  610  0.488253
587  631  0.359879
588  605  0.128372
588  609  0.494286
588  630  0.232146
589  604  0.130794
589  605  0.0770426
589  608  0.494309
589  628  0.0109292
589  630  0.0796721
589  675  0.0235155
590  603  0.129945
590  607  0.492102
590  629  0.158146
590  674  0.025274
591  602  0.0944023
591  604  0.769407
591  605  0.0115406
591  673  0.0252641
592  603  0.796013
592  672  0.0252484
593  602  0.748096
597  643  0.0127629
598  642  0.0184032
599  641  0.0234162
600  640  0.0234318
601  639  0.0232304
603  638  0.0278899
603  648  0.013491
604  637  0.0325906
604  647  0.0134957
605  622  0.0107974
605  636  0.0326212
605  646  0.0134927
606  635  0.0324467
606  645  0.0132839
607  621  0.455371
607  634  0.0319028
608  620  0.455663
608  633  0.0316457
608  643  0.0129062
609  619  0.485597
609  642  0.0129206
610  618  0.483377
610  641  0.0129112
611  617  0.467673
611  640  0.0121484
612  616  0.271816
612  639  0.0119523
613  638  0.0121056
615  635  0.0103268
616  634  0.0106713
620  630  0.0468684
621  629  0.047815
622  628  0.0506144
624  629  0.0106576
631  673  0.010139
632  672  0.0101316
633  671  0.010171
634  670  0.0101547
636  667  0.0111149
637  666  0.0112055
640  663  0.0111694
640  682  0.162688
641  681  0.186301
642  680  0.233926
643  679  0.233996
644  678  0.215817
646  653  0.0145965
647  652  0.0144029
647  675  0.24388
648  674  0.254845
649  673  0.267091
650  668  0.011532
651  666  0.0102192
651  667  0.0123078
651  671  0.588972
652  670  0.592802
653  665  0.0214707
653  669  0.593159
654  659  0.0111698
654  664  0.027803
654  667  0.558861
654  668  0.0455938
655  663  0.0283143
655  666  0.57435
655  667  0.0298033
656  662  0.0265478
656  665  0.582469
657  661  0.015448
657  664  0.472975
674  750  0.0116867
674  753  0.0315474
675  752  0.0302164
677  747  0.522797
678  746  0.627683
679  745  0.637358
680  744  0.637385
681  743  0.635786
682  741  0.469059
683  740  0.461958
684  739  0.442016
684  740  0.16988
685  737  0.0125213
685  739  0.190381
686  697  0.0170708
686  736  0.0124592
686  737  0.412688
687  696  0.0210129
687  697  0.327782
687  736  0.392288
687  737  0.207537
688  695  0.0209222
688  696  0.328243
688  735  0.274871
688  736  0.227319
689  695  0.311469
689  723  0.368608
689  735  0.244442
690  722  0.369105
690  734  0.264173
691  721  0.371162
691  733  0.261365
692  720  0.363516
692  732  0.249769
694  717  0.362328
694  726  0.0255187
695  716  0.372582
695  725  0.0171875
695  727  0.133546
696  715  0.372229
696  725  0.213298
697  724  0.223129
698  713  0.380591
698  723  0.255154
699  712  0.177584
699  722  0.25495
700  711  0.17715
700  721  0.255066
701  710  0.383238
701  720  0.254978
702  709  0.375963
702  719  0.25478
704  717  0.0123578
706  716  0.248913
707  715  0.249053
708  714  0.252905
709  713  0.156649
712  743  0.0160166
714  741  0.160728
715  740  0.186241
716  739  0.218795
717  738  0.219121
718  737  0.221956
718  754  0.0300265
719  736  0.221969
719  743  0.0262262
719  753  0.040206
720  742  0.0267126
720  752  0.0407332
721  734  0.221984
721  741  0.0269831
721  751  0.041016
722  733  0.227782
722  739  0.0299591
722  750  0.0408707
723  738  0.0311467
723  749  0.0408631
724  731  0.726495
724  737  0.0317379
725  730  0.726299
725  736  0.0316827
726  734  0.0307132
727  733  0.031442
728  732  0.01198
732  745  0.0214622
733  744  0.0312284
734  743  0.0325595
735  742  0.03245
735  746  0.047301
736  741  0.0307856
736  745  0.0506403
737  744  0.0506065
738  743  0.045144
740  770  0.0101758
741  769  0.0102661
742  768  0.0102651
743  767  0.0102683
744  766  0.0102701
745  765  0.010229
749  764  0.0102142
750  763  0.0102529
751  762  0.0104457
752  761  0.0101649
763  778  0.977884
764  777  0.988298
765  776  0.988339
766  775  0.988152
767  774  0.956439
785  790  0.0100857
800  847  0.311322
801  846  0.801107
802  845  0.832802
803  844  0.841262
804  843  0.840939
805  842  0.835621
806  841  0.569863
808  835  0.0354348
808  839  0.77624
809  838  0.765867
809  842  0.0400492
810  833  0.221724
810  837  0.399184
810  841  0.0155069
811  832  0.544948
811  836  0.108851
811  840  0.0262276
812  831  0.546556
812  835  0.309965
812  839  0.053595
813  830  0.548052
813  838  0.0535917
814  829  0.543912
814  833  0.191416
814  837  0.0531586
815  823  0.0115328
815  826  0.0131227
815  827  0.484865
815  833  0.0679695
816  822  0.015239
816  825  0.0191402
816  832  0.226897
816  836  0.0374814
817  822  0.0127499
817  824  0.0114868
817  825  0.57486
817  831  0.220619
817  835  0.0375519
818  824  0.524422
818  834  0.0374222
819  823  0.304682
819  829  0.0386203
819  833  0.0323548
821  827  0.0319318
821  830  0.13387
822  826  0.0330711
822  829  0.137892
825  833  0.0169255
826  831  0.0218861
826  832  0.0578757
826  835  0.0158259
826  855  0.0698524
827  831  0.0358675
827  834  0.0167911
827  854  0.0698876
828  833  0.0189323
829  852  0.0698179
830  851  0.0698083
831  850  0.0405902
832  850  0.0291298
833  849  0.0581673
834  842  0.0161828
834  848  0.0532926
835  841  0.0173343
836  847  0.0394779
837  846  0.0397855
837  852  0.0100309
838  845  0.0357921
838  851  0.0100291
862  889  0.0101239
863  888  0.0116565
864  886  0.0200059
865  885  0.0202163
866  884  0.0202848
867  883  0.0189563
870  877  0.150478
871  876  0.164273
890  910  0.341213
891  909  0.891133
892  908  0.986476
893  907  0.990796
894  906  0.992886
895  905  0.992909
896  904  0.991974
897  903  0.980143
927  935  0.0845012
928  934  0.0950925
928  938  0.0106584
928  940  0.0332503
928  946  0.0100292
929  937  0.0110948
929  938  0.0591885
930  937  0.0605093
931  936  0.0599991
931  940  0.0125303
931  943  0.444621
931  946  0.0398899
932  942  0.439902
932  945  0.0396947
934  948  0.0102679
935  940  0.122164
935  943  0.177681
935  946  0.0429602
936  942  0.16094
936  945  0.0420304
937  941  0.0443056
937  944  0.0261098
937  951  0.014048
938  950  0.0262817
939  949  0.0276671
940  948  0.0274679
