2  697  0.0137567
3  74  0.0703373
3  695  0.399045
4  73  0.0702741
4  694  0.390755
5  72  0.0692245
6  71  0.0690218
6  688  0.01153
7  45  0.033777
7  691  0.444557
7  693  0.0148325
7  695  0.0886208
8  44  0.0338265
8  690  0.459665
8  694  0.085731
9  43  0.03099
9  688  0.0367954
9  689  0.420869
9  692  0.024547
9  704  0.0157695
10  687  0.0510074
10  690  0.108521
10  691  0.0204693
10  703  0.0170445
11  41  0.0300456
11  686  0.0258046
11  689  0.123891
11  702  0.0164655
12  40  0.0339921
12  686  0.509542
12  688  0.045231
12  701  0.0144642
13  39  0.0340723
13  50  0.0175551
13  685  0.767681
13  687  0.0427249
14  37  0.0259696
14  49  0.0175571
14  684  0.768176
14  686  0.119021
15  50  0.0336784
15  521  0.0160826
15  683  0.766069
15  685  0.117032
16  35  0.0200429
16  36  0.0109782
16  49  0.0336734
16  520  0.0169982
16  682  0.765902
16  684  0.11677
17  519  0.0315992
17  681  0.732407
18  518  0.0355522
18  679  0.0125523
18  680  0.639834
19  517  0.0388089
19  678  0.0236588
20  32  0.104466
20  677  0.0170087
20  678  0.0149901
20  681  0.0146211
21  31  0.121287
21  37  0.24111
21  277  0.0107208
21  352  0.0162871
21  680  0.0164923
22  30  0.121521
22  36  0.24301
22  276  0.0107273
22  351  0.0166235
22  514  0.532641
22  679  0.0143848
23  29  0.120323
23  35  0.242599
23  302  0.0149118
23  513  0.542816
24  28  0.0945762
24  34  0.241424
24  274  0.0108245
24  301  0.0209895
24  349  0.0170686
24  512  0.545683
25  33  0.23504
25  273  0.0108285
25  300  0.021028
25  348  0.0171829
25  511  0.545329
26  31  0.163595
26  272  0.0108182
26  299  0.0210555
26  347  0.0172557
26  510  0.545064
27  32  0.036216
27  298  0.0210173
28  297  0.0208334
28  345  0.0153738
28  508  0.544499
29  507  0.545532
30  295  0.0133589
30  343  0.0175259
30  506  0.545873
31  229  0.0105059
31  294  0.0203015
31  342  0.0175493
31  505  0.545805
32  228  0.0108306
32  293  0.0203141
32  341  0.0175395
32  504  0.420747
33  227  0.0109756
33  292  0.0188977
33  340  0.0173991
33  502  0.0966608
33  665  0.0166892
34  226  0.0109685
34  502  0.383382
34  664  0.0244521
35  47  0.105999
35  336  0.016956
35  500  0.354332
35  501  0.190096
35  663  0.0239045
36  46  0.106248
36  335  0.0172951
36  499  0.360135
36  500  0.184784
36  662  0.0176518
37  45  0.107223
37  301  0.0339533
37  334  0.0176372
37  498  0.364753
37  499  0.170977
38  44  0.0811949
38  300  0.0350402
38  333  0.0176322
38  487  0.0162357
38  497  0.348899
39  299  0.0353504
39  332  0.0176026
39  486  0.0194763
39  493  0.0197932
39  679  0.160851
40  298  0.0285032
40  678  0.158251
41  677  0.154071
42  676  0.145247
43  491  0.306792
43  675  0.114187
44  80  0.0214304
44  490  0.313455
45  79  0.0227054
45  489  0.312769
46  78  0.0214733
46  461  0.4789
47  93  0.0575331
47  460  0.522178
47  670  0.0250578
48  73  0.192737
48  92  0.0617382
48  459  0.522523
48  669  0.0245355
49  72  0.276814
49  91  0.0624122
49  286  0.0102977
49  458  0.52292
49  668  0.023735
50  71  0.288204
50  90  0.062226
50  285  0.0102978
50  457  0.5229
51  70  0.424618
51  260  0.0410581
51  456  0.519585
52  69  0.434557
52  259  0.0414558
52  455  0.519223
53  68  0.434625
53  258  0.0420909
53  454  0.519599
54  67  0.434186
54  257  0.0425972
54  453  0.518513
55  66  0.436032
55  256  0.0434099
55  452  0.518886
56  65  0.436041
56  255  0.043412
56  451  0.51882
57  64  0.432798
57  254  0.0433516
57  450  0.41622
58  63  0.415313
58  253  0.0433434
59  67  0.401528
59  252  0.043357
59  448  0.0221251
60  66  0.429692
60  98  0.0111096
60  251  0.028021
60  449  0.0183099
61  65  0.348751
61  97  0.0111337
61  448  0.0183403
62  224  0.0394237
62  449  0.0226969
63  223  0.0394431
63  448  0.0226973
64  222  0.0394027
64  447  0.0229188
65  94  0.0127431
65  221  0.0395042
65  446  0.0229812
65  449  0.027286
66  93  0.0127721
66  220  0.0395262
66  445  0.0152114
66  448  0.0273142
67  92  0.0128216
67  219  0.0390445
67  443  0.0157297
68  91  0.0128533
68  442  0.0157489
68  446  0.470143
69  90  0.010871
69  217  0.0385181
69  441  0.0157388
69  445  0.470634
70  216  0.0384898
70  439  0.0139468
70  444  0.470731
71  215  0.0151708
71  438  0.0138531
71  442  0.478009
72  81  0.0127177
72  84  0.0479737
72  168  0.0283518
72  441  0.477687
73  80  0.0183915
73  83  0.0621391
73  167  0.0407221
73  440  0.478767
74  79  0.0189893
74  82  0.0637307
74  166  0.0425159
74  184  0.0105967
74  439  0.479456
74  682  0.0104504
75  81  0.0512953
75  182  0.0332351
75  437  0.487457
76  164  0.0435981
76  181  0.0407124
76  297  0.0434021
76  436  0.493015
76  680  0.0700933
77  163  0.0436542
77  180  0.0408093
77  296  0.0465321
77  435  0.493233
77  679  0.0823894
78  162  0.0410494
78  295  0.0466334
78  434  0.492052
78  678  0.0819271
78  696  0.0659855
79  161  0.0331761
79  178  0.036929
79  294  0.0465949
79  433  0.489709
79  677  0.0805828
79  695  0.075656
80  87  0.0342909
80  160  0.0232763
80  177  0.036485
80  676  0.0794903
80  694  0.0421366
81  86  0.0408622
81  176  0.0308758
81  675  0.0740849
81  694  0.0379788
82  110  0.0146834
82  174  0.0100459
82  291  0.0507939
82  674  0.0545396
82  677  0.0112733
82  693  0.0723008
83  162  0.0422721
83  290  0.0504779
83  676  0.0121433
84  161  0.0589408
84  289  0.0469001
84  675  0.0130338
84  691  0.0857619
85  160  0.0651215
85  264  0.0402458
85  288  0.0323278
85  674  0.0136924
85  690  0.0919589
86  107  0.277439
86  159  0.0700045
86  263  0.0521523
86  287  0.0214554
86  673  0.0134465
86  689  0.0931308
87  106  0.33189
87  158  0.0705814
87  262  0.0598506
87  672  0.0119264
87  688  0.0931719
88  105  0.339013
88  156  0.109071
88  261  0.0578311
88  687  0.0932531
89  104  0.337902
89  155  0.115779
89  686  0.0933296
90  101  0.247719
90  102  0.0485053
90  105  0.0112326
90  125  0.093973
90  126  0.0260189
90  131  0.0140517
90  154  0.116901
90  259  0.0475312
90  286  0.0138216
90  449  0.0584957
90  685  0.0928939
91  100  0.361738
91  104  0.0115971
91  124  0.0907946
91  130  0.0140418
91  153  0.116904
91  258  0.0665126
91  285  0.0138508
91  448  0.0585912
91  684  0.0924609
92  99  0.362008
92  103  0.0116439
92  124  0.0531702
92  152  0.116613
92  257  0.0665043
92  284  0.0123207
92  447  0.0591246
93  98  0.359958
93  102  0.0112676
93  123  0.26526
93  151  0.115079
93  256  0.0665795
93  446  0.0591697
94  100  0.0112479
94  122  0.265707
94  150  0.114784
94  255  0.066398
94  445  0.0591633
95  121  0.278783
95  149  0.106044
95  444  0.0410556
95  673  0.0431515
96  120  0.280302
96  148  0.10485
96  672  0.0602338
97  119  0.282443
97  146  0.0289127
97  147  0.0832994
97  253  0.0445662
97  442  0.058774
97  671  0.0644692
98  118  0.282452
98  145  0.0596601
98  252  0.0459886
98  441  0.0586414
98  670  0.0644701
99  117  0.281905
99  144  0.0396202
99  669  0.0643198
100  116  0.267585
100  144  0.073355
100  249  0.086098
100  438  0.0539542
100  668  0.0641329
101  114  0.0153692
101  143  0.112047
101  248  0.0872204
101  436  0.0135569
101  437  0.0458053
101  667  0.0508756
102  142  0.112187
102  247  0.0884983
102  435  0.035606
102  436  0.0241293
103  141  0.0989736
103  246  0.08834
103  434  0.0574508
104  110  0.0852253
104  115  0.112524
104  140  0.0473664
104  245  0.0882908
104  433  0.0575248
105  109  0.0326147
105  111  0.0151493
105  112  0.0156607
105  114  0.106775
105  139  0.0424
105  244  0.0884218
105  432  0.0534942
106  243  0.0881102
107  242  0.0867448
108  241  0.0819918
109  240  0.0620753
110  430  0.0877767
111  429  0.0271442
115  430  0.0147413
116  133  0.705819
117  132  0.714509
118  131  0.716873
119  130  0.71686
120  129  0.71676
121  128  0.667323
122  683  0.0166761
123  682  0.0169581
124  131  0.0177417
124  281  0.0143549
124  681  0.0533285
124  683  0.0124189
125  130  0.0166892
125  280  0.0143611
125  680  0.0551572
126  279  0.0143395
126  679  0.055266
127  678  0.0497584
127  681  0.0130974
128  680  0.0129748
129  679  0.0128511
130  671  0.119991
131  670  0.120208
132  669  0.120035
133  361  0.0104028
133  668  0.118882
134  360  0.0104818
135  359  0.0104876
135  429  0.448641
135  552  0.0187607
136  238  0.0890702
136  358  0.0104391
136  428  0.54575
136  526  0.0109543
136  551  0.0231019
136  666  0.156958
137  237  0.0891131
137  427  0.546131
137  525  0.0109578
137  550  0.0231537
137  665  0.15739
138  236  0.0891066
138  426  0.546165
138  524  0.010689
138  549  0.0231545
138  664  0.157162
139  235  0.0853522
139  425  0.527011
139  548  0.0228631
140  159  0.0146179
140  234  0.0707715
140  338  0.016612
140  423  0.477479
140  547  0.0191132
141  158  0.0211859
141  231  0.0184288
141  233  0.0486831
141  337  0.0806029
141  422  0.482493
141  546  0.0148289
142  157  0.0415429
142  230  0.0298362
142  336  0.0962627
142  421  0.483624
143  156  0.0415576
143  229  0.0304125
143  335  0.0955168
143  420  0.437517
144  155  0.0415032
144  228  0.030535
144  354  0.531794
144  418  0.0144061
145  154  0.041584
145  278  0.0121036
145  333  0.0251581
145  334  0.0541077
145  353  0.64221
146  153  0.0400333
146  227  0.0539259
146  277  0.0132639
146  332  0.0185089
146  352  0.644444
146  416  0.0164076
147  226  0.0539075
147  276  0.0151336
147  332  0.0836087
147  351  0.644509
147  415  0.0164347
148  275  0.0164886
148  331  0.102628
148  350  0.644542
148  414  0.0164553
149  224  0.0200091
149  274  0.0167091
149  330  0.102608
149  349  0.644565
149  413  0.0164547
150  224  0.0195347
150  273  0.0167129
150  329  0.102491
150  348  0.644492
150  412  0.0164211
151  272  0.0167005
151  347  0.644254
151  411  0.0164117
152  327  0.128801
153  221  0.120262
153  321  0.0390234
153  326  0.133423
153  346  0.499827
154  220  0.12429
154  320  0.0390403
154  325  0.133416
154  345  0.498828
155  219  0.130062
155  319  0.0367653
155  324  0.110425
155  342  0.191295
156  217  0.0569738
156  218  0.128812
156  318  0.0119578
156  341  0.205867
157  216  0.0807316
157  217  0.132746
157  318  0.0227229
157  340  0.20379
158  177  0.0253563
158  215  0.0639765
158  230  0.0113257
158  317  0.0228474
159  176  0.0319461
159  229  0.0125406
159  316  0.0196174
160  175  0.0264361
160  227  0.0111086
160  228  0.0125912
161  226  0.016925
161  227  0.0113101
162  173  0.393728
162  225  0.0209734
162  314  0.0181698
162  328  0.221784
163  172  0.532292
163  224  0.0222151
163  313  0.0228294
163  327  0.287777
164  171  0.580612
164  312  0.0226548
164  326  0.29676
165  170  0.576755
165  311  0.0154651
165  325  0.29665
166  324  0.296924
167  323  0.281159
171  217  0.301773
172  216  0.301965
172  222  0.0437052
173  215  0.302856
173  221  0.0552724
174  216  0.0290309
174  220  0.0571814
174  340  0.0739421
175  214  0.66645
175  219  0.0574235
175  286  0.0233729
175  339  0.142346
176  213  0.670159
176  218  0.0288095
176  285  0.023381
176  338  0.141281
177  212  0.671905
177  217  0.0286305
177  284  0.0233935
177  337  0.120051
178  211  0.672177
178  216  0.057406
178  283  0.0234029
179  215  0.0571542
179  335  0.0735734
180  208  0.0185102
180  214  0.0556907
180  256  0.0198696
180  334  0.0729624
180  335  0.0461133
180  336  0.0543892
181  207  0.0201454
181  208  0.716341
181  333  0.0633818
181  334  0.0562472
182  206  0.0209785
182  207  0.716085
182  254  0.020982
182  333  0.0509681
183  205  0.021664
183  206  0.712022
183  253  0.0214438
183  333  0.0670425
184  204  0.0222921
184  205  0.712978
185  204  0.714555
185  251  0.0623493
185  331  0.188863
186  202  0.73431
186  250  0.0625322
186  330  0.189657
187  201  0.734163
187  249  0.0626015
187  329  0.190079
188  200  0.511674
188  248  0.049177
188  328  0.190275
189  327  0.188382
190  198  0.289365
190  199  0.30691
190  246  0.0440781
190  326  0.183338
191  197  0.411189
191  198  0.285537
191  245  0.0628212
192  196  0.239116
192  244  0.06318
193  243  0.063122
194  242  0.0629396
195  241  0.0627096
196  240  0.0617468
197  239  0.0528954
197  284  0.0180422
198  284  0.024513
199  283  0.0260851
200  238  0.0632114
200  281  0.187151
201  237  0.0634112
201  280  0.187219
202  236  0.0633821
202  279  0.187261
203  235  0.0552979
203  278  0.183235
204  277  0.17389
205  276  0.0411724
206  234  0.0532304
207  233  0.061984
208  232  0.0628102
208  276  0.132403
209  275  0.157762
210  230  0.0199923
210  274  0.161356
211  229  0.0543324
211  273  0.16001
214  226  0.218474
215  225  0.219156
216  224  0.218026
216  336  0.0116808
216  343  0.0121643
217  274  0.0106418
217  334  0.0139454
217  342  0.0120515
218  273  0.0106691
218  321  0.441954
218  333  0.014056
219  272  0.0106537
219  320  0.442467
219  332  0.0184135
219  340  0.0112621
220  319  0.443344
220  331  0.0163781
220  339  0.0114421
221  318  0.442622
221  338  0.0107766
222  316  0.0367183
222  317  0.396861
223  315  0.0719152
223  316  0.29251
224  276  0.0282155
224  314  0.10731
225  275  0.0397826
226  250  0.0133757
226  274  0.0416098
226  313  0.422451
226  343  0.0235972
226  382  0.0186312
227  249  0.0133949
227  273  0.0415451
227  312  0.420491
227  342  0.0233497
227  381  0.0187201
228  264  0.0117742
228  380  0.0187669
229  263  0.0128749
229  379  0.0187949
230  244  0.0119697
230  262  0.013178
230  378  0.0187936
231  243  0.012373
231  261  0.0132288
231  275  0.0114695
231  377  0.0188032
232  242  0.0124887
232  260  0.0132414
232  274  0.0125424
232  286  0.0319367
232  290  0.0200351
232  291  0.0348099
232  376  0.0188223
233  241  0.0124792
233  259  0.0128805
233  289  0.0461923
233  290  0.0339566
233  375  0.0187848
234  240  0.0117888
234  288  0.0504966
234  289  0.0258118
234  374  0.0184285
235  272  0.152234
235  287  0.0484942
235  373  0.0173783
236  250  0.0263197
236  271  0.733383
236  286  0.0124794
237  249  0.0274482
237  256  0.011872
237  270  0.738993
237  286  0.0243736
238  248  0.0243072
238  255  0.0120406
238  269  0.73895
238  285  0.0279856
239  254  0.0111128
240  268  0.764844
241  267  0.769478
242  266  0.776512
243  265  0.779952
244  264  0.781416
245  263  0.778193
246  262  0.777744
247  260  0.141238
247  261  0.638844
248  259  0.145567
248  260  0.626544
249  258  0.405807
250  258  0.180858
251  258  0.135753
252  256  0.0302305
252  674  0.040573
253  673  0.0507309
254  672  0.0545021
255  671  0.0557229
256  670  0.0557234
257  669  0.0555698
258  668  0.0555677
259  667  0.0547007
260  665  0.0462652
261  664  0.0124594
263  662  0.0446684
264  661  0.0456878
265  660  0.045245
268  657  0.041381
269  281  0.102556
269  286  0.0195696
269  656  0.0435574
269  666  0.0489136
270  280  0.102607
270  285  0.0195567
270  655  0.0436865
270  665  0.0489456
271  279  0.102584
271  283  0.0156227
271  654  0.0436131
271  664  0.0489269
272  278  0.101881
272  281  0.281045
272  286  0.136011
272  346  0.0150103
272  348  0.0244471
272  353  0.015906
272  663  0.0299463
273  277  0.0827616
273  280  0.281276
273  285  0.136123
273  345  0.0116228
273  347  0.0247997
273  352  0.0158982
274  279  0.273588
274  283  0.137216
274  332  0.0247886
274  345  0.030849
274  351  0.015869
275  282  0.13692
275  310  0.0106073
275  344  0.0340733
276  281  0.132594
276  309  0.0235388
276  324  0.0288889
276  330  0.123815
276  343  0.0318435
277  308  0.0238323
277  323  0.0307247
277  329  0.13825
277  342  0.0298221
278  307  0.0240192
278  322  0.0320104
278  328  0.139848
278  341  0.0284738
279  306  0.0241645
279  321  0.033968
279  327  0.142438
280  305  0.024054
280  319  0.0438033
280  326  0.143134
280  339  0.0208632
280  671  0.0111455
281  318  0.0442013
281  325  0.142981
281  670  0.0111853
282  303  0.0165993
282  317  0.0382495
282  323  0.0257365
282  669  0.0111744
283  316  0.028412
283  317  0.0228246
283  321  0.0795021
283  324  0.0723718
283  336  0.0212592
283  668  0.0111272
284  315  0.022634
284  316  0.0336462
284  323  0.0677092
284  335  0.0212559
285  300  0.0212426
285  315  0.0398023
285  319  0.254573
285  321  0.0604334
285  334  0.0206116
285  666  0.0100114
286  299  0.0233679
286  314  0.0509879
286  318  0.254969
286  320  0.0602574
286  332  0.0152271
287  298  0.0233396
287  317  0.246332
288  297  0.0231326
289  296  0.0187865
290  311  0.721671
291  310  0.8121
291  314  0.0142486
292  301  0.0254658
292  309  0.845568
292  313  0.0142688
293  300  0.0254872
293  308  0.843992
294  299  0.0251038
295  307  0.849126
295  310  0.0143209
296  306  0.853232
296  309  0.0168748
297  305  0.852387
297  308  0.0168936
298  304  0.764392
298  307  0.0169319
299  303  0.444085
299  306  0.0162446
304  656  0.0651034
305  655  0.0785068
306  654  0.0805628
307  653  0.0805627
308  652  0.0806034
309  651  0.0806398
310  650  0.0763106
313  320  0.0116608
313  576  0.0416779
314  319  0.0668875
314  575  0.0495247
315  574  0.0492767
316  573  0.0483634
317  572  0.0456859
318  326  0.0243012
318  348  0.019067
318  577  0.0215758
319  325  0.0244569
319  347  0.0191134
319  576  0.0215886
320  324  0.0163849
320  346  0.01909
320  575  0.0197259
321  345  0.0190473
321  570  0.0157339
322  569  0.0114002
324  347  0.0382016
325  346  0.110664
325  648  0.0300786
326  345  0.110764
326  647  0.030314
327  344  0.104474
327  646  0.0302996
328  645  0.0302982
329  644  0.0302442
330  643  0.029425
331  340  0.173101
331  619  0.0195839
332  339  0.253075
332  342  0.262216
332  618  0.0206477
333  338  0.156784
333  341  0.266661
333  617  0.020607
334  340  0.26467
334  616  0.0204115
338  660  0.123281
339  585  0.0110007
339  659  0.146204
340  584  0.0121728
340  658  0.146889
341  656  0.0803268
341  657  0.0737056
342  655  0.153607
343  654  0.153445
344  580  0.0264018
344  653  0.129859
345  577  0.0213044
345  579  0.0297968
346  576  0.021311
346  578  0.0298039
346  651  0.0222974
347  568  0.0541303
347  575  0.0171053
347  577  0.0321386
347  650  0.0135091
348  576  0.0320705
349  566  0.291316
350  565  0.293788
351  564  0.29459
352  563  0.294603
353  378  0.014215
353  562  0.294587
353  679  0.0157481
354  377  0.0179756
354  561  0.280327
354  678  0.0157699
355  376  0.0193015
355  421  0.0596401
355  531  0.0431064
355  560  0.231116
355  658  0.0463836
355  677  0.0156166
356  375  0.0192893
356  420  0.0591385
356  530  0.04989
356  537  0.0459109
356  559  0.191273
356  657  0.046389
356  676  0.0151855
357  374  0.0192738
357  419  0.042212
357  529  0.0598069
357  536  0.10654
357  656  0.0463384
357  675  0.0114116
358  373  0.0188499
358  528  0.0618509
358  535  0.123228
358  655  0.0461957
359  527  0.0589299
359  534  0.165241
359  654  0.0344103
360  418  0.449433
360  533  0.176647
360  567  0.0117565
361  417  0.48628
361  525  0.0195094
361  532  0.17654
361  566  0.012963
362  416  0.485963
362  417  0.0314407
362  524  0.0168683
362  565  0.0129088
363  415  0.483922
363  416  0.0322448
363  417  0.0176937
363  528  0.0408412
364  415  0.0327644
364  416  0.0178552
364  525  0.0507971
364  528  0.0110347
365  415  0.0178489
365  524  0.051438
365  525  0.0119491
365  528  0.0828095
366  523  0.0489327
366  525  0.129144
366  527  0.0754348
367  411  0.529206
367  524  0.232599
367  525  0.0640088
368  410  0.529228
368  523  0.252068
368  524  0.0629609
369  409  0.527252
369  520  0.0256157
369  522  0.257341
369  523  0.0516465
370  408  0.488203
370  519  0.0198739
370  521  0.243432
371  408  0.030079
371  519  0.0426418
371  521  0.0810618
372  407  0.0591141
372  520  0.0955166
373  405  0.384732
373  517  0.310515
373  519  0.057122
374  402  0.0326492
374  404  0.381903
374  516  0.369375
374  518  0.0394384
375  401  0.037751
375  403  0.34398
375  515  0.409976
376  395  0.010583
376  400  0.0388621
376  407  0.083919
376  514  0.415138
377  388  0.0154095
377  394  0.0107587
377  401  0.0825539
377  406  0.0855903
377  513  0.414951
378  387  0.0196903
378  393  0.0107765
378  405  0.0849173
378  512  0.415173
379  386  0.0197186
379  392  0.0106376
379  399  0.0806261
379  511  0.415031
380  385  0.0160976
380  398  0.0663708
380  402  0.29143
380  510  0.414135
381  397  0.0440632
381  398  0.080534
381  401  0.331993
381  509  0.414592
382  395  0.0113126
382  397  0.095144
382  400  0.337627
382  508  0.415008
383  396  0.0768603
383  399  0.305912
383  507  0.323455
384  393  0.0241233
385  392  0.0318837
385  396  0.324199
385  491  0.347219
386  391  0.0248943
386  395  0.339436
386  398  0.0182488
386  490  0.397126
387  394  0.334708
387  397  0.018812
387  489  0.404018
388  393  0.273179
388  396  0.0122808
388  488  0.40501
389  396  0.0359241
389  487  0.405624
390  395  0.041155
390  400  0.0129381
390  486  0.405146
391  399  0.013037
392  398  0.0126473
392  401  0.0102223
392  461  0.362393
393  400  0.0113078
393  409  0.0107466
393  460  0.399673
394  399  0.0116171
394  408  0.0109536
394  459  0.406766
395  458  0.408319
396  406  0.0120033
396  457  0.407954
397  405  0.0122432
397  456  0.408186
398  455  0.405901
399  454  0.379309
405  444  0.425329
406  443  0.428211
407  442  0.428896
408  441  0.420303
411  438  0.432364
412  437  0.432512
413  436  0.432633
414  435  0.432601
415  434  0.425375
416  433  0.418221
417  433  0.0119992
419  432  0.194087
420  431  0.405873
421  430  0.41522
422  429  0.346595
441  449  0.0102983
442  448  0.0102541
445  452  0.392474
446  451  0.387074
450  672  0.0287392
451  671  0.0387186
452  670  0.0387239
453  669  0.0386363
454  668  0.0386908
455  667  0.0386589
457  666  0.0386661
458  665  0.0386671
459  664  0.0384652
460  663  0.0380945
461  662  0.0372401
462  487  0.0174245
462  660  0.0233249
463  486  0.0180122
463  489  0.0262885
463  659  0.02311
465  656  0.0280995
466  485  0.93267
466  655  0.02953
467  484  0.946535
467  654  0.0295007
468  483  0.949789
468  577  0.0385397
469  482  0.949786
469  576  0.0385684
470  481  0.949311
470  575  0.0385764
471  480  0.912346
471  574  0.0381933
472  573  0.0371638
473  572  0.0343065
475  570  0.0236884
476  568  0.0305672
477  567  0.0317004
478  566  0.0316867
479  565  0.02929
480  505  0.0373973
481  504  0.0377241
482  503  0.041326
483  502  0.0413104
484  501  0.0322575
485  498  0.0118925
485  500  0.0320898
486  494  0.0143062
486  497  0.0328594
486  499  0.031531
487  493  0.0128951
487  496  0.0518291
488  495  0.055985
489  494  0.0550179
489  498  0.0680923
490  497  0.0685251
491  496  0.0666404
492  506  0.31545
493  503  0.0889212
493  505  0.315827
494  502  0.0894303
494  504  0.311805
495  501  0.0774876
496  501  0.0159595
517  679  0.0310175
518  678  0.0337312
524  564  0.0588583
525  563  0.0595596
525  671  0.550294
525  683  0.0138953
526  562  0.0595631
526  570  0.021835
526  670  0.552082
526  682  0.0139415
527  561  0.0570662
527  569  0.0225316
527  669  0.551225
527  681  0.0137495
528  560  0.0409303
528  568  0.0226573
528  668  0.549286
529  567  0.0226364
529  667  0.338805
530  566  0.0201087
531  565  0.019195
532  560  0.0359495
532  561  0.0690961
532  564  0.0194421
532  677  0.0113952
533  559  0.0438735
533  560  0.0800329
533  676  0.0124399
534  559  0.0826179
534  675  0.0125394
535  557  0.84517
535  674  0.0125888
536  556  0.850532
536  673  0.0126556
537  555  0.86771
537  558  0.0453813
537  672  0.0125089
538  554  0.879078
538  557  0.0783849
538  671  0.0122383
539  553  0.879798
539  556  0.0783832
539  670  0.0122324
540  552  0.879183
540  554  0.078483
541  553  0.0790679
542  551  0.968631
543  550  0.972127
544  549  0.935682
561  667  0.183444
562  666  0.602845
563  665  0.60316
564  664  0.60305
565  663  0.598141
566  662  0.540366
567  660  0.265516
568  659  0.256083
569  574  0.029427
569  659  0.230419
570  575  0.0119468
570  657  0.0410469
570  658  0.464176
571  656  0.0588755
571  657  0.461935
572  656  0.440159
573  653  0.0281193
574  653  0.118859
575  651  0.702625
576  650  0.72595
578  648  0.967846
579  647  0.968229
580  646  0.967767
581  645  0.967893
582  644  0.962138
583  643  0.949936
584  625  0.249789
584  643  0.0124352
586  624  0.924158
587  623  0.929121
588  622  0.929175
589  621  0.926284
590  616  0.116408
590  620  0.841253
591  615  0.240617
591  619  0.750237
592  614  0.452993
592  618  0.54032
593  613  0.543929
594  612  0.547
594  615  0.266535
594  616  0.0826594
595  611  0.537399
595  613  0.343915
596  612  0.358804
596  615  0.0776295
597  611  0.234162
597  613  0.0123117
597  614  0.0747786
598  608  0.554153
598  612  0.0699987
599  607  0.551796
599  609  0.389332
600  606  0.534987
600  608  0.398068
601  607  0.387967
601  609  0.0401472
602  606  0.147935
602  608  0.0405867
603  607  0.0154527
628  641  0.991935
629  640  0.992523
630  639  0.992629
631  638  0.99212
632  637  0.922894
649  660  0.0748647
650  659  0.0806263
651  658  0.0842683
652  657  0.0737884
665  683  0.0448381
666  682  0.045211
667  681  0.0452248
668  680  0.0451811
669  679  0.0404319
670  678  0.01576
686  693  0.0196896
687  692  0.0122708
688  695  0.0221185
689  694  0.0145854
