1  35  0.106255
1  565  0.165465
2  34  0.173623
2  86  0.0114786
2  134  0.0103924
2  564  0.202763
3  33  0.193477
3  85  0.0134188
3  133  0.01249
3  563  0.203531
4  32  0.191618
4  84  0.0123933
4  562  0.179433
4  563  0.0443392
5  562  0.0492101
5  565  0.0453622
6  134  0.0315839
6  561  0.0491564
6  564  0.0510862
7  562  0.0451339
7  563  0.0369161
8  30  0.348833
8  132  0.414025
8  558  0.0274111
8  561  0.0631743
8  566  0.0431199
9  29  0.35925
9  131  0.491709
9  133  0.0101052
9  557  0.0273602
9  560  0.0395238
9  565  0.0383472
10  28  0.358901
10  130  0.487132
10  556  0.0273141
10  559  0.0286833
10  564  0.0202704
11  27  0.358804
11  129  0.485469
11  555  0.0262568
11  558  0.0245987
11  564  0.0286578
12  26  0.358751
12  128  0.249551
12  557  0.0213745
12  563  0.0486548
13  25  0.285709
13  128  0.272251
13  553  0.0189536
13  562  0.048842
14  21  0.069818
14  126  0.0547262
14  127  0.495231
14  552  0.0189471
14  561  0.0487742
15  125  0.0545819
15  126  0.49432
16  124  0.0542648
16  125  0.49339
17  123  0.0132489
17  124  0.496221
17  253  0.0318142
17  549  0.0168675
18  123  0.497006
18  252  0.0351069
18  548  0.0176776
19  121  0.54711
19  250  0.0507894
19  547  0.0176777
20  120  0.546442
20  129  0.0113844
20  249  0.0233761
20  546  0.0161286
21  119  0.545687
21  128  0.0155363
21  248  0.0246726
21  545  0.0125339
22  118  0.544176
22  127  0.0180469
22  247  0.0521045
23  126  0.0180704
23  246  0.0520381
24  125  0.0180903
24  245  0.0518145
25  38  0.0228418
25  124  0.0181981
25  244  0.0461094
26  37  0.0244709
26  114  0.051229
26  123  0.0182165
27  36  0.024215
27  116  0.169007
27  122  0.0148931
27  242  0.0461767
28  35  0.0196863
28  115  0.189173
28  241  0.0520554
29  114  0.190617
29  240  0.052183
30  84  0.203903
30  85  0.0929891
30  239  0.0519865
31  83  0.369901
31  93  0.0415092
31  112  0.0634264
31  238  0.0520688
31  560  0.0866649
32  82  0.369482
32  92  0.0476744
32  111  0.0530234
32  237  0.0156008
32  559  0.086836
33  81  0.368767
33  91  0.0483216
33  237  0.0359492
33  558  0.0869695
34  90  0.047829
34  236  0.0369053
34  557  0.0856054
35  89  0.0410557
35  235  0.0208242
35  556  0.0812626
36  86  0.107788
36  111  0.0250152
36  235  0.0253918
36  555  0.0723445
37  85  0.144622
37  108  0.0600473
37  110  0.0343148
37  144  0.0165004
37  234  0.0410012
38  84  0.144023
38  107  0.0566007
38  109  0.0331941
38  143  0.015676
38  233  0.0389067
38  553  0.0107388
39  79  0.791715
39  83  0.137914
39  108  0.0166716
40  78  0.842823
40  82  0.121168
41  77  0.903623
41  81  0.059453
42  76  0.967302
43  75  0.966842
44  74  0.963172
45  73  0.964529
47  72  0.97087
48  71  0.970786
48  566  0.0130044
49  70  0.969657
49  565  0.0131327
50  564  0.0131484
51  69  0.970803
52  68  0.969868
53  67  0.971738
53  561  0.0111256
54  66  0.976504
54  560  0.0131681
55  65  0.940996
55  559  0.0131688
56  63  0.090319
56  65  0.033843
57  62  0.0850434
57  64  0.766963
58  63  0.622436
58  556  0.012979
59  555  0.0110288
65  550  0.0104629
66  549  0.010822
68  548  0.0168672
69  547  0.0183049
70  546  0.0183689
71  545  0.0184056
72  544  0.018264
75  154  0.029539
76  153  0.0295575
77  152  0.0295703
78  151  0.029594
79  150  0.0295798
80  104  0.125856
80  105  0.17933
80  149  0.022424
81  103  0.128265
81  104  0.179761
81  137  0.0405135
81  148  0.0145907
81  231  0.0503772
82  102  0.128327
82  103  0.178994
82  136  0.0408119
82  148  0.0152303
82  230  0.050558
83  135  0.0409077
83  147  0.0223944
83  229  0.0506547
84  134  0.0373625
84  146  0.0221677
84  228  0.0414083
85  132  0.0280479
85  145  0.0226259
85  566  0.0104995
86  115  0.202103
87  101  0.412859
87  114  0.252487
88  100  0.497438
88  113  0.347052
89  99  0.518016
89  112  0.371264
90  98  0.5142
90  111  0.37112
90  226  0.0217968
91  97  0.494224
91  110  0.370555
91  225  0.0221045
92  96  0.325107
92  109  0.283517
92  224  0.0220194
93  223  0.0203148
98  219  0.0188549
99  218  0.0192294
100  563  0.0243829
101  562  0.0296202
102  561  0.0309473
104  127  0.190467
104  559  0.0272928
105  126  0.253548
105  558  0.0274695
106  125  0.254544
107  124  0.244902
107  556  0.031861
108  123  0.242892
108  126  0.0120034
108  555  0.032284
109  124  0.0620801
110  121  0.180744
110  123  0.0735976
110  554  0.0769716
111  119  0.222167
111  122  0.0767747
111  553  0.0785244
112  118  0.222897
112  121  0.0770428
112  552  0.0786451
113  117  0.0848877
113  551  0.0784797
114  550  0.0783719
115  549  0.0678009
116  548  0.0577684
117  547  0.0506442
118  154  0.0151026
118  262  0.0234675
118  544  0.034543
119  153  0.0151241
119  261  0.024844
119  543  0.0373383
120  152  0.0151956
120  260  0.025208
120  542  0.0373439
121  151  0.0152249
121  259  0.0253326
121  541  0.0371821
122  150  0.0152074
122  540  0.03615
123  149  0.01507
123  258  0.0376134
124  257  0.0377477
125  208  0.014882
125  256  0.0377539
126  157  0.021534
126  207  0.0158461
126  255  0.0378148
127  156  0.021497
127  206  0.0158568
127  254  0.0377817
127  565  0.0987456
128  205  0.0158444
128  253  0.0353437
128  564  0.17456
129  204  0.0157879
129  563  0.188885
130  203  0.0157798
130  251  0.0193665
130  562  0.190599
131  155  0.017068
131  202  0.0157327
131  250  0.0195549
131  554  0.057735
131  561  0.191029
132  154  0.0296658
132  206  0.0691878
132  541  0.0109617
132  544  0.0122103
132  553  0.0603951
132  560  0.187823
133  153  0.0297241
133  201  0.0153958
133  205  0.069603
133  540  0.0109962
133  543  0.0123155
133  552  0.0605398
133  559  0.184885
133  561  0.0144373
134  152  0.0284316
134  200  0.0153716
134  204  0.0694779
134  539  0.0109909
134  542  0.0123029
134  551  0.0604663
135  148  0.0415804
135  199  0.0153252
135  203  0.0695487
135  538  0.0109841
135  541  0.0122762
135  550  0.0603326
135  560  0.517566
136  147  0.0474812
136  198  0.0133272
136  202  0.069619
136  537  0.0106527
136  540  0.011791
136  549  0.0602448
136  555  0.180373
136  559  0.518585
137  146  0.04691
137  184  0.0141241
137  201  0.0694576
137  548  0.0600766
137  554  0.180375
137  558  0.519319
138  183  0.0146513
138  200  0.0531957
138  553  0.166186
138  557  0.481349
139  182  0.0146922
139  557  0.0261806
140  181  0.0142681
140  185  0.0244273
140  552  0.0118287
140  555  0.372759
140  556  0.0496751
141  184  0.0285944
141  554  0.431031
141  555  0.0462947
142  183  0.0287592
142  553  0.434531
143  552  0.33217
144  552  0.161714
145  551  0.120021
146  157  0.0140361
146  179  0.136108
146  550  0.074149
146  551  0.565341
147  156  0.0141523
147  178  0.136625
147  550  0.649391
148  155  0.0137167
148  177  0.136862
148  548  0.0278339
148  549  0.695894
149  176  0.136723
149  547  0.0275076
149  548  0.695851
151  174  0.0303921
151  175  0.0659316
151  547  0.631917
152  174  0.0633937
152  546  0.632389
153  173  0.0221538
153  544  0.337595
153  545  0.394252
154  543  0.576337
155  170  0.149616
155  541  0.641677
155  542  0.0349432
155  544  0.104178
156  169  0.150048
156  540  0.666239
156  543  0.104008
157  168  0.150032
157  540  0.0124266
158  167  0.147927
158  538  0.747704
158  541  0.0834797
159  537  0.748817
159  540  0.0834485
160  165  0.01619
160  166  0.0816187
160  536  0.742449
160  538  0.0399799
160  539  0.0365769
161  535  0.683138
161  537  0.0393747
162  535  0.0708795
162  537  0.0157631
163  534  0.106641
163  536  0.0172552
164  532  0.581145
164  533  0.071774
164  535  0.0100236
165  531  0.788608
165  532  0.0366217
166  530  0.832336
167  529  0.831744
168  200  0.692958
168  528  0.060975
169  199  0.768675
169  527  0.057889
170  198  0.769044
170  307  0.0349849
171  197  0.757529
172  305  0.0503357
173  195  0.50795
173  304  0.0580407
174  194  0.769
174  303  0.0599051
175  193  0.768319
175  302  0.0575979
176  192  0.769507
176  207  0.0670209
177  191  0.769482
177  206  0.0672576
178  190  0.764952
178  205  0.0340081
179  188  0.642523
179  205  0.0357201
180  204  0.068967
181  203  0.0689315
182  202  0.0641636
182  547  0.0286902
183  201  0.0634188
183  546  0.0381286
184  199  0.0208745
184  200  0.0145683
184  545  0.040424
186  198  0.151251
186  543  0.0438343
187  197  0.164019
187  542  0.0440017
188  196  0.165986
188  541  0.044042
189  195  0.16569
189  540  0.0440343
190  194  0.102666
190  538  0.0234555
190  539  0.0172078
191  537  0.0240913
192  537  0.0122973
199  530  0.0574751
200  529  0.0587422
201  528  0.827695
202  527  0.830659
203  526  0.829815
204  525  0.829672
205  524  0.830717
206  523  0.830716
207  522  0.830462
208  521  0.748963
209  517  0.122481
210  516  0.131041
210  519  0.192267
211  515  0.129592
211  517  0.0158737
211  518  0.183898
212  300  0.017518
212  301  0.0702535
212  514  0.115967
212  516  0.0151268
213  299  0.0211434
213  300  0.08752
213  513  0.0678237
213  516  0.0161364
214  514  0.0636655
215  289  0.208037
215  298  0.571689
216  249  0.0236945
216  288  0.231288
216  297  0.614918
217  248  0.0237849
217  287  0.231205
217  296  0.616018
217  473  0.0126109
218  286  0.230868
218  295  0.616561
218  472  0.0170447
219  246  0.0163105
219  247  0.0128417
219  285  0.202023
219  294  0.609212
220  245  0.0157849
220  246  0.0207855
221  244  0.0144489
221  245  0.0239995
221  469  0.0177462
222  244  0.0257789
222  468  0.0178377
223  243  0.025842
223  251  0.0102039
223  282  0.0765708
223  290  0.601332
223  467  0.0178509
224  250  0.0102437
224  281  0.0758125
224  289  0.624829
224  466  0.0178791
225  249  0.0102903
225  280  0.0755978
225  288  0.626163
225  465  0.0178728
226  287  0.559345
227  284  0.454378
228  239  0.15564
228  256  0.0102277
228  283  0.514664
229  238  0.173522
229  251  0.101251
229  255  0.0104381
229  282  0.531665
230  237  0.165663
230  250  0.105728
230  281  0.53323
231  235  0.011467
231  249  0.105948
231  252  0.0452395
231  280  0.530841
232  248  0.102481
232  251  0.0497057
232  282  0.0147634
233  247  0.0933456
233  250  0.0497122
233  281  0.0159822
234  249  0.0481174
234  280  0.0174761
235  254  0.0114004
235  279  0.0222619
236  244  0.0774842
236  441  0.0111791
237  243  0.0693902
237  248  0.426897
237  251  0.0274452
237  262  0.0274605
237  278  0.0249799
237  440  0.0134943
238  247  0.450217
238  250  0.0281482
238  261  0.0275596
238  277  0.0249238
238  439  0.013493
239  246  0.433353
239  438  0.0134364
240  262  0.0293417
240  275  0.0175934
240  437  0.0116419
241  247  0.0252637
241  261  0.0293493
241  274  0.0215124
242  273  0.018816
243  272  0.0180352
243  285  0.0573884
244  271  0.0176862
244  284  0.0757279
245  257  0.0990067
245  283  0.0781449
246  256  0.119254
246  282  0.0784562
247  255  0.126217
247  429  0.0112297
248  264  0.0216062
248  280  0.0797052
248  428  0.0131797
249  254  0.144557
249  263  0.0270392
249  279  0.452465
249  427  0.0132598
250  262  0.0271085
250  278  0.453125
250  286  0.0112449
250  426  0.0132597
251  261  0.0255616
251  277  0.174016
251  285  0.0113404
251  425  0.0132452
252  258  0.0122929
252  276  0.158028
252  283  0.0233315
252  284  0.0105196
252  424  0.013203
253  275  0.42396
253  282  0.0300264
253  423  0.0120319
254  273  0.172973
254  281  0.0325535
254  559  0.0143759
255  272  0.17086
255  273  0.0225171
255  280  0.0323949
255  558  0.0147486
256  272  0.0214677
257  274  0.220208
257  556  0.0167587
258  273  0.226977
258  281  0.0490281
258  555  0.0170407
259  272  0.22428
259  280  0.0502053
259  281  0.068514
259  554  0.0170889
260  268  0.06357
260  280  0.0700825
261  267  0.064952
261  270  0.0483003
261  278  0.0864322
261  279  0.154993
261  550  0.0185841
261  560  0.0347251
262  273  0.0665219
262  277  0.0439677
262  549  0.0185862
262  559  0.0347493
263  272  0.0671254
263  277  0.28914
263  548  0.018845
263  558  0.0347392
264  271  0.0562343
264  276  0.339257
264  557  0.0275777
265  275  0.339815
266  274  0.340696
267  273  0.336605
269  531  0.0928273
270  363  0.010476
270  530  0.098588
271  362  0.0105439
271  529  0.0984781
272  279  0.014426
272  361  0.0105651
272  528  0.103112
273  278  0.0132749
273  360  0.010551
273  527  0.10311
275  526  0.102895
276  525  0.102991
277  356  0.0101343
277  524  0.103515
278  523  0.103516
279  522  0.103454
280  352  0.0107844
281  351  0.0108061
281  520  0.07747
282  350  0.0107916
282  519  0.0739763
283  349  0.0107438
284  348  0.0106747
284  516  0.0849957
285  515  0.0903026
286  514  0.0899791
287  513  0.0684881
290  513  0.214652
291  512  0.324346
292  511  0.338211
293  510  0.338147
294  309  0.010005
294  509  0.338332
295  308  0.0100842
295  508  0.327509
296  307  0.0101268
296  508  0.0106795
297  306  0.0104848
297  321  0.0121412
297  506  0.0114575
297  507  0.243369
298  320  0.0122221
298  506  0.233327
299  319  0.0123613
300  318  0.0117081
301  504  0.058647
301  515  0.0776274
302  502  0.161491
302  503  0.0671612
302  514  0.0831741
303  468  0.0132089
303  490  0.0697323
303  501  0.161314
303  502  0.0653753
303  514  0.0235278
304  317  0.0642814
304  405  0.330925
304  467  0.0135451
304  489  0.0865778
304  500  0.139498
305  316  0.0910035
305  404  0.457237
305  466  0.0135953
305  488  0.0913195
305  499  0.0923429
306  315  0.0928657
306  403  0.467822
306  465  0.0135976
306  486  0.308336
307  314  0.0927873
307  327  0.0105986
307  402  0.469203
307  485  0.329009
308  313  0.0924667
308  326  0.0109417
308  401  0.469224
308  484  0.332763
308  524  0.0580451
309  325  0.0155227
309  400  0.469215
309  483  0.328995
309  523  0.0581685
310  324  0.0155283
310  399  0.469047
310  522  0.058176
311  323  0.0142877
311  521  0.0580399
312  331  0.0103154
312  397  0.468899
312  481  0.332318
312  520  0.0573203
313  330  0.0103106
313  396  0.469038
313  480  0.332463
314  395  0.468495
314  519  0.0489253
315  327  0.0106044
315  394  0.467637
315  478  0.310505
315  518  0.0486913
316  326  0.0107249
316  393  0.428687
316  477  0.305364
316  517  0.0476768
317  325  0.0103242
317  391  0.0151514
317  516  0.0399849
318  366  0.214998
318  390  0.0100116
318  391  0.0599466
318  475  0.0111336
318  514  0.0123893
319  365  0.0762287
319  390  0.0492159
319  513  0.012823
320  364  0.0992479
320  391  0.0199685
320  475  0.0412807
320  512  0.0133591
321  363  0.426754
321  390  0.0195694
321  475  0.0247835
321  511  0.0133859
321  514  0.0151278
322  362  0.435968
322  510  0.0130069
323  361  0.43642
323  472  0.465046
323  509  0.0120792
324  360  0.432969
324  361  0.0119588
324  471  0.466067
325  356  0.0178449
325  360  0.0144274
325  367  0.0135818
325  470  0.465705
326  355  0.0879414
326  357  0.0399671
326  358  0.172176
326  359  0.0147812
326  366  0.0134727
326  469  0.468427
327  354  0.159178
327  355  0.289904
327  365  0.0135125
327  468  0.464228
328  353  0.160276
328  354  0.289897
328  364  0.0134783
329  353  0.289131
329  363  0.010168
329  441  0.383338
330  351  0.461233
330  440  0.497254
331  350  0.465721
331  439  0.49733
332  349  0.465421
332  438  0.496443
333  437  0.497658
334  347  0.457802
334  436  0.497588
335  346  0.465077
335  435  0.490365
336  345  0.464702
336  430  0.0411888
336  433  0.0768999
336  434  0.32018
337  344  0.460529
338  343  0.411144
338  428  0.184623
338  432  0.0205797
339  427  0.318122
339  430  0.190823
340  426  0.31916
340  429  0.191447
341  425  0.319214
341  428  0.191842
342  424  0.31716
342  427  0.182984
343  422  0.0320676
343  423  0.270833
344  421  0.0600784
345  420  0.0571122
345  421  0.0450982
347  362  0.0450624
347  425  0.051062
348  361  0.0544885
348  424  0.0613056
349  423  0.0599736
350  360  0.0623197
350  422  0.0393897
351  359  0.0623896
351  363  0.439844
352  358  0.0603786
352  362  0.447024
353  361  0.446085
354  360  0.428603
354  361  0.0113403
355  360  0.0144494
363  389  0.0135956
364  374  0.107162
364  388  0.0580652
364  419  0.520761
365  373  0.107605
365  418  0.522034
366  372  0.1075
366  386  0.0842204
366  417  0.522248
367  371  0.087263
367  385  0.0880904
367  416  0.522433
368  384  0.088954
368  415  0.522392
369  383  0.0886306
369  390  0.21823
369  414  0.521994
370  382  0.0863437
370  389  0.264995
370  413  0.521554
371  388  0.274522
371  412  0.522021
372  387  0.273861
372  411  0.519799
373  379  0.0410807
373  408  0.142866
374  385  0.272523
374  399  0.0106568
374  408  0.150624
375  384  0.270413
375  406  0.414466
375  407  0.0773423
376  382  0.0167086
376  405  0.491019
377  383  0.0112549
377  396  0.0151308
377  404  0.490635
378  395  0.0236201
378  403  0.489465
379  394  0.0278099
379  402  0.478573
380  393  0.0278029
381  392  0.0277354
382  391  0.0271489
382  399  0.078703
383  398  0.057329
384  399  0.345296
385  398  0.346323
387  397  0.499596
388  396  0.499958
389  395  0.494915
390  394  0.38899
400  409  0.0133517
401  408  0.0128121
406  514  0.0246667
409  511  0.461351
410  510  0.468188
411  509  0.470813
412  508  0.470401
414  506  0.35523
415  505  0.471244
416  504  0.471249
417  503  0.472321
418  502  0.47232
419  501  0.472008
420  500  0.281782
421  443  0.048515
421  498  0.0383238
422  442  0.0543343
422  497  0.0360632
423  441  0.0563053
423  496  0.0295725
425  440  0.446452
426  439  0.446635
427  438  0.446375
428  433  0.0714827
428  437  0.428238
428  440  0.0204716
429  439  0.0204481
430  438  0.0199888
442  467  0.342989
442  498  0.0117538
442  500  0.0277625
443  466  0.392061
443  497  0.0117977
443  499  0.0372472
444  498  0.0346551
445  464  0.98814
446  463  0.991776
447  462  0.992341
448  461  0.993747
449  460  0.991126
450  459  0.992733
451  458  0.922571
465  495  0.464557
466  494  0.465007
467  493  0.465288
468  492  0.465849
469  491  0.462775
470  490  0.41138
472  486  0.016209
473  486  0.0185572
474  486  0.229348
474  490  0.0135176
475  484  0.345582
475  485  0.0370226
475  489  0.0180662
475  520  0.0856795
476  483  0.308512
476  488  0.015331
476  513  0.0495662
476  519  0.0854161
477  512  0.0719038
478  483  0.0204635
478  511  0.0736863
479  488  0.0262663
479  510  0.0738644
479  516  0.089262
480  487  0.0347291
480  509  0.0743373
480  515  0.0944519
481  486  0.0349309
481  508  0.074198
481  514  0.0946569
482  513  0.0938158
483  506  0.0461808
484  505  0.0603227
484  511  0.0941653
485  503  0.0453597
485  510  0.0948487
486  500  0.016384
486  509  0.0948887
487  499  0.0383437
487  501  0.0795228
487  508  0.082808
488  498  0.0447468
488  500  0.0899803
489  496  0.077981
489  497  0.0409091
489  499  0.0945629
490  495  0.0954316
490  498  0.0964125
490  507  0.0964072
491  497  0.0898877
492  501  0.0259132
492  505  0.196017
493  500  0.0248366
493  504  0.19806
494  499  0.0181317
494  503  0.197177
495  502  0.178407
514  520  0.012815
537  544  0.0215514
538  543  0.0223924
538  547  0.0147416
538  555  0.0287394
539  546  0.015213
539  554  0.0145549
540  545  0.0139406
540  553  0.0180025
541  552  0.0336629
543  550  0.0419788
544  549  0.0419007
