1  90  0.0316707
1  284  0.0574575
1  285  0.0153038
2  89  0.0569
2  282  0.0365308
2  283  0.0851931
2  286  0.0167999
3  88  0.0745832
3  281  0.0295367
3  285  0.0169983
4  280  0.0150327
4  281  0.728941
4  284  0.0123008
5  86  0.0260085
5  280  0.808608
6  279  0.835132
7  84  0.106181
7  253  0.0106274
7  278  0.846554
8  83  0.11844
8  277  0.846207
9  82  0.118584
9  276  0.843386
10  81  0.1181
10  253  0.0439545
10  256  0.066293
10  275  0.681204
11  252  0.0424725
11  255  0.0633901
11  274  0.600313
11  282  0.0107033
12  281  0.0111152
13  80  0.188572
13  272  0.0766454
13  280  0.0110528
14  79  0.240731
14  252  0.0450439
14  279  0.0110191
15  78  0.241105
16  77  0.239828
16  144  0.0215617
16  249  0.439872
16  250  0.0255553
17  76  0.231131
17  143  0.021087
17  248  0.56501
18  142  0.0188868
18  247  0.597914
19  78  0.0122479
19  246  0.601782
20  75  0.0246098
20  77  0.0128298
20  245  0.601798
21  76  0.0126743
21  149  0.0120733
21  244  0.602714
22  73  0.230452
22  74  0.0432367
22  148  0.0147896
22  151  0.026345
22  243  0.601622
23  72  0.295401
23  73  0.0248008
23  147  0.0133943
23  150  0.0271353
23  242  0.581506
24  71  0.37509
24  149  0.0314098
24  241  0.461725
25  148  0.0333189
26  69  0.858039
26  147  0.0317977
27  68  0.935802
27  146  0.0312138
28  67  0.998046
29  66  0.998127
30  65  0.0199587
31  65  0.978794
32  64  0.998943
33  63  0.999888
34  62  0.999915
35  61  0.997875
36  60  0.991075
37  59  0.988447
38  58  0.991315
40  57  0.999433
41  56  0.999896
42  55  0.999972
43  54  0.99902
44  53  0.9053
68  144  0.0138943
68  228  0.0194004
69  143  0.011414
69  227  0.019708
69  238  0.0387195
70  81  0.027731
70  226  0.0212122
70  228  0.0100365
70  232  0.0116315
70  237  0.138306
70  273  0.0242504
71  80  0.0277483
71  236  0.144086
71  272  0.024191
72  79  0.0262905
72  207  0.0143497
72  235  0.142341
72  271  0.0197534
73  206  0.0174777
73  234  0.12128
73  269  0.010473
73  270  0.0139055
74  205  0.0176467
74  268  0.0143556
75  267  0.0124455
76  147  0.023884
77  146  0.0335368
77  230  0.22645
77  234  0.121369
78  126  0.0100998
78  142  0.0107834
78  145  0.04457
78  229  0.265603
78  233  0.148819
79  119  0.106715
79  125  0.0118369
79  141  0.0107333
79  144  0.0476681
79  228  0.271814
79  232  0.154982
80  143  0.040244
80  227  0.232138
80  231  0.129899
81  118  0.351792
81  123  0.0151065
81  224  0.0389767
82  117  0.667659
82  122  0.0187201
82  223  0.0392184
82  226  0.0314337
82  273  0.0452786
83  116  0.667982
83  121  0.0187172
83  222  0.0391711
83  225  0.030884
83  228  0.0113183
83  232  0.0178964
83  272  0.045215
84  115  0.650134
84  120  0.0172617
84  221  0.0368095
84  224  0.0265735
84  231  0.0179249
84  271  0.0450979
85  220  0.0206728
85  230  0.017584
85  270  0.0444895
86  115  0.011967
86  229  0.0156164
86  269  0.0424989
87  114  0.0214783
89  113  0.745889
90  112  0.878906
90  227  0.0190901
90  267  0.0298609
91  111  0.946596
91  226  0.0227295
91  266  0.0301263
92  110  0.946715
92  225  0.022738
92  265  0.0301233
93  109  0.946685
93  224  0.0227368
93  264  0.0301202
94  108  0.947885
94  223  0.0222135
94  263  0.027303
95  107  0.947441
96  106  0.941598
96  221  0.0193884
98  219  0.0197062
99  218  0.0198585
100  217  0.0200027
100  222  0.0247121
101  216  0.0186492
101  221  0.02275
102  220  0.0226671
103  219  0.0232242
104  218  0.0205681
107  215  0.0404034
108  214  0.0477293
109  213  0.0478216
110  212  0.047823
111  211  0.0477698
112  203  0.0177266
112  284  0.0101526
113  202  0.0414424
113  283  0.0180832
114  201  0.0472574
114  282  0.0213988
115  200  0.0491027
115  281  0.0202963
116  199  0.0493132
117  198  0.0485376
117  214  0.0194182
118  141  0.0553567
118  197  0.0422416
118  213  0.0207699
118  225  0.136105
118  226  0.0365702
118  253  0.0260392
118  265  0.013812
118  280  0.109723
119  196  0.042076
119  201  0.0124663
119  212  0.0206982
119  214  0.0375409
119  224  0.138486
119  252  0.0260555
119  264  0.0140079
119  279  0.118547
120  135  0.0310317
120  140  0.350246
120  200  0.0134895
120  213  0.0406773
120  222  0.0210797
120  223  0.0141763
120  225  0.155333
120  251  0.0144931
120  263  0.0119188
120  278  0.12181
121  134  0.0313234
121  139  0.352843
121  199  0.0135863
121  212  0.0406815
121  221  0.034401
121  224  0.155052
121  277  0.121813
122  133  0.0313172
122  138  0.351036
122  156  0.015735
122  198  0.0135305
122  211  0.0406488
122  220  0.0343449
122  276  0.121767
123  132  0.0309654
123  135  0.699456
123  136  0.0100157
123  140  0.0293243
123  155  0.0166205
123  197  0.0123232
123  275  0.118636
124  134  0.719623
124  139  0.0294735
124  154  0.0166713
124  196  0.0123189
124  274  0.0884389
125  133  0.719672
125  138  0.0294825
125  153  0.0167261
125  195  0.0118068
125  274  0.0300926
126  132  0.714659
126  136  0.0359104
126  148  0.0345917
126  152  0.0169152
126  273  0.0592886
127  135  0.0358971
127  151  0.0169538
127  228  0.0134311
127  256  0.0218871
127  272  0.0556199
128  134  0.0323425
128  227  0.010707
128  255  0.0221193
128  271  0.0538176
129  145  0.0357056
129  149  0.0215756
129  227  0.0186823
129  254  0.0221661
129  270  0.0468006
130  144  0.0364915
130  148  0.0329803
130  225  0.010908
130  226  0.0344137
130  253  0.0220711
131  147  0.0329814
132  146  0.0328404
132  224  0.0751061
132  252  0.0146212
133  141  0.0715897
133  223  0.0841829
133  226  0.0173381
133  251  0.010481
133  266  0.0210676
134  140  0.0720168
134  222  0.0842188
134  225  0.017423
134  250  0.0100881
134  265  0.0211221
135  139  0.0584641
135  221  0.0842213
135  224  0.0166294
135  264  0.0208224
136  220  0.0842407
137  219  0.0783631
138  218  0.0672368
138  223  0.33779
138  226  0.0436024
139  213  0.0927938
139  217  0.0238037
139  222  0.338598
139  225  0.0436529
140  212  0.104988
140  221  0.338604
140  224  0.0434441
141  205  0.129146
141  211  0.104844
141  220  0.33824
142  204  0.131997
142  219  0.223389
143  203  0.129491
143  218  0.126474
144  201  0.284461
144  205  0.204803
145  200  0.283459
145  204  0.205402
145  218  0.012294
146  200  0.0375238
146  203  0.203508
146  217  0.0167027
146  273  0.0132894
147  199  0.401026
147  202  0.194263
147  216  0.0124429
148  198  0.522863
148  201  0.177452
149  197  0.567187
149  200  0.148087
150  196  0.607713
150  199  0.105556
150  269  0.155585
151  195  0.729703
151  198  0.0328855
151  268  0.166765
152  194  0.780018
152  267  0.167703
153  193  0.794482
153  266  0.16679
154  192  0.794477
154  265  0.16679
155  191  0.785183
155  264  0.166545
156  263  0.163857
159  185  0.792822
159  260  0.0958027
160  184  0.797716
160  259  0.0960555
161  258  0.0920243
161  270  0.0100336
162  257  0.0749841
162  269  0.0102418
163  180  0.0160579
163  181  0.848445
163  268  0.010259
164  180  0.924238
165  179  0.984447
166  178  0.988461
167  177  0.985368
169  176  0.885236
170  175  0.879382
181  256  0.127367
182  255  0.136655
183  254  0.140169
184  253  0.141191
185  252  0.140333
186  205  0.0752733
187  204  0.0753816
188  203  0.0693966
191  200  0.0868745
191  222  0.0455011
191  253  0.0151919
192  199  0.0877148
192  221  0.045982
192  252  0.0149179
193  198  0.0844548
193  220  0.0459854
194  219  0.0458826
195  218  0.0458672
195  266  0.0516799
196  217  0.0459766
196  228  0.0136592
196  265  0.0520465
197  216  0.0427281
197  227  0.0137378
197  247  0.0131601
197  264  0.0520093
198  226  0.0137955
198  246  0.0156561
198  263  0.0526256
199  213  0.058823
199  225  0.0137925
199  245  0.0171786
199  262  0.0526665
200  212  0.0567206
200  214  0.0253883
200  224  0.0134436
200  244  0.0191783
201  213  0.0379905
201  243  0.0204212
201  261  0.0522535
202  242  0.0199588
202  260  0.0521108
203  210  0.244726
203  215  0.0349194
203  241  0.0135061
203  259  0.0421042
204  209  0.285649
204  214  0.0383939
204  257  0.0178524
204  258  0.0313085
205  213  0.0395813
205  256  0.0260248
209  219  0.0885198
210  218  0.127893
211  217  0.170193
211  218  0.0120127
211  223  0.0794583
211  226  0.294076
212  217  0.0153671
212  222  0.0799506
212  225  0.294469
213  221  0.0791435
213  224  0.294451
214  223  0.291132
215  219  0.0149094
224  253  0.0127368
225  252  0.0123694
232  252  0.0143387
235  249  0.13411
236  248  0.180071
237  247  0.192368
238  246  0.191427
239  245  0.167676
249  269  0.0353889
250  268  0.0431396
252  263  0.0100182
252  265  0.288141
253  264  0.289057
258  281  0.0101613
259  280  0.0111037
260  269  0.0674732
261  268  0.0697069
262  277  0.0248734
263  268  0.0265475
263  276  0.0281284
264  275  0.175171
265  274  0.174658
267  272  0.160439
268  273  0.057501
