2  214  0.0771326
3  66  0.0982484
3  213  0.0940709
4  62  0.0106993
4  212  0.0934696
5  21  0.0236872
5  61  0.0128087
5  64  0.367334
5  252  0.0104531
6  20  0.024881
6  60  0.0128085
6  63  0.400602
6  210  0.0867039
6  251  0.0104304
7  19  0.0248454
7  62  0.400687
7  209  0.0687817
8  18  0.0247737
8  23  0.0376441
8  58  0.0215742
8  61  0.400507
9  17  0.0245537
9  57  0.0209879
10  16  0.0210327
10  21  0.0859296
10  56  0.0175534
11  20  0.0900053
11  247  0.0184407
12  19  0.0888591
12  57  0.192247
12  58  0.186316
12  246  0.0189596
13  18  0.0851455
13  56  0.213827
13  57  0.179152
13  245  0.0184688
13  274  0.303093
14  244  0.0130114
14  273  0.339879
15  272  0.349268
16  53  0.489366
16  271  0.351272
17  52  0.411447
17  270  0.351256
18  51  0.418755
18  269  0.350261
19  50  0.521118
19  268  0.348748
20  49  0.527013
20  267  0.344427
21  266  0.339166
22  48  0.546698
23  47  0.557918
23  210  0.0149049
23  265  0.252935
24  46  0.556668
24  208  0.0982428
24  264  0.232427
24  265  0.019923
25  45  0.553298
25  207  0.119288
25  263  0.212068
25  264  0.0641669
26  44  0.556164
26  206  0.128988
26  262  0.189887
26  263  0.0876696
27  43  0.278511
27  205  0.129857
27  261  0.186775
27  262  0.107765
28  43  0.446697
28  204  0.129865
28  261  0.107087
29  42  0.730861
29  203  0.129474
30  41  0.733393
30  179  0.0161885
30  202  0.12935
30  259  0.074887
31  40  0.730396
31  178  0.0163139
31  201  0.12926
31  258  0.0682495
32  177  0.0135923
34  258  0.0174948
35  132  0.13403
35  257  0.0511103
36  131  0.134251
36  256  0.0512673
37  130  0.134323
37  255  0.0471832
39  62  0.0106386
39  253  0.050336
40  61  0.0115952
40  127  0.13857
40  179  0.0346465
40  252  0.0514151
41  60  0.0115915
41  126  0.138404
41  178  0.0347472
41  251  0.0512644
42  177  0.0341084
43  58  0.195538
44  57  0.195754
45  56  0.194844
46  55  0.176649
46  246  0.016406
46  253  0.0203448
46  260  0.0842031
47  54  0.177262
47  173  0.033588
47  245  0.014325
47  252  0.0228977
47  259  0.0841635
48  53  0.189469
48  172  0.0374456
48  244  0.0100449
48  251  0.0228691
48  258  0.0738266
49  171  0.0377631
49  247  0.0106144
49  250  0.0227919
50  170  0.0368592
51  105  0.0190437
51  253  0.030807
52  104  0.0190433
52  165  0.031582
52  246  0.0293101
52  252  0.032844
53  103  0.0172534
53  164  0.0311426
53  245  0.0288807
53  267  0.0164798
54  82  0.0207005
54  158  0.0311902
54  244  0.0205055
54  251  0.0476216
54  266  0.0208048
55  81  0.0243154
55  157  0.0368543
55  162  0.0262954
55  250  0.0309962
55  265  0.0225315
56  80  0.0104546
56  156  0.0383545
56  161  0.0300973
56  249  0.0391733
56  264  0.0231493
57  79  0.0105679
57  155  0.0389788
57  160  0.0303175
57  182  0.0671437
57  248  0.0642384
57  263  0.0233872
58  78  0.0250247
58  154  0.0391164
58  159  0.03033
58  181  0.0718871
58  247  0.0645637
58  262  0.0233117
59  77  0.0250737
59  153  0.0324895
60  76  0.0250916
60  124  0.494573
60  130  0.0110733
61  75  0.0250887
61  123  0.518332
61  129  0.0110788
62  74  0.019375
62  122  0.524584
62  128  0.0110693
63  72  0.0228444
63  121  0.528145
63  127  0.0110551
64  71  0.0194708
64  120  0.163904
66  118  0.527184
67  80  0.0323974
67  117  0.527372
68  79  0.0326873
68  116  0.52695
68  262  0.403921
69  78  0.0327677
69  261  0.407454
70  77  0.0327589
70  114  0.531654
70  260  0.408741
71  76  0.0326363
71  113  0.531968
71  259  0.408758
72  112  0.531875
72  258  0.408731
73  257  0.388798
74  253  0.0344438
75  87  0.0550919
75  90  0.0110838
75  252  0.0366865
76  86  0.0533638
76  109  0.300409
76  251  0.0363313
77  88  0.0144882
77  106  0.191733
77  108  0.227181
77  250  0.0263943
78  85  0.0473498
78  87  0.0188782
78  104  0.0272474
78  105  0.245225
79  85  0.0140991
79  103  0.0294942
79  104  0.242361
79  105  0.518954
80  85  0.0251589
80  102  0.125387
80  103  0.086378
80  104  0.522968
81  101  0.111359
81  103  0.501761
82  101  0.0323668
83  101  0.0239745
85  97  0.0780611
85  99  0.0194925
86  96  0.0746579
86  102  0.362359
86  241  0.0232928
87  97  0.0176669
87  99  0.0434283
87  240  0.0233196
88  101  0.561381
88  239  0.0231821
89  98  0.10836
89  100  0.665197
89  238  0.0230245
90  97  0.108707
90  99  0.669631
90  237  0.0230102
91  98  0.5857
91  236  0.0218338
97  104  0.0113541
98  103  0.0102643
101  110  0.0372964
102  109  0.0404693
103  108  0.0266025
104  117  0.010118
105  116  0.0101923
109  255  0.0158413
111  194  0.0180721
111  253  0.327512
112  119  0.017212
112  193  0.0203856
112  252  0.373273
113  118  0.0171833
113  192  0.0203188
113  250  0.01167
113  251  0.370096
114  249  0.0155954
114  250  0.366793
115  190  0.0199818
115  248  0.0183162
115  249  0.33982
116  189  0.0202909
117  180  0.132011
117  187  0.0216734
117  246  0.0351479
117  253  0.0108037
118  179  0.132804
118  186  0.0216776
118  245  0.0206588
118  252  0.0158172
119  178  0.132984
119  247  0.176869
119  251  0.0158729
120  127  0.0117363
120  136  0.0439085
120  145  0.0386243
120  177  0.0215852
120  184  0.0222764
120  246  0.147388
121  126  0.011431
121  135  0.0437151
121  144  0.0386974
121  183  0.0220985
121  249  0.0150656
122  143  0.0256669
122  245  0.0148216
123  132  0.0581836
123  143  0.0206941
123  243  0.0109599
124  131  0.0584738
124  142  0.0475564
124  181  0.174679
125  130  0.0567108
125  141  0.0549876
125  180  0.590746
126  140  0.0548526
126  179  0.591666
127  147  0.0634174
127  178  0.591552
128  146  0.06463
128  177  0.493681
129  136  0.605832
129  145  0.065254
130  135  0.592076
130  144  0.065117
130  174  0.016306
131  143  0.0491238
131  173  0.0147074
132  147  0.0221656
132  171  0.0120768
132  174  0.012874
133  146  0.0111844
133  173  0.0103804
134  146  0.0823093
134  253  0.0202922
135  145  0.105383
135  179  0.0819488
135  252  0.0231914
136  144  0.10531
136  178  0.0821684
136  251  0.023128
137  143  0.0853371
137  177  0.0769991
139  173  0.0570872
140  174  0.0178283
141  171  0.742241
142  170  0.750229
143  169  0.751266
144  168  0.746728
146  166  0.748152
147  165  0.758853
148  164  0.717969
148  173  0.0157608
149  160  0.0114958
149  162  0.264143
149  172  0.0173776
150  159  0.0114391
150  161  0.249062
150  162  0.0610965
150  171  0.0174797
151  170  0.0143028
153  158  0.596284
153  166  0.0615382
154  165  0.0723392
155  164  0.0679371
159  165  0.0133615
163  249  0.0218243
164  172  0.0137044
164  175  0.0272314
164  248  0.021876
165  171  0.0147096
165  174  0.0293327
165  247  0.0218321
166  173  0.0230944
168  178  0.0260341
169  177  0.0269147
170  176  0.0267624
178  231  0.0112174
179  230  0.0114164
180  199  0.125707
180  229  0.0113812
180  247  0.043734
181  198  0.139726
181  246  0.0894845
182  197  0.141524
182  245  0.0860562
183  196  0.143678
183  241  0.825491
184  195  0.143944
184  240  0.827274
185  194  0.142831
185  239  0.827285
186  238  0.82772
187  192  0.144208
187  237  0.827111
189  235  0.265598
192  231  0.650269
193  230  0.673495
194  229  0.672009
194  230  0.102507
196  228  0.837859
197  227  0.8453
198  226  0.846878
199  225  0.865599
200  224  0.864653
201  223  0.864859
202  222  0.865783
203  221  0.865335
204  220  0.865349
205  219  0.864674
206  217  0.0517862
206  218  0.792332
207  216  0.101744
207  217  0.411032
209  214  0.0217804
209  215  0.339196
210  216  0.131163
210  217  0.0806935
211  216  0.0977785
216  265  0.131738
217  264  0.132241
218  263  0.132495
219  262  0.132602
220  261  0.132389
223  249  0.0942222
224  248  0.13019
225  247  0.132698
226  246  0.132882
227  245  0.132075
230  241  0.131907
231  240  0.130679
232  239  0.109045
243  268  0.0687851
244  267  0.0751657
245  266  0.0762985
246  265  0.0763726
250  260  0.360051
251  259  0.362041
252  258  0.358595
260  265  0.0107974
