1  72  0.999256
2  71  0.999949
3  70  0.999957
4  69  0.999621
5  49  0.201421
5  68  0.797899
6  48  0.206276
6  67  0.79273
7  47  0.208134
7  66  0.585194
8  46  0.210477
8  65  0.231984
9  45  0.181391
10  25  0.46375
10  62  0.0185136
10  66  0.181842
11  24  0.464012
11  63  0.0601714
11  65  0.342464
12  23  0.463746
12  64  0.365228
13  22  0.462486
13  63  0.364135
14  60  0.397116
15  20  0.0126325
15  59  0.509616
16  58  0.524765
17  57  0.526157
18  56  0.525474
19  55  0.500223
21  50  0.482782
22  49  0.494217
22  51  0.0263412
23  50  0.0262781
24  47  0.145303
24  49  0.0204117
25  46  0.518407
26  45  0.519936
27  43  0.985157
28  42  0.985598
29  41  0.986016
30  40  0.986317
31  39  0.978657
32  38  0.870224
33  37  0.4362
33  38  0.0685263
49  65  0.194394
50  64  0.232112
51  63  0.237221
52  62  0.243059
52  67  0.0219702
52  68  0.177672
53  61  0.238201
53  67  0.177826
54  65  0.181759
55  64  0.213183
56  63  0.215086
57  62  0.202388
