1  456  0.0821402
1  540  0.0154842
2  93  0.018341
2  259  0.0270216
2  455  0.101158
2  539  0.019287
2  581  0.0827574
3  92  0.0246792
3  258  0.0400691
3  453  0.274534
3  454  0.0648715
3  532  0.0601062
3  535  0.0160528
3  580  0.0923254
4  257  0.0394851
4  452  0.317135
4  531  0.0603409
4  538  0.19121
4  579  0.08879
5  90  0.0418428
5  99  0.0315063
5  256  0.0281317
5  451  0.317272
5  453  0.0194541
5  461  0.0757579
5  530  0.0598851
5  533  0.0158137
5  537  0.223095
6  89  0.0407979
6  98  0.0315116
6  450  0.317262
6  460  0.0757677
6  529  0.0599165
6  536  0.222909
6  577  0.0884731
7  452  0.0299415
7  528  0.0513837
7  531  0.117485
7  576  0.0829608
8  254  0.0384162
8  451  0.0322076
8  530  0.127632
8  575  0.0605475
9  88  0.181518
9  216  0.0466307
9  253  0.0429974
9  450  0.0353956
9  526  0.0106756
9  529  0.128513
10  87  0.186949
10  215  0.0505266
10  252  0.0428966
10  528  0.128248
11  86  0.188033
11  214  0.051367
11  251  0.0426264
11  527  0.127939
12  85  0.188199
12  206  0.0132786
12  213  0.0514594
12  250  0.0422085
12  526  0.126424
13  84  0.18816
13  194  0.0102173
13  205  0.0135693
13  212  0.0513242
13  411  0.0784957
14  22  0.0103855
14  82  0.185742
14  410  0.0798505
15  21  0.0134926
15  81  0.186381
15  192  0.593624
15  409  0.0802554
16  80  0.186158
16  191  0.600068
16  408  0.0799669
17  79  0.181859
17  190  0.604281
17  407  0.077809
17  517  0.0134302
18  78  0.172266
18  189  0.604791
18  406  0.0726928
18  516  0.0160344
19  188  0.605165
19  515  0.0165763
20  77  0.116194
20  187  0.604808
20  228  0.0113944
20  229  0.0403904
20  401  0.0115606
20  514  0.0166367
21  76  0.116904
21  186  0.604794
21  227  0.015616
21  228  0.0436623
21  400  0.0121008
21  513  0.0166443
22  185  0.48217
22  512  0.0131344
23  185  0.0104526
23  226  0.121141
24  133  0.62165
24  184  0.019596
24  225  0.138326
25  43  0.186763
25  132  0.668908
25  224  0.139473
26  42  0.186896
26  131  0.669026
26  223  0.13948
27  130  0.669006
27  222  0.139476
28  41  0.190348
28  129  0.669011
28  221  0.139531
29  40  0.19037
29  128  0.66901
29  220  0.13946
30  39  0.330573
30  127  0.666679
31  38  0.309638
31  126  0.647009
32  37  0.234507
32  125  0.366849
40  109  0.66924
40  219  0.139584
41  108  0.669509
41  218  0.13966
42  107  0.66947
42  217  0.139663
43  106  0.669158
43  216  0.139646
44  105  0.423793
44  215  0.13929
46  214  0.138841
47  213  0.139112
48  212  0.139108
49  211  0.136654
51  76  0.421845
51  209  0.0561649
52  75  0.85586
52  208  0.131527
53  74  0.856385
53  207  0.135456
54  73  0.856101
54  206  0.13023
55  72  0.855805
55  205  0.115854
56  71  0.769182
59  67  0.42996
60  66  0.442997
60  68  0.0269653
60  69  0.0438443
64  192  0.0867516
65  191  0.0869635
66  189  0.137546
67  188  0.13798
68  187  0.137541
69  186  0.136336
74  107  0.138493
75  106  0.139058
76  105  0.175304
77  104  0.188475
77  105  0.044047
78  104  0.0558267
79  102  0.771077
79  103  0.0303263
80  101  0.806958
81  100  0.807531
82  99  0.807376
83  98  0.807298
84  97  0.796641
86  95  0.625891
87  93  0.0582593
87  96  0.0145842
88  92  0.0460861
88  94  0.465139
88  95  0.0322389
89  94  0.0359546
89  97  0.109432
90  96  0.110186
91  95  0.0419547
96  537  0.0472747
97  536  0.0473615
98  533  0.045124
98  535  0.0488665
100  531  0.101933
100  532  0.0207645
100  580  0.0152795
101  530  0.143317
101  531  0.014266
101  579  0.0161233
102  529  0.150796
102  578  0.0163033
103  577  0.0162686
104  527  0.164431
105  526  0.0584597
106  525  0.0616593
107  449  0.0197013
107  524  0.17021
108  185  0.133037
108  448  0.0199564
108  523  0.170305
109  184  0.136387
109  447  0.0200142
109  522  0.170301
110  125  0.208716
110  183  0.136309
110  446  0.0200003
110  521  0.164386
111  124  0.452941
111  182  0.134103
111  520  0.143653
112  123  0.668719
112  445  0.0216602
112  497  0.0480859
113  122  0.668658
113  180  0.112318
113  444  0.0216254
113  496  0.0872092
114  121  0.668383
114  443  0.0212596
114  495  0.150707
115  120  0.663048
115  179  0.138409
115  442  0.0184038
115  494  0.168705
116  178  0.138219
116  493  0.168582
117  177  0.138344
117  492  0.167909
118  176  0.138199
118  441  0.173458
119  149  0.101662
119  150  0.0277561
119  440  0.187503
120  148  0.138309
120  439  0.188135
121  147  0.138399
121  438  0.189477
122  146  0.138481
122  437  0.189747
123  145  0.138554
123  436  0.190232
124  144  0.138461
124  435  0.190318
125  143  0.133157
125  434  0.189342
126  140  0.084046
126  433  0.14948
127  139  0.0938935
128  138  0.0940193
128  431  0.143471
129  137  0.0937939
129  139  0.0444485
129  430  0.190325
130  138  0.0445642
130  429  0.190335
131  137  0.0429081
131  428  0.190342
132  427  0.190325
133  426  0.189538
134  425  0.189474
135  181  0.607329
135  209  0.0348501
135  424  0.189432
136  180  0.610896
136  208  0.0354919
136  504  0.0148055
137  179  0.611983
137  207  0.0355775
137  423  0.162476
137  503  0.017119
138  178  0.610288
138  206  0.0354944
138  422  0.161813
138  502  0.0171245
139  150  0.800089
139  501  0.0171146
140  149  0.800632
140  188  0.0249319
140  500  0.0167087
141  148  0.793785
141  187  0.0265972
142  186  0.0265861
143  185  0.0265832
143  188  0.0106741
144  184  0.0265752
144  187  0.0108275
145  183  0.0221694
145  497  0.0160433
146  185  0.0108936
146  496  0.0170755
147  495  0.0174516
148  179  0.0239381
148  494  0.0175197
149  178  0.023168
149  182  0.0117473
149  493  0.0175113
150  177  0.0220431
150  181  0.0117435
150  492  0.0174848
151  180  0.0108729
153  175  0.605516
154  174  0.69343
154  420  0.104493
156  172  0.798512
156  418  0.178113
157  171  0.800695
157  417  0.178266
158  170  0.804482
158  416  0.178054
159  169  0.809948
159  415  0.177562
160  168  0.812206
160  414  0.176219
161  167  0.694301
162  412  0.151797
163  411  0.152253
166  408  0.0491648
168  406  0.159458
169  405  0.158935
170  402  0.0116629
170  404  0.15426
171  401  0.0157978
171  403  0.132399
172  400  0.0166836
173  401  0.144207
174  400  0.145362
176  394  0.161408
177  393  0.180571
177  491  0.0107755
178  392  0.181455
178  490  0.0108086
179  391  0.181489
179  489  0.0108212
180  390  0.179354
183  387  0.0442212
184  386  0.0471621
184  487  0.0103957
185  384  0.157208
185  385  0.0240925
185  486  0.0103999
186  383  0.184056
186  399  0.010364
186  485  0.0103924
187  382  0.184037
187  398  0.0103826
188  381  0.183877
188  397  0.0103778
189  380  0.183576
189  396  0.0103773
190  395  0.0101001
191  206  0.012587
191  376  0.162693
192  205  0.076069
192  374  0.0111561
192  375  0.168989
193  204  0.19111
193  374  0.148232
193  450  0.0594653
194  203  0.236835
194  372  0.15197
194  373  0.014648
194  449  0.486925
194  524  0.0517317
195  202  0.236921
195  371  0.153236
195  372  0.0328776
195  448  0.487969
195  523  0.0519873
196  201  0.23349
196  369  0.186598
196  447  0.488018
196  522  0.0519847
197  368  0.188652
197  446  0.487787
197  521  0.0423083
198  367  0.188768
198  445  0.4879
199  366  0.170667
199  444  0.475723
199  496  0.0140337
200  342  0.29927
200  443  0.319531
200  495  0.0227001
201  341  0.539589
201  442  0.12637
201  494  0.0250909
202  340  0.549861
202  375  0.0228241
202  441  0.0645227
203  339  0.550584
203  374  0.0231852
203  441  0.0561869
204  338  0.551942
204  373  0.0212698
204  440  0.112149
204  525  0.0114542
205  337  0.553253
205  372  0.0199308
205  491  0.0459024
205  524  0.0145582
206  336  0.553254
206  371  0.0195578
206  438  0.113489
206  490  0.0459361
206  523  0.014556
207  335  0.553231
207  437  0.117222
207  489  0.0458394
207  522  0.0145216
208  334  0.551942
208  436  0.116957
209  333  0.551667
209  368  0.0172749
209  435  0.0689992
209  449  0.071189
209  535  0.0111963
210  303  0.010132
210  367  0.0172239
210  435  0.0489656
210  448  0.0714649
210  534  0.0114181
211  302  0.0101419
211  331  0.53942
211  434  0.0969776
211  447  0.0329357
212  301  0.0102531
212  330  0.541795
212  446  0.0364493
212  533  0.0116001
213  300  0.0101864
213  329  0.537821
213  432  0.108244
213  445  0.0758747
213  532  0.0116078
214  327  0.0103705
214  328  0.48238
214  431  0.11293
214  444  0.0753816
214  531  0.0110642
215  302  0.0968906
215  326  0.0185767
215  430  0.112412
215  443  0.0638959
216  301  0.195829
216  429  0.0902275
216  442  0.0442253
216  525  0.0192717
217  278  0.277523
217  300  0.19494
217  337  0.0103798
217  429  0.0184918
217  524  0.0633344
218  277  0.349045
218  299  0.175925
218  336  0.0103874
218  429  0.0101435
218  440  0.0396376
218  442  0.0329883
218  523  0.0634569
219  276  0.352221
219  335  0.0103862
219  360  0.0100659
219  427  0.026476
219  428  0.0103344
219  439  0.0407209
219  441  0.0376339
219  522  0.063441
220  275  0.357774
220  297  0.0538271
220  425  0.120214
220  426  0.0134854
220  438  0.03717
220  440  0.0379999
220  521  0.030242
221  273  0.183364
221  296  0.174707
221  334  0.0194156
221  424  0.139486
221  437  0.0369303
221  439  0.0380694
222  295  0.145131
222  333  0.0204813
222  423  0.241365
222  438  0.038095
223  272  0.501662
223  293  0.0486516
223  332  0.0204845
223  422  0.241658
223  437  0.0381464
224  271  0.504335
224  292  0.0481049
224  331  0.0202729
224  421  0.241665
224  436  0.0381526
225  270  0.53862
225  291  0.0280298
225  420  0.241894
225  435  0.0381098
226  269  0.538447
226  290  0.0254222
226  419  0.241807
226  434  0.0379168
227  268  0.466228
227  399  0.054953
227  418  0.24196
228  267  0.257579
228  268  0.0917556
228  398  0.0547688
228  417  0.241458
228  432  0.0344242
229  267  0.16398
229  416  0.198112
229  431  0.0323113
230  247  0.0800975
230  262  0.0991578
230  265  0.130781
230  266  0.189944
230  400  0.0486011
230  430  0.0318984
231  246  0.0813722
232  245  0.0816254
232  260  0.683324
232  261  0.0138738
232  270  0.0114053
232  380  0.0119895
232  398  0.0626435
233  244  0.0819891
233  259  0.701942
233  262  0.0400266
233  269  0.0114255
233  379  0.0119836
233  397  0.0631497
234  243  0.0814224
234  258  0.704197
234  261  0.0407536
234  268  0.0114202
234  378  0.0117705
234  396  0.0622807
234  409  0.0101099
235  257  0.625745
235  395  0.0611538
236  256  0.261183
236  394  0.0491883
239  257  0.187542
240  256  0.567193
241  255  0.846969
242  254  0.858104
243  253  0.8593
243  387  0.0497082
244  252  0.854245
244  386  0.049833
245  251  0.825666
245  385  0.0497356
246  250  0.479866
246  384  0.0494533
247  383  0.0489458
249  381  0.0287887
249  410  0.021721
250  380  0.0288708
250  409  0.0261722
251  408  0.0260997
252  379  0.0270556
252  381  0.0174474
252  407  0.0245399
253  378  0.0270929
253  380  0.0183666
254  377  0.0261557
254  405  0.0145381
256  376  0.0210487
256  377  0.0184555
256  402  0.0188861
257  375  0.0211331
257  376  0.0213529
257  401  0.0244656
258  374  0.0214734
258  375  0.0210354
258  400  0.0255097
259  341  0.0149771
259  373  0.0141866
260  340  0.016304
260  375  0.0212988
260  388  0.0187496
261  266  0.0721107
261  271  0.0100667
261  339  0.0160734
261  374  0.0216458
261  387  0.0193757
261  577  0.0100176
262  373  0.0108717
262  386  0.0154384
262  396  0.251515
263  395  0.251903
264  338  0.0911064
264  394  0.252035
265  337  0.113213
265  372  0.0120316
265  383  0.0141937
265  393  0.252705
266  336  0.113274
266  371  0.0120382
266  382  0.0141924
266  392  0.252241
267  335  0.113161
267  370  0.0120397
267  381  0.0118587
267  391  0.201506
268  334  0.112939
268  369  0.0120479
268  387  0.0220961
268  388  0.0192669
268  391  0.0260235
269  368  0.0115732
269  386  0.0170174
270  331  0.185515
270  332  0.090245
270  387  0.041196
270  388  0.0293047
271  330  0.200699
271  386  0.0235562
272  329  0.199009
272  330  0.144536
273  328  0.185085
273  329  0.146553
274  327  0.113521
274  328  0.147758
275  289  0.217537
275  326  0.0906593
276  288  0.261495
276  327  0.250508
277  287  0.261719
277  325  0.0263002
277  326  0.280053
278  286  0.261356
278  325  0.335012
279  285  0.250759
279  299  0.0448319
279  324  0.6574
280  298  0.046128
280  323  0.658142
281  297  0.0463571
281  322  0.65666
282  296  0.0463293
282  321  0.643622
283  295  0.0458505
284  293  0.0481219
285  292  0.0480941
286  291  0.0420916
288  315  0.662602
289  314  0.695942
290  313  0.695755
291  312  0.694747
291  384  0.0541793
292  311  0.686621
292  383  0.066134
293  309  0.0185786
293  310  0.67642
293  382  0.0661534
294  308  0.646891
294  381  0.0660941
295  307  0.644702
295  379  0.06497
296  303  0.0721659
296  378  0.0646147
297  302  0.0485749
297  305  0.0203933
297  306  0.0129862
297  377  0.060059
300  335  0.0675708
301  334  0.0720906
302  333  0.0727266
303  332  0.0726954
307  329  0.0798965
308  328  0.0812463
310  326  0.281324
311  325  0.286654
312  324  0.285482
313  323  0.20038
332  380  0.210322
333  379  0.211136
334  378  0.205369
335  348  0.0145964
336  347  0.0144816
336  375  0.205818
337  346  0.0143014
337  374  0.208178
337  375  0.0763468
338  345  0.0126073
338  374  0.0546896
339  372  0.317819
339  373  0.0139343
339  399  0.0373307
340  371  0.3185
340  372  0.0351682
340  398  0.0373851
341  370  0.319077
341  397  0.0347712
343  369  0.405328
343  374  0.291101
344  364  0.137338
344  368  0.405022
344  373  0.2925
344  395  0.0289387
345  363  0.165172
345  367  0.402834
345  372  0.292465
345  394  0.0417002
346  362  0.263274
346  366  0.330049
346  371  0.289175
346  393  0.0449473
347  361  0.426751
347  365  0.303745
347  392  0.0450714
348  360  0.433578
348  369  0.133841
348  391  0.0451384
349  359  0.354347
349  363  0.0591987
349  364  0.168682
349  368  0.121891
350  357  0.0129141
350  362  0.0557667
350  363  0.165058
350  364  0.0114143
351  357  0.06537
351  362  0.148417
351  363  0.0133002
351  364  0.0299111
351  366  0.0306472
352  359  0.0135797
352  362  0.0123332
352  363  0.034415
352  364  0.0220543
353  359  0.0296967
353  362  0.0339901
353  363  0.0241507
353  364  0.051185
354  359  0.0335647
354  362  0.0225177
354  363  0.0577921
359  381  0.035827
360  380  0.0465276
361  379  0.0465036
362  370  0.0197921
362  377  0.0145402
363  369  0.0233603
363  376  0.0150834
363  377  0.0302955
364  370  0.0364549
364  375  0.0152268
364  376  0.0325736
365  369  0.0345198
365  374  0.015233
365  375  0.0325543
366  374  0.0153358
367  374  0.0137251
373  384  0.0124097
374  383  0.0173821
375  382  0.0163546
377  442  0.358267
378  441  0.390742
379  440  0.392601
380  439  0.393052
381  438  0.392897
382  388  0.0661247
382  437  0.393038
383  387  0.0411701
383  436  0.392022
386  419  0.153131
386  434  0.0471016
387  418  0.203676
388  417  0.203726
388  432  0.0590995
389  416  0.20333
389  431  0.0606039
390  415  0.201448
391  414  0.197789
391  429  0.230285
392  428  0.230498
393  411  0.0431291
393  427  0.230157
394  410  0.0373645
394  411  0.0202302
395  407  0.0358446
395  410  0.0166189
396  406  0.036476
396  424  0.2091
397  408  0.0115875
397  412  0.0727353
397  579  0.0365974
398  411  0.0775334
398  422  0.235327
398  578  0.0448208
399  406  0.0576397
399  421  0.235927
399  577  0.0449389
400  409  0.114637
400  420  0.232822
400  576  0.0446657
401  408  0.0900849
401  575  0.0445219
402  574  0.0439383
403  573  0.0421341
404  416  0.230139
404  572  0.0347136
405  415  0.33289
406  414  0.385408
407  413  0.362427
415  570  0.0612323
416  569  0.0929029
417  568  0.0959962
418  567  0.0960235
419  566  0.0947322
420  433  0.191669
420  565  0.0944097
421  432  0.175603
421  524  0.125653
422  431  0.177338
422  523  0.126051
423  430  0.195371
423  522  0.125986
424  429  0.192143
424  435  0.026914
424  494  0.188088
425  434  0.0268422
425  493  0.189168
426  433  0.0254163
426  492  0.190177
427  491  0.193078
428  490  0.193082
429  436  0.0115673
429  489  0.193006
430  435  0.0642265
430  487  0.0167187
430  488  0.119884
431  486  0.0132008
432  486  0.0924838
433  452  0.0181969
433  485  0.103181
434  451  0.047615
435  450  0.063849
436  449  0.185112
437  448  0.185157
438  447  0.17946
439  446  0.0536067
445  489  0.0226147
447  487  0.200123
448  486  0.200326
450  484  0.40206
451  483  0.417329
451  570  0.0476648
452  482  0.452732
452  569  0.0602578
453  481  0.457949
453  568  0.06153
454  480  0.457948
454  567  0.0615505
455  479  0.456632
455  566  0.0610406
456  478  0.451031
456  565  0.0607573
457  477  0.281598
457  564  0.0575977
458  563  0.0458057
459  473  0.0657001
460  472  0.0683145
460  474  0.0918418
460  523  0.0315523
460  559  0.0147603
461  522  0.0323698
461  558  0.0147905
462  470  0.0523469
462  473  0.0107948
462  521  0.0268502
463  469  0.0489176
463  470  0.0167779
463  580  0.382383
464  469  0.0133587
464  477  0.183368
464  579  0.416757
465  476  0.271421
465  578  0.425177
466  475  0.269286
466  577  0.425216
467  576  0.388751
468  550  0.141706
468  575  0.239257
469  483  0.0129456
469  549  0.217426
469  570  0.143264
470  482  0.0171068
470  548  0.238527
470  569  0.172594
471  481  0.0174004
471  547  0.238677
471  568  0.175772
472  480  0.0172474
472  567  0.174791
473  493  0.153875
473  545  0.244415
474  492  0.215381
474  544  0.247166
474  565  0.0171198
475  485  0.0219357
475  491  0.223388
475  543  0.246789
476  484  0.0219289
476  490  0.223402
476  542  0.247212
477  483  0.0187387
477  489  0.22271
477  541  0.247024
478  488  0.219103
478  540  0.246168
479  486  0.206296
479  539  0.238755
480  485  0.211879
480  533  0.185196
480  538  0.0589843
481  532  0.190714
481  537  0.0538046
482  531  0.194064
483  530  0.194403
484  529  0.190311
485  492  0.0173404
486  491  0.0155134
486  530  0.0161866
486  559  0.026041
487  526  0.109476
487  529  0.0169731
487  558  0.0260615
488  556  0.012369
488  557  0.014178
489  523  0.104669
489  524  0.0265891
489  555  0.0241879
490  522  0.101988
490  526  0.0184999
490  554  0.0238887
491  522  0.0299202
492  521  0.0278288
492  523  0.0217608
492  524  0.0380447
493  566  0.0465606
494  522  0.0964953
494  565  0.0718795
495  521  0.0978914
495  564  0.053654
496  518  0.638731
496  520  0.0752985
497  517  0.823595
497  519  0.0443943
498  516  0.947205
498  518  0.0154594
499  515  0.976763
500  514  0.980943
501  513  0.981568
502  512  0.980214
503  511  0.972398
504  509  0.0266416
520  561  0.0967919
521  556  0.0288466
521  560  0.133478
522  555  0.0350408
522  559  0.143921
523  554  0.0336336
523  558  0.142937
525  554  0.149562
526  553  0.314293
526  562  0.0368455
527  552  0.316269
527  561  0.036923
528  551  0.317645
528  560  0.0369285
529  550  0.318141
529  559  0.0369475
530  549  0.318166
530  558  0.036426
531  548  0.318341
531  557  0.0304596
532  547  0.316698
535  544  0.211007
535  554  0.025032
536  542  0.011732
536  543  0.156866
536  553  0.0257784
537  544  0.0701561
538  551  0.0259156
538  581  0.0222138
539  550  0.0266286
539  580  0.0279226
540  549  0.0257801
540  581  0.0316473
541  579  0.309413
541  580  0.017579
542  547  0.0151785
542  578  0.391101
543  577  0.137663
544  576  0.13523
545  575  0.388568
546  574  0.384608
547  573  0.38074
548  572  0.353708
548  573  0.0101319
549  572  0.0118392
550  570  0.232799
550  571  0.0112252
552  568  0.449411
553  567  0.632096
554  566  0.660907
555  565  0.662839
556  564  0.662407
557  563  0.658032
558  562  0.517618
