3  246  0.0131839
6  20  0.0121701
7  240  0.0199108
7  671  0.0768055
8  18  0.949683
8  239  0.0119773
9  17  0.94896
9  238  0.0115572
10  16  0.718351
20  671  0.0425721
21  670  0.049163
22  240  0.082769
22  671  0.081076
23  239  0.0847521
23  669  0.766502
24  240  0.0119984
24  668  0.770364
25  667  0.770164
26  666  0.766426
27  237  0.179615
27  665  0.763098
28  53  0.111185
28  55  0.0830612
28  57  0.0612443
28  236  0.19566
28  525  0.010361
29  52  0.0927254
29  56  0.0750873
29  235  0.195664
29  524  0.0103597
29  663  0.117025
30  234  0.184153
30  662  0.10846
31  54  0.0564211
31  232  0.0169837
31  661  0.0786938
32  52  0.564526
32  230  0.194297
33  51  0.785915
33  229  0.19503
34  50  0.785684
34  228  0.194789
35  49  0.786363
35  227  0.1946
36  48  0.787392
36  226  0.193644
37  47  0.779603
38  45  0.0618116
38  46  0.598559
38  167  0.0132799
38  224  0.166233
39  166  0.0132832
39  223  0.166283
40  165  0.0103019
45  175  0.0793628
46  59  0.0131849
46  140  0.0280184
46  174  0.0801529
47  58  0.0182012
47  139  0.03493
47  173  0.0800472
48  57  0.0176964
48  138  0.0360705
48  172  0.0777692
49  137  0.035921
49  215  0.0101584
50  57  0.025238
50  136  0.0332276
50  171  0.0190658
50  214  0.0113686
51  56  0.025755
51  213  0.0113741
52  133  0.0181351
52  134  0.0195623
52  167  0.0677634
52  212  0.0113682
52  659  0.0212279
53  132  0.0310665
53  166  0.0679252
53  211  0.0113659
54  131  0.0310407
54  165  0.0598428
54  657  0.0424884
55  130  0.0309425
55  656  0.047008
56  164  0.0420864
56  167  0.0102031
56  177  0.0167818
56  507  0.0137896
56  548  0.019768
56  554  0.0368567
56  655  0.01042
57  163  0.041296
57  176  0.0168152
57  506  0.013797
57  547  0.0197957
57  553  0.0369088
57  664  0.575054
58  124  0.0232782
58  175  0.0167751
58  505  0.0137975
58  546  0.0197744
58  552  0.036907
58  663  0.622145
59  123  0.0235511
59  504  0.0131116
59  551  0.0345858
59  662  0.620216
60  122  0.0230632
60  221  0.0190622
60  503  0.0102314
60  544  0.0157073
60  550  0.0271325
60  661  0.60891
61  70  0.0393835
61  121  0.0228266
61  163  0.0144102
61  220  0.0200945
61  543  0.0157769
62  69  0.0544468
62  73  0.0133076
62  162  0.0160524
62  219  0.0175706
62  542  0.0129921
62  660  0.159079
63  68  0.0571923
63  72  0.0941205
63  134  0.0771409
63  161  0.0160455
63  658  0.461754
63  659  0.161699
64  71  0.0941653
64  133  0.0774037
64  160  0.0137217
64  657  0.511654
64  658  0.11072
65  70  0.0907808
65  132  0.0774922
65  656  0.555046
66  131  0.0774432
66  495  0.306442
66  657  0.0260918
67  130  0.0769029
67  493  0.0216136
67  494  0.329233
67  656  0.0258191
68  158  0.0279368
68  492  0.0226593
68  493  0.329288
69  157  0.0296866
70  123  0.112018
70  156  0.029785
70  491  0.422929
70  533  0.182295
70  548  0.0264985
71  122  0.150376
71  155  0.0297205
71  490  0.423712
71  532  0.185481
71  544  0.0100376
71  547  0.0269577
72  81  0.0144591
72  121  0.154409
72  154  0.0296978
72  489  0.423957
72  531  0.18504
72  543  0.01004
72  546  0.0272577
73  80  0.143471
73  120  0.17829
73  153  0.0278136
73  488  0.423791
73  495  0.0859001
73  545  0.0284384
73  548  0.014137
74  79  0.139637
74  119  0.179829
74  487  0.421858
74  494  0.0898199
74  547  0.0140295
75  118  0.17978
75  152  0.0190579
75  485  0.0374866
75  493  0.0896783
75  544  0.021187
76  117  0.179396
76  151  0.0190107
76  484  0.0356126
76  492  0.0899603
76  540  0.0114655
76  543  0.0223324
77  113  0.134448
77  116  0.0672599
77  485  0.0245003
77  490  0.0928658
77  541  0.0195065
77  542  0.0122737
78  112  0.207227
78  484  0.0248876
78  489  0.0935183
78  540  0.0294959
79  92  0.291468
79  111  0.208614
79  488  0.0939905
79  525  0.0105648
79  536  0.0506147
79  539  0.0191727
80  91  0.314531
80  110  0.20884
80  484  0.0699057
80  487  0.093965
80  524  0.0105834
80  535  0.0717227
81  87  0.0108514
81  90  0.317731
81  109  0.208619
81  483  0.0717015
81  486  0.0876466
81  523  0.0105919
81  528  0.110174
81  534  0.102199
82  89  0.320064
82  108  0.208962
82  482  0.0718492
82  522  0.0100105
82  527  0.110095
82  533  0.102454
83  88  0.185721
83  107  0.19924
83  481  0.0695778
83  526  0.091532
83  532  0.101165
84  106  0.197471
84  531  0.0947765
85  104  0.203802
85  467  0.0132646
85  507  0.232571
86  103  0.209381
86  466  0.0132878
86  506  0.232981
87  102  0.209271
87  121  0.0112859
87  465  0.0132717
87  505  0.233201
88  101  0.1915
88  120  0.0114285
88  474  0.0724883
88  504  0.229251
89  99  0.023656
89  119  0.0114473
89  473  0.0770028
90  99  0.0549641
90  118  0.0114397
90  472  0.0769307
91  98  0.10961
91  100  0.071398
91  471  0.0795442
91  501  0.236914
92  97  0.104398
92  99  0.0638439
92  116  0.0113883
92  470  0.0762754
92  500  0.236815
93  115  0.0114059
93  499  0.236173
94  114  0.0114056
94  498  0.236058
95  113  0.0114248
95  497  0.236032
96  112  0.0114132
96  470  0.0865977
96  496  0.236185
97  111  0.0111535
97  469  0.101069
97  495  0.234036
98  110  0.0111378
98  494  0.219405
99  108  0.0112459
99  462  0.0846117
99  467  0.663954
100  107  0.0113874
100  461  0.0934588
100  466  0.664881
101  460  0.0955782
101  465  0.664994
102  459  0.0962687
102  463  0.0152889
102  464  0.662831
103  458  0.0962708
103  462  0.0240363
103  463  0.654695
104  457  0.0962695
104  461  0.67875
105  456  0.0961452
105  460  0.678411
106  455  0.095771
106  459  0.678823
107  454  0.0946221
107  458  0.678828
108  457  0.678813
109  456  0.675811
110  453  0.0951873
110  455  0.644459
111  116  0.0374756
111  451  0.0103966
111  452  0.116105
112  453  0.210301
112  454  0.0907455
116  139  0.049065
117  138  0.0565328
117  446  0.731586
118  137  0.0565297
118  445  0.731899
119  136  0.0565097
119  444  0.731784
120  447  0.0119641
121  134  0.0564748
121  443  0.712647
121  446  0.0136297
122  133  0.0563368
122  442  0.709068
122  445  0.0135333
123  132  0.0553254
123  162  0.0368768
124  131  0.017116
124  161  0.0586646
124  441  0.661791
124  443  0.014634
125  160  0.0391759
125  440  0.441722
125  442  0.0146467
126  159  0.0196603
126  160  0.0368642
126  439  0.220476
126  440  0.279671
127  159  0.0661209
127  439  0.507013
128  158  0.0891611
128  438  0.728668
129  157  0.0891736
129  437  0.728391
130  156  0.0891894
130  436  0.728919
131  154  0.0305487
131  155  0.0586705
131  435  0.727869
132  153  0.0915404
132  434  0.711433
133  152  0.0914861
134  151  0.0911645
134  432  0.632527
135  431  0.584513
136  148  0.0103815
136  429  0.421376
136  432  0.0251789
137  428  0.309932
137  431  0.0244394
138  148  0.0121941
138  429  0.0994185
139  148  0.0106334
139  426  0.0161979
139  428  0.0879605
140  147  0.0146735
141  146  0.0122812
141  152  0.0144856
141  217  0.0102145
141  448  0.0124108
142  151  0.0157699
142  216  0.0104299
142  447  0.0131102
143  150  0.0131952
147  431  0.0177587
148  164  0.794616
148  430  0.0253037
149  163  0.795838
149  429  0.0253159
150  162  0.795726
150  428  0.0252571
151  161  0.790364
151  427  0.0250508
152  159  0.19959
152  160  0.528582
153  158  0.366007
153  226  0.0216695
154  225  0.0255816
156  220  0.0150417
156  223  0.028588
157  219  0.0150024
157  222  0.0286319
159  218  0.0758058
160  217  0.086574
161  216  0.0884141
162  215  0.0884356
163  214  0.0885053
164  213  0.0846637
165  426  0.491992
166  212  0.092701
166  425  0.760965
167  211  0.0926964
167  424  0.761487
168  210  0.0769078
168  423  0.759291
169  422  0.752261
170  421  0.750928
171  419  0.739185
172  418  0.738475
172  419  0.0141757
173  417  0.737246
173  418  0.0123077
175  186  0.164229
175  225  0.720401
176  185  0.164407
176  224  0.721077
177  184  0.162374
177  223  0.718843
181  215  0.74104
182  214  0.812506
183  213  0.812662
184  212  0.812691
185  211  0.805192
187  207  0.0248091
190  205  0.842459
191  204  0.922622
191  233  0.0417979
192  203  0.922586
192  232  0.0420068
193  202  0.922511
193  231  0.0419922
194  201  0.875286
194  230  0.0414393
195  199  0.0521894
198  213  0.0103539
199  212  0.0509306
199  214  0.0198356
200  211  0.0509544
200  213  0.0198994
201  210  0.0506266
201  212  0.0205054
202  209  0.0480758
202  211  0.0201964
203  210  0.0158747
213  224  0.0484324
214  223  0.0495178
215  220  0.0433768
215  222  0.053765
233  339  0.0112568
233  418  0.0298201
234  338  0.0117628
234  417  0.0364036
235  337  0.0119994
235  416  0.771545
236  336  0.0119993
236  415  0.772016
237  335  0.0119992
237  414  0.772162
238  334  0.0119989
238  413  0.772097
239  333  0.0119595
239  412  0.762649
240  246  0.439421
240  411  0.280292
245  670  0.011055
246  409  0.271284
246  412  0.0105881
246  671  0.017002
247  408  0.271864
247  411  0.48818
247  669  0.205722
248  407  0.26941
248  410  0.496068
248  668  0.206719
249  406  0.266407
249  409  0.496089
249  667  0.206731
250  666  0.206669
251  357  0.263601
251  407  0.495543
251  665  0.206772
252  356  0.265025
252  406  0.496154
252  664  0.206776
253  355  0.264988
253  405  0.496662
253  663  0.206219
254  354  0.259288
254  404  0.477132
254  662  0.201142
255  353  0.0856454
255  403  0.454993
255  660  0.0566958
255  661  0.141066
256  363  0.0202577
256  653  0.0586044
256  659  0.113261
257  362  0.0201435
257  401  0.12545
257  652  0.0591504
257  658  0.110378
258  361  0.0195923
258  401  0.209161
258  651  0.060167
258  657  0.0916085
259  286  0.21825
259  354  0.0106681
259  360  0.0179562
259  400  0.242671
259  650  0.0604984
259  653  0.0119885
259  655  0.0608143
259  658  0.0252535
260  285  0.218552
260  399  0.240469
260  649  0.0539662
260  652  0.0109309
260  654  0.0548491
260  657  0.0301954
261  284  0.218724
261  339  0.024864
261  353  0.194303
261  356  0.0159067
261  398  0.219373
261  656  0.0317751
262  283  0.217651
262  338  0.0620241
262  352  0.268422
262  355  0.0158944
263  337  0.0732401
263  351  0.280225
263  354  0.0159859
264  336  0.0731649
264  353  0.0154054
265  335  0.0731046
265  349  0.1836
265  551  0.176441
266  281  0.263392
266  334  0.0696174
266  348  0.367089
266  550  0.192717
267  280  0.0933113
267  333  0.0416984
267  347  0.373376
267  549  0.203645
268  279  0.0986556
268  346  0.375617
268  397  0.0385163
268  548  0.206559
269  278  0.271151
269  333  0.0250023
269  345  0.37562
269  396  0.0385581
269  547  0.206566
270  277  0.242695
270  332  0.0262998
270  344  0.374965
270  395  0.0378563
270  546  0.206067
271  276  0.0461202
271  331  0.0264072
271  343  0.372124
271  545  0.204242
273  392  0.0376795
274  326  0.284023
274  391  0.0371874
274  542  0.203751
275  325  0.312067
275  390  0.03046
275  541  0.205952
276  324  0.323666
276  332  0.111322
276  540  0.20609
277  323  0.327206
277  331  0.136433
277  539  0.20659
278  322  0.32716
278  330  0.136451
278  387  0.0423496
278  538  0.206533
279  321  0.313277
279  329  0.133928
279  386  0.0429636
279  537  0.203311
280  320  0.243476
280  385  0.0427507
280  536  0.159196
281  384  0.0412303
283  323  0.124281
283  381  0.172592
283  534  0.0646173
284  320  0.0973396
284  322  0.124512
284  377  0.0617063
284  380  0.173551
284  533  0.0651294
285  319  0.133369
285  321  0.121954
285  376  0.0676896
285  379  0.172358
285  532  0.0650484
286  318  0.156322
286  319  0.0876815
286  375  0.0694676
286  378  0.171139
286  531  0.0649595
287  317  0.102924
287  374  0.101507
287  377  0.141997
287  530  0.0481909
288  301  0.0113348
288  317  0.659895
288  373  0.10495
288  527  0.0161777
289  300  0.0119169
289  316  0.850453
289  372  0.0857928
289  526  0.0172611
290  299  0.0123502
290  315  0.96172
290  525  0.0172729
291  298  0.01235
291  314  0.961873
291  524  0.0171854
292  297  0.0116145
292  313  0.961876
292  375  0.0162883
293  312  0.96137
293  374  0.0164228
294  311  0.961901
294  373  0.0164537
295  310  0.960605
295  372  0.0164419
297  306  0.955035
298  305  0.959649
299  304  0.939222
301  314  0.0223002
302  313  0.0250186
303  312  0.0258158
304  311  0.0262712
305  310  0.026207
317  372  0.0428641
318  371  0.515907
319  370  0.5168
320  369  0.516783
321  368  0.516436
322  366  0.519203
323  365  0.519245
324  364  0.518975
325  363  0.519235
326  362  0.516213
327  361  0.509724
328  360  0.492514
330  356  0.442521
330  357  0.0467981
331  355  0.442572
331  356  0.0470735
331  402  0.0100803
332  401  0.0101926
333  342  0.858116
333  343  0.0231958
333  400  0.0102246
334  341  0.867052
334  342  0.018784
334  399  0.0102302
335  340  0.853997
335  398  0.0102425
336  341  0.0135265
336  397  0.0102705
337  396  0.0102414
339  381  0.0245542
339  397  0.013913
340  380  0.0260204
340  397  0.0486007
341  379  0.0260363
341  395  0.0151039
341  396  0.0483212
342  378  0.0258837
342  394  0.0154906
342  395  0.04791
343  355  0.0109609
343  375  0.0273981
343  393  0.0158558
343  394  0.0472054
344  374  0.0287861
344  392  0.0146347
345  354  0.506835
345  373  0.0294404
345  380  0.0167713
346  353  0.50081
346  372  0.0293664
346  379  0.0168685
346  390  0.0232184
347  389  0.0169152
348  368  0.0483775
348  377  0.0142109
348  392  0.0100666
349  358  0.0109616
349  367  0.0544416
349  376  0.0155273
349  391  0.0103788
350  357  0.0118492
350  366  0.0547888
350  390  0.0103387
351  356  0.0110401
351  365  0.054785
351  375  0.10112
352  364  0.0522558
352  374  0.115728
353  360  0.0129696
353  363  0.0415588
353  373  0.119242
354  359  0.0420639
354  372  0.119394
355  371  0.118939
356  370  0.117969
358  368  0.0429751
359  368  0.0682475
359  404  0.0113611
360  367  0.0746574
360  403  0.0118928
361  366  0.0653977
361  402  0.0106768
362  403  0.080355
363  402  0.0864506
364  402  0.0687987
365  401  0.277007
366  400  0.294987
367  399  0.295264
368  398  0.294886
369  384  0.0137719
369  397  0.297747
370  383  0.0151424
370  396  0.297717
371  382  0.0153644
371  395  0.297611
372  380  0.0191763
372  528  0.0118075
373  379  0.0259953
373  393  0.275567
373  402  0.0366318
374  391  0.22852
374  526  0.0164603
375  400  0.227728
375  525  0.0182823
376  389  0.292707
376  399  0.228913
377  388  0.301499
377  398  0.229171
377  524  0.0200852
378  387  0.302989
378  397  0.332132
378  523  0.0395831
379  467  0.011354
379  522  0.0396218
380  395  0.342192
380  466  0.0113721
380  521  0.0396204
381  394  0.353448
381  465  0.0113793
381  520  0.0396101
381  535  0.01545
382  387  0.0194888
382  464  0.0126858
382  518  0.0325562
382  534  0.139296
383  392  0.355748
383  397  0.0136033
383  463  0.0126592
383  517  0.0325431
383  533  0.139371
384  391  0.357393
384  396  0.013641
384  516  0.0313286
384  532  0.134194
385  390  0.306551
385  515  0.0100298
385  531  0.0967313
386  530  0.046194
387  393  0.0271517
387  531  0.0407681
388  392  0.0104113
388  530  0.0451659
389  460  0.0120063
389  529  0.0486276
390  459  0.0122605
390  528  0.0481127
391  530  0.0490053
392  456  0.0182853
392  515  0.024681
392  526  0.0470512
392  529  0.0901631
393  455  0.0190761
393  514  0.0292178
393  525  0.0473635
393  528  0.0917464
394  454  0.0190748
394  513  0.0292353
394  527  0.0916535
395  453  0.0190613
395  512  0.0282976
395  523  0.047341
396  509  0.0296578
396  522  0.0467867
396  525  0.100366
397  508  0.0298483
397  521  0.0457249
397  524  0.100561
398  507  0.0301339
398  522  0.0526605
398  523  0.0504114
399  506  0.0298973
399  521  0.103601
400  505  0.0295641
400  520  0.145903
401  447  0.010914
401  519  0.146475
402  443  0.0138784
402  446  0.0233228
402  518  0.145535
403  442  0.0140271
403  445  0.022528
404  515  0.148791
405  441  0.0521193
405  514  0.150716
406  440  0.0262209
406  513  0.150723
407  439  0.028295
407  512  0.15072
408  438  0.055414
408  511  0.150674
409  437  0.0556525
410  436  0.0558557
410  509  0.139058
411  435  0.0558551
411  508  0.13915
412  434  0.0559348
412  507  0.138201
413  433  0.0559368
413  509  0.011159
414  432  0.0559312
414  505  0.136004
414  508  0.0111738
415  430  0.0541862
415  504  0.100929
415  507  0.011143
416  429  0.0541456
416  447  0.0353146
416  506  0.0110768
417  445  0.0100131
417  446  0.0398305
417  502  0.0359756
418  427  0.0302839
418  444  0.0383989
418  445  0.0137306
418  501  0.0914894
419  425  0.0101653
419  443  0.0387013
419  444  0.0134832
420  442  0.0357122
421  498  0.0830863
422  497  0.0844299
423  496  0.0844582
424  441  0.0432673
424  495  0.0820631
425  494  0.0813035
426  439  0.168005
427  438  0.204172
428  437  0.204874
429  436  0.205235
430  435  0.20044
443  493  0.0730475
444  492  0.073523
445  490  0.0774529
446  489  0.0776332
447  453  0.010066
447  454  0.0135511
447  488  0.0729378
452  495  0.0922574
453  494  0.0996547
454  493  0.101835
455  492  0.101773
456  468  0.137371
457  467  0.190121
458  466  0.190192
459  465  0.184998
463  493  0.0850985
464  492  0.0857325
465  491  0.0843685
466  488  0.0733323
467  487  0.0751413
469  485  0.0383483
471  484  0.823207
472  483  0.908744
473  482  0.90871
474  481  0.875759
475  480  0.7109
490  657  0.0174268
491  656  0.0218926
492  650  0.0152704
492  655  0.0591843
493  534  0.0131441
493  649  0.0141056
493  654  0.0542949
494  501  0.0158089
494  533  0.0133299
494  648  0.0144
494  653  0.0541266
495  500  0.0115706
495  532  0.0132024
496  652  0.0156603
497  651  0.0129638
500  657  0.0136015
501  531  0.0268876
501  656  0.0150453
502  531  0.326043
503  530  0.508262
504  529  0.53669
505  528  0.54533
506  527  0.545289
508  525  0.76541
509  524  0.765372
511  522  0.770018
512  521  0.768114
513  520  0.712567
527  664  0.0175647
528  663  0.0176224
529  662  0.0175171
530  661  0.0101329
531  650  0.0235061
531  659  0.0148223
532  649  0.0216382
532  658  0.0140167
534  656  0.0110004
535  647  0.679729
536  646  0.690586
537  645  0.694698
538  644  0.695897
539  643  0.695862
540  642  0.658255
540  653  0.0147433
541  652  0.0147774
542  651  0.0147973
543  616  0.0138553
543  650  0.0148086
544  649  0.0138166
546  612  0.704373
547  611  0.704922
548  610  0.704923
549  609  0.703942
550  608  0.703093
551  607  0.39984
552  606  0.37481
552  648  0.215226
553  605  0.657527
553  647  0.215847
554  567  0.0183815
554  601  0.673342
555  600  0.678783
555  645  0.239645
556  565  0.0236406
556  599  0.679375
556  644  0.243222
557  564  0.0229738
557  598  0.679372
557  643  0.2431
558  597  0.678415
559  596  0.676503
560  595  0.675772
561  594  0.674988
561  645  0.0435122
562  593  0.674392
562  644  0.0469016
563  592  0.672243
563  643  0.0469206
564  569  0.0442577
564  570  0.0952323
564  573  0.111938
564  579  0.0101639
564  591  0.384074
564  612  0.291198
565  569  0.0598318
565  570  0.0133225
565  572  0.106181
565  591  0.0250571
565  611  0.292205
566  589  0.185381
566  590  0.0490205
566  610  0.292351
567  573  0.0146447
567  588  0.155029
567  609  0.291641
568  588  0.0637207
568  608  0.292004
569  587  0.0709285
569  590  0.102907
569  607  0.291307
570  589  0.10433
570  601  0.318038
571  588  0.104315
571  600  0.320085
572  587  0.100114
572  590  0.164772
572  599  0.320412
573  589  0.167345
573  598  0.320396
574  581  0.193456
574  588  0.167452
574  597  0.31479
575  580  0.197659
575  587  0.16285
575  590  0.0702317
576  583  0.0227089
576  589  0.0714291
577  582  0.019172
577  588  0.0730885
577  594  0.321461
578  587  0.0676333
578  593  0.325007
579  587  0.0115512
579  592  0.326302
580  585  0.0261953
580  586  0.0175772
580  591  0.407719
581  590  0.371405
582  589  0.363109
583  588  0.382155
620  638  0.998848
621  637  0.999331
622  636  0.998885
623  635  0.999307
624  634  0.998549
625  633  0.997814
626  632  0.986777
627  631  0.534307
