2  31  0.0158895
2  212  0.0101058
2  236  0.0166001
2  250  0.0421576
2  267  0.011607
2  285  0.0109648
3  30  0.067617
3  211  0.0120341
3  235  0.459127
3  249  0.0508357
3  265  0.134836
3  281  0.0105285
3  284  0.0216258
4  29  0.0676665
4  234  0.459368
4  248  0.0506835
4  264  0.140283
5  28  0.0613038
5  209  0.0106667
5  233  0.457096
5  247  0.0493836
5  262  0.0275339
5  263  0.124918
5  283  0.0293634
6  26  0.0158078
6  27  0.0545375
6  232  0.449318
6  246  0.0467717
6  250  0.0105227
6  261  0.0461619
6  262  0.105929
6  282  0.0336147
7  25  0.0222531
7  211  0.0105747
7  249  0.0109444
7  260  0.0557483
7  281  0.0342272
8  206  0.0101763
8  248  0.0103989
9  24  0.049218
9  229  0.241693
10  228  0.240068
10  229  0.222601
11  22  0.0705581
11  228  0.224731
11  285  0.0192429
12  21  0.0722693
12  226  0.162229
12  227  0.115365
12  265  0.0127285
12  284  0.0195691
13  20  0.0666503
13  264  0.0122065
20  209  0.0126413
22  34  0.893967
23  33  0.895655
23  206  0.0135738
24  32  0.897328
24  205  0.0135989
25  31  0.887937
25  204  0.013594
26  203  0.012775
31  205  0.0246121
31  272  0.0118112
32  204  0.024674
32  270  0.0444424
33  269  0.044886
34  201  0.0342191
34  268  0.0449068
35  200  0.984847
36  199  0.991245
37  198  0.991413
38  197  0.990721
39  196  0.989923
41  192  0.959316
42  191  0.982636
43  190  0.985028
44  189  0.984025
45  188  0.983745
46  187  0.600986
47  186  0.49909
49  149  0.222211
49  152  0.0137845
49  158  0.0136819
49  184  0.0754647
50  148  0.234719
50  151  0.0155508
50  157  0.0148627
50  183  0.0746219
51  147  0.215183
52  147  0.0171558
53  141  0.0118826
53  146  0.0299617
53  170  0.288327
54  140  0.0133712
54  144  0.187045
54  145  0.0267917
54  169  0.347261
55  62  0.125079
55  139  0.0124146
55  143  0.18777
55  168  0.344805
56  61  0.122566
56  143  0.0268175
56  151  0.0332701
57  141  0.0663973
57  142  0.0273199
57  150  0.0305952
57  166  0.0204522
58  140  0.0679675
59  138  0.226597
60  137  0.23429
61  136  0.238657
61  145  0.414408
61  163  0.12325
62  135  0.23763
62  144  0.41548
62  162  0.123522
63  161  0.11595
64  140  0.0137605
65  134  0.180302
65  141  0.0620107
65  149  0.138136
66  133  0.189808
66  139  0.56456
66  148  0.147131
67  131  0.0313398
67  138  0.567244
67  147  0.147548
68  109  0.0100473
68  130  0.0318662
68  131  0.0535135
68  132  0.0721221
68  136  0.0109307
68  137  0.566522
69  108  0.0100488
69  129  0.0275787
69  130  0.114769
69  131  0.0711608
69  135  0.0109094
69  136  0.567819
69  145  0.148657
70  129  0.0959824
70  130  0.0708878
70  132  0.0116463
70  135  0.562891
70  144  0.148414
71  131  0.015336
71  137  0.0104015
72  112  0.234231
72  127  0.010978
72  130  0.0151532
72  136  0.0107289
73  111  0.221901
73  126  0.010682
73  141  0.062054
74  134  0.251677
75  123  0.010393
75  133  0.263255
75  139  0.136299
76  109  0.187137
76  110  0.372752
76  132  0.226248
76  138  0.123118
77  108  0.187984
77  109  0.474173
77  131  0.172175
77  137  0.123839
78  107  0.187738
78  108  0.474992
78  109  0.0113441
78  130  0.171037
78  136  0.136622
79  107  0.47382
79  108  0.0117907
79  129  0.137102
79  135  0.136425
82  103  0.0421414
82  132  0.115254
83  131  0.104037
84  104  0.0454089
85  102  0.961298
85  103  0.0259155
86  101  0.991081
87  100  0.995716
88  99  0.995483
89  98  0.972129
112  133  0.0266734
113  131  0.0158069
114  122  0.0179895
114  131  0.0228197
115  121  0.0220367
115  127  0.237569
115  129  0.677423
115  130  0.0173089
116  120  0.0178877
116  126  0.237683
116  128  0.70509
117  125  0.235259
117  127  0.709749
117  129  0.0103402
118  123  0.170893
118  126  0.704736
118  128  0.0104406
120  125  0.0569884
120  127  0.017643
121  126  0.0171865
143  185  0.0332934
144  183  0.084932
145  160  0.0650475
145  182  0.112972
146  159  0.129434
146  163  0.0128589
146  167  0.0492568
146  181  0.140008
147  157  0.0565192
147  158  0.0879553
147  166  0.0484146
147  180  0.139808
148  156  0.149116
148  162  0.0192206
148  179  0.132187
149  155  0.133427
149  161  0.0191625
149  178  0.123538
150  154  0.0667892
150  176  0.0287788
150  178  0.0132569
151  156  0.0401469
151  162  0.0408091
151  174  0.0447931
151  175  0.0278324
151  187  0.373735
152  161  0.0395072
152  173  0.0459123
152  176  0.0546472
152  186  0.379203
153  159  0.0735852
153  167  0.0479735
153  175  0.0574074
153  185  0.410159
154  158  0.0280438
154  166  0.047319
154  171  0.0445527
154  172  0.0244506
154  184  0.409872
155  165  0.0432091
155  170  0.0441486
155  171  0.0225502
155  183  0.408443
156  172  0.0535503
156  182  0.407117
157  163  0.0399492
157  169  0.0771831
157  179  0.010809
157  181  0.384864
158  178  0.0717074
158  179  0.0109932
159  168  0.148963
159  177  0.0786966
159  182  0.0113175
160  167  0.179159
160  176  0.0618731
160  181  0.0125365
160  185  0.026226
161  166  0.111024
161  180  0.0120504
161  184  0.0262958
162  177  0.0627872
162  183  0.0262973
163  177  0.110749
163  182  0.0260665
164  176  0.10891
166  173  0.400543
167  172  0.429431
168  178  0.0141422
169  177  0.0178255
170  176  0.0152681
171  186  0.0732592
172  185  0.394867
173  184  0.396213
174  183  0.396464
175  182  0.381662
201  222  0.481178
201  259  0.384742
202  221  0.481405
202  258  0.388359
203  220  0.479961
203  223  0.0126525
203  257  0.388724
204  219  0.460852
204  222  0.0254317
204  256  0.389234
205  215  0.344917
205  221  0.0251896
205  255  0.389194
206  214  0.347484
206  217  0.103157
206  220  0.0127536
206  254  0.379513
207  213  0.340866
207  214  0.0107601
207  216  0.1052
207  220  0.0162049
207  250  0.020741
207  253  0.353072
208  219  0.031331
208  249  0.0253739
209  218  0.0288877
209  248  0.0246105
211  246  0.0138679
214  243  0.013739
214  248  0.0176215
215  242  0.0138242
215  249  0.115641
216  248  0.109943
218  245  0.374578
219  244  0.378541
219  288  0.0642859
220  243  0.378036
220  287  0.0695056
221  237  0.0246147
221  242  0.372452
221  286  0.072561
222  236  0.0249448
222  285  0.0725623
223  235  0.0256983
223  242  0.0164726
223  284  0.0698633
224  234  0.0212166
225  240  0.455504
226  239  0.487375
227  238  0.487383
228  237  0.486677
229  235  0.338835
230  234  0.128991
236  289  0.425258
237  288  0.448982
238  287  0.449094
239  286  0.449089
240  285  0.434963
242  268  0.466273
243  267  0.498762
243  282  0.0137004
244  266  0.509494
244  281  0.0137889
246  265  0.530689
247  264  0.530693
248  263  0.530648
249  262  0.525782
255  289  0.0681251
256  288  0.0701592
257  287  0.0702075
258  286  0.0702589
259  285  0.0698808
260  288  0.0241653
261  275  0.0131259
261  287  0.0246591
262  274  0.0187672
262  286  0.0246931
263  273  0.018166
264  271  0.0203087
265  270  0.0197886
266  288  0.0493906
267  275  0.0226415
267  287  0.0502091
268  274  0.0317063
268  276  0.216668
268  286  0.0496307
269  273  0.0123353
269  275  0.237804
270  274  0.192641
270  276  0.181847
270  277  0.0602669
270  278  0.0281544
270  279  0.0466151
270  280  0.0123601
270  281  0.0416794
270  284  0.0382959
271  275  0.0696657
