2  202  0.330627
3  201  0.471349
4  200  0.238618
5  200  0.264901
6  199  0.507083
6  214  0.0542989
7  198  0.506138
7  213  0.0600676
8  197  0.48888
8  212  0.0599238
9  211  0.057581
15  204  0.0282042
15  209  0.0237456
15  214  0.355998
16  31  0.010295
16  196  0.0432975
16  203  0.0307512
16  208  0.0242339
16  213  0.408661
17  195  0.0427847
17  202  0.0301222
17  212  0.408623
18  207  0.0232955
18  211  0.40806
19  28  0.0333407
19  193  0.0404517
19  200  0.0220851
19  206  0.023372
19  210  0.407175
20  27  0.538984
20  192  0.0573391
20  196  0.0115192
20  198  0.0430971
20  199  0.0124482
20  205  0.0190663
20  208  0.012213
20  209  0.178517
21  26  0.536546
21  191  0.0567085
21  195  0.0111371
21  197  0.0512736
21  206  0.0327808
22  196  0.0510902
22  203  0.0158355
22  205  0.0370135
22  208  0.119209
23  204  0.0345316
23  207  0.0980339
26  207  0.0343861
27  185  0.107186
27  206  0.0569816
28  184  0.889735
28  205  0.0690145
29  183  0.898668
29  204  0.0687787
30  182  0.902276
30  203  0.066237
31  181  0.902286
32  134  0.0258692
32  171  0.0184328
32  180  0.901729
33  133  0.0323321
33  170  0.0212364
33  178  0.30408
33  179  0.283346
34  132  0.0323136
34  169  0.020555
34  176  0.113283
34  177  0.292113
35  131  0.0323117
35  175  0.137785
35  176  0.223752
36  53  0.574511
36  130  0.0323015
36  174  0.151419
37  52  0.88782
37  100  0.0229583
37  166  0.0490306
38  51  0.887944
38  99  0.0233035
38  165  0.0495103
39  50  0.88831
39  98  0.0233691
39  164  0.0496375
39  171  0.0244475
40  49  0.888353
40  97  0.0233871
40  163  0.0496299
40  170  0.0199677
41  48  0.874032
41  162  0.0485094
41  169  0.0194109
42  47  0.804011
42  96  0.0228837
42  150  0.0272466
43  95  0.022915
43  149  0.0369514
44  94  0.0230672
44  148  0.037025
44  159  0.0466474
45  92  0.0115759
45  93  0.0118614
45  147  0.0345109
46  91  0.0227803
46  157  0.0489735
47  90  0.0227159
47  156  0.0492224
48  89  0.0227534
48  143  0.0377516
48  155  0.0491681
49  88  0.0226527
49  142  0.037994
49  154  0.049153
50  141  0.0388138
50  152  0.0179854
50  153  0.0254484
52  62  0.0186854
52  140  0.0373015
53  61  0.0248626
53  139  0.0427452
53  149  0.190762
54  60  0.0247575
54  138  0.0427523
54  148  0.195472
54  174  0.645356
55  59  0.0103917
55  137  0.0421474
55  147  0.192805
55  173  0.655982
56  136  0.0382335
56  146  0.163536
56  172  0.659044
56  175  0.0126049
57  171  0.657203
57  174  0.0127305
58  144  0.0221229
59  84  0.0128899
59  144  0.133857
60  83  0.0161695
60  135  0.0367574
60  141  0.654621
60  143  0.151189
60  170  0.0549578
61  82  0.0165149
61  134  0.0377936
61  140  0.654969
61  142  0.151192
61  169  0.0551617
62  133  0.0346649
62  139  0.652706
62  141  0.148221
62  168  0.0513345
63  132  0.0341731
63  138  0.637745
63  140  0.136588
63  167  0.0424211
64  131  0.0325668
64  137  0.462766
65  80  0.9449
65  130  0.0254458
66  79  0.987155
67  78  0.99475
68  77  0.997566
69  76  0.993596
80  128  0.0111158
81  127  0.0109027
81  134  0.383452
81  164  0.0181266
82  133  0.787498
82  163  0.0364849
83  132  0.787723
83  161  0.0208056
83  162  0.0262806
84  131  0.787282
84  160  0.0334749
84  161  0.0148569
85  130  0.780885
85  159  0.0437499
86  127  0.392483
86  145  0.0112011
87  96  0.0188367
87  100  0.0966769
87  126  0.459011
87  128  0.0984107
87  129  0.0848312
87  144  0.0130036
87  199  0.0157265
88  95  0.0434527
88  99  0.0975456
88  125  0.467204
88  128  0.0819022
88  139  0.0314962
88  143  0.0131962
88  155  0.0626946
88  198  0.0158082
89  94  0.0544965
89  98  0.0980884
89  123  0.646566
89  130  0.0137747
89  138  0.0315712
89  142  0.0131902
89  154  0.0649751
89  197  0.0158066
90  97  0.0961467
90  122  0.648016
90  129  0.0298649
90  141  0.0117627
90  153  0.064917
90  196  0.0151296
91  96  0.0630605
91  121  0.646078
91  128  0.0298654
91  152  0.0650701
92  151  0.0630801
93  126  0.030918
93  150  0.051531
94  125  0.0313292
94  133  0.104932
94  149  0.0274681
95  117  0.632212
95  124  0.0297113
95  132  0.105705
95  148  0.0262386
96  116  0.648928
96  123  0.0207326
96  131  0.108358
96  147  0.0176751
97  115  0.651134
97  130  0.10903
98  114  0.645258
98  121  0.0270901
98  125  0.0332672
98  128  0.0509194
98  129  0.0810021
99  113  0.62033
99  120  0.0258207
99  124  0.0336382
99  127  0.0783876
100  123  0.0336658
101  111  0.410599
101  122  0.0321675
101  125  0.259386
102  116  0.0589489
102  124  0.261109
103  108  0.656846
103  115  0.060579
103  123  0.261227
104  114  0.0603792
104  121  0.0246748
104  122  0.238122
105  113  0.0602993
105  120  0.0441976
106  112  0.0481946
106  121  0.0705315
108  121  0.0188443
109  117  0.204553
109  118  0.0170641
109  120  0.0188182
110  116  0.209629
110  117  0.0140061
110  119  0.0173329
111  115  0.180554
129  142  0.0122942
130  141  0.0142541
133  138  0.0153829
134  139  0.0101601
138  149  0.0170791
138  186  0.0307036
138  201  0.0201823
139  148  0.0170697
139  185  0.0307184
139  200  0.0201882
140  149  0.017134
140  184  0.0318209
140  199  0.0103242
141  148  0.0170954
141  197  0.0145256
142  149  0.05348
142  170  0.498405
142  182  0.0509266
143  148  0.0526468
143  169  0.498097
143  181  0.0511526
144  180  0.0504006
145  179  0.0435326
148  155  0.520953
149  154  0.515717
149  174  0.0710396
150  173  0.126103
150  176  0.0252931
151  172  0.141675
151  175  0.0345005
152  171  0.138318
152  174  0.0351374
153  171  0.0379684
153  173  0.0302062
154  170  0.300107
155  169  0.300405
157  168  0.891626
158  167  0.89247
159  166  0.891937
160  165  0.585655
180  199  0.0293821
181  198  0.0294578
182  197  0.0293885
185  194  0.722882
185  198  0.031879
185  201  0.0449264
185  207  0.0319608
186  193  0.725829
186  197  0.0325076
186  200  0.0450353
186  206  0.0544235
187  192  0.648722
187  196  0.0321057
187  199  0.043533
187  205  0.0570691
188  204  0.0543583
192  200  0.0130045
193  199  0.0116485
193  201  0.0872946
194  200  0.0865169
195  207  0.0100971
196  206  0.0126923
197  205  0.0117937
199  206  0.0247247
200  205  0.0206988
200  207  0.0169926
201  206  0.0201667
202  211  0.0414402
203  210  0.0514427
206  213  0.0366451
207  212  0.0198777
