1  158  0.319534
2  157  0.840084
3  156  0.98685
4  155  0.986628
8  152  0.952296
9  151  0.990103
10  150  0.989702
11  149  0.93955
12  149  0.050762
13  148  0.988225
14  147  0.987432
15  146  0.985433
16  145  0.976943
18  143  0.0214965
19  142  0.0181652
20  143  0.931863
21  142  0.965922
22  141  0.967073
23  34  0.0141238
23  37  0.0531559
23  140  0.870961
24  33  0.0136564
24  36  0.0372336
24  139  0.448383
25  32  0.0109163
25  35  0.0195726
25  36  0.615571
26  35  0.858689
27  34  0.930537
27  37  0.0126342
28  33  0.675388
28  36  0.0113098
39  139  0.409476
40  138  0.897889
41  137  0.912783
43  135  0.985118
44  134  0.991101
45  133  0.990506
46  132  0.990605
47  131  0.984618
48  70  0.0101175
48  130  0.966003
49  55  0.098424
49  57  0.126291
49  69  0.0152266
49  81  0.0147616
49  126  0.028617
50  54  0.0416635
50  55  0.0751604
50  56  0.110523
50  59  0.0440979
50  68  0.0152673
50  125  0.0267691
50  128  0.151597
51  58  0.109531
51  67  0.0152433
51  79  0.0394503
51  129  0.0266524
52  78  0.039021
54  76  0.0460314
55  63  0.015849
55  75  0.0480489
55  129  0.0119137
56  62  0.0149133
56  74  0.0358397
57  74  0.0151095
58  73  0.0498405
58  126  0.0704111
59  72  0.0501339
60  71  0.0500502
60  121  0.911121
61  120  0.91607
62  70  0.0450305
62  119  0.917874
63  69  0.0441844
63  118  0.918315
64  116  0.0250908
64  117  0.878965
65  114  0.312955
66  113  0.331359
66  114  0.0612213
67  115  0.131989
68  111  0.635219
68  114  0.119927
69  110  0.720031
69  113  0.0664822
70  109  0.819013
71  108  0.933219
72  107  0.933461
73  106  0.933147
74  104  0.0623682
74  105  0.83898
75  103  0.124605
76  102  0.114459
78  100  0.0108846
78  104  0.762389
79  100  0.027305
79  103  0.784465
80  102  0.783519
80  122  0.0186407
81  98  0.123777
81  101  0.249964
82  97  0.125032
82  101  0.566528
82  120  0.0439066
83  96  0.0585726
83  100  0.50546
83  119  0.0465237
84  95  0.0574366
84  99  0.50391
85  94  0.123233
85  98  0.815319
85  117  0.0522687
86  97  0.815101
86  116  0.0523231
87  96  0.79174
87  115  0.0181212
88  94  0.0186717
88  95  0.294658
88  114  0.0179605
89  113  0.0522905
90  112  0.0522487
91  111  0.0520801
92  110  0.051161
93  109  0.0460313
94  103  0.0413624
95  102  0.0416662
96  101  0.0414652
158  777  0.417401
159  776  0.604078
160  775  0.601589
161  774  0.530315
161  777  0.222349
162  776  0.266235
163  775  0.259373
164  769  0.01057
164  772  0.719026
164  774  0.144544
165  768  0.0109968
165  771  0.948514
166  767  0.0109916
166  770  0.975609
167  769  0.974879
168  768  0.939112
169  768  0.0330428
172  765  0.987364
173  764  0.988021
174  763  0.986799
175  762  0.986168
178  759  0.998689
179  758  0.999803
180  757  0.999777
181  756  0.980791
183  754  0.891567
184  753  0.997404
185  752  0.999413
186  751  0.999766
187  750  0.999589
188  749  0.990126
190  747  0.458529
191  746  0.997689
192  745  0.998202
193  744  0.997723
194  717  0.0216769
194  720  0.179749
194  721  0.0403107
194  743  0.372693
195  716  0.0182264
195  719  0.266457
195  742  0.024922
196  718  0.266161
198  722  0.146616
199  715  0.811556
199  721  0.167665
200  714  0.812124
200  720  0.166831
201  713  0.696742
201  719  0.163752
202  712  0.372298
202  713  0.107283
203  712  0.21023
205  711  0.795554
205  715  0.169259
206  710  0.795671
206  714  0.169185
207  545  0.0117369
207  709  0.741298
207  713  0.158392
208  708  0.69944
209  543  0.21233
209  707  0.629306
210  542  0.285502
210  706  0.502247
211  541  0.289573
211  702  0.0118122
212  703  0.013327
212  704  0.0365783
213  539  0.317846
213  586  0.108769
213  691  0.0746022
213  702  0.0122637
214  538  0.329815
214  585  0.191361
214  690  0.157281
215  227  0.0433495
215  537  0.153
215  584  0.191535
215  688  0.303566
215  689  0.0540384
216  226  0.0548945
216  536  0.151037
216  583  0.191711
216  687  0.41527
217  225  0.0549157
217  535  0.328006
217  582  0.191708
217  686  0.415366
218  224  0.0491023
218  531  0.0334206
218  534  0.292441
218  581  0.190294
218  685  0.414886
219  223  0.0245789
219  530  0.144134
219  533  0.17243
219  580  0.187688
219  684  0.413822
220  529  0.263187
220  532  0.0566808
220  578  0.0508091
220  683  0.414642
221  528  0.289069
221  577  0.0505099
221  682  0.409856
222  527  0.28869
222  575  0.031745
222  577  0.103931
223  526  0.229744
223  574  0.0159324
223  576  0.103722
224  523  0.024936
224  574  0.171082
225  522  0.0258827
225  528  0.0349489
225  573  0.188219
226  250  0.411311
226  400  0.0110166
226  522  0.0106053
226  527  0.0350099
226  572  0.188219
227  249  0.416387
227  526  0.0274474
227  571  0.174391
228  248  0.417318
228  399  0.441071
228  570  0.127574
229  247  0.417178
229  385  0.0275334
229  398  0.453718
230  246  0.415525
230  384  0.0277288
230  395  0.0269997
230  397  0.454104
231  245  0.408562
231  378  0.0336712
231  394  0.0388328
231  396  0.454704
232  244  0.398935
232  393  0.038847
232  395  0.454697
233  241  0.294159
233  377  0.08845
233  392  0.0385843
233  394  0.452201
234  240  0.28728
234  243  0.0479514
234  244  0.0101677
234  376  0.0895405
234  391  0.0385349
234  393  0.451012
235  243  0.0115402
235  375  0.537133
235  390  0.0380498
236  374  0.542773
237  251  0.0146405
237  373  0.54425
238  250  0.0159644
238  372  0.544632
239  249  0.0159795
239  371  0.542146
240  248  0.0159932
240  370  0.532595
241  247  0.0157576
241  366  0.0524268
242  365  0.0437653
243  270  0.563443
244  269  0.563972
245  268  0.56396
246  267  0.563581
247  266  0.277442
249  264  0.512759
252  261  0.558979
253  260  0.438288
253  677  0.307326
254  676  0.377934
255  675  0.406572
256  674  0.409562
257  673  0.410007
258  672  0.410102
259  671  0.409035
260  670  0.405777
261  270  0.0117813
261  669  0.396754
262  269  0.0112848
262  333  0.198172
262  610  0.0138533
262  668  0.108155
263  284  0.0109881
263  332  0.199
263  609  0.0139095
264  283  0.0119342
264  331  0.199032
264  608  0.0138599
265  282  0.0117406
265  330  0.199202
265  607  0.0136146
266  329  0.199646
266  606  0.0116793
266  617  0.0122043
266  667  0.0164375
267  328  0.199798
267  603  0.011111
267  616  0.0134004
267  666  0.0169221
268  279  0.0343157
268  327  0.190375
268  347  0.0233291
268  377  0.0102485
268  602  0.0119846
268  646  0.108735
269  278  0.0392589
269  325  0.0173292
269  346  0.0251784
269  376  0.0102917
269  601  0.0119895
269  645  0.108783
270  277  0.0381231
270  325  0.178858
270  345  0.0252027
270  375  0.010611
270  600  0.0119784
270  644  0.108741
271  324  0.175574
271  643  0.0721756
272  321  0.146605
272  323  0.116168
273  320  0.226977
273  322  0.0708527
273  367  0.0504046
274  319  0.310857
274  366  0.0551478
275  318  0.326871
275  365  0.0505042
276  317  0.327338
277  304  0.0128154
277  363  0.0147347
278  303  0.0128262
278  360  0.5577
279  302  0.0124083
279  314  0.271239
279  315  0.0119982
279  359  0.563295
279  386  0.0194069
280  313  0.203147
280  358  0.565671
280  385  0.0228639
281  313  0.117187
281  357  0.565316
281  384  0.0228322
282  299  0.0202423
282  311  0.010203
282  312  0.184309
282  347  0.0121458
282  355  0.419864
283  298  0.0173968
283  346  0.0117349
283  354  0.415833
284  297  0.0174008
284  345  0.0669708
284  353  0.404003
284  354  0.0198184
285  296  0.0207921
285  310  0.304783
285  344  0.153158
285  352  0.347816
285  353  0.0262412
286  295  0.0209195
286  309  0.327418
286  343  0.195816
287  294  0.0185299
287  308  0.32736
287  342  0.195812
288  293  0.0149067
288  307  0.327155
288  341  0.195468
288  350  0.436132
289  306  0.325933
289  340  0.191416
289  349  0.436563
290  305  0.320064
290  339  0.189696
290  348  0.435897
291  299  0.0169854
291  303  0.108207
291  304  0.187038
291  338  0.188878
291  347  0.43678
292  298  0.0204146
292  302  0.212752
292  337  0.188842
292  346  0.436901
293  302  0.0152702
293  336  0.135454
293  345  0.427135
294  344  0.340517
295  302  0.0153385
295  334  0.158547
296  342  0.347104
297  304  0.0563056
297  308  0.0510125
297  309  0.0173565
297  332  0.0393889
297  341  0.34496
298  303  0.05964
298  307  0.36938
298  318  0.014563
298  331  0.1114
299  306  0.36896
299  317  0.0148983
300  305  0.228537
300  316  0.012345
300  329  0.154096
301  328  0.157438
302  327  0.15497
304  325  0.147112
305  324  0.145333
306  318  0.0151002
306  323  0.114581
307  317  0.0155914
308  316  0.0132425
310  318  0.012493
311  319  0.018713
311  329  0.0176412
312  317  0.395065
312  328  0.0191031
313  327  0.0188772
320  643  0.0215858
321  642  0.0561864
322  641  0.0976613
323  340  0.348772
323  640  0.104526
324  339  0.464255
324  639  0.106572
325  338  0.493705
325  638  0.107177
326  337  0.493733
326  637  0.107178
327  336  0.493695
327  636  0.107144
328  333  0.0103424
328  335  0.472124
328  635  0.0965072
331  632  0.0964335
332  631  0.0926111
334  343  0.0687804
334  629  0.173467
335  628  0.173651
336  341  0.110251
336  627  0.173355
337  626  0.173661
338  625  0.173629
339  624  0.15914
340  347  0.0135521
341  346  0.0143451
342  623  0.0184036
344  621  0.124691
345  350  0.0389469
345  619  0.0130653
345  620  0.131873
345  663  0.181005
346  355  0.0655867
346  618  0.0135322
346  619  0.131442
346  662  0.181093
347  354  0.0550324
347  617  0.0313448
347  661  0.168142
350  611  0.355159
351  610  0.389397
352  609  0.388412
353  608  0.36847
355  606  0.386761
356  605  0.38862
357  378  0.0327305
357  604  0.386096
358  377  0.0327761
360  375  0.432892
361  374  0.441986
362  373  0.447434
363  372  0.447904
364  371  0.353725
376  392  0.446726
376  602  0.398809
377  391  0.44702
377  601  0.399143
378  384  0.0100273
378  390  0.434621
378  600  0.398926
380  387  0.0471864
380  389  0.0121542
380  598  0.0113258
380  599  0.319139
381  386  0.0527546
381  598  0.280565
383  596  0.391613
384  595  0.404533
385  594  0.404376
386  593  0.38319
390  564  0.485298
391  563  0.486874
392  562  0.48763
393  560  0.0604678
393  561  0.420604
395  558  0.433979
396  557  0.503258
396  565  0.028668
397  556  0.504004
397  564  0.0313323
398  555  0.504012
398  563  0.0313764
399  562  0.0315332
399  565  0.010363
400  411  0.0271829
400  553  0.017273
400  554  0.48524
400  561  0.0302235
400  564  0.0351811
400  705  0.0506308
401  410  0.0272045
401  552  0.0270649
401  553  0.483677
401  563  0.0251557
401  704  0.0506328
402  409  0.02288
402  552  0.483295
402  563  0.0109348
402  703  0.0504955
403  550  0.515488
403  562  0.0201926
403  702  0.0503553
404  549  0.515285
405  510  0.0107642
405  523  0.0367679
405  548  0.51451
406  509  0.011354
406  522  0.0399566
406  524  0.0757004
406  547  0.513668
407  508  0.0129561
407  521  0.0447149
407  523  0.0925085
407  546  0.507105
408  507  0.0129648
408  522  0.092755
409  543  0.136398
410  529  0.0117434
410  542  0.167943
410  543  0.0640869
411  528  0.0119228
411  541  0.147456
412  527  0.011892
412  541  0.20195
413  516  0.674528
413  540  0.212999
414  515  0.738543
414  539  0.197977
415  514  0.795534
415  538  0.118323
416  513  0.799173
417  512  0.796179
417  530  0.0712407
418  511  0.73375
418  529  0.0849789
419  528  0.0864262
420  509  0.809678
420  527  0.086281
421  508  0.831434
421  526  0.0302258
422  526  0.0298097
423  508  0.0317155
423  525  0.0391177
424  506  0.873205
424  507  0.01143
424  524  0.027106
425  505  0.980247
426  504  0.98046
427  503  0.9804
429  502  0.982051
430  501  0.857451
431  500  0.108196
432  499  0.238841
432  538  0.0106116
433  498  0.985045
433  537  0.0107138
434  497  0.976009
434  536  0.0107054
435  535  0.0106888
436  492  0.95365
436  493  0.0106113
437  491  0.979306
438  490  0.986916
438  501  0.0106467
439  489  0.986909
439  500  0.010679
440  488  0.985709
440  499  0.0106745
441  487  0.984322
441  498  0.0106784
442  485  0.0219255
442  497  0.0104694
443  467  0.131451
443  484  0.0192801
444  466  0.174126
444  484  0.0120853
445  465  0.176382
447  463  0.400781
447  483  0.0795728
448  461  0.908301
448  482  0.0869203
449  460  0.911408
449  481  0.0874351
450  459  0.911891
450  480  0.0874884
451  458  0.911846
451  479  0.0875128
452  457  0.898563
452  478  0.087466
453  477  0.0826591
456  474  0.0870082
457  473  0.0872555
458  472  0.0873788
459  471  0.080926
462  468  0.0251229
465  482  0.0106267
465  486  0.605561
466  485  0.582795
470  481  0.897588
471  480  0.908586
472  479  0.909202
473  478  0.906971
504  528  0.0105797
505  527  0.01068
506  526  0.0107537
507  523  0.0574663
507  525  0.0102455
508  522  0.0606078
509  521  0.0577407
509  538  0.054736
510  537  0.0677117
511  536  0.0713628
512  519  0.0401011
512  535  0.0720839
513  518  0.0252276
513  534  0.0678155
519  528  0.114208
520  527  0.103613
520  528  0.119416
521  527  0.116659
521  541  0.0958369
522  526  0.0446512
522  538  0.0361158
522  540  0.116089
522  560  0.139625
523  537  0.0355223
523  539  0.111933
523  559  0.142901
524  536  0.0277643
524  558  0.143184
525  537  0.0725294
525  557  0.142978
526  534  0.0130735
527  535  0.0715967
527  536  0.0369117
527  538  0.0105152
527  555  0.142957
528  535  0.037779
528  554  0.143059
529  553  0.141558
530  552  0.124678
532  549  0.016779
533  548  0.0150623
533  549  0.0677982
534  548  0.0644976
534  549  0.0140431
536  545  0.0474874
536  547  0.0765041
537  544  0.0515612
537  546  0.0775993
541  705  0.0265394
542  704  0.0265391
543  703  0.0263989
544  702  0.0261246
544  712  0.0254179
546  709  0.225498
547  708  0.260128
548  707  0.283818
549  706  0.294506
550  705  0.296431
551  703  0.0610081
551  704  0.234932
552  702  0.117032
553  701  0.116749
554  700  0.114356
554  702  0.0932641
555  702  0.0209804
556  700  0.168923
557  696  0.0490003
557  699  0.17444
558  695  0.046281
561  694  0.321873
562  693  0.34609
562  696  0.0386941
563  692  0.346117
563  695  0.0389477
564  691  0.346157
564  694  0.0389771
565  589  0.377046
565  669  0.0104451
565  690  0.331142
565  693  0.037775
566  588  0.376859
566  668  0.0105476
567  587  0.370492
567  667  0.010387
567  692  0.021965
570  586  0.0111153
570  689  0.353118
571  584  0.365735
571  590  0.0164323
571  664  0.0146813
571  688  0.363969
572  583  0.386974
572  589  0.0209621
572  663  0.017771
572  687  0.364869
573  582  0.386763
573  588  0.0208799
573  662  0.0177793
573  686  0.364415
574  581  0.337764
574  587  0.0208248
574  661  0.0177591
574  682  0.0171262
574  685  0.333197
575  585  0.121505
575  660  0.0176963
575  681  0.0804624
576  584  0.121683
576  659  0.016236
576  679  0.0373543
576  680  0.0726773
577  583  0.120361
577  677  0.199293
577  678  0.0272672
578  676  0.240015
578  677  0.0148029
579  675  0.255408
580  674  0.255889
581  673  0.256317
582  672  0.196321
583  672  0.0635648
584  671  0.122091
585  611  0.0157533
586  610  0.0174736
586  669  0.355589
587  608  0.0137657
587  668  0.356501
588  607  0.0226928
588  667  0.356466
589  606  0.02273
589  666  0.356325
590  605  0.0213462
593  617  0.0133139
594  601  0.0375908
594  616  0.0131879
595  600  0.0396047
595  616  0.0373265
595  702  0.173446
596  615  0.0361341
596  617  0.125811
596  701  0.177274
597  616  0.138253
597  700  0.177494
598  698  0.16694
599  697  0.167216
600  696  0.167937
601  612  0.326126
602  611  0.326712
602  691  0.185402
603  610  0.27974
603  612  0.0294342
603  690  0.191713
604  611  0.029011
604  689  0.191756
605  688  0.191413
606  687  0.183768
608  684  0.124988
608  685  0.0130228
609  683  0.158241
610  682  0.16496
611  681  0.114255
614  678  0.0246551
615  677  0.0245789
616  622  0.0106222
616  660  0.0131783
616  669  0.0743104
616  676  0.0185792
617  668  0.0743814
618  656  0.691632
618  667  0.0733881
619  655  0.732948
619  666  0.0718367
620  654  0.733316
623  651  0.752601
624  650  0.806291
625  649  0.81854
626  648  0.818591
627  647  0.818134
628  646  0.818562
629  645  0.818272
630  644  0.741444
631  643  0.515051
632  641  0.026542
633  638  0.207072
633  641  0.0307519
633  643  0.248108
633  649  0.0653105
634  642  0.290239
634  648  0.0653412
635  640  0.0836616
635  647  0.065307
636  646  0.0648331
638  644  0.0641812
639  643  0.0244488
650  668  0.0819607
651  667  0.154041
652  666  0.159938
653  664  0.15452
653  665  0.0812512
654  663  0.255639
655  662  0.240453
658  674  0.0754267
659  673  0.0822809
660  672  0.0835855
661  671  0.0609661
671  682  0.0584639
672  681  0.142685
673  680  0.136481
674  679  0.111214
689  703  0.0313338
689  705  0.0111902
690  700  0.0801262
690  702  0.033027
691  699  0.0907399
691  704  0.0352346
691  705  0.0452654
692  698  0.07118
692  703  0.0514743
692  704  0.0318148
693  700  0.173863
693  702  0.061892
694  699  0.184102
694  704  0.0368709
694  705  0.0349013
695  703  0.0641959
695  704  0.0216932
696  702  0.0777886
697  701  0.0326637
723  743  0.0187036
724  742  0.0109353
725  742  0.627349
726  741  0.988319
727  740  0.997996
728  739  0.999337
729  738  0.999166
730  737  0.965688
