7  365  0.0114842
8  364  0.0115793
9  292  0.040182
10  292  0.0132055
10  361  0.834966
11  290  0.0964395
11  360  0.88244
12  289  0.103608
12  359  0.8795
13  288  0.104636
14  287  0.105552
15  286  0.105671
15  357  0.8635
16  285  0.105508
16  356  0.884032
17  284  0.105184
17  355  0.884079
18  283  0.101494
18  353  0.168873
18  354  0.713411
19  282  0.0898734
19  352  0.294898
19  353  0.563739
20  110  0.042458
20  281  0.0600828
20  351  0.575865
20  352  0.281731
21  109  0.088764
21  350  0.881018
22  108  0.096849
22  349  0.882958
23  107  0.0968621
23  348  0.883045
24  106  0.0969395
24  278  0.0139724
24  347  0.859618
25  105  0.0964015
25  277  0.0147945
26  276  0.0147787
26  342  0.0134349
26  343  0.0606095
26  345  0.629007
27  275  0.0147124
27  342  0.05967
27  343  0.0124116
27  344  0.714014
28  103  0.081401
28  274  0.0147857
28  342  0.0118357
28  343  0.720954
29  102  0.0860396
29  273  0.0147883
29  339  0.113825
29  342  0.704306
30  101  0.0745751
30  103  0.0567698
30  271  0.0121857
30  338  0.140144
31  100  0.0723838
31  102  0.0616892
31  270  0.0122264
31  337  0.143348
31  339  0.652058
32  99  0.0310584
32  101  0.0585675
32  269  0.0122455
32  336  0.135195
32  338  0.657629
33  99  0.0258012
33  100  0.0580516
33  268  0.0122337
33  334  0.0139595
33  337  0.657795
34  88  0.0836356
34  98  0.0209515
34  99  0.0534032
34  334  0.0735045
34  336  0.591561
35  87  0.130967
35  97  0.0122501
35  98  0.0482747
35  333  0.30565
35  335  0.396715
36  86  0.151088
36  97  0.0429783
36  332  0.575029
36  334  0.151948
37  85  0.164469
37  96  0.0118452
37  331  0.737996
37  340  0.0211114
38  84  0.164491
38  330  0.738378
38  339  0.0211356
39  77  0.0609475
39  83  0.164317
39  338  0.021128
40  76  0.0655195
40  82  0.163856
40  328  0.73322
40  337  0.0211336
41  75  0.0653572
41  81  0.155311
41  327  0.731445
41  336  0.0209819
42  64  0.011845
42  74  0.0591992
42  80  0.125963
42  326  0.714946
42  335  0.0205492
43  63  0.0246574
44  62  0.026838
44  65  0.0439544
44  72  0.0339983
44  331  0.0107604
45  61  0.0260768
45  64  0.0440977
45  71  0.0325324
45  77  0.0113598
45  324  0.687784
45  330  0.0107792
45  332  0.0120219
46  60  0.0115378
46  63  0.0402638
46  70  0.0334034
46  323  0.731523
46  329  0.0107946
46  331  0.0122034
47  69  0.0665043
47  76  0.0211351
47  322  0.731605
47  328  0.0106783
47  330  0.0121156
48  75  0.0200095
48  321  0.730674
49  60  0.119762
49  66  0.659763
49  303  0.0313805
49  320  0.144427
50  59  0.124637
50  65  0.678902
50  302  0.031427
50  319  0.139991
51  58  0.122368
51  64  0.684842
51  301  0.0314025
51  318  0.125795
52  57  0.111036
52  63  0.690114
52  109  0.0112741
52  300  0.0310498
53  62  0.690954
53  90  0.021122
53  108  0.0125303
53  277  0.0218466
53  299  0.0305128
53  313  0.0493529
54  61  0.500768
54  89  0.0228042
54  107  0.0123916
54  276  0.0218166
54  298  0.0301375
54  312  0.0489614
55  88  0.0205716
55  106  0.0107078
55  275  0.0179361
55  297  0.0278704
55  311  0.0479474
57  86  0.0522496
57  273  0.0222635
57  310  0.0450694
58  85  0.0589441
58  272  0.0252926
58  309  0.0461528
59  84  0.0589115
59  100  0.0180318
59  271  0.0252963
59  308  0.0457277
60  99  0.0183155
60  270  0.0252638
61  70  0.0137022
62  69  0.013882
62  81  0.0560797
63  80  0.0524893
66  76  0.277813
67  75  0.304382
67  315  0.190927
68  74  0.308533
68  310  0.180379
68  314  0.19154
69  73  0.243978
69  309  0.34377
69  313  0.19664
70  308  0.343765
70  312  0.192098
70  324  0.0173111
71  307  0.343013
71  323  0.0191696
72  306  0.297243
72  311  0.115274
72  322  0.0192254
73  308  0.0102147
73  310  0.116895
73  321  0.0196234
74  320  0.0195954
75  303  0.0774974
75  307  0.0606955
75  309  0.019282
75  319  0.0190092
76  302  0.0766997
76  307  0.0140723
79  96  0.656911
80  95  0.726061
81  94  0.754903
82  93  0.754764
83  92  0.73702
90  97  0.0227084
91  96  0.0234957
92  101  0.0832707
92  316  0.0216668
92  335  0.032628
93  100  0.090576
93  315  0.0228808
93  334  0.0352111
94  99  0.0936891
94  314  0.0225161
94  333  0.0352309
95  332  0.0256189
99  267  0.0425939
99  303  0.536388
100  266  0.0423069
100  302  0.536927
101  263  0.0252149
102  262  0.0542891
102  300  0.295231
103  261  0.0568564
103  294  0.0456965
103  299  0.585827
104  260  0.0575101
104  293  0.0510711
104  298  0.589549
104  343  0.0512524
105  259  0.057509
105  292  0.0514784
105  297  0.58952
105  342  0.0551355
106  341  0.0583763
107  192  0.0578963
107  266  0.0205432
107  277  0.684887
107  290  0.0111634
107  329  0.0249716
107  340  0.058859
108  191  0.0585341
108  265  0.020723
108  276  0.6852
108  289  0.0111297
108  328  0.0249878
108  339  0.0588566
109  190  0.0577064
109  264  0.0200295
109  275  0.669955
109  327  0.0228139
109  338  0.0578755
110  189  0.0529181
110  263  0.0157787
111  188  0.0421278
111  273  0.637726
111  278  0.0478606
111  324  0.0256376
112  147  0.0199937
112  272  0.704935
112  277  0.0576206
112  285  0.0120581
112  323  0.02633
113  146  0.0242306
113  247  0.0112987
113  271  0.705007
113  276  0.0565348
113  284  0.0120673
113  315  0.0129428
113  322  0.0263297
113  334  0.0521551
114  145  0.0244909
114  246  0.0131846
114  270  0.704205
114  283  0.0120858
114  314  0.0130432
114  321  0.0263101
114  333  0.0520144
115  121  0.132282
115  123  0.018679
115  124  0.245279
115  130  0.023301
115  144  0.0224735
115  185  0.010104
115  245  0.0132246
115  313  0.0128646
115  320  0.0128304
120  138  0.013545
121  137  0.0136217
121  243  0.0453472
122  242  0.0503844
123  241  0.0520091
124  142  0.10958
124  240  0.0519466
125  141  0.110312
126  140  0.0967266
128  138  0.107029
128  242  0.0438756
129  137  0.104376
129  241  0.056539
130  150  0.0174735
130  240  0.0565694
130  265  0.103979
131  149  0.0182621
132  148  0.0186883
132  263  0.426367
133  262  0.490081
134  147  0.0210896
134  237  0.0572097
134  261  0.496614
135  143  0.0108079
135  146  0.0422736
135  236  0.0598232
135  239  0.0293357
135  260  0.50042
135  269  0.0294377
135  274  0.014079
136  142  0.011625
136  145  0.0891002
136  200  0.013053
136  235  0.0599577
136  238  0.0307283
136  259  0.500163
136  268  0.0310369
136  273  0.0145194
137  144  0.117332
137  199  0.016196
137  237  0.029827
137  267  0.0269771
137  272  0.0141128
138  143  0.0888723
138  198  0.0161665
138  236  0.0279236
139  197  0.015941
140  195  0.0765604
140  269  0.0136003
141  194  0.37686
141  268  0.0142235
142  192  0.0425989
142  193  0.448454
142  267  0.0141741
144  191  0.311505
144  268  0.130247
145  193  0.100424
145  267  0.135574
146  189  0.619486
146  192  0.0983774
146  266  0.118474
147  188  0.816752
147  191  0.0523212
147  265  0.0593978
148  187  0.973934
149  186  0.975207
150  185  0.976959
151  184  0.976189
152  183  0.973906
153  182  0.966084
154  181  0.861669
157  176  0.984499
158  175  0.992904
159  174  0.992397
160  173  0.990445
162  171  0.942714
162  172  0.0218692
163  170  0.715413
164  171  0.0158636
191  285  0.0101342
192  284  0.0102242
193  238  0.0111757
193  283  0.0102287
194  237  0.0112097
195  229  0.0161204
195  256  0.769642
196  228  0.0161362
196  231  0.180306
196  255  0.770311
197  227  0.0159401
197  230  0.182183
197  254  0.769575
198  229  0.18341
198  252  0.383031
198  253  0.38749
199  228  0.182162
199  251  0.764973
200  250  0.763306
201  225  0.133323
201  246  0.0939745
201  249  0.649825
202  224  0.167716
202  245  0.462607
203  223  0.0844179
203  244  0.467699
203  247  0.31602
204  223  0.116688
204  243  0.467574
204  246  0.316361
205  222  0.203053
205  242  0.423859
205  245  0.313698
206  221  0.202583
207  220  0.195455
207  239  0.626259
207  244  0.150354
208  238  0.637462
208  243  0.150519
209  237  0.636916
209  242  0.150289
210  217  0.196896
210  236  0.636741
210  241  0.149188
211  216  0.195949
211  235  0.636355
211  240  0.148215
213  222  0.563066
214  221  0.440798
216  222  0.195419
217  221  0.0744692
223  229  0.716559
224  228  0.58181
224  231  0.0155008
229  238  0.0374159
230  237  0.0356919
240  256  0.0787423
242  254  0.0972767
243  253  0.136633
243  267  0.0105353
244  252  0.138265
244  266  0.0108183
245  251  0.138029
245  265  0.0108128
246  250  0.0856635
246  253  0.0108855
247  252  0.0100375
250  273  0.0404015
251  272  0.0420692
252  271  0.042062
253  270  0.0418142
255  266  0.060266
256  265  0.0619932
265  272  0.0783745
266  271  0.0782509
266  315  0.0334016
267  314  0.0337799
268  313  0.0318982
270  291  0.0924794
271  290  0.0926485
272  289  0.0926243
273  288  0.0824676
276  285  0.0939389
277  284  0.0924399
280  294  0.011557
283  291  0.621185
283  303  0.0760881
284  290  0.620922
284  302  0.0761727
284  329  0.011116
284  331  0.0489131
285  289  0.503936
285  301  0.0761684
285  328  0.0111592
285  330  0.0491435
286  300  0.0758558
286  329  0.049228
287  299  0.0753211
288  298  0.0715371
288  324  0.0673061
289  323  0.070808
290  297  0.0300395
290  322  0.0708143
291  321  0.0708111
292  320  0.0378581
296  364  0.0152483
296  367  0.0183659
297  313  0.0625051
297  363  0.0175481
297  366  0.0212331
299  311  0.139934
299  325  0.0562344
300  310  0.150193
300  324  0.0809467
301  309  0.161076
301  323  0.0971931
302  308  0.155839
302  322  0.097206
303  321  0.097153
304  320  0.0861209
307  314  0.0424752
308  313  0.0729779
309  315  0.0114661
314  319  0.469612
320  368  0.0128206
321  367  0.0153752
322  366  0.0156317
324  364  0.0290228
325  363  0.0368124
328  358  0.0129733
328  360  0.0989117
329  357  0.0129874
329  359  0.0989603
330  356  0.0130435
330  358  0.0991148
331  355  0.013004
331  357  0.0989556
338  350  0.101842
339  349  0.113393
340  348  0.113429
341  347  0.107328
351  356  0.0636326
