1  300  0.0739386
1  303  0.0514851
2  14  0.265934
2  299  0.101487
2  302  0.0707225
2  305  0.0261108
3  13  0.370125
3  298  0.12461
3  301  0.0842148
3  304  0.0258838
4  11  0.506538
4  12  0.185379
4  297  0.0136097
5  10  0.732811
5  297  0.113373
5  299  0.0424451
5  302  0.0526915
6  296  0.119333
6  298  0.0395466
6  301  0.0571139
7  295  0.118138
7  300  0.0546978
9  290  0.136181
10  289  0.140949
10  296  0.0544141
10  301  0.0271477
11  288  0.140874
11  295  0.0322486
11  300  0.0205602
11  304  0.0136246
12  287  0.140698
12  295  0.021034
12  300  0.165426
12  303  0.0273022
13  286  0.140614
13  294  0.0368337
13  299  0.203661
13  302  0.0300858
14  293  0.0340396
14  295  0.0307536
14  300  0.0328301
15  294  0.0422874
15  297  0.240911
15  299  0.0373214
15  302  0.0113183
16  293  0.0399495
16  295  0.454085
16  303  0.0437859
17  22  0.0400667
17  122  0.115939
17  294  0.495123
17  302  0.0524034
18  121  0.118359
18  294  0.0100868
19  120  0.118693
19  293  0.0160101
19  300  0.0549371
19  303  0.0237644
20  30  0.0155627
20  119  0.11874
20  291  0.639115
20  299  0.0566009
20  302  0.0301488
21  29  0.0226113
21  118  0.112506
21  290  0.708425
21  298  0.0211918
21  301  0.0247351
22  28  0.0250908
22  117  0.104864
22  289  0.734903
22  296  0.0109594
23  116  0.0910031
23  288  0.734851
23  304  0.0180753
24  287  0.734475
24  295  0.0125934
24  303  0.0194173
25  67  0.0113153
25  114  0.0382015
25  286  0.734156
25  294  0.0160372
25  302  0.0196521
27  38  0.0107977
27  43  0.0195139
27  65  0.0433168
27  115  0.0117522
27  126  0.0358307
27  131  0.0126298
28  37  0.0110503
28  42  0.0205419
28  64  0.0450977
28  114  0.0119415
28  122  0.0258236
28  130  0.0139111
29  63  0.0450002
29  113  0.0102736
29  121  0.0265642
29  124  0.444872
29  129  0.0190861
29  299  0.0125284
30  40  0.0143956
30  61  0.0638674
30  120  0.0267476
30  123  0.560484
30  128  0.0239681
30  298  0.0329676
30  300  0.0121063
30  303  0.0107309
31  39  0.0213718
31  60  0.0645802
31  119  0.0267517
31  122  0.560487
31  127  0.0237777
31  297  0.0330007
31  299  0.0167038
31  302  0.0136031
32  59  0.0646141
32  118  0.0256663
32  296  0.0286543
32  298  0.0170986
32  301  0.0141499
33  58  0.0642303
33  121  0.512674
33  124  0.168452
33  297  0.0169243
33  299  0.0142632
34  57  0.0578396
34  120  0.513783
34  123  0.211445
34  296  0.0144669
34  298  0.015567
35  55  0.0365448
35  114  0.0229077
35  119  0.517893
35  122  0.211424
35  297  0.0155239
36  55  0.0144002
36  113  0.0200554
36  119  0.0715758
36  121  0.187117
37  53  0.0409648
37  54  0.0185016
37  118  0.686042
37  120  0.113945
38  52  0.0421148
38  117  0.688199
39  51  0.0395293
39  116  0.688145
40  115  0.682641
41  114  0.64764
41  119  0.0660323
42  47  0.0106528
42  48  0.0195948
42  49  0.0122381
42  118  0.113575
43  117  0.089204
44  116  0.058438
44  117  0.0402057
45  116  0.070517
46  115  0.0996717
47  70  0.32194
47  114  0.0995424
48  69  0.328943
48  70  0.579328
49  67  0.0411054
49  69  0.588671
50  66  0.0301594
50  67  0.242644
50  68  0.496802
51  65  0.0192575
51  66  0.548832
51  67  0.347869
52  65  0.737375
52  66  0.174522
53  64  0.923842
54  63  0.920864
55  61  0.0266541
55  62  0.749322
71  112  0.841565
72  111  0.991707
73  110  0.998388
74  109  0.997896
75  108  0.996745
76  107  0.993563
77  106  0.997508
78  105  0.998618
79  104  0.998332
80  103  0.994008
82  101  0.987335
83  100  0.99275
84  99  0.985482
87  96  0.982098
88  95  0.978255
89  94  0.60587
114  301  0.0152739
115  300  0.0152739
116  299  0.0119866
118  297  0.0153713
119  296  0.023027
120  294  0.0400636
121  293  0.0489882
122  292  0.05116
123  291  0.0511635
124  290  0.0484021
126  293  0.0339763
127  285  0.920168
127  292  0.0415069
128  284  0.920667
128  291  0.041517
129  290  0.0414541
130  282  0.941292
130  289  0.041527
131  281  0.941497
131  288  0.0414542
132  280  0.943585
132  287  0.0413479
133  279  0.943467
133  286  0.0412745
134  278  0.879409
135  151  0.0591261
136  150  0.0593181
136  275  0.928767
137  149  0.0593009
137  274  0.934215
138  273  0.933908
139  147  0.0611514
139  272  0.934322
140  146  0.0606962
140  271  0.93264
141  145  0.0477203
141  270  0.933374
142  269  0.89944
145  265  0.746655
146  264  0.744781
147  263  0.737329
147  266  0.0282608
148  264  0.134785
149  174  0.282281
149  261  0.310119
149  263  0.150219
150  173  0.290995
150  260  0.309985
150  262  0.14964
151  172  0.291623
151  259  0.307531
152  170  0.0295525
152  171  0.260665
152  179  0.0394918
152  180  0.184065
152  258  0.0424994
153  169  0.0577665
153  178  0.0201154
154  168  0.0574059
154  169  0.105366
154  178  0.203253
155  177  0.607945
156  167  0.28591
156  176  0.684196
157  166  0.292566
157  175  0.690644
158  165  0.292482
158  174  0.690405
158  285  0.013469
159  164  0.292032
159  173  0.673654
159  284  0.0131168
160  172  0.656041
160  173  0.0179664
160  283  0.012758
161  172  0.0353639
162  171  0.651109
162  282  0.013473
163  170  0.645497
163  171  0.0337728
163  281  0.0134571
164  170  0.034354
164  280  0.01349
165  169  0.0133458
165  279  0.0133507
166  278  0.0110827
169  273  0.0139921
170  272  0.0142106
171  271  0.0142144
172  270  0.0140447
173  269  0.0124883
177  262  0.181064
178  261  0.653237
178  285  0.0236804
179  260  0.654622
179  284  0.0237494
180  259  0.657674
180  283  0.0236588
181  258  0.688202
183  256  0.903903
184  255  0.983738
185  254  0.981749
186  253  0.962066
188  251  0.0107229
189  251  0.0887992
190  250  0.110339
190  252  0.736566
191  251  0.77281
194  248  0.992402
195  247  0.994082
196  246  0.994125
197  245  0.992306
198  244  0.98807
200  243  0.985504
201  242  0.990758
202  241  0.993304
203  240  0.994218
204  239  0.991421
205  231  0.0314207
205  238  0.953512
206  230  0.0345102
206  232  0.850677
207  229  0.0172677
207  231  0.856488
208  229  0.878116
209  228  0.895356
209  232  0.0948939
210  227  0.894696
210  231  0.0951841
211  226  0.895464
211  230  0.095184
212  225  0.894319
212  229  0.0951706
213  224  0.894966
213  228  0.0412468
214  223  0.89578
214  227  0.0405687
215  222  0.864449
215  226  0.0927598
216  220  0.0443152
216  222  0.0237103
232  238  0.0272514
233  237  0.0107186
259  281  0.0157438
260  280  0.0294893
261  279  0.0296211
262  278  0.0393105
263  277  0.0407514
264  276  0.0407541
265  275  0.0407992
266  274  0.0407917
267  273  0.0330156
290  299  0.0101356
291  298  0.101556
292  297  0.0992298
