2  253  0.0108304
2  262  0.01436
2  265  0.580659
2  374  0.0774999
2  398  0.0136734
3  261  0.0192355
3  264  0.7736
3  373  0.091877
4  251  0.0197857
4  260  0.0192495
4  263  0.773883
4  373  0.046705
4  396  0.0210372
5  250  0.0197766
5  259  0.019233
5  371  0.0893727
5  372  0.0470087
5  395  0.021626
6  212  0.0343665
6  258  0.0119287
6  261  0.77694
6  370  0.0857317
6  394  0.0181766
7  211  0.040384
7  260  0.777057
7  369  0.051995
7  370  0.034234
7  392  0.0115249
7  393  0.0146116
8  369  0.03305
8  391  0.0149419
9  210  0.0644317
9  259  0.759588
9  367  0.0737597
9  390  0.0146307
10  209  0.087339
10  258  0.744631
11  208  0.0943223
11  387  0.0120086
12  208  0.0498669
12  256  0.784342
12  386  0.0120121
13  207  0.174361
13  255  0.79566
13  385  0.0119435
14  206  0.177949
14  254  0.794964
15  205  0.178369
15  253  0.795062
16  204  0.178507
16  252  0.794691
17  203  0.177125
18  250  0.181736
19  201  0.178654
19  211  0.811768
20  200  0.178888
20  210  0.812607
21  209  0.808439
22  198  0.173223
22  208  0.803627
23  197  0.170957
24  195  0.159502
24  203  0.0701526
25  51  0.0106242
25  194  0.163357
25  202  0.0707638
25  203  0.0549711
26  50  0.0106812
26  193  0.16654
26  194  0.0134774
26  201  0.0701584
26  202  0.0556887
27  48  0.71011
27  192  0.163243
27  193  0.0131695
27  201  0.0548778
28  47  0.764102
28  191  0.162852
28  200  0.054781
29  46  0.765927
29  190  0.160413
29  191  0.064484
30  45  0.765908
30  190  0.0675084
31  44  0.762289
31  188  0.0559636
31  189  0.0672707
32  43  0.755051
32  187  0.143699
32  188  0.0609565
33  186  0.137072
34  41  0.0729949
34  42  0.158573
35  41  0.138666
36  41  0.010619
37  183  0.223796
38  182  0.228997
39  181  0.229001
40  180  0.228061
45  177  0.208316
46  176  0.226323
47  175  0.228827
48  174  0.229161
48  207  0.0546643
49  173  0.228944
49  192  0.0393898
49  206  0.576395
50  172  0.228733
50  191  0.0500174
50  205  0.654754
51  171  0.228765
51  190  0.0547169
51  204  0.660967
52  170  0.22173
52  189  0.0478324
52  203  0.635016
53  188  0.0148446
53  202  0.611652
54  100  0.222864
54  185  0.531921
54  201  0.235734
55  99  0.223487
55  184  0.537428
55  200  0.232034
56  98  0.223303
56  183  0.737104
57  97  0.218343
57  182  0.766393
58  95  0.215615
58  181  0.766416
59  94  0.212989
59  180  0.765482
60  179  0.751643
61  178  0.569263
63  93  0.763107
64  92  0.99478
65  91  0.996386
66  90  0.9961
67  89  0.998575
68  88  0.999924
69  87  0.999288
70  86  0.999131
71  85  0.99838
72  84  0.999535
73  83  0.995392
74  82  0.979051
94  171  0.726803
94  174  0.0115513
95  170  0.755116
95  173  0.0121237
96  169  0.754911
96  172  0.0121839
97  168  0.753888
97  171  0.0121154
99  165  0.0142597
99  166  0.299151
99  167  0.0155194
100  164  0.0143254
101  165  0.41567
101  166  0.560693
102  165  0.562445
103  163  0.749894
103  164  0.248568
104  162  0.405978
104  163  0.124848
105  161  0.525174
106  160  0.993756
107  159  0.996423
108  158  0.917003
110  156  0.43585
111  155  0.960576
112  154  0.988613
113  153  0.986181
114  151  0.194642
114  152  0.74181
115  150  0.385309
115  151  0.554557
116  149  0.57624
116  150  0.416868
117  148  0.786237
117  149  0.151362
119  146  0.966532
120  145  0.998088
121  144  0.996808
122  143  0.997071
123  142  0.997879
124  141  0.99939
125  140  0.994306
126  139  0.967401
127  134  0.0101237
127  138  0.581122
127  139  0.0224636
128  138  0.0314438
185  191  0.0116866
185  198  0.133277
186  197  0.134594
186  206  0.0135191
187  196  0.132458
187  205  0.0154692
188  204  0.0104514
190  201  0.317645
190  202  0.0626873
191  201  0.0745487
192  199  0.506372
192  200  0.0269057
193  198  0.524165
193  200  0.0189127
194  199  0.0147897
209  363  0.0687072
210  362  0.107443
211  361  0.107786
212  360  0.107711
213  359  0.10749
214  358  0.106882
215  357  0.10499
216  250  0.480409
216  356  0.0984256
217  249  0.78155
218  248  0.832719
218  384  0.0176974
219  247  0.848413
219  383  0.0231451
220  246  0.292979
220  265  0.0117815
220  353  0.0273442
220  382  0.023978
221  245  0.29553
221  264  0.0164163
221  352  0.0253608
221  381  0.02714
222  244  0.851405
222  263  0.0163278
222  351  0.0220567
222  352  0.0509107
222  380  0.0271318
223  235  0.0238
223  243  0.851397
223  280  0.0124938
223  351  0.0534207
223  379  0.0271836
224  234  0.0238783
224  242  0.851318
224  268  0.0101858
224  279  0.0125333
224  350  0.0558839
224  378  0.0271826
225  233  0.0275514
225  241  0.832886
225  267  0.0385851
225  278  0.0123371
225  349  0.0237347
225  377  0.0271357
226  232  0.0257136
226  238  0.182135
226  240  0.646378
226  266  0.0392398
226  277  0.0124797
226  376  0.0271829
227  237  0.282618
227  239  0.535533
227  265  0.0310724
227  276  0.0104047
227  375  0.0271526
228  236  0.490563
228  237  0.0345667
228  374  0.0271122
229  235  0.522902
229  263  0.0120092
229  264  0.0172359
229  373  0.0271262
231  372  0.0233916
232  371  0.0231004
234  260  0.113432
235  259  0.114155
236  258  0.115461
237  257  0.115203
238  255  0.0727295
238  256  0.0578662
239  254  0.136861
240  253  0.138576
241  252  0.139301
242  251  0.139332
243  250  0.132752
254  371  0.0146144
255  370  0.0294948
256  369  0.0295625
257  368  0.0296405
258  367  0.0290651
259  272  0.0308113
259  366  0.0197088
259  373  0.0112367
260  271  0.0348388
260  372  0.0112382
261  270  0.0357428
261  273  0.0552438
261  371  0.0111114
262  269  0.0359146
262  272  0.065417
263  268  0.0325842
263  271  0.0667737
264  270  0.0660901
265  269  0.0251592
266  372  0.761574
267  355  0.0254946
267  371  0.773156
268  345  0.045066
268  354  0.0269757
268  369  0.0109327
268  370  0.760973
268  373  0.0127344
269  344  0.0493411
269  353  0.0271677
269  368  0.175289
269  372  0.0104253
270  343  0.0573068
270  352  0.0273868
270  366  0.0179684
271  342  0.0573428
271  351  0.0273839
271  366  0.205527
272  341  0.0572105
272  350  0.0273356
272  365  0.204351
272  367  0.405136
272  368  0.0102314
273  340  0.054501
273  349  0.0269546
273  366  0.442339
274  339  0.0359335
274  348  0.0203526
274  364  0.55332
274  365  0.295648
275  288  0.0147906
275  363  0.718169
275  364  0.149185
276  287  0.0210992
276  337  0.054008
276  362  0.877909
277  286  0.0210971
277  336  0.0540022
277  361  0.877797
278  285  0.0188045
278  288  0.0107143
278  360  0.87085
279  287  0.0383234
279  334  0.0325669
279  358  0.418245
279  359  0.430664
280  286  0.0381672
280  333  0.0494144
280  357  0.836627
281  285  0.0145298
281  301  0.0455605
281  356  0.820641
282  300  0.0531154
282  354  0.0101989
283  299  0.0538005
283  355  0.189301
284  298  0.0537155
284  344  0.0160607
284  353  0.784019
285  297  0.0534421
285  343  0.0207657
285  352  0.856539
286  342  0.0207761
286  351  0.856788
287  295  0.0529994
287  341  0.0207567
287  350  0.853785
288  294  0.0420208
288  358  0.0217804
289  295  0.04955
289  357  0.0271404
290  348  0.405659
290  356  0.0269783
291  347  0.446634
292  345  0.150168
292  354  0.0232169
293  344  0.115137
293  353  0.0116479
294  344  0.664206
294  353  0.0183522
295  342  0.0919231
295  343  0.718073
295  352  0.0309502
296  340  0.205928
296  342  0.703914
296  351  0.0309562
297  339  0.218428
297  341  0.691329
297  350  0.030955
298  338  0.355875
298  340  0.535162
298  349  0.0309293
299  337  0.871045
299  347  0.0295183
300  336  0.872541
300  346  0.0294169
301  334  0.0809314
301  335  0.781353
301  345  0.0279979
302  333  0.113675
303  333  0.460827
304  331  0.90369
304  344  0.0211506
305  330  0.960046
305  343  0.0305382
306  329  0.966739
306  342  0.0305629
307  328  0.966345
308  327  0.96583
308  341  0.0299898
309  340  0.0299818
310  339  0.0299435
311  325  0.915785
312  324  0.965005
312  334  0.0275355
313  323  0.967683
313  333  0.0280519
314  322  0.966575
314  332  0.0280524
315  321  0.784495
315  331  0.0279299
316  330  0.02607
321  328  0.025453
322  327  0.0269919
375  403  0.942911
376  402  0.971295
377  401  0.971357
378  400  0.972139
379  399  0.972134
380  398  0.970569
381  397  0.965988
382  394  0.0151614
382  396  0.852621
384  393  0.463124
384  394  0.366497
385  392  0.473162
385  393  0.353604
385  394  0.0134129
386  391  0.297925
387  392  0.107064
387  393  0.0162139
387  394  0.120226
388  392  0.0103783
388  393  0.113111
