1  9  0.136823
1  193  0.0470767
1  531  0.028309
2  8  0.124167
2  192  0.0474024
2  215  0.0466712
2  219  0.0504352
2  528  0.0817786
2  530  0.0226558
3  9  0.0119073
3  91  0.0150964
3  191  0.0473284
3  201  0.0108152
3  214  0.095919
3  218  0.0629369
3  527  0.104055
4  90  0.0150997
4  200  0.0107866
4  213  0.0958678
4  217  0.0552936
5  89  0.0150003
5  199  0.0103888
5  212  0.0950527
5  220  0.0103144
5  526  0.133689
6  88  0.0143111
6  211  0.0931303
6  219  0.011344
6  525  0.150907
7  210  0.0731503
7  217  0.0489487
7  524  0.15781
8  84  0.14851
8  216  0.125709
8  523  0.158741
9  83  0.148679
9  215  0.135854
9  522  0.158673
10  82  0.14286
10  214  0.1374
11  80  0.0141652
11  213  0.128096
12  79  0.0123664
12  212  0.0888313
13  24  0.07471
13  495  0.130528
14  23  0.153158
14  196  0.0459612
14  212  0.0275091
14  494  0.151649
14  558  0.399943
15  22  0.158676
15  195  0.0492726
15  211  0.0337482
15  493  0.153311
15  557  0.479225
16  194  0.0492594
16  210  0.0234292
16  492  0.152998
16  556  0.480674
17  193  0.0490682
17  209  0.0178629
17  491  0.152205
17  555  0.481577
18  208  0.0121827
18  554  0.47381
19  553  0.376788
21  488  0.0285196
22  59  0.0640488
22  60  0.0387117
22  487  0.0287948
23  58  0.0950055
23  59  0.019365
24  57  0.11727
24  76  0.650981
25  56  0.122926
25  75  0.860112
26  55  0.122948
26  74  0.860449
27  54  0.121612
27  73  0.859918
28  72  0.859831
29  71  0.814257
32  51  0.881972
33  50  0.981622
34  49  0.990457
35  48  0.991808
36  47  0.991816
37  46  0.989183
38  45  0.968733
52  60  0.507059
53  59  0.453966
54  58  0.227206
55  66  0.0400312
55  67  0.170679
57  65  0.308158
57  66  0.011492
58  64  0.27704
59  63  0.138813
71  490  0.0751848
72  489  0.0817734
73  488  0.0799598
74  380  0.0171431
74  487  0.0734846
75  379  0.0172768
76  378  0.0142188
77  210  0.103969
78  209  0.121552
78  378  0.0121263
79  208  0.130568
79  377  0.0211329
80  207  0.138663
80  376  0.025395
80  388  0.0371272
81  206  0.140053
81  375  0.0295067
81  387  0.0404671
82  205  0.1403
82  207  0.0128365
82  374  0.0298331
82  386  0.0407647
82  552  0.0204257
83  95  0.0358115
83  191  0.0695325
83  204  0.104157
83  206  0.0130354
83  373  0.0298376
83  385  0.0305106
83  394  0.0123029
83  550  0.482147
84  94  0.0358943
84  205  0.0130457
84  372  0.0298329
84  393  0.012345
84  549  0.482462
85  93  0.0360707
85  189  0.37796
85  392  0.0123284
85  548  0.480875
86  92  0.0360105
86  188  0.402338
86  370  0.0277165
86  391  0.0123303
86  546  0.357092
87  91  0.0223075
87  187  0.410783
87  390  0.0118815
87  545  0.351983
88  186  0.410833
88  544  0.346116
88  545  0.128236
89  185  0.410242
89  367  0.0269529
89  544  0.133528
90  366  0.0248613
90  542  0.338435
90  543  0.126862
91  386  0.0117602
91  541  0.350166
92  183  0.0649902
92  385  0.0118114
93  182  0.0742242
93  363  0.0283974
93  384  0.0117991
93  540  0.486733
94  362  0.0285977
94  383  0.0117762
94  539  0.500683
95  181  0.410421
95  361  0.0285997
95  382  0.0117673
95  538  0.501553
96  180  0.410598
96  360  0.028561
96  485  0.0133569
96  537  0.501189
97  179  0.411014
97  359  0.0285619
97  484  0.0170503
97  536  0.501239
98  178  0.411296
98  358  0.0285419
98  483  0.017321
98  535  0.50129
99  177  0.408855
99  482  0.012553
99  534  0.414115
100  175  0.190988
100  356  0.0267609
101  112  0.195715
101  116  0.0108163
101  174  0.189971
101  175  0.21751
101  355  0.0265807
102  111  0.198825
102  115  0.0111743
102  174  0.217395
102  235  0.0208515
102  478  0.0101984
103  110  0.200069
103  114  0.0111039
103  234  0.0214038
103  477  0.0100361
104  109  0.198903
104  117  0.016025
104  164  0.0287189
104  168  0.373409
104  170  0.0138298
104  233  0.0215055
104  474  0.0155858
104  531  0.140746
105  112  0.0115804
105  116  0.0160329
105  163  0.0287388
105  167  0.372648
105  169  0.0142678
105  232  0.0206385
105  472  0.0433449
106  111  0.0112888
106  115  0.0159573
106  162  0.0287349
106  167  0.0140693
106  471  0.0437738
106  529  0.261345
107  165  0.379181
107  470  0.0437384
107  528  0.266759
108  160  0.0287111
108  164  0.389768
108  230  0.0227028
108  469  0.0433703
108  527  0.266982
109  159  0.0287168
109  163  0.389783
109  229  0.0228001
109  526  0.266982
110  158  0.0261407
110  162  0.150625
110  228  0.0227606
110  525  0.103904
111  161  0.1485
111  227  0.022803
111  255  0.0119589
111  467  0.0438733
111  524  0.101573
112  160  0.386291
112  226  0.0228008
112  254  0.0119682
112  466  0.0441944
112  523  0.263124
113  225  0.0226644
113  253  0.0119633
113  465  0.0444281
114  144  0.168059
114  158  0.0165967
114  159  0.01185
114  252  0.0119417
114  464  0.0444992
114  482  0.0136466
114  532  0.0681821
115  143  0.691693
115  224  0.0215049
115  251  0.011956
115  463  0.0446178
115  481  0.017311
115  531  0.0817541
116  142  0.692298
116  223  0.0214949
116  462  0.0446219
116  479  0.0732896
117  141  0.689737
117  222  0.0215203
117  249  0.0119552
117  461  0.0446165
117  478  0.075072
117  529  0.0289065
118  221  0.0209927
118  248  0.0119109
118  459  0.0440272
118  477  0.0750747
119  139  0.0277164
119  220  0.0192095
119  247  0.0109512
119  458  0.0440186
119  476  0.0750542
119  533  0.0379768
120  139  0.678435
120  219  0.0146703
120  457  0.0440906
120  475  0.0749962
120  532  0.0453916
121  138  0.799687
121  218  0.0101519
121  245  0.0100874
121  456  0.0442068
121  474  0.0751514
121  531  0.0470133
122  137  0.799399
122  244  0.0118989
122  455  0.0442015
122  473  0.0751403
122  530  0.0469446
123  136  0.800318
123  188  0.0118781
123  243  0.0119138
123  454  0.0442079
123  472  0.0751399
123  529  0.0467914
124  135  0.807368
124  138  0.0144126
124  140  0.024619
124  187  0.0132966
124  242  0.0119071
124  453  0.0427511
125  134  0.799891
125  137  0.013502
125  139  0.0245998
125  241  0.0118078
125  452  0.0334338
125  470  0.0743712
126  133  0.72781
126  138  0.0241108
126  186  0.0354103
126  469  0.0729349
127  132  0.394738
127  135  0.0133744
127  185  0.0356116
127  467  0.050766
127  468  0.0114277
128  184  0.0356414
128  466  0.050399
129  183  0.0352814
129  465  0.031996
129  466  0.0105974
130  182  0.0338073
130  464  0.0239733
132  178  0.0140446
133  177  0.0172585
134  176  0.0176534
134  233  0.0115944
134  465  0.0380159
135  174  0.0192015
135  175  0.0120673
135  232  0.0123639
135  256  0.0435965
135  464  0.0438736
136  173  0.0248218
136  231  0.0125313
136  255  0.0469567
136  463  0.0448222
137  230  0.012531
137  254  0.046963
137  462  0.0448047
138  229  0.0125162
138  461  0.0446897
139  170  0.0330691
139  253  0.0670118
140  169  0.0340325
140  252  0.0711938
141  160  0.0101224
141  168  0.0327418
141  251  0.0719765
141  527  0.150781
142  159  0.0101646
142  167  0.0314971
142  250  0.0719808
142  526  0.150852
143  249  0.0719178
143  525  0.150855
144  157  0.46298
144  248  0.0307739
144  524  0.0915638
145  156  0.46875
146  155  0.472068
146  522  0.382951
147  154  0.472382
147  164  0.069239
147  521  0.41344
148  153  0.439422
148  163  0.0693542
148  520  0.413466
149  162  0.069362
149  243  0.0189678
149  519  0.413447
150  160  0.06533
150  242  0.0199721
150  518  0.410022
151  159  0.0682872
151  241  0.0199811
151  517  0.40993
152  158  0.067599
152  240  0.0197292
152  501  0.0301966
152  516  0.332073
153  157  0.0531364
153  160  0.0327665
153  497  0.274012
153  500  0.0978237
154  159  0.0326373
154  496  0.274453
154  499  0.097786
155  164  0.0684909
155  495  0.273923
155  498  0.01697
156  163  0.0683233
156  236  0.0203356
156  494  0.274282
157  162  0.0621654
157  235  0.0205069
157  493  0.273669
158  234  0.0201421
158  492  0.259259
159  168  0.0759671
159  230  0.0157488
159  233  0.0194601
159  491  0.243253
160  167  0.0762913
160  229  0.0158135
160  232  0.0194662
160  489  0.0311691
161  166  0.0710652
161  228  0.0161077
161  489  0.0250039
162  227  0.0166127
162  231  0.0195478
162  463  0.0189666
162  487  0.0186664
162  488  0.165323
163  226  0.016493
163  230  0.0195493
163  462  0.0192486
163  487  0.162404
163  500  0.0352502
164  211  0.0229101
164  229  0.0194881
164  461  0.0192381
164  499  0.0355725
165  210  0.0255574
165  498  0.0180108
166  194  0.0442361
166  209  0.0255079
166  498  0.071198
167  173  0.0185887
167  193  0.0575627
167  208  0.0253372
167  242  0.0176711
167  387  0.131432
167  497  0.096614
168  207  0.02528
168  222  0.0178327
168  241  0.0176731
168  386  0.13549
168  496  0.0966127
169  173  0.0213768
169  191  0.139661
169  221  0.0107124
169  385  0.131219
169  495  0.0949561
169  497  0.0361453
170  190  0.139856
170  235  0.0232813
170  384  0.126781
170  494  0.0884568
170  496  0.0361752
171  189  0.0706647
171  234  0.0256785
171  383  0.0658321
171  495  0.0349193
172  189  0.187524
172  233  0.0261542
172  383  0.0119398
173  188  0.266138
173  232  0.0262871
173  382  0.023823
173  493  0.129923
174  187  0.270249
174  231  0.0263097
174  265  0.0447399
174  492  0.152656
175  186  0.261399
175  230  0.0262939
175  264  0.0449185
175  491  0.158221
176  229  0.0209455
176  263  0.0443417
176  490  0.155981
177  184  0.0411877
178  183  0.0293804
178  185  0.116077
178  227  0.01292
179  184  0.0767759
179  261  0.0378865
180  225  0.0205517
180  260  0.0438294
180  488  0.156717
181  224  0.021803
181  259  0.045044
181  487  0.157873
182  223  0.0206278
182  258  0.0449688
183  222  0.0158535
183  257  0.0433208
183  485  0.153789
184  256  0.0378899
184  484  0.162448
185  483  0.159799
186  250  0.0135769
187  249  0.0136158
187  252  0.0263178
188  248  0.0107422
188  251  0.0264987
188  447  0.01049
188  481  0.179841
189  250  0.025789
189  480  0.180472
190  208  0.120388
190  223  0.0120809
190  479  0.180869
191  207  0.147663
191  222  0.0158338
191  478  0.180947
192  206  0.15221
192  221  0.0163954
192  383  0.10063
192  477  0.166719
193  205  0.150769
193  382  0.140378
193  483  0.023153
194  199  0.0102004
194  202  0.2477
194  203  0.0118423
194  219  0.0720107
194  381  0.141558
194  475  0.0796698
194  482  0.0232543
195  201  0.300471
195  204  0.0114682
195  218  0.0966559
195  380  0.141234
195  474  0.126659
195  481  0.0227714
196  200  0.11442
196  217  0.0954988
197  216  0.0892498
197  378  0.0335187
198  377  0.0338672
199  213  0.078145
199  377  0.0121154
199  378  0.0247667
200  212  0.1175
200  430  0.198134
200  484  0.0103031
201  211  0.124996
201  376  0.0420158
201  429  0.209356
201  483  0.0108701
202  210  0.120202
202  375  0.0212437
202  428  0.209412
203  209  0.101562
203  375  0.161921
203  427  0.209303
204  374  0.189172
204  426  0.209207
205  373  0.191055
205  411  0.0247391
205  424  0.0881769
205  425  0.0343124
206  372  0.190898
206  409  0.0149985
206  410  0.0167437
206  412  0.0158367
206  423  0.092115
207  371  0.191247
207  408  0.0359338
207  411  0.0197566
207  422  0.084755
208  370  0.191032
208  407  0.0353946
208  410  0.0189396
208  414  0.0392348
208  421  0.0823642
209  220  0.0180317
209  369  0.190039
209  406  0.0329261
209  409  0.0162651
209  413  0.0681514
209  420  0.0691293
210  219  0.0246865
210  247  0.0980472
210  368  0.190638
210  405  0.0261521
210  412  0.0776909
210  419  0.0498272
211  218  0.0269505
211  246  0.179661
211  367  0.189227
211  411  0.080845
211  460  0.0189871
212  217  0.0235948
212  245  0.186983
212  459  0.0190265
212  477  0.0553008
213  244  0.191059
213  365  0.136724
213  410  0.097639
213  458  0.0190548
213  476  0.0656583
214  243  0.191462
214  364  0.137336
214  409  0.0993782
214  457  0.019074
214  475  0.0670252
215  242  0.190567
215  276  0.0388863
215  408  0.0995527
215  456  0.0190077
215  474  0.0672063
216  237  0.159432
216  241  0.163679
216  275  0.0389748
216  407  0.0958763
216  455  0.017735
216  473  0.0669931
216  537  0.0804194
217  236  0.339368
217  240  0.0176651
217  274  0.0390114
217  406  0.0922938
217  454  0.0107144
217  472  0.0666471
217  536  0.113811
218  235  0.364218
218  273  0.038889
218  405  0.0911523
218  471  0.0658787
218  535  0.118331
219  234  0.377957
220  233  0.378584
221  232  0.378654
221  436  0.0468963
221  532  0.257699
222  230  0.0747459
222  231  0.318956
222  270  0.0185913
222  435  0.0536148
222  453  0.0175625
222  531  0.297804
223  229  0.128466
223  269  0.0183238
223  434  0.054242
223  452  0.0176034
223  530  0.297865
224  228  0.049011
224  229  0.175123
224  433  0.05428
224  451  0.0176019
224  529  0.29794
225  268  0.0423889
225  432  0.0406139
225  450  0.0165706
225  528  0.29773
226  267  0.0435578
226  526  0.29774
227  429  0.0222302
227  525  0.297731
228  265  0.0597682
228  428  0.0207133
228  524  0.295964
229  264  0.0598399
229  427  0.0209024
229  523  0.295651
230  263  0.0598522
230  426  0.0226487
230  522  0.292747
231  243  0.16999
231  262  0.0596965
231  448  0.0615833
231  457  0.0990346
231  475  0.0253821
231  478  0.0163351
232  242  0.217004
232  261  0.0189366
232  411  0.0219762
232  447  0.0671736
232  456  0.10481
232  474  0.0265774
232  477  0.0173984
233  240  0.0115491
233  241  0.21086
233  410  0.0220002
233  446  0.0671801
233  455  0.104745
233  473  0.0257505
233  476  0.0174739
234  239  0.0180558
234  240  0.194282
234  409  0.0219309
234  445  0.0671971
234  454  0.104355
234  472  0.0221186
234  475  0.0172806
235  259  0.0111512
235  408  0.0214772
235  444  0.0672747
235  453  0.102098
235  474  0.0165065
236  258  0.0106828
236  443  0.0637034
240  351  0.0253044
241  251  0.0137285
241  350  0.0339842
241  362  0.139425
241  404  0.162356
241  447  0.110609
242  250  0.0136236
242  349  0.0348736
242  361  0.139415
242  403  0.162461
242  446  0.110653
243  259  0.0281217
243  348  0.0356806
243  402  0.16251
243  444  0.105016
244  258  0.0281094
244  347  0.0356564
244  443  0.104885
244  495  0.0114424
245  257  0.0270777
245  346  0.0354211
245  359  0.127509
245  401  0.163452
245  442  0.103015
245  494  0.012589
246  256  0.0182456
246  345  0.0312164
246  358  0.140924
246  400  0.163709
246  441  0.0965436
246  480  0.0392034
246  493  0.0118292
247  357  0.14256
247  399  0.165079
247  479  0.0462342
248  256  0.0113629
248  343  0.0280138
248  356  0.1405
248  398  0.165381
248  406  0.10308
248  478  0.045805
249  255  0.0285046
249  342  0.0279168
249  397  0.165927
249  477  0.0167799
250  254  0.0176924
250  341  0.0212698
250  354  0.139083
250  396  0.165881
250  404  0.343441
251  353  0.14293
251  395  0.165995
251  403  0.344803
251  475  0.081283
252  341  0.0171148
252  352  0.142981
252  394  0.162513
252  402  0.346953
252  474  0.0919047
253  340  0.034626
253  393  0.0505935
253  401  0.346873
253  473  0.0920092
254  339  0.0355065
254  400  0.346941
254  472  0.0920686
255  349  0.14287
255  391  0.160906
255  398  0.345977
255  471  0.092004
256  337  0.0391463
256  348  0.142772
256  390  0.15788
256  397  0.344365
256  444  0.0254202
256  460  0.026588
256  469  0.0261935
257  336  0.039197
257  347  0.142616
257  396  0.323753
257  435  0.0180058
257  443  0.02544
257  459  0.0266212
257  468  0.0251826
258  335  0.0392059
258  346  0.130574
258  388  0.0106992
258  389  0.0468893
258  395  0.152111
258  434  0.0202228
258  442  0.0254358
258  452  0.0190846
258  458  0.0265777
259  334  0.0392245
259  370  0.263468
259  433  0.0203751
259  441  0.0254179
259  451  0.0298035
259  457  0.0264394
260  333  0.0374885
260  344  0.125901
260  369  0.284998
260  432  0.0185044
260  440  0.024362
260  450  0.0298737
261  332  0.0330727
261  343  0.14232
261  368  0.291245
261  386  0.109736
261  431  0.0162115
261  439  0.0225272
261  449  0.029825
261  464  0.0425235
262  311  0.0267776
262  342  0.142702
262  367  0.294074
262  385  0.119096
262  463  0.0687251
263  310  0.0268
263  341  0.142342
263  383  0.0176677
263  404  0.0149919
263  447  0.0295328
263  462  0.0687561
264  309  0.0266306
264  339  0.0212755
264  382  0.0172509
264  403  0.0149473
264  446  0.0156335
264  461  0.0679279
265  339  0.0793979
265  364  0.29465
265  382  0.112814
265  446  0.0142226
266  363  0.294686
266  381  0.100884
266  445  0.0280973
267  337  0.117886
267  362  0.294575
267  444  0.0280172
267  460  0.0119321
268  336  0.112871
268  443  0.0266626
268  459  0.011398
269  285  0.4631
269  357  0.294461
270  284  0.50116
270  334  0.0198375
270  356  0.296874
271  283  0.504115
271  355  0.296885
272  282  0.513022
272  353  0.296927
273  281  0.499778
273  352  0.296928
274  279  0.0216835
274  351  0.296668
275  350  0.295944
276  349  0.294794
277  316  0.0212662
277  335  0.0821597
277  365  0.03738
278  312  0.0103634
278  315  0.0234059
278  334  0.0896739
278  364  0.0402568
279  333  0.0784982
279  363  0.040585
280  310  0.0750559
280  313  0.324746
280  362  0.0407013
281  309  0.0760468
281  312  0.325219
281  361  0.0406817
282  308  0.051087
282  310  0.0155548
282  311  0.309141
283  307  0.0255686
283  308  0.260545
283  310  0.161168
284  307  0.438217
284  308  0.0129514
285  306  0.478744
286  305  0.487555
287  304  0.489638
287  330  0.0351006
287  380  0.412063
287  399  0.0265117
288  303  0.489434
288  329  0.0362057
288  379  0.417469
288  398  0.0283759
289  300  0.0518642
289  301  0.0293325
289  302  0.401564
289  328  0.0363841
289  378  0.417278
289  397  0.0285273
290  299  0.378315
290  300  0.0299779
290  327  0.0362548
290  377  0.417962
290  396  0.0283678
291  298  0.428377
291  326  0.0317536
291  376  0.41819
291  395  0.0282134
292  297  0.324448
292  299  0.0130091
292  375  0.417303
293  374  0.32252
295  372  0.394237
296  325  0.0114825
296  371  0.384537
297  323  0.0214261
297  368  0.182523
297  370  0.248146
298  367  0.43927
299  321  0.0327513
299  366  0.44967
300  320  0.0347657
300  365  0.451675
301  319  0.0349431
301  364  0.45117
302  318  0.0349436
303  317  0.034841
303  362  0.453086
304  315  0.0269699
304  361  0.453189
304  364  0.0132191
305  360  0.449628
305  363  0.013503
306  313  0.0344983
306  362  0.0135459
307  312  0.0324741
307  361  0.013483
308  358  0.459134
309  357  0.505061
310  356  0.50675
311  355  0.506737
312  330  0.0286882
312  354  0.505201
313  329  0.0296664
313  353  0.504371
314  329  0.269686
315  328  0.670653
315  351  0.171384
316  327  0.671282
316  350  0.248351
317  326  0.671786
317  349  0.249691
318  325  0.669912
318  342  0.0140638
318  348  0.239185
319  341  0.0141585
319  347  0.191388
321  338  0.0206959
322  337  0.0213971
323  336  0.0190385
325  334  0.0140851
326  341  0.240807
327  335  0.0171603
327  340  0.242769
328  334  0.0174167
328  339  0.242574
329  337  0.010654
329  338  0.211665
329  352  0.0137817
331  336  0.0146424
334  348  0.145132
334  352  0.108506
335  347  0.143405
335  351  0.105874
336  346  0.129086
337  349  0.0238548
338  344  0.0790635
338  345  0.0160222
338  349  0.0667149
339  348  0.214262
339  352  0.0232105
340  347  0.155694
340  351  0.021069
342  349  0.0184314
347  410  0.0135732
348  409  0.0148184
349  408  0.0151728
350  407  0.0151739
351  406  0.0151977
352  405  0.0152122
353  404  0.0151055
354  403  0.0150835
355  402  0.0148214
370  394  0.0282577
370  396  0.0285764
371  393  0.0283769
371  395  0.182574
372  392  0.0283329
372  394  0.319739
373  391  0.0281978
373  393  0.319786
374  390  0.0240928
374  392  0.202219
375  389  0.0206524
375  391  0.202615
376  390  0.347923
377  389  0.350357
378  388  0.359354
379  387  0.366917
380  386  0.36349
382  394  0.17901
382  481  0.0342909
383  393  0.180556
383  480  0.0343965
384  392  0.181442
384  479  0.0344276
385  391  0.181181
385  478  0.0344253
386  390  0.112399
386  477  0.0270859
387  476  0.0245904
390  461  0.0109223
391  460  0.013661
391  481  0.218891
392  480  0.219262
393  404  0.0108953
393  479  0.219649
394  403  0.0109112
394  457  0.0359813
394  478  0.219502
395  402  0.011362
395  411  0.0313834
395  456  0.136367
395  477  0.209628
396  401  0.0101349
396  410  0.0316309
396  455  0.136629
396  476  0.209985
397  409  0.0317131
397  454  0.136745
397  475  0.210059
398  408  0.0317542
398  453  0.136698
398  474  0.208877
399  407  0.0308338
399  452  0.121942
399  473  0.195946
402  448  0.19637
402  471  0.0624008
403  447  0.217321
403  469  0.0230632
404  433  0.01233
404  446  0.217237
405  467  0.0649687
406  466  0.0650695
407  416  0.0123779
407  465  0.0650194
408  415  0.0131107
408  429  0.601257
408  464  0.0648603
409  428  0.614581
409  463  0.0591205
410  427  0.618502
411  426  0.616005
411  429  0.0459126
411  461  0.0147231
412  425  0.518264
412  428  0.0446265
413  427  0.0442816
414  425  0.235793
415  422  0.532095
415  424  0.365032
416  421  0.528514
416  423  0.364896
417  422  0.351522
425  436  0.030156
426  435  0.0496011
427  434  0.0516859
428  433  0.0519091
433  444  0.2349
434  443  0.233634
435  442  0.217524
439  462  0.0112092
439  469  0.381544
440  468  0.381917
441  460  0.0908178
441  467  0.382674
442  459  0.0908835
442  466  0.379433
443  458  0.0909993
444  457  0.0907807
444  464  0.275037
446  456  0.0101322
446  462  0.38707
447  454  0.0906698
447  461  0.388349
448  453  0.0813172
448  460  0.387559
448  469  0.0447052
449  459  0.323755
449  468  0.0444022
451  456  0.142932
451  466  0.0139164
451  469  0.0547728
452  465  0.047068
452  468  0.0543932
453  464  0.0480878
454  463  0.0477453
454  466  0.0356363
455  465  0.0576153
455  479  0.0295215
456  461  0.0258363
456  464  0.0584921
456  478  0.0309728
457  463  0.0568446
457  477  0.0107071
458  477  0.0838168
458  495  0.0148391
459  476  0.103398
459  494  0.0166044
460  475  0.104893
460  493  0.0166984
461  474  0.105403
461  521  0.0549016
462  472  0.106543
462  520  0.0549261
463  471  0.105981
463  475  0.0599493
463  519  0.0548835
464  474  0.072831
464  518  0.0513796
465  473  0.072155
465  517  0.0476468
466  472  0.0710759
466  516  0.0406233
467  471  0.0271298
468  490  0.0262252
468  515  0.0294797
469  489  0.0295477
469  514  0.0297182
470  488  0.029681
470  513  0.0281456
471  487  0.0296636
471  512  0.0222366
474  483  0.0140011
478  491  0.0581803
479  490  0.058613
481  489  0.130723
481  493  0.103697
482  488  0.12997
482  492  0.104375
483  487  0.102286
483  491  0.102827
487  529  0.105509
488  528  0.106042
489  527  0.106274
491  507  0.0100933
491  526  0.103418
492  505  0.0280524
492  525  0.103051
493  504  0.0397615
493  524  0.0238311
494  503  0.0396893
495  502  0.0387445
495  522  0.10418
496  521  0.512516
497  520  0.520132
498  519  0.519474
499  518  0.521519
500  514  0.0186301
500  517  0.518753
501  513  0.0188899
502  512  0.0186569
503  511  0.0171011
503  515  0.858109
504  514  0.921381
505  513  0.914786
506  512  0.881558
539  557  0.486126
540  556  0.506659
541  555  0.515136
542  554  0.514775
543  553  0.514641
544  552  0.51514
545  551  0.509931
546  550  0.400783
