1  269  0.304871
1  294  0.0146703
2  46  0.223397
2  268  0.276184
2  293  0.0146572
3  45  0.535487
3  269  0.0309264
3  292  0.0143859
4  44  0.72699
5  43  0.990292
6  42  0.990691
7  41  0.990274
8  40  0.990458
9  39  0.938626
13  35  0.989486
14  34  0.989105
15  33  0.987799
18  30  0.954502
19  29  0.986116
20  28  0.985163
21  27  0.872672
44  266  0.196962
45  265  0.41277
45  299  0.0144075
46  264  0.677719
46  298  0.0297547
47  263  0.865153
47  297  0.0464984
48  262  0.880972
48  296  0.04782
49  261  0.88055
49  295  0.0475938
50  74  0.4496
50  260  0.345795
51  73  0.721495
51  259  0.195102
52  72  0.72226
52  258  0.169019
53  71  0.724224
53  101  0.224901
53  257  0.0302135
54  70  0.725176
54  100  0.273451
55  69  0.725176
55  99  0.273938
56  68  0.724778
56  98  0.273841
57  67  0.725155
57  97  0.274021
58  66  0.714692
58  96  0.272417
60  90  0.257966
61  89  0.258812
61  91  0.0102217
63  87  0.269491
64  86  0.274069
65  85  0.274107
66  84  0.27403
67  83  0.274251
68  82  0.273066
69  81  0.270416
70  80  0.259034
72  79  0.0198975
73  79  0.0104569
76  101  0.0887002
77  100  0.116499
77  262  0.0263163
77  296  0.0367295
78  99  0.116703
78  261  0.0270041
78  295  0.0376989
79  97  0.121212
79  294  0.0459836
80  96  0.126328
80  100  0.535058
80  293  0.0444667
81  95  0.126411
81  99  0.547196
82  94  0.123534
82  98  0.547289
83  97  0.547722
84  92  0.119163
84  96  0.547254
85  91  0.119659
85  95  0.546366
86  90  0.0455926
86  94  0.539519
86  272  0.0368582
87  93  0.49804
87  271  0.0373497
88  270  0.0373794
89  269  0.0373775
90  268  0.0370418
94  265  0.0332589
95  264  0.0331705
96  263  0.0343703
97  262  0.0375796
98  261  0.027191
100  259  0.0146072
101  258  0.0127808
101  260  0.505452
102  256  0.0310651
102  259  0.779783
103  258  0.796024
104  257  0.824722
107  254  0.997002
108  253  0.998286
109  252  0.999252
110  251  0.999271
111  250  0.999239
112  249  0.999234
113  248  0.999152
114  247  0.986737
115  246  0.721192
116  123  0.0251349
117  122  0.0308096
117  245  0.0599478
117  246  0.0194111
118  124  0.0137221
118  244  0.0409016
119  242  0.0134886
119  244  0.0648641
120  243  0.0668952
120  246  0.234571
121  245  0.621594
122  242  0.016492
122  244  0.63512
123  243  0.638392
124  241  0.97421
125  240  0.996737
126  239  0.996939
127  238  0.239917
128  237  0.109609
129  236  0.870448
130  235  0.993514
131  234  0.974958
132  233  0.916755
134  172  0.870819
135  171  0.995146
136  170  0.999777
137  169  0.999325
138  168  0.9999
139  167  0.999865
140  166  0.998294
141  165  0.949049
142  164  0.921873
142  165  0.041559
143  164  0.0110493
144  162  0.291949
144  163  0.572903
145  162  0.61113
145  163  0.0238712
146  162  0.0239582
147  160  0.998998
148  159  0.99986
149  158  0.999877
150  157  0.999344
151  156  0.947494
173  231  0.991425
174  230  0.991866
175  203  0.0140515
175  229  0.966799
176  228  0.907861
177  202  0.987379
178  201  0.996872
179  200  0.998499
180  199  0.999968
181  198  0.999986
182  197  0.999949
183  195  0.0138814
183  196  0.985823
184  194  0.432325
184  195  0.559441
185  193  0.850559
186  192  0.843578
187  192  0.0430759
210  229  0.0157431
211  227  0.989835
212  226  0.996827
213  225  0.999507
214  224  0.999522
215  223  0.990593
216  222  0.988321
217  221  0.612153
261  273  0.0417214
262  272  0.0421407
263  271  0.0417854
264  270  0.0379064
270  298  0.814909
271  297  0.860972
272  296  0.865604
273  295  0.859857
273  296  0.0197611
274  293  0.152549
274  295  0.0240999
275  293  0.286261
276  293  0.0625365
277  291  0.751111
278  290  0.851782
279  289  0.859852
279  292  0.0509426
279  294  0.04729
280  288  0.853413
280  293  0.047178
281  290  0.110847
282  286  0.0170591
282  289  0.121156
283  288  0.118401
