1  27  0.0215346
1  29  0.0756997
1  523  0.0231346
1  525  0.044497
1  549  0.0204237
1  566  0.0170832
1  579  0.0499197
2  28  0.0759231
2  54  0.0316444
2  453  0.014309
2  522  0.0226172
2  524  0.0578249
2  565  0.0170045
2  578  0.0506549
3  24  0.424218
3  27  0.0730879
3  53  0.124758
3  452  0.0208966
3  523  0.0624666
3  564  0.0162616
3  568  0.0144172
3  577  0.0486726
4  23  0.425856
4  52  0.124841
4  451  0.0209112
4  522  0.0624685
4  546  0.0205685
4  567  0.0144311
4  586  0.0192926
5  22  0.425706
5  26  0.073626
5  51  0.123459
5  450  0.0208731
5  521  0.0496675
5  545  0.0161311
5  585  0.0160973
6  21  0.425359
6  25  0.0829072
6  50  0.116973
6  449  0.0208172
7  20  0.41729
7  24  0.0950037
7  448  0.0207159
7  572  0.0164564
7  573  0.0586967
8  571  0.0206649
8  572  0.0571966
9  22  0.11244
9  570  0.0226824
9  571  0.0538707
10  21  0.122431
10  45  0.0153706
10  569  0.0242776
10  570  0.0473983
11  20  0.124646
11  40  0.0116328
11  44  0.0164379
11  46  0.0547631
11  568  0.0255005
11  569  0.0268827
12  39  0.0116629
12  45  0.053188
12  589  0.0501083
13  38  0.0114204
13  588  0.0538523
14  43  0.0248858
14  587  0.0552738
15  42  0.0247536
15  586  0.054811
16  39  0.0126437
16  571  0.0154225
16  585  0.0457093
17  38  0.0137248
17  570  0.0264496
18  530  0.160447
18  569  0.0297637
19  24  0.0111241
19  36  0.0633397
19  40  0.0422185
19  529  0.195791
19  568  0.0307525
20  35  0.0634316
20  528  0.195693
20  567  0.0307214
21  34  0.0626826
22  33  0.0594464
22  37  0.118339
22  524  0.204801
23  36  0.142057
23  523  0.213982
24  31  0.0448079
24  35  0.142075
24  522  0.213705
25  34  0.134775
25  519  0.233991
25  520  0.0822717
26  32  0.012614
26  33  0.10882
26  518  0.348711
26  519  0.0834188
26  584  0.0188548
26  587  0.0844266
27  31  0.0156589
27  517  0.35835
27  583  0.0205824
27  586  0.0921252
28  585  0.0690824
29  516  0.525884
29  582  0.0418526
30  41  0.0203094
30  515  0.527571
30  581  0.0420625
31  40  0.0262191
31  514  0.528861
31  572  0.0717485
31  573  0.0619707
31  580  0.0412388
32  39  0.0245621
32  513  0.527515
32  571  0.0958103
32  572  0.0577537
33  38  0.0186021
33  512  0.50024
33  570  0.104109
33  571  0.0514202
34  569  0.109478
34  570  0.0391581
35  53  0.0954232
35  510  0.524359
35  568  0.114234
36  52  0.0954212
36  509  0.524636
36  567  0.114205
37  51  0.0831191
37  461  0.0134934
38  49  0.0134655
38  462  0.0159063
39  48  0.0128087
40  459  0.513355
41  458  0.525041
42  457  0.524933
43  456  0.526214
44  455  0.524308
45  389  0.0109277
45  454  0.36085
45  556  0.0539924
45  587  0.015735
46  376  0.267894
46  388  0.0122729
46  454  0.0597383
46  542  0.0481555
46  555  0.0586208
46  586  0.0171493
47  375  0.272963
47  387  0.0103491
47  541  0.0498632
47  554  0.0571308
47  585  0.0143602
48  374  0.270011
48  540  0.0443778
49  372  0.506437
49  552  0.0517795
50  371  0.544183
50  538  0.0518389
50  551  0.0571911
51  370  0.550484
51  537  0.0592638
51  550  0.0571641
52  161  0.0120576
52  369  0.555887
52  536  0.0601683
52  549  0.0561946
52  568  0.0194288
53  160  0.0160932
53  368  0.555906
53  535  0.0595918
53  548  0.0561686
53  567  0.0194632
54  159  0.0160673
54  367  0.555746
54  547  0.0342388
54  566  0.0184491
54  569  0.166017
55  158  0.0160961
55  366  0.555702
55  533  0.0625894
55  568  0.25077
56  157  0.0160901
56  365  0.554907
56  531  0.0780044
56  546  0.0144767
56  567  0.251107
57  71  0.010502
57  78  0.440029
57  341  0.0119828
57  345  0.011657
57  351  0.0239881
57  530  0.0783812
57  544  0.0396453
57  566  0.242117
58  70  0.010446
58  77  0.456002
58  115  0.0184279
58  335  0.018686
58  340  0.0145342
58  344  0.0115933
58  350  0.0239435
58  529  0.0786744
58  543  0.0400879
58  549  0.270032
59  76  0.456083
59  114  0.0188943
59  334  0.0191702
59  339  0.0147602
59  343  0.0115854
59  528  0.0786723
59  542  0.0404653
59  548  0.27206
60  75  0.451598
60  113  0.0189472
60  338  0.0135127
60  349  0.0170591
60  527  0.0774351
60  541  0.0380792
60  547  0.271947
61  112  0.01897
61  337  0.0101814
61  348  0.0169746
61  540  0.0287333
62  111  0.0189627
62  347  0.0168943
62  545  0.273992
63  71  0.440935
63  78  0.087876
63  110  0.0189453
63  345  0.0150797
63  544  0.274559
64  70  0.386004
64  77  0.0904008
64  109  0.0188302
64  344  0.0149861
64  523  0.0763839
64  543  0.274569
65  76  0.0903171
65  108  0.0188239
65  343  0.0148776
65  522  0.0763925
65  542  0.274432
66  75  0.0860268
66  77  0.0729326
66  89  0.0148155
66  344  0.0245966
66  521  0.0512909
66  541  0.149572
67  73  0.0625508
67  76  0.0730491
67  88  0.0148186
67  343  0.0251214
68  72  0.0238283
68  342  0.0253954
68  519  0.0682989
68  538  0.0204079
68  539  0.039233
69  518  0.0749322
69  537  0.0253631
69  538  0.0282415
70  517  0.075068
70  535  0.141857
71  86  0.0100198
71  339  0.0253037
71  516  0.0750596
71  534  0.141968
72  85  0.0103628
72  338  0.0155414
72  514  0.0712325
72  533  0.0145274
73  338  0.175605
73  513  0.0710869
74  337  0.196718
74  512  0.0718466
75  336  0.204947
75  511  0.0722848
76  335  0.206663
76  510  0.0723061
77  334  0.103582
77  509  0.0721313
78  334  0.333408
79  333  0.887545
80  332  0.959529
81  331  0.965625
82  330  0.965404
83  329  0.965727
84  328  0.965719
85  327  0.96503
86  117  0.637722
86  183  0.0112143
86  326  0.0109857
87  118  0.118474
88  115  0.748325
88  117  0.147268
88  182  0.0149424
89  114  0.748529
89  181  0.0151252
90  101  0.0106825
90  105  0.0174716
90  113  0.744593
90  116  0.168928
90  180  0.0130026
91  100  0.0110793
91  104  0.0273535
91  112  0.724327
91  115  0.177008
91  123  0.0220941
92  99  0.0107071
92  103  0.0430892
92  114  0.163649
92  122  0.0223613
93  102  0.043131
93  114  0.0135923
93  121  0.0224538
94  101  0.034074
94  109  0.0174239
94  113  0.0265495
94  120  0.0224061
95  107  0.200566
95  108  0.0127581
95  119  0.0131158
96  105  0.0189854
96  106  0.203518
96  110  0.496182
96  112  0.161606
96  117  0.0192813
97  104  0.0901421
97  105  0.125074
97  109  0.488842
97  111  0.16638
97  116  0.0192607
98  103  0.152734
98  108  0.479782
99  106  0.0150897
99  109  0.136308
99  115  0.0223798
100  108  0.195683
100  114  0.0223063
101  107  0.20102
102  106  0.160965
103  110  0.0116991
119  144  0.0118994
120  143  0.0126579
120  184  0.785878
121  183  0.948571
122  141  0.0178024
122  182  0.948773
123  140  0.0196986
123  181  0.948729
124  139  0.0252557
124  180  0.940734
125  138  0.0258344
126  137  0.0259633
126  178  0.95015
127  136  0.0244502
127  177  0.956552
128  176  0.954188
129  175  0.953413
130  174  0.951279
131  173  0.912899
133  171  0.87106
134  170  0.860348
135  171  0.0674254
136  168  0.8669
136  170  0.0683216
137  167  0.885389
137  169  0.0687764
138  166  0.825514
138  168  0.0608291
140  167  0.0100624
141  163  0.898433
142  162  0.978312
143  161  0.978766
144  160  0.977787
145  159  0.90356
147  157  0.666317
148  156  0.986509
149  155  0.980207
150  154  0.373129
166  549  0.0254401
167  548  0.0254703
168  547  0.0255983
169  546  0.0256236
170  545  0.0256088
171  543  0.0128406
171  544  0.012847
172  542  0.0256163
173  541  0.0253658
175  539  0.0240133
176  538  0.0254495
177  537  0.0255811
178  536  0.0256745
179  535  0.0256896
180  534  0.0256372
181  533  0.0254829
183  531  0.0255648
184  530  0.0256661
185  326  0.96055
185  529  0.0256817
186  325  0.962008
186  528  0.0256811
187  324  0.968141
187  527  0.0248292
188  323  0.969229
188  526  0.0236493
189  322  0.970086
189  525  0.0175801
190  321  0.964741
191  320  0.913271
192  319  0.901942
195  208  0.871155
195  213  0.0617632
196  207  0.88447
196  212  0.106844
197  206  0.884765
197  211  0.111387
198  205  0.827973
198  210  0.111241
199  204  0.626924
199  209  0.111034
200  208  0.111154
201  207  0.110003
202  206  0.0681538
208  508  0.0100465
209  317  0.755875
209  507  0.0124482
210  316  0.85077
210  506  0.0133489
211  315  0.850856
211  505  0.0133375
212  314  0.433259
212  467  0.0243484
213  314  0.468163
213  466  0.0244718
214  312  0.015425
214  313  0.887627
214  320  0.0522241
214  465  0.0244776
215  311  0.0148029
215  312  0.88763
215  319  0.0582399
215  464  0.024477
216  311  0.887557
216  318  0.062301
216  463  0.0244709
217  317  0.0621186
217  461  0.0242703
218  310  0.855517
218  316  0.0617832
218  460  0.0243071
219  309  0.838567
219  315  0.0613027
219  459  0.0244369
221  309  0.0722
222  308  0.768657
222  456  0.0243392
223  307  0.928089
223  313  0.0316935
223  455  0.0244782
224  306  0.928597
224  312  0.0317953
224  454  0.0244782
225  305  0.926372
225  311  0.0316891
225  453  0.0243992
226  304  0.92011
226  310  0.0315033
226  452  0.0241884
227  309  0.030214
227  451  0.0237436
228  298  0.0173461
228  307  0.0230349
229  297  0.0179962
230  301  0.805227
230  385  0.0135293
231  296  0.0359382
231  300  0.904481
231  384  0.0152034
232  295  0.0472227
232  299  0.914788
232  383  0.0163178
233  294  0.0475379
233  298  0.914286
233  382  0.0162898
234  293  0.0480982
234  297  0.816961
235  244  0.0306653
235  292  0.0486062
236  291  0.0435268
236  296  0.0785301
237  295  0.0470069
239  288  0.0129001
239  295  0.593827
240  258  0.0101286
240  287  0.01218
240  294  0.653907
240  296  0.012492
241  257  0.0101687
241  293  0.676438
241  295  0.0126201
242  250  0.0114299
242  292  0.678253
242  294  0.0125373
243  290  0.0180025
243  291  0.632575
244  255  0.192033
245  254  0.192355
245  288  0.118939
245  295  0.0282938
246  253  0.187932
246  287  0.118033
246  294  0.0299057
247  252  0.136612
247  293  0.0296264
248  285  0.410295
248  293  0.0107914
249  261  0.0166664
249  284  0.4267
250  260  0.069859
250  283  0.423945
251  259  0.0696404
251  282  0.361158
251  290  0.190693
252  258  0.0663161
252  261  0.0675931
252  289  0.095773
253  257  0.0387319
253  260  0.289995
253  288  0.112223
254  259  0.179919
254  287  0.216852
255  286  0.216736
258  281  0.0101685
261  280  0.74566
262  279  0.98431
263  278  0.985388
264  277  0.988978
265  276  0.98844
266  275  0.987516
267  274  0.982987
268  273  0.84356
281  296  0.145579
282  295  0.167276
283  294  0.169695
283  325  0.0195126
284  293  0.169209
284  324  0.0231211
285  292  0.160256
285  323  0.0238197
286  322  0.0239055
287  321  0.0238849
288  320  0.0235357
291  317  0.0238516
292  316  0.0239161
293  315  0.0238946
294  314  0.0239071
295  313  0.0154399
297  311  0.0224213
298  310  0.0243708
299  309  0.0243518
300  308  0.0207531
328  351  0.0218444
329  350  0.0220087
330  349  0.0220749
331  348  0.0220518
332  347  0.0220989
333  346  0.0221137
334  345  0.0203884
335  537  0.155885
336  536  0.172919
337  535  0.164286
338  364  0.38542
338  534  0.165188
339  363  0.491062
339  533  0.31591
340  362  0.488974
340  532  0.326906
341  361  0.488849
341  531  0.328785
342  457  0.0223044
342  530  0.329306
343  360  0.523787
343  456  0.0285645
343  466  0.0167508
343  529  0.329708
344  359  0.523872
344  455  0.0294898
344  465  0.0168768
344  528  0.329165
345  358  0.5238
345  454  0.0294775
345  464  0.0168551
345  522  0.327516
346  357  0.518947
346  521  0.330128
347  356  0.490886
347  520  0.329863
348  519  0.329677
349  518  0.330677
350  455  0.0108379
350  517  0.330942
351  454  0.0108549
351  516  0.330586
352  456  0.123548
353  455  0.147408
354  454  0.147844
355  370  0.350254
356  369  0.400136
356  469  0.0162307
357  364  0.0288152
357  368  0.399842
357  468  0.0162495
358  363  0.0357203
358  367  0.404523
358  467  0.0162709
359  366  0.404486
359  466  0.0162711
360  365  0.395029
360  465  0.0161626
362  460  0.0166749
363  459  0.0170714
364  458  0.0113655
365  456  0.0121978
366  455  0.0179493
367  454  0.0179469
368  452  0.0143045
369  451  0.0143027
370  450  0.0125577
370  514  0.0227543
371  449  0.0103574
371  513  0.0227242
373  386  0.0473509
374  385  0.0647259
375  384  0.0767949
375  511  0.066684
376  383  0.0807517
376  469  0.0114353
376  510  0.0814346
377  382  0.0611078
377  509  0.0777462
381  507  0.0795233
382  452  0.772155
382  506  0.0890979
383  451  0.772512
383  505  0.0891105
384  449  0.323787
384  450  0.458072
384  504  0.0813374
385  448  0.650658
385  449  0.116462
386  447  0.649836
386  502  0.0543273
387  446  0.56926
387  447  0.069572
387  500  0.0625876
387  515  0.0343016
388  499  0.0636508
388  514  0.0427514
389  498  0.0603254
389  513  0.0422402
390  512  0.0352817
391  444  0.996226
392  443  0.996843
393  442  0.997435
394  441  0.997628
395  440  0.997661
396  439  0.997617
397  438  0.996825
398  437  0.992187
399  436  0.96979
400  435  0.716505
401  420  0.0350681
401  430  0.337869
401  431  0.0253091
402  419  0.0397283
402  429  0.340797
402  432  0.466257
402  433  0.0137671
403  418  0.0403235
403  430  0.139783
403  431  0.409497
404  413  0.0168103
404  416  0.0301268
404  417  0.0220839
404  428  0.488174
404  429  0.190211
405  412  0.0147919
405  415  0.0499104
405  427  0.491012
405  430  0.0819259
406  414  0.0502297
406  428  0.0894181
406  429  0.0816219
407  425  0.338298
408  426  0.0184057
409  424  0.859658
409  425  0.0111388
410  423  0.890349
411  422  0.898223
413  421  0.903747
414  420  0.894219
415  419  0.34041
418  435  0.0200082
419  434  0.0303582
420  429  0.0126533
420  433  0.0371557
421  428  0.0120174
421  432  0.0758616
422  431  0.075461
450  497  0.0734995
450  511  0.0304729
451  496  0.0953414
451  510  0.0392981
452  495  0.0953189
452  509  0.0392864
454  467  0.166036
455  466  0.166227
455  514  0.0130265
456  465  0.147063
457  464  0.132825
458  463  0.111238
458  511  0.0636563
458  515  0.0158693
459  510  0.0807266
459  514  0.0195967
460  509  0.06263
463  508  0.722276
464  507  0.725577
465  506  0.728276
466  505  0.394299
467  503  0.0189649
467  505  0.344037
468  501  0.0144445
468  504  0.682177
469  500  0.0144471
469  503  0.682482
470  492  0.149429
470  501  0.620287
471  490  0.0707355
471  491  0.206172
471  501  0.019676
472  489  0.0737276
472  490  0.205421
472  499  0.709988
473  488  0.178776
473  489  0.102649
473  498  0.710714
474  487  0.282227
474  497  0.710817
475  486  0.282917
475  496  0.711592
476  485  0.282703
476  495  0.71091
477  484  0.283178
477  494  0.710744
478  483  0.276588
478  493  0.70928
479  492  0.70983
480  490  0.0808947
480  491  0.620928
481  488  0.0106002
481  489  0.153395
494  500  0.0202664
495  499  0.015185
495  501  0.011175
495  506  0.0742856
496  505  0.0743995
497  504  0.0719584
498  503  0.0563455
509  523  0.0441021
510  522  0.04414
511  521  0.0439795
512  520  0.0430175
513  519  0.0365912
519  589  0.0279866
520  588  0.0355247
521  587  0.0387211
523  586  0.179016
524  585  0.181177
525  584  0.172121
525  586  0.0387733
526  585  0.0536365
527  581  0.217461
527  584  0.0562876
528  580  0.230258
529  582  0.0610019
530  578  0.261231
530  581  0.0593503
531  577  0.318998
531  580  0.0572977
532  576  0.31871
533  559  0.0416319
534  544  0.10694
534  558  0.0432501
534  574  0.233341
534  575  0.1176
534  576  0.0216209
535  543  0.107343
535  557  0.0431045
535  573  0.23368
535  574  0.117227
535  575  0.030231
536  542  0.0985236
536  556  0.0426987
537  541  0.0453109
537  571  0.0354353
537  572  0.200529
538  570  0.0354532
538  571  0.199807
538  572  0.0659698
539  552  0.042318
539  569  0.0225587
539  570  0.177152
539  571  0.0858059
540  551  0.0468177
541  550  0.0471951
542  549  0.0474608
542  568  0.40691
543  548  0.0441511
543  567  0.406394
545  565  0.406951
545  567  0.0162595
546  564  0.417558
546  566  0.123555
547  563  0.410545
547  565  0.123916
548  564  0.123716
549  559  0.393376
550  558  0.492456
551  557  0.448711
551  561  0.299139
552  556  0.260607
552  560  0.319607
553  559  0.318274
554  590  0.0170348
555  589  0.0204542
556  588  0.0206788
557  587  0.0207628
558  586  0.0207289
559  564  0.0153437
559  566  0.0201149
569  587  0.017176
570  586  0.0151561
570  587  0.0235559
571  586  0.0275345
572  584  0.094402
572  587  0.0105614
573  583  0.100711
573  586  0.011606
574  582  0.0931668
574  583  0.350199
575  582  0.353348
576  581  0.22107
