1  565  0.0750489
1  569  0.196659
2  562  0.0748541
2  564  0.103451
2  568  0.317933
2  571  0.0479267
3  561  0.091756
3  563  0.126694
3  567  0.339993
3  570  0.0538409
4  560  0.0909161
4  561  0.0129854
4  566  0.333455
4  569  0.0496829
5  559  0.0728748
5  560  0.0107864
5  565  0.271197
5  567  0.0203725
6  17  0.0762323
6  63  0.590394
6  66  0.022136
6  522  0.237514
6  566  0.018399
7  16  0.0764006
7  59  0.0114443
7  62  0.591059
7  65  0.0273702
7  521  0.237758
7  563  0.0141387
7  565  0.020199
8  15  0.0754616
8  58  0.0120827
8  61  0.590655
8  64  0.0274228
8  520  0.237751
8  564  0.0231868
9  57  0.0134496
9  60  0.571523
9  519  0.23545
10  56  0.0130144
10  58  0.0119301
11  58  0.425814
11  517  0.229385
12  54  0.0818296
12  57  0.483625
12  516  0.236741
13  53  0.08791
13  56  0.425207
13  515  0.237136
14  52  0.0899942
14  58  0.0140303
14  514  0.237064
14  558  0.0337956
15  49  0.214479
15  54  0.364376
15  57  0.014211
15  512  0.0333242
15  557  0.0341244
16  48  0.109589
16  53  0.496129
16  56  0.0102687
16  511  0.0333195
16  556  0.0341181
17  48  0.304815
17  52  0.416101
17  56  0.0110031
17  510  0.0331428
17  555  0.0337846
18  47  0.661882
18  55  0.0151826
19  46  0.682862
19  47  0.010105
19  54  0.0151915
20  45  0.571288
20  53  0.0151779
20  541  0.02135
21  39  0.0462462
21  45  0.0217091
21  52  0.0150495
21  58  0.0106995
21  540  0.022828
21  555  0.016391
21  558  0.0269251
22  38  0.0790147
22  43  0.789908
22  57  0.0114856
22  539  0.0228
22  554  0.0185834
22  557  0.0301409
23  37  0.0785291
23  42  0.791633
23  56  0.011531
23  538  0.022821
23  556  0.0300766
24  41  0.792434
24  55  0.0114132
24  552  0.0254577
25  35  0.0353968
25  40  0.79352
25  54  0.0113494
25  537  0.0255465
25  551  0.0278165
25  554  0.0177051
26  39  0.544116
26  536  0.0254867
26  550  0.0225776
26  553  0.0172206
27  39  0.0143371
27  53  0.01146
27  535  0.0255704
27  547  0.0119941
28  37  0.7006
28  52  0.0114622
28  533  0.025603
28  546  0.0120106
28  547  0.0217929
29  51  0.0113557
29  532  0.0255905
29  545  0.010209
29  546  0.0222143
29  550  0.0131721
30  531  0.0252757
30  549  0.0136998
31  530  0.0224839
31  548  0.0131701
32  529  0.0140154
32  543  0.0272863
33  542  0.032993
34  529  0.0102237
34  541  0.0339318
35  528  0.0271395
35  540  0.017132
35  546  0.0103454
36  527  0.0273599
36  540  0.0339748
36  545  0.0104146
37  526  0.0264796
37  539  0.0519349
37  544  0.0103506
38  538  0.0521665
38  543  0.0101945
39  509  0.0231515
39  525  0.0246154
39  537  0.0527128
40  508  0.0231922
40  524  0.0246125
40  536  0.0527181
41  50  0.0544613
41  507  0.0231538
41  523  0.0222359
41  535  0.0526128
42  49  0.0766666
42  506  0.0232093
42  522  0.0181499
42  534  0.0526442
43  48  0.075906
43  505  0.0232071
43  533  0.0525548
44  50  0.0278
44  51  0.0114998
44  504  0.0227486
44  532  0.0299496
45  49  0.0280282
46  502  0.0214221
46  532  0.0218817
47  501  0.0229857
47  531  0.0195871
48  500  0.0233763
48  521  0.0215314
48  530  0.0344012
49  499  0.0233634
49  520  0.0229822
49  529  0.0491693
50  519  0.0228804
51  518  0.0218336
52  63  0.0465576
52  130  0.0232595
52  522  0.0102887
52  526  0.0506833
53  62  0.0465925
53  129  0.0231729
53  521  0.0103043
53  525  0.0506991
54  61  0.0415022
54  524  0.050508
55  515  0.0164533
55  523  0.0486808
56  128  0.028431
56  522  0.0370376
57  127  0.0288879
57  513  0.200546
58  126  0.0294795
58  512  0.240288
58  521  0.014652
59  125  0.0268008
59  511  0.217823
59  520  0.0140141
60  124  0.0266751
60  510  0.217359
60  513  0.0138428
61  123  0.0294348
61  509  0.266067
61  512  0.0178291
62  508  0.266099
62  511  0.0178312
63  121  0.0306475
63  507  0.266089
63  510  0.0178306
64  120  0.0327292
64  506  0.266044
64  509  0.0178223
64  559  0.0706342
65  119  0.0329302
65  505  0.266012
65  508  0.0178184
65  514  0.0109171
65  558  0.0768578
66  118  0.0329785
66  504  0.236763
66  507  0.0172898
66  513  0.0109967
66  558  0.232904
67  117  0.0331371
67  221  0.22895
67  506  0.0133822
67  512  0.0110267
67  557  0.642901
68  116  0.0327159
68  220  0.230581
68  505  0.0132774
68  511  0.0110268
68  556  0.64322
69  219  0.230953
69  501  0.0478378
69  510  0.0110261
69  555  0.643239
70  86  0.0387879
70  218  0.229575
70  500  0.0478475
70  509  0.0108458
70  554  0.64013
71  85  0.0388575
71  217  0.210862
71  499  0.0464521
71  508  0.010547
71  553  0.639803
72  84  0.0390942
72  552  0.639608
73  83  0.0394781
73  213  0.0133334
73  551  0.639483
74  82  0.0394508
74  131  0.0526718
74  212  0.0123749
74  214  0.0174277
74  550  0.597138
75  81  0.039606
75  96  0.0102517
75  130  0.0675306
75  148  0.243473
76  80  0.0245326
76  96  0.355253
76  129  0.0675215
76  147  0.245736
77  95  0.356763
77  128  0.0675021
77  146  0.245795
78  94  0.356957
78  127  0.0667873
78  145  0.245705
78  549  0.0447814
79  93  0.356971
79  144  0.245708
79  548  0.0564831
80  91  0.110389
80  92  0.25908
80  125  0.0622025
80  143  0.245837
80  546  0.216435
80  547  0.0530975
81  90  0.20851
81  91  0.160639
81  124  0.0602251
81  142  0.245178
81  545  0.22055
81  546  0.0489689
82  89  0.306201
82  120  0.313163
82  123  0.0402369
82  544  0.216273
83  88  0.303304
83  90  0.0507079
83  119  0.364597
83  543  0.214208
84  118  0.400127
84  542  0.157863
85  101  0.0321609
85  117  0.479406
85  539  0.0126159
86  100  0.0323237
86  116  0.4585
86  538  0.0148295
86  540  0.0117225
87  99  0.0332112
87  116  0.0284065
88  115  0.529812
89  97  0.0597069
89  114  0.53135
90  96  0.0674126
90  113  0.534964
91  95  0.0417627
91  112  0.535271
92  111  0.535009
93  110  0.51499
95  109  0.0341154
96  109  0.0280873
97  108  0.0243107
99  108  0.383294
99  548  0.107288
100  107  0.381894
100  537  0.179587
101  536  0.179862
101  546  0.22127
102  535  0.180026
102  538  0.0225827
102  545  0.224538
103  534  0.180324
103  537  0.0269152
103  544  0.226788
104  533  0.179567
104  536  0.026927
104  543  0.226522
106  120  0.202887
107  119  0.233839
107  125  0.166995
107  533  0.0277099
108  118  0.234045
108  124  0.169233
108  532  0.0303341
109  117  0.232263
109  123  0.172023
110  122  0.171774
110  530  0.0318721
111  116  0.07141
111  121  0.167005
111  529  0.032005
112  119  0.0554135
112  528  0.0319981
113  119  0.0905703
113  527  0.0309759
114  495  0.0121304
115  494  0.0129105
116  493  0.0114247
117  490  0.0143069
118  489  0.0145218
118  539  0.0102087
119  488  0.0145403
119  539  0.0127371
120  486  0.0118715
120  538  0.0938749
121  138  0.0232644
121  141  0.20188
121  537  0.422998
122  137  0.0233065
122  140  0.220346
122  491  0.0106774
122  536  0.423297
123  136  0.0232686
123  139  0.222027
123  483  0.0146199
123  490  0.0110097
123  535  0.424497
124  138  0.221744
124  482  0.0146752
124  489  0.0109807
124  534  0.420063
125  134  0.0175014
125  481  0.0147114
125  488  0.0109986
126  133  0.0175146
126  135  0.224343
126  480  0.0147105
126  486  0.0110384
126  531  0.613274
127  134  0.226535
127  485  0.0110334
127  530  0.617489
128  133  0.22582
128  479  0.0144895
128  484  0.0109989
128  529  0.618197
129  478  0.0144972
129  483  0.010887
129  528  0.618345
130  441  0.0135139
130  477  0.0143841
130  527  0.617738
131  440  0.0141839
131  476  0.0114788
132  438  0.0116962
133  438  0.0214229
134  436  0.589319
134  437  0.0107866
135  435  0.749845
136  434  0.750117
137  433  0.74992
138  432  0.750073
139  431  0.750053
140  430  0.749375
141  429  0.74233
144  426  0.738342
145  425  0.745789
146  424  0.743824
147  423  0.736845
148  189  0.387549
148  416  0.0136469
149  188  0.391006
149  415  0.0137221
150  187  0.390402
150  414  0.0137597
150  421  0.328066
151  210  0.020462
151  413  0.0135391
151  420  0.326413
152  209  0.0220179
153  173  0.260761
153  210  0.132148
153  239  0.0126618
154  172  0.348687
154  187  0.0152318
154  205  0.0237106
154  207  0.250054
154  209  0.15123
154  238  0.0161791
154  408  0.0101068
155  171  0.466881
155  186  0.0118082
155  204  0.023736
155  206  0.250189
155  208  0.155676
156  170  0.520219
156  203  0.0242127
156  205  0.257913
156  207  0.157307
156  406  0.0101694
157  169  0.520248
157  202  0.0242025
157  204  0.257922
157  206  0.157301
157  235  0.0156507
157  405  0.0101679
158  168  0.520659
158  170  0.0409471
158  203  0.245321
158  205  0.150261
159  167  0.52008
159  169  0.0409931
159  202  0.245181
159  204  0.150218
160  165  0.322573
160  168  0.0597894
160  170  0.255032
160  203  0.0891509
160  403  0.0103168
161  167  0.054114
161  169  0.254793
161  202  0.0864308
161  402  0.0103283
162  168  0.253914
162  401  0.0103589
163  400  0.0103548
164  399  0.0103277
165  398  0.0103226
167  205  0.0271496
168  189  0.0178714
168  195  0.0146964
168  204  0.0271816
169  203  0.0386793
170  202  0.0386657
172  185  0.545064
173  184  0.651879
174  183  0.997944
175  182  0.998895
176  181  0.999313
187  195  0.0273794
187  418  0.0229871
191  198  0.0112117
191  200  0.0211696
192  197  0.0109015
192  199  0.0215321
194  422  0.0979408
195  420  0.0109425
195  421  0.111049
198  422  0.0986799
199  420  0.0120854
199  421  0.111952
201  239  0.390487
202  238  0.506694
203  237  0.506821
204  236  0.503548
205  235  0.50331
206  215  0.479967
206  238  0.0102168
206  263  0.0135024
207  214  0.492815
207  237  0.010227
207  262  0.0135332
208  213  0.32401
208  261  0.0135953
209  260  0.0133678
210  259  0.0119141
214  238  0.163003
214  256  0.0114432
215  237  0.163332
215  255  0.0115212
216  236  0.135481
217  236  0.042818
217  253  0.0123819
218  235  0.0697812
218  252  0.0127562
219  231  0.0301148
220  231  0.70817
220  250  0.0226282
221  229  0.0294468
221  230  0.709847
221  249  0.0226639
222  228  0.029602
222  229  0.70549
222  248  0.022662
222  426  0.0112753
223  227  0.0126014
223  228  0.511943
223  247  0.0226039
223  426  0.178551
224  245  0.0115698
224  246  0.0113768
224  425  0.22576
225  244  0.0227758
225  424  0.22933
226  243  0.0229162
226  423  0.231485
227  242  0.0229129
227  422  0.231491
228  241  0.0228945
228  421  0.2316
229  239  0.0271902
229  420  0.226852
230  238  0.253553
231  237  0.252973
232  236  0.0963045
239  418  0.288107
240  417  0.959683
241  416  0.960228
242  415  0.9598
243  414  0.96037
244  413  0.960285
245  412  0.952075
246  411  0.843496
247  408  0.283263
247  409  0.0172019
247  410  0.591078
248  312  0.0178834
248  407  0.32156
248  408  0.0338349
248  409  0.516324
249  311  0.0183986
249  406  0.360633
249  408  0.557366
250  310  0.0186213
250  357  0.0270664
250  405  0.362328
251  309  0.0122857
251  356  0.0308414
251  407  0.390282
252  306  0.30187
252  311  0.0258467
252  312  0.105052
252  355  0.0311494
252  406  0.379232
253  305  0.302368
253  405  0.303778
254  304  0.302239
254  310  0.246512
254  405  0.0515657
255  309  0.354532
255  354  0.0673779
256  308  0.394753
256  353  0.0838376
256  358  0.11171
257  307  0.394909
257  352  0.0839587
257  357  0.112036
258  351  0.0798276
258  356  0.102603
259  350  0.0664282
262  275  0.795202
262  354  0.0776027
263  274  0.796997
263  353  0.082302
263  358  0.0486456
264  273  0.795611
264  352  0.0320672
264  357  0.0488047
265  272  0.797377
265  351  0.0286958
265  355  0.0241603
266  271  0.523452
266  350  0.0753094
266  354  0.0211441
267  354  0.0519501
268  352  0.019163
268  353  0.0552286
269  352  0.052016
271  349  0.163209
272  348  0.167532
273  347  0.170758
274  346  0.170762
275  345  0.170623
276  303  0.0108533
276  304  0.0634546
276  305  0.149489
276  344  0.10521
277  301  0.0275641
277  304  0.173515
278  300  0.0337122
278  302  0.860043
279  299  0.0337149
279  301  0.927922
280  300  0.93283
281  298  0.0402994
281  299  0.925844
282  297  0.0471346
282  298  0.911872
283  296  0.0487071
284  294  0.013762
284  296  0.0170486
285  294  0.0246969
285  296  0.0255807
286  292  0.111511
286  297  0.0926392
287  291  0.0427246
287  294  0.576121
287  296  0.094525
288  293  0.595616
306  348  0.0828787
307  343  0.156808
307  347  0.0902508
307  387  0.0292512
307  406  0.130081
308  342  0.156573
308  346  0.0902462
308  386  0.0297297
309  341  0.153837
309  345  0.0837018
309  385  0.0296204
309  404  0.265297
310  342  0.103542
310  384  0.02763
310  403  0.400085
311  339  0.140514
311  340  0.0211896
311  341  0.110921
311  358  0.0124257
311  381  0.0319208
311  402  0.401118
312  339  0.0212765
312  340  0.110932
312  357  0.0124977
312  380  0.0320786
313  379  0.019891
313  400  0.390385
314  336  0.279773
314  379  0.0137795
314  399  0.412616
315  335  0.292094
315  378  0.025482
315  398  0.413953
315  402  0.14273
316  334  0.293112
316  377  0.0239949
316  397  0.386143
316  401  0.164785
317  333  0.290713
317  395  0.0114605
317  400  0.161873
318  332  0.278685
318  395  0.0264526
318  399  0.154922
319  327  0.0356746
319  377  0.151361
319  386  0.0640528
319  397  0.0270501
319  403  0.0158593
320  326  0.0345265
320  328  0.247512
320  376  0.151322
320  385  0.064955
320  393  0.0168431
320  396  0.0227417
320  398  0.112176
320  402  0.0158309
321  327  0.2563
321  375  0.147771
321  377  0.263515
321  384  0.0650911
321  397  0.114806
321  401  0.015162
322  326  0.0976042
322  374  0.144034
322  376  0.264239
322  396  0.114618
323  375  0.261015
323  383  0.0107971
323  395  0.111084
324  374  0.252638
324  382  0.0102232
324  394  0.102879
325  400  0.0108984
326  379  0.0716388
326  399  0.0148431
327  373  0.0116765
327  378  0.0752987
327  398  0.0151563
328  365  0.0318587
328  368  0.161422
328  372  0.0111957
328  377  0.0808992
329  367  0.16141
329  369  0.273711
330  365  0.0984845
330  368  0.278654
331  367  0.260992
332  363  0.508322
332  366  0.146917
333  362  0.694356
334  361  0.703088
335  360  0.703608
336  359  0.701281
337  358  0.691837
339  356  0.472522
340  355  0.715072
341  354  0.716631
342  353  0.718783
342  358  0.011115
343  352  0.718192
343  357  0.0131437
344  351  0.622225
344  356  0.0131845
345  350  0.471955
345  355  0.012942
346  353  0.0132403
347  352  0.0118462
359  403  0.284954
360  402  0.285413
361  401  0.286538
362  400  0.2816
363  399  0.278466
364  377  0.0296022
364  397  0.305687
365  396  0.305703
366  375  0.358926
366  395  0.109439
367  374  0.484753
367  394  0.0298273
368  373  0.524712
376  395  0.0120141
377  394  0.0129182
378  389  0.827392
378  403  0.0263168
379  388  0.842154
379  402  0.0263349
380  387  0.850894
380  390  0.0133042
380  401  0.026669
381  386  0.758865
381  389  0.0128204
381  400  0.0265693
382  399  0.0261806
383  398  0.0252542
384  396  0.0202623
385  395  0.0203015
386  394  0.0195642
387  396  0.0674851
388  395  0.0703896
389  394  0.0652244
395  404  0.0251624
396  403  0.0332283
397  402  0.0328858
430  502  0.215004
431  501  0.227045
432  500  0.227903
433  499  0.216165
437  495  0.886209
438  494  0.943559
439  493  0.957769
440  492  0.950378
444  489  0.944014
445  488  0.959941
446  487  0.959379
448  485  0.958016
449  484  0.957325
450  463  0.140102
450  483  0.857192
451  462  0.833512
451  482  0.112829
452  461  0.995007
453  460  0.995143
454  459  0.887591
466  482  0.0163633
468  481  0.961441
469  480  0.484021
470  479  0.486653
471  478  0.969991
472  477  0.94351
499  506  0.691086
500  505  0.691548
507  526  0.643436
508  525  0.643978
509  524  0.643955
510  522  0.675268
511  521  0.676417
512  520  0.675901
513  519  0.550284
514  518  0.320088
524  537  0.0703354
524  557  0.112403
525  536  0.0705843
525  556  0.112473
526  535  0.0706421
526  555  0.112455
527  534  0.0678697
527  554  0.112251
528  552  0.104854
529  551  0.105119
529  563  0.067323
530  550  0.103389
530  562  0.0677025
531  561  0.0678273
532  548  0.0880073
532  560  0.067756
533  559  0.0679247
534  546  0.108676
534  558  0.068004
535  557  0.0679743
536  544  0.112208
537  543  0.111962
537  555  0.0674862
538  544  0.0210242
538  554  0.0672728
538  563  0.0704075
539  553  0.0657097
539  562  0.0704771
540  552  0.0480451
540  561  0.0699268
541  560  0.0680945
542  559  0.0677248
543  554  0.0148003
543  557  0.0705599
544  556  0.069382
545  552  0.0154991
546  551  0.0297289
546  554  0.0667369
557  564  0.0106119
558  563  0.024915
558  574  0.0344624
559  573  0.0385435
560  572  0.0398936
561  571  0.0399157
562  570  0.0366445
564  574  0.0135588
565  573  0.0145475
566  572  0.0139425
