2  290  0.0127545
3  287  0.0106274
3  289  0.0252094
7  290  0.0101247
8  288  0.0739017
8  293  0.0146871
9  287  0.0980448
9  289  0.0235126
9  291  0.0329809
10  292  0.476569
11  19  0.0385641
11  286  0.106409
11  289  0.103882
11  291  0.536905
12  18  0.0330508
12  285  0.105749
12  288  0.0956957
12  290  0.521627
13  284  0.0795749
25  42  0.0244713
25  102  0.37973
25  285  0.0245211
26  41  0.0248593
26  101  0.778051
26  284  0.0250278
27  40  0.0249475
27  100  0.941981
27  283  0.025122
28  99  0.942177
28  282  0.0251111
29  39  0.0275577
29  98  0.94203
30  38  0.0280809
30  97  0.936563
31  37  0.0277351
31  95  0.0125678
31  96  0.930545
32  36  0.0116444
32  94  0.0180187
32  95  0.860394
37  90  0.943784
37  105  0.025474
38  89  0.944341
38  104  0.0254995
39  88  0.942417
40  87  0.938518
40  103  0.0169417
42  85  0.314216
42  101  0.016598
43  52  0.0192804
43  84  0.910857
43  100  0.0452383
44  51  0.0191085
44  83  0.910952
44  99  0.0452893
45  98  0.0452523
46  82  0.748283
46  97  0.04516
47  81  0.736434
48  79  0.0217711
48  80  0.581905
49  77  0.439454
50  77  0.0778166
51  75  0.804939
51  78  0.0939094
51  90  0.0106252
52  74  0.796365
52  77  0.0961163
53  73  0.0188482
53  74  0.0442067
53  76  0.0755165
53  88  0.0454501
54  73  0.871088
54  87  0.0520795
55  72  0.890862
55  86  0.063691
56  71  0.891021
56  85  0.0650974
57  70  0.892381
57  75  0.0368928
57  84  0.0660396
58  69  0.459295
58  74  0.0369859
58  83  0.0661754
59  69  0.432664
59  73  0.0369803
59  82  0.0661783
60  68  0.864203
60  71  0.0170111
60  72  0.0198503
60  81  0.0610644
61  67  0.854075
61  70  0.034013
62  69  0.0303012
62  80  0.0104253
67  77  0.0616272
68  76  0.0618591
69  75  0.0618855
70  74  0.0502259
76  81  0.0130067
89  96  0.0346072
90  95  0.0348998
101  288  0.12295
102  287  0.583101
103  283  0.16873
103  286  0.698493
104  282  0.0845109
104  285  0.696528
105  282  0.845394
106  281  0.999542
107  280  0.999438
108  279  0.999813
109  278  0.998864
110  277  0.990161
111  276  0.967665
114  273  0.83327
115  272  0.859776
117  245  0.0265164
118  244  0.0400116
118  258  0.950199
119  243  0.0400258
119  257  0.954117
120  242  0.0399618
120  256  0.950788
121  241  0.0391458
122  240  0.0358458
122  254  0.92415
123  253  0.944597
124  252  0.952865
125  195  0.010874
125  251  0.955845
126  194  0.0121387
126  204  0.0269518
126  250  0.956597
127  193  0.0120949
127  203  0.0269548
127  249  0.956579
128  248  0.947584
129  190  0.0573251
129  247  0.939681
130  189  0.061614
130  246  0.935207
131  140  0.0324447
131  188  0.0779549
131  200  0.0372218
131  245  0.523253
132  139  0.0566027
132  142  0.0734554
132  187  0.0809718
132  191  0.0119119
132  199  0.0485331
132  243  0.0925143
133  138  0.0662466
133  141  0.0882133
133  186  0.0867015
133  198  0.0584305
133  242  0.0913581
133  244  0.0214282
134  140  0.0715238
134  185  0.0675607
134  197  0.0550442
135  188  0.0847854
136  187  0.0895607
136  189  0.139485
136  190  0.0693482
137  148  0.0458441
137  187  0.0113947
137  189  0.0636677
137  190  0.0144342
137  191  0.0123538
138  147  0.0493649
138  187  0.154502
138  189  0.0247661
138  190  0.0141163
139  146  0.0491901
139  185  0.486317
139  188  0.0191167
140  145  0.0480499
140  184  0.726021
141  183  0.744719
142  182  0.744068
143  181  0.744054
144  156  0.0562656
144  159  0.0133639
144  180  0.744223
144  245  0.0954272
145  155  0.0564841
145  158  0.0134098
145  179  0.74393
145  244  0.126914
146  154  0.0565027
146  157  0.0134575
146  178  0.728804
146  243  0.127134
147  153  0.0580761
147  156  0.0137091
147  242  0.125299
148  152  0.0221156
148  174  0.0743291
149  174  0.0148672
150  174  0.0126411
152  170  0.698205
152  206  0.171822
153  169  0.735298
153  205  0.181487
154  168  0.736091
154  204  0.18318
155  167  0.704381
155  203  0.182962
156  163  0.0429461
156  201  0.174892
157  165  0.101925
157  200  0.175278
157  237  0.0103025
158  163  0.0903934
158  190  0.0158079
158  199  0.106978
158  236  0.0110724
159  163  0.0279425
159  167  0.0208539
159  189  0.0160269
159  199  0.0767566
159  235  0.0110808
160  166  0.0910988
160  197  0.0153228
160  198  0.14633
160  234  0.0110154
161  165  0.0347702
161  197  0.145411
161  233  0.0105983
162  195  0.170011
163  186  0.0272558
163  194  0.17201
164  185  0.0274076
165  184  0.027438
165  190  0.157957
165  206  0.01512
166  183  0.0273868
166  189  0.191755
166  205  0.0160272
167  182  0.0230418
167  188  0.194225
167  204  0.0161681
167  244  0.0137869
168  187  0.194439
168  203  0.0161635
168  243  0.0138077
169  180  0.0176545
169  186  0.194105
169  242  0.0132891
170  185  0.1612
173  183  0.0219942
174  183  0.0357462
175  182  0.0409133
176  181  0.0338096
179  190  0.0142203
180  189  0.0142362
185  206  0.098481
186  205  0.115056
187  194  0.0304284
187  204  0.119761
187  244  0.0749238
188  193  0.0247619
188  203  0.119005
188  243  0.0750826
189  194  0.017318
189  202  0.112558
189  242  0.0745819
190  198  0.011572
191  200  0.0432176
192  245  0.112209
193  198  0.0107694
193  200  0.0652946
193  202  0.296686
193  204  0.0109228
193  244  0.165114
194  199  0.0652688
194  201  0.295727
194  203  0.0108758
194  243  0.165022
197  206  0.210889
198  205  0.222614
199  204  0.219075
201  244  0.101206
202  243  0.10138
203  242  0.100149
203  244  0.263987
204  243  0.264329
205  242  0.261212
208  237  0.919462
209  236  0.984409
210  235  0.98496
211  234  0.98308
212  233  0.584215
214  230  0.460085
214  231  0.51447
215  229  0.998557
216  228  0.999443
217  227  0.999012
218  226  0.999254
219  225  0.933274
220  224  0.542006
245  261  0.0109286
246  260  0.0327329
247  259  0.0326584
249  258  0.0328874
250  257  0.0324136
259  268  0.121602
260  268  0.168696
262  273  0.07951
263  268  0.526235
263  272  0.0852885
264  269  0.0127249
