1  980  0.785696
2  979  0.896502
3  978  0.996196
4  977  0.994932
5  976  0.995458
6  974  0.999302
7  973  0.999368
8  972  0.998963
9  971  0.999357
10  970  0.999237
11  969  0.998567
12  968  0.993676
13  965  0.0210504
13  967  0.969964
14  720  0.0312733
14  964  0.17635
14  965  0.0399169
15  22  0.016947
15  719  0.0428292
15  963  0.232307
15  964  0.0268078
15  965  0.01568
16  21  0.0112568
16  718  0.0424992
16  962  0.242463
17  717  0.0402558
17  961  0.238516
18  716  0.0327118
18  960  0.193774
19  961  0.051952
20  960  0.0435203
21  714  0.0225797
22  713  0.0250084
23  701  0.404849
23  712  0.0215036
24  700  0.983933
25  699  0.984389
26  698  0.983728
27  697  0.749133
30  697  0.210295
31  696  0.876491
32  695  0.986626
33  694  0.995395
34  693  0.994193
35  692  0.993635
36  691  0.993657
37  690  0.995347
38  689  0.994968
39  688  0.995478
40  687  0.994985
41  686  0.517284
42  685  0.31238
43  62  0.479527
43  613  0.155052
43  683  0.0233169
44  60  0.556045
44  61  0.241387
44  612  0.155526
44  682  0.0231471
45  59  0.799453
45  611  0.1534
46  58  0.800907
46  610  0.14626
47  57  0.77947
47  610  0.0129324
48  55  0.0785875
48  609  0.0170503
49  56  0.048699
51  608  0.160241
52  607  0.168656
53  606  0.168786
54  605  0.168969
55  604  0.169129
56  603  0.160163
61  600  0.163433
61  683  0.0772247
62  599  0.168381
62  682  0.0772756
63  598  0.168394
63  681  0.0742324
64  597  0.167896
65  596  0.165724
66  595  0.13809
68  593  0.113931
68  686  0.403719
69  593  0.0158573
69  678  0.0138867
69  685  0.559838
70  677  0.0143446
70  684  0.699055
71  590  0.0352883
71  592  0.131012
71  676  0.0115935
71  683  0.711453
72  589  0.0353045
72  591  0.13206
72  675  0.0113966
72  682  0.710469
73  588  0.0337905
73  590  0.132278
73  681  0.697528
75  678  0.121278
76  586  0.540239
76  677  0.122477
77  585  0.813992
77  676  0.120766
78  584  0.814239
78  675  0.120334
79  583  0.813148
79  671  0.122158
80  163  0.450468
80  582  0.220257
80  670  0.123644
81  162  0.822628
81  581  0.0194509
81  669  0.123821
82  161  0.82664
82  580  0.0163731
82  610  0.0100133
82  668  0.123759
83  160  0.834792
83  609  0.0100156
83  667  0.117954
84  159  0.834604
84  665  0.0114816
85  158  0.81789
85  665  0.0959114
86  156  0.871426
87  155  0.896841
88  154  0.91834
88  660  0.0604874
89  153  0.916146
89  659  0.0604633
90  152  0.903248
90  658  0.0603195
91  657  0.0599909
92  656  0.0589537
93  149  0.812828
93  150  0.0398573
93  655  0.0278995
94  148  0.817491
94  149  0.0489127
94  150  0.010234
94  655  0.025143
95  654  0.021765
97  145  0.939348
98  144  0.983126
99  143  0.985889
100  142  0.972456
101  141  0.951952
102  140  0.919373
103  139  0.845002
104  134  0.0122682
104  137  0.0565721
104  142  0.0221791
105  133  0.0128452
105  141  0.0412678
106  132  0.0128405
106  135  0.831877
106  140  0.0770702
107  134  0.824896
107  139  0.089595
108  138  0.102512
109  137  0.102279
110  136  0.10062
111  130  0.773238
111  131  0.0189919
111  135  0.0724613
112  129  0.939958
112  130  0.0135176
113  128  0.974749
113  133  0.0124916
114  127  0.98366
114  132  0.0125275
115  126  0.982827
116  125  0.979889
116  127  0.0145502
117  122  0.0204709
117  123  0.0124199
117  124  0.717134
117  126  0.0151552
118  125  0.0152995
131  139  0.0135584
132  138  0.0223191
148  650  0.0619628
149  649  0.0620158
150  648  0.0619827
151  647  0.0571896
154  592  0.0109668
155  591  0.0109193
155  644  0.0171441
156  589  0.0124892
156  646  0.0180976
157  588  0.0254445
158  587  0.0256157
158  641  0.0182431
158  644  0.0214264
158  661  0.041561
159  586  0.0261804
159  640  0.0182339
159  643  0.0215735
159  660  0.0444204
160  585  0.0279521
160  639  0.0164933
160  642  0.0180146
161  584  0.027847
161  638  0.0163804
161  641  0.0177263
162  583  0.0278827
162  637  0.0161976
162  640  0.01753
162  655  0.0597539
163  654  0.0607896
164  391  0.0141862
164  582  0.534905
164  653  0.061122
165  390  0.0228928
165  581  0.834166
165  652  0.0612313
166  389  0.0228614
166  390  0.0163127
166  575  0.0140037
166  580  0.834734
166  650  0.0631178
167  389  0.016434
167  574  0.0141618
167  579  0.834607
167  649  0.0631558
168  387  0.045932
168  573  0.0149454
168  577  0.0236597
168  648  0.062354
169  386  0.0461563
169  572  0.0148585
169  647  0.060429
170  385  0.0468082
170  576  0.82089
170  646  0.0376014
171  384  0.0481399
171  571  0.0182583
171  575  0.825842
172  382  0.0546141
172  569  0.0492189
172  574  0.817175
173  381  0.0558213
173  569  0.0105433
173  573  0.816392
174  380  0.0534963
174  567  0.176712
174  572  0.684058
175  566  0.743447
176  565  0.768862
177  564  0.778538
178  251  0.0104155
178  563  0.78554
179  250  0.0815855
179  375  0.0611726
179  562  0.785337
180  249  0.142347
180  374  0.0662053
181  248  0.150983
181  249  0.0326469
181  373  0.0660807
181  571  0.018911
182  247  0.15084
182  248  0.0405204
182  558  0.648847
183  246  0.130546
183  247  0.0405783
183  371  0.0187046
183  557  0.684826
183  569  0.0204895
184  370  0.060096
184  556  0.685188
184  568  0.0205394
185  249  0.0125562
185  555  0.154546
185  567  0.0163889
189  245  0.790895
190  244  0.997658
191  243  0.997884
192  242  0.997239
193  241  0.998181
194  240  0.998179
195  239  0.997403
196  238  0.994306
197  237  0.993846
198  236  0.993885
199  235  0.994867
200  234  0.995285
201  233  0.986854
202  211  0.0879118
202  219  0.747807
202  232  0.100052
203  210  0.103189
203  218  0.749157
204  209  0.12298
204  216  0.873998
205  215  0.874144
206  214  0.873773
207  213  0.781089
208  212  0.39105
210  229  0.0169952
211  228  0.0179306
213  226  0.0949196
214  225  0.119024
215  224  0.120007
216  223  0.116195
223  230  0.86402
224  229  0.837645
249  556  0.0147856
250  555  0.606879
251  369  0.0861112
251  554  0.896061
252  368  0.086592
252  553  0.898132
253  367  0.0871898
253  552  0.900515
254  366  0.0871275
254  551  0.900502
255  365  0.0870546
255  550  0.9012
256  364  0.0869035
256  549  0.902408
257  548  0.902418
258  362  0.0831319
258  547  0.90235
259  355  0.0112241
259  361  0.0833634
259  546  0.898274
260  354  0.0112483
260  360  0.0831903
260  545  0.897918
261  341  0.316342
261  353  0.0122271
261  355  0.0789536
261  544  0.0231075
262  340  0.31762
262  352  0.0130304
262  354  0.0799415
263  353  0.0794989
264  339  0.0110267
264  340  0.0254729
264  351  0.400656
264  352  0.0468144
265  350  0.487663
266  338  0.449549
266  349  0.486969
266  350  0.0306495
267  337  0.457815
268  336  0.459664
268  348  0.449841
269  335  0.457256
269  347  0.471726
270  334  0.425991
270  346  0.477657
271  314  0.0853458
271  333  0.346637
271  345  0.41131
272  313  0.206745
272  332  0.243282
273  312  0.343588
273  343  0.507007
274  306  0.0190007
274  311  0.3664
274  342  0.522833
275  305  0.0214127
275  309  0.0185361
275  310  0.213831
275  330  0.0701672
275  341  0.52293
276  304  0.021471
276  329  0.0706543
276  340  0.518968
277  303  0.0180428
277  308  0.489752
278  288  0.034808
278  307  0.56189
278  328  0.0853984
278  337  0.15635
279  287  0.0467615
279  303  0.010182
279  306  0.57324
279  327  0.0887677
279  336  0.191999
280  286  0.0439202
280  302  0.0279959
280  305  0.576399
280  326  0.0874746
280  335  0.189298
281  301  0.0347318
281  304  0.540976
281  323  0.048075
281  334  0.185366
282  300  0.0381546
282  322  0.0646557
282  333  0.170136
283  299  0.0390513
283  302  0.116801
283  321  0.0681737
284  298  0.0341715
284  300  0.216335
284  320  0.0681437
285  297  0.0320921
285  300  0.324831
285  319  0.0673567
286  298  0.746193
286  320  0.0141572
287  295  0.022917
287  297  0.767196
287  319  0.0142385
288  294  0.0174334
288  296  0.77354
288  318  0.0136126
289  295  0.769302
290  294  0.292862
290  316  0.0118164
291  312  0.0929277
291  315  0.0114647
292  311  0.105715
292  317  0.0115497
293  310  0.105067
293  316  0.0111991
294  339  0.0322125
295  308  0.082365
295  338  0.0526285
296  307  0.109119
296  313  0.0239335
296  337  0.0526653
297  306  0.109573
297  312  0.0264252
297  336  0.0527158
298  305  0.109863
298  311  0.0277389
298  335  0.0518295
298  338  0.0200559
299  304  0.0863212
299  334  0.0506601
299  337  0.0235616
300  309  0.0681207
300  336  0.02506
301  308  0.0665951
301  335  0.0247688
302  307  0.0604672
302  332  0.10822
302  334  0.0172335
303  331  0.124089
303  333  0.0110784
304  330  0.137746
305  329  0.137424
306  328  0.127105
307  325  0.0117244
308  323  0.10284
309  322  0.111952
311  320  0.113973
312  319  0.109398
313  318  0.0862599
314  321  0.0133538
315  320  0.0136393
315  331  0.611263
317  329  0.74177
318  328  0.750345
319  327  0.75466
320  326  0.734008
330  339  0.0227749
331  338  0.022596
338  474  0.0112634
339  350  0.0517666
339  473  0.0139929
340  349  0.0491886
340  472  0.0143971
341  471  0.014401
342  470  0.0144108
343  469  0.0143797
344  468  0.0143613
345  467  0.0143628
346  466  0.0142474
347  465  0.0135178
350  461  0.0142595
351  460  0.0143804
352  459  0.0143891
352  544  0.859661
353  543  0.869312
354  458  0.0142833
354  542  0.874538
355  457  0.0142826
355  541  0.87449
356  456  0.0141321
356  540  0.840045
357  455  0.0135825
357  537  0.0147893
357  538  0.0103813
357  539  0.745993
358  536  0.0200644
359  533  0.0519292
359  535  0.0153556
359  536  0.0600928
360  371  0.430485
360  376  0.0110489
360  415  0.24986
360  532  0.0526006
360  535  0.0834445
361  370  0.444988
361  375  0.0113025
361  414  0.249946
361  531  0.0525977
361  534  0.0846704
362  369  0.454433
362  413  0.251802
362  530  0.0462809
362  533  0.0320802
363  368  0.263812
363  412  0.24994
363  529  0.0391581
364  411  0.246685
364  445  0.0105974
365  379  0.0467019
365  444  0.0103268
366  378  0.0644576
368  376  0.213075
369  375  0.242793
369  416  0.0332684
370  374  0.152054
370  415  0.101045
371  414  0.0311552
372  535  0.0153369
373  412  0.146497
373  534  0.0186855
374  411  0.150652
374  414  0.0353515
374  534  0.0112581
375  410  0.148351
375  413  0.188074
376  409  0.139795
376  412  0.173055
376  538  0.094931
377  411  0.167997
377  537  0.116875
378  410  0.157027
378  536  0.116217
379  410  0.103316
379  535  0.0863654
380  409  0.135568
380  534  0.0620884
381  407  0.869951
382  406  0.893037
383  405  0.900066
384  404  0.900018
386  403  0.89627
387  402  0.895461
389  400  0.904938
390  399  0.905358
391  398  0.904586
392  397  0.79142
392  642  0.0534358
393  641  0.0611824
394  640  0.0623999
395  639  0.081555
396  638  0.081568
397  637  0.0815693
398  636  0.0815657
399  635  0.079263
404  613  0.0791307
405  612  0.0791715
406  611  0.0791209
407  610  0.0791537
408  609  0.0791364
409  535  0.125972
409  608  0.0582172
410  534  0.0945353
410  537  0.0145771
411  533  0.21825
411  536  0.0160423
411  572  0.0233259
412  532  0.296866
412  535  0.0172311
412  571  0.0387487
413  531  0.297192
413  534  0.019962
413  570  0.0388436
414  530  0.298122
414  532  0.211537
414  569  0.038674
414  571  0.0178612
414  617  0.0116089
415  529  0.298066
415  531  0.213254
415  568  0.0386455
415  570  0.0178774
415  616  0.012247
416  440  0.165477
416  528  0.129898
416  530  0.220627
416  532  0.321004
416  569  0.0178248
416  615  0.0125032
417  439  0.205207
417  526  0.0489404
417  529  0.220657
417  531  0.321739
417  568  0.0178105
417  614  0.0125038
418  438  0.211775
418  440  0.257297
418  528  0.0724437
418  530  0.321831
418  613  0.0124806
419  437  0.1062
419  439  0.29753
419  526  0.0129552
419  529  0.320902
419  612  0.0124717
420  437  0.830916
421  436  0.97354
421  610  0.0124722
422  435  0.975742
422  609  0.0124768
423  434  0.97821
423  608  0.0124508
424  433  0.979236
424  607  0.0124046
425  432  0.965283
425  606  0.0114599
426  431  0.916446
427  571  0.0120991
428  570  0.0121479
429  569  0.0125752
430  568  0.0125683
432  563  0.0102753
433  562  0.0108558
434  561  0.0106013
441  553  0.0143245
442  552  0.0158566
443  551  0.0158201
444  550  0.0153866
444  555  0.0168643
444  558  0.019764
445  527  0.023146
445  528  0.366793
445  549  0.0135653
445  554  0.0187778
445  557  0.0222041
446  526  0.728763
446  548  0.0105846
446  553  0.0181144
446  556  0.0219749
447  525  0.895632
447  552  0.010625
447  555  0.015276
448  524  0.942836
448  554  0.0103355
449  523  0.943257
450  522  0.938602
451  521  0.870608
454  479  0.132945
456  550  0.0104138
457  476  0.97001
457  549  0.0106603
458  475  0.970583
458  548  0.0106577
459  474  0.970265
459  547  0.0105531
461  472  0.969543
462  471  0.969731
463  470  0.97065
464  469  0.951351
465  524  0.011673
468  521  0.0120157
469  520  0.0131353
470  519  0.0131431
471  518  0.0131441
472  517  0.0131419
473  515  0.0104399
475  513  0.0171748
476  512  0.0171845
478  511  0.0234627
479  510  0.0235748
480  507  0.909727
481  506  0.968742
482  505  0.980543
483  504  0.980671
484  503  0.980129
485  502  0.980637
486  501  0.97793
488  497  0.939581
489  496  0.93481
491  511  0.0121963
492  510  0.0124198
493  509  0.0120761
496  506  0.0127196
497  505  0.0129417
498  504  0.0128069
510  520  0.952717
511  519  0.95539
512  518  0.954382
513  517  0.774576
526  549  0.0491561
527  548  0.0510999
528  547  0.0613758
529  546  0.0704575
530  545  0.0704509
531  542  0.0261612
531  544  0.0675635
532  541  0.0267528
533  540  0.0257482
533  543  0.0681398
534  542  0.0687273
535  541  0.0621615
536  540  0.0170653
555  570  0.0193143
556  569  0.0588567
557  568  0.0586365
559  566  0.0149952
560  565  0.0193658
566  602  0.0107651
567  601  0.0113048
568  600  0.0116542
569  599  0.0116648
570  598  0.0112215
572  646  0.019182
573  645  0.0348837
574  644  0.0350358
575  643  0.0350566
576  600  0.0587054
576  642  0.0340579
577  599  0.0634381
577  640  0.0320497
578  597  0.0893807
579  596  0.0935397
579  638  0.0338487
580  595  0.0937417
580  637  0.033865
581  594  0.0937452
581  636  0.0338483
582  593  0.0936677
583  592  0.0936785
584  590  0.0656768
584  613  0.0422949
585  589  0.0533026
585  612  0.0424248
586  611  0.0422289
587  610  0.0420062
587  676  0.0701493
587  678  0.56312
588  609  0.0418954
588  675  0.0702971
588  677  0.577282
589  608  0.0336509
589  674  0.0636601
589  676  0.581503
590  675  0.580731
591  672  0.284184
591  674  0.342604
592  671  0.480655
593  670  0.482152
594  605  0.0256647
594  606  0.0138154
594  669  0.321909
595  604  0.0263852
595  605  0.0194003
595  668  0.161247
595  669  0.340024
596  604  0.020781
596  668  0.500855
597  603  0.0163681
597  667  0.660991
598  666  0.661395
599  665  0.660851
600  664  0.626952
604  660  0.374533
605  659  0.372129
605  662  0.219938
606  658  0.318634
606  661  0.247458
607  660  0.249514
608  659  0.220726
609  656  0.521406
610  655  0.553674
611  653  0.601581
612  652  0.606521
612  656  0.0427714
613  651  0.604803
613  655  0.0431406
614  631  0.804163
614  683  0.12381
615  630  0.804583
615  682  0.123811
616  629  0.803537
616  681  0.116173
617  628  0.804157
617  680  0.0822184
618  627  0.799153
619  626  0.685461
619  686  0.0196813
620  678  0.0117494
620  685  0.0285573
621  666  0.0109027
621  677  0.0141698
621  684  0.0364414
622  665  0.011252
622  676  0.0113637
622  683  0.0371139
626  680  0.0806085
627  679  0.139189
628  678  0.151095
629  677  0.152217
630  656  0.0270464
630  676  0.153559
631  655  0.0285853
631  675  0.1536
632  654  0.0435486
632  674  0.149847
633  653  0.0440637
634  672  0.144968
635  651  0.0762855
635  671  0.147224
636  649  0.0299489
636  650  0.565573
636  669  0.0114353
637  648  0.0302918
637  649  0.564937
637  650  0.119294
637  668  0.0110676
637  669  0.116187
638  647  0.0297866
638  648  0.503371
638  649  0.11976
638  652  0.0104812
638  668  0.116076
639  645  0.21335
639  651  0.0104983
639  667  0.115516
640  647  0.01192
640  648  0.142114
640  650  0.0114423
641  647  0.138531
641  654  0.0540567
642  646  0.0813009
642  653  0.0702025
643  650  0.0132737
643  652  0.0745302
645  650  0.0503811
651  668  0.0299871
652  667  0.0303072
654  666  0.0756256
655  665  0.158722
656  664  0.156152
657  663  0.141631
701  958  0.495964
702  712  0.0225052
702  957  0.497303
703  711  0.0249529
703  956  0.410625
704  710  0.0228314
705  965  0.3701
706  747  0.409599
706  964  0.403379
707  746  0.446799
707  963  0.412961
708  745  0.463383
708  962  0.418074
709  744  0.462864
709  961  0.417794
711  742  0.373357
711  823  0.0235609
711  902  0.010889
711  959  0.047911
712  822  0.0344254
712  901  0.01534
712  958  0.039799
713  740  0.421382
713  821  0.0344659
713  900  0.0154179
713  956  0.0129816
713  958  0.343702
714  739  0.431664
714  741  0.0474643
714  820  0.0341626
714  899  0.0151084
714  955  0.0130751
714  957  0.351276
715  738  0.429863
715  740  0.0503381
715  819  0.0258402
715  954  0.0128976
715  956  0.341478
716  737  0.405455
716  739  0.0504735
716  953  0.0126212
716  955  0.311828
717  738  0.0402689
717  896  0.0158885
717  952  0.0120636
717  954  0.152513
718  738  0.0284597
718  816  0.0210507
718  895  0.0159617
719  815  0.0223064
719  823  0.0436853
719  894  0.0159598
720  736  0.717315
720  814  0.0135103
720  893  0.0143153
721  735  0.934296
721  743  0.0142491
721  833  0.0121711
721  963  0.0109576
722  734  0.935339
722  742  0.0148372
722  832  0.0129864
722  962  0.0135144
723  733  0.935665
723  741  0.0149072
723  831  0.0138612
723  961  0.0137352
724  732  0.930127
724  740  0.0146843
724  830  0.0138412
724  960  0.0121373
725  731  0.900656
725  739  0.0144331
726  730  0.523449
726  737  0.0136354
727  736  0.0146792
727  959  0.0103229
728  735  0.0147251
728  958  0.0147068
729  826  0.0146031
729  957  0.0147143
730  825  0.0116331
732  823  0.0103331
733  822  0.0120928
735  748  0.0143687
735  820  0.0138531
736  747  0.0154246
736  819  0.0165805
737  746  0.0157443
737  818  0.0213482
738  745  0.0147807
738  817  0.0232034
738  961  0.0130728
739  816  0.0234302
739  960  0.0179589
740  815  0.02309
740  959  0.0187626
740  962  0.0115826
741  958  0.0189951
742  960  0.0209366
743  813  0.0382696
743  959  0.0224543
744  812  0.0443537
744  958  0.0227618
745  811  0.0447602
746  810  0.0446851
747  809  0.0444685
748  808  0.0436285
749  807  0.0430085
751  804  0.0170805
751  822  0.942336
752  803  0.0390151
752  821  0.943314
753  802  0.0442354
753  820  0.94327
754  801  0.0439105
754  818  0.0295729
754  819  0.895879
755  800  0.043444
755  817  0.0588566
756  799  0.0432178
756  815  0.917446
757  798  0.014328
757  814  0.912776
757  815  0.012941
758  770  0.0358487
758  813  0.785075
758  814  0.016808
759  769  0.0420378
759  813  0.018627
760  768  0.0431743
760  811  0.894638
760  812  0.0123501
761  767  0.0432729
761  810  0.916751
762  766  0.026802
763  808  0.951545
764  807  0.95281
765  806  0.95319
766  805  0.952509
767  804  0.925128
770  801  0.899314
771  800  0.948303
772  799  0.832676
773  798  0.856534
774  797  0.994351
775  796  0.996581
776  795  0.99676
777  793  0.330764
777  794  0.666088
778  792  0.661441
778  793  0.335275
779  791  0.990364
780  790  0.991
781  789  0.993722
782  788  0.992846
783  787  0.850482
823  906  0.0148679
824  905  0.0149832
824  954  0.668677
825  904  0.0150172
825  953  0.880223
826  903  0.0150079
826  952  0.94745
827  902  0.0149982
827  951  0.947691
828  901  0.0144863
828  950  0.946991
829  949  0.945119
830  948  0.941114
831  896  0.0156377
831  947  0.156645
832  895  0.0161083
832  947  0.789591
833  894  0.0160895
833  946  0.948573
834  861  0.0492164
834  945  0.948628
835  860  0.0492442
835  944  0.949649
836  859  0.0493943
836  943  0.94909
837  858  0.04929
837  901  0.0108736
837  912  0.498844
837  942  0.418717
838  857  0.0494013
838  900  0.0110126
838  911  0.505303
838  912  0.392764
838  941  0.0319198
839  856  0.0493935
839  910  0.504645
839  911  0.394106
839  912  0.0111798
839  940  0.0223202
840  855  0.0493482
840  898  0.021119
840  909  0.514685
840  910  0.386034
840  911  0.0113417
841  897  0.0211305
841  908  0.514476
841  909  0.388304
842  853  0.0455895
842  896  0.0211229
842  906  0.105099
842  908  0.386747
843  895  0.0197753
843  905  0.0896776
844  851  0.0283748
844  905  0.371586
845  850  0.0249919
845  904  0.37276
846  903  0.248352
846  905  0.075966
847  854  0.0479328
848  853  0.0543895
848  855  0.01665
848  865  0.0264523
848  900  0.0240601
848  901  0.0834568
848  903  0.392087
848  905  0.0987389
849  854  0.0149458
849  899  0.0249047
849  902  0.550354
849  904  0.113685
850  863  0.0322114
850  898  0.0237512
850  900  0.0899273
850  901  0.557306
850  903  0.115942
851  862  0.0416116
851  893  0.0158141
851  899  0.0905583
851  902  0.117003
852  861  0.0432934
852  892  0.0170943
852  898  0.0873786
852  900  0.579072
852  901  0.100644
853  860  0.0427944
853  891  0.017094
853  899  0.595289
854  861  0.101512
854  878  0.156453
854  897  0.0686009
854  898  0.326385
854  900  0.0825307
855  860  0.10146
855  874  0.0140211
855  877  0.156532
855  899  0.0821571
856  876  0.156121
857  874  0.108903
857  894  0.211644
858  871  0.187205
858  893  0.211218
858  902  0.05501
859  870  0.36743
859  892  0.112282
859  901  0.0763981
860  869  0.386139
860  892  0.232539
860  900  0.0764255
861  868  0.378883
861  891  0.322621
861  899  0.0762582
862  890  0.319956
863  884  0.149159
863  889  0.212277
864  883  0.311913
864  888  0.0642967
865  882  0.34298
865  894  0.0706899
866  893  0.0717019
866  902  0.0346631
867  880  0.130829
867  885  0.0130625
867  892  0.0605903
867  896  0.0165698
867  901  0.0482843
868  878  0.415718
868  892  0.0414041
868  895  0.0168087
868  900  0.0481966
869  877  0.416403
869  891  0.0262585
869  894  0.0196134
869  899  0.0455678
870  876  0.412816
870  891  0.149937
871  890  0.208345
872  889  0.212593
873  888  0.21495
874  887  0.215982
874  898  0.0238003
875  886  0.216249
876  885  0.216137
876  897  0.0814151
876  898  0.109877
877  896  0.0818017
877  897  0.10999
879  895  0.334446
880  894  0.363901
881  893  0.363856
882  892  0.358051
883  890  0.0281342
884  890  0.0241111
884  895  0.0114682
885  891  0.0365749
885  894  0.015845
886  893  0.0120197
905  916  0.011083
906  915  0.0122648
906  948  0.0140399
907  914  0.0122869
907  947  0.0179846
908  913  0.0111443
908  946  0.017866
911  944  0.0294621
912  943  0.029808
913  940  0.859191
913  942  0.0442394
914  939  0.861657
915  937  0.391983
915  938  0.574371
916  936  0.692715
916  937  0.28719
917  935  0.989165
918  934  0.999467
919  933  0.999632
920  932  0.999092
921  931  0.997574
922  930  0.999617
923  929  0.999142
924  928  0.618817
