1  565  0.0180532
2  414  0.056561
2  502  0.0105713
2  561  0.185001
2  564  0.0213981
3  413  0.0647905
3  501  0.0193635
3  560  0.304579
3  563  0.018009
4  412  0.0652352
4  559  0.288731
5  11  0.0110145
5  17  0.0407085
5  36  0.0103208
5  395  0.0225366
5  411  0.0656202
5  434  0.0392552
5  499  0.0769218
5  556  0.111814
6  16  0.0406837
6  37  0.0265121
6  394  0.0232473
6  410  0.0654852
6  433  0.0392735
6  498  0.0769652
6  555  0.112325
6  561  0.012465
6  566  0.0667956
7  15  0.034665
7  432  0.0356735
7  497  0.0758342
7  565  0.0562646
9  34  0.405795
10  17  0.0388542
10  26  0.240886
10  33  0.471793
10  428  0.0309624
10  494  0.0739156
11  16  0.0383106
11  25  0.241079
11  32  0.478684
11  426  0.0279614
11  427  0.0245737
11  493  0.0739599
12  24  0.24062
12  31  0.541783
12  425  0.0357978
13  23  0.240619
13  30  0.551173
13  459  0.0134751
14  22  0.241104
14  29  0.550697
14  423  0.0402601
14  436  0.0102126
14  458  0.0135897
15  21  0.23517
15  27  0.146563
15  28  0.402648
15  435  0.0113846
15  457  0.0135784
16  20  0.127224
16  26  0.427092
16  422  0.0580174
16  434  0.015161
16  456  0.0135936
17  25  0.426718
17  27  0.121329
17  421  0.0585178
17  433  0.0151638
17  455  0.0135931
18  24  0.401036
18  26  0.121135
18  29  0.0159609
18  420  0.0591795
18  432  0.0151507
18  454  0.0126762
18  563  0.0669231
19  25  0.0846174
19  28  0.0174443
19  431  0.0151818
19  562  0.0727239
20  27  0.0184405
20  418  0.0643968
20  430  0.0151874
20  561  0.0732517
21  26  0.0182044
21  417  0.0646905
21  560  0.0724695
22  416  0.0646921
22  427  0.0137901
23  415  0.0644918
23  426  0.0134646
23  558  0.0692422
24  414  0.0628299
24  557  0.0731507
25  413  0.0616872
25  422  0.015685
25  556  0.0738119
26  421  0.0158389
26  447  0.0128017
26  555  0.0734617
27  412  0.06423
27  420  0.0164463
27  446  0.0142436
28  411  0.0656101
28  419  0.0164285
28  445  0.0143635
29  400  0.0383337
29  410  0.066485
29  418  0.016299
29  444  0.01425
29  541  0.0117598
29  554  0.0760576
30  399  0.0382968
30  400  0.214606
30  409  0.0662341
30  540  0.0117964
30  553  0.0743806
31  399  0.121828
31  408  0.0217703
31  552  0.0617257
32  398  0.213875
32  492  0.0918627
32  538  0.0109553
33  397  0.319875
33  406  0.0443791
33  491  0.0838763
33  537  0.0108824
34  396  0.323263
34  405  0.0397165
34  490  0.0915725
35  395  0.325884
35  489  0.104267
36  393  0.330398
36  394  0.163519
36  488  0.104752
36  561  0.0300472
37  392  0.499346
37  487  0.104764
37  560  0.0268823
38  391  0.49939
38  486  0.104711
38  534  0.0585181
38  556  0.318151
39  390  0.495113
39  485  0.104533
39  533  0.0587618
39  555  0.319726
40  389  0.489289
40  484  0.103936
40  532  0.0587866
40  554  0.319891
41  389  0.0500942
41  531  0.0587661
41  553  0.319788
42  530  0.0526263
42  552  0.279146
43  378  0.246193
43  379  0.0171654
43  387  0.586499
43  391  0.01725
43  529  0.0154749
44  377  0.326526
44  386  0.587489
44  390  0.0180819
44  528  0.0115585
45  376  0.333372
45  385  0.587231
45  389  0.0416387
46  375  0.331016
46  388  0.0417993
47  387  0.0416997
48  373  0.355201
48  385  0.0313313
49  372  0.986979
50  371  0.98736
51  370  0.987413
52  369  0.989094
53  368  0.988862
54  367  0.988888
55  366  0.979488
56  365  0.947701
57  365  0.0116285
58  364  0.0230741
59  260  0.010809
60  259  0.0109997
60  363  0.950879
61  258  0.0110771
61  362  0.970967
62  257  0.0110814
62  361  0.969245
66  86  0.690921
67  85  0.999329
68  84  0.999735
69  83  0.999096
70  82  0.998975
71  81  0.981057
72  79  0.928461
73  78  0.609469
86  277  0.209371
87  256  0.0126778
87  276  0.975148
88  255  0.0126858
88  275  0.97563
89  254  0.0126859
89  274  0.975963
90  253  0.0125958
90  273  0.976532
91  272  0.976519
92  251  0.011183
92  271  0.974987
93  250  0.0112125
93  270  0.975865
94  269  0.97407
95  268  0.974794
96  267  0.974731
97  266  0.973064
98  265  0.859261
99  260  0.0572346
99  262  0.0181057
100  222  0.299255
100  259  0.0553736
100  263  0.474413
101  221  0.299568
101  258  0.0556659
101  261  0.552708
102  220  0.29935
102  257  0.0556396
102  260  0.170181
102  265  0.0145832
103  219  0.299809
103  256  0.0555137
103  259  0.0972844
103  264  0.0321264
104  218  0.300308
104  255  0.0524592
104  258  0.486158
104  263  0.0321751
105  132  0.0279597
105  217  0.3003
105  253  0.0280073
105  257  0.562584
105  262  0.0321284
106  131  0.0291991
106  216  0.297508
106  256  0.552972
106  261  0.0133936
107  130  0.0292059
107  251  0.0127151
107  252  0.0367344
107  254  0.101038
108  129  0.027514
108  215  0.276987
109  214  0.276858
109  250  0.608219
110  145  0.029562
110  208  0.036752
110  213  0.210594
110  249  0.61333
111  125  0.0360131
111  144  0.188555
111  207  0.0990382
111  248  0.109934
112  124  0.0383032
112  143  0.188691
112  206  0.105485
112  247  0.113178
112  254  0.0107648
113  123  0.038475
113  142  0.189009
113  205  0.105868
113  246  0.61981
113  253  0.0107645
114  122  0.038459
114  141  0.184223
114  204  0.105625
114  245  0.619252
115  121  0.0379544
115  203  0.105562
115  244  0.611938
116  138  0.0150556
116  202  0.103175
117  137  0.0190499
117  241  0.451341
117  242  0.0285396
118  200  0.0242982
118  201  0.0592725
118  240  0.603415
119  135  0.268787
119  200  0.0523996
119  239  0.611462
120  134  0.270126
120  238  0.611531
121  133  0.269664
121  237  0.610888
122  132  0.247485
122  236  0.589415
123  131  0.0581968
124  131  0.0490325
125  130  0.0543942
125  233  0.0119422
125  234  0.0474716
125  235  0.118533
126  233  0.0479331
126  234  0.212304
126  235  0.0264669
127  231  0.0236723
127  233  0.151997
127  234  0.0375268
129  231  0.0803415
131  199  0.0566703
131  229  0.405672
131  230  0.157203
132  198  0.065773
132  228  0.428107
133  197  0.0658268
133  227  0.426759
133  228  0.179174
133  264  0.0306255
134  196  0.067194
134  227  0.180337
134  263  0.0306903
135  195  0.0670368
135  262  0.0306649
136  225  0.525678
136  261  0.0161385
137  224  0.569159
137  261  0.0109649
138  223  0.524724
138  260  0.0216844
139  259  0.0215363
140  192  0.0888927
140  221  0.553495
140  258  0.0215477
141  191  0.0283638
141  220  0.608575
141  257  0.0213244
142  152  0.0261009
142  190  0.0163955
142  219  0.612344
142  256  0.0201836
143  151  0.0381126
143  189  0.0794155
143  218  0.616253
143  258  0.0109428
144  150  0.0380468
144  188  0.0922376
144  217  0.616258
144  257  0.0128662
145  187  0.0923359
145  216  0.561815
145  256  0.013803
146  186  0.0915993
146  215  0.526678
146  255  0.0130546
147  185  0.0877297
147  204  0.310039
148  203  0.351968
149  202  0.352094
150  158  0.458499
150  183  0.0895705
150  201  0.34936
151  157  0.455953
151  182  0.0898675
152  156  0.191317
152  181  0.0887397
152  199  0.338854
152  223  0.0295333
153  180  0.0539834
153  198  0.341899
153  222  0.0518922
154  197  0.202596
154  221  0.0512757
155  178  0.081852
156  177  0.0896696
156  197  0.149305
156  219  0.0538303
157  196  0.371719
157  218  0.0554504
158  175  0.0911739
158  195  0.372428
158  217  0.0554502
159  174  0.0913513
159  194  0.372437
159  216  0.0549106
160  173  0.0627319
160  193  0.259262
160  213  0.400032
161  172  0.0292051
161  173  0.0279933
161  212  0.509185
162  172  0.0557671
162  191  0.368706
162  211  0.517986
163  171  0.0442288
163  190  0.36946
163  210  0.518241
164  171  0.0168764
164  185  0.0100382
164  189  0.367323
164  209  0.517371
165  170  0.0220308
165  184  0.0126502
165  188  0.365318
165  208  0.516118
166  183  0.0140046
166  187  0.361091
166  207  0.515872
167  206  0.408107
168  182  0.158088
168  205  0.276906
168  206  0.108402
169  181  0.187243
169  205  0.215252
170  180  0.187712
170  183  0.0333727
170  185  0.143226
170  200  0.101764
170  203  0.0195116
170  204  0.210551
171  179  0.187523
171  182  0.0313087
171  184  0.152247
171  199  0.10404
172  178  0.180942
172  183  0.152413
172  198  0.104309
172  203  0.387784
173  177  0.119036
173  180  0.0267803
173  197  0.100898
173  202  0.388166
174  181  0.127189
174  182  0.0243489
174  195  0.0524005
175  180  0.107318
175  194  0.0473068
175  196  0.02059
175  201  0.410148
176  194  0.038385
176  200  0.410214
177  193  0.0219234
177  199  0.389397
178  193  0.0769652
179  192  0.105265
179  197  0.0684249
180  191  0.03214
181  190  0.0178649
181  196  0.223015
182  189  0.0919465
182  194  0.410517
183  188  0.104038
183  193  0.412572
184  192  0.410619
185  191  0.392605
205  216  0.0553375
206  215  0.0560066
207  214  0.0540575
222  399  0.010236
223  398  0.0104664
224  250  0.137499
224  397  0.0104587
225  249  0.198369
225  396  0.0104742
226  248  0.207214
226  395  0.0104894
227  247  0.208029
227  394  0.0104954
228  246  0.20797
228  393  0.0104949
229  240  0.163893
229  245  0.164336
229  392  0.0101831
230  239  0.191356
230  240  0.0255053
230  244  0.140953
231  239  0.090708
232  237  0.28418
232  238  0.0528408
245  265  0.0379186
246  264  0.140643
247  263  0.140783
248  262  0.140515
249  261  0.13885
251  259  0.1336
252  258  0.114867
262  362  0.0232492
263  361  0.0233498
264  360  0.0233586
265  359  0.0233682
266  358  0.0233787
267  357  0.0228402
268  356  0.0210413
269  355  0.0166162
270  280  0.0182104
271  279  0.0182221
272  278  0.0182421
280  360  0.940891
281  359  0.947866
282  358  0.946555
283  356  0.08774
284  355  0.0853569
284  356  0.101512
286  353  0.0120252
286  354  0.105171
286  355  0.273191
288  352  0.058288
288  353  0.750212
289  351  0.0801221
289  352  0.771917
291  350  0.999581
292  349  0.999949
293  348  0.999968
294  347  0.999979
295  346  0.999975
296  345  0.997799
297  344  0.997241
298  343  0.99906
299  342  0.997721
309  325  0.995979
310  324  0.998384
311  323  0.999314
312  322  0.999888
313  321  0.999814
314  320  0.970273
327  341  0.998993
328  340  0.999842
329  339  0.390598
330  338  0.38313
331  337  0.984245
373  384  0.625804
374  383  0.633479
375  382  0.6357
376  381  0.630376
379  547  0.0294868
380  545  0.232323
380  546  0.0151999
381  490  0.0431609
381  544  0.263504
382  489  0.0437884
382  543  0.263191
383  542  0.262195
384  488  0.0747905
384  541  0.259604
385  487  0.352245
386  486  0.352416
387  485  0.351679
388  484  0.35093
389  483  0.175917
390  483  0.283623
391  482  0.45958
392  481  0.459688
393  480  0.45908
394  479  0.460495
395  478  0.460156
396  477  0.456449
397  476  0.441796
398  403  0.0390567
398  475  0.388746
399  451  0.388335
399  452  0.0518343
399  474  0.0112379
400  450  0.395386
400  451  0.0483103
401  449  0.371214
402  446  0.0914229
403  445  0.0879521
403  446  0.0630471
404  445  0.0644763
404  446  0.0158689
405  443  0.541552
406  417  0.0107362
406  442  0.582718
406  563  0.0106384
407  416  0.0103222
407  441  0.582891
407  550  0.0215984
407  562  0.0115746
408  440  0.583182
408  549  0.0250842
409  439  0.582994
409  548  0.023132
409  549  0.197318
409  560  0.0151782
410  438  0.574542
410  548  0.199484
410  559  0.0149177
411  437  0.536533
411  546  0.0158444
411  547  0.200676
411  558  0.0142283
412  545  0.0138203
412  546  0.194905
412  557  0.0114475
413  435  0.011419
413  545  0.182581
416  434  0.897233
417  433  0.897632
418  432  0.89615
419  431  0.897516
420  430  0.897932
421  428  0.4407
421  429  0.456918
422  427  0.878495
429  561  0.0309849
430  560  0.0338139
431  559  0.0334957
432  558  0.028404
436  544  0.394352
437  543  0.408955
438  542  0.41372
439  541  0.414306
440  540  0.414087
441  539  0.349543
443  564  0.0151366
444  538  0.291487
444  563  0.0470849
445  536  0.146128
445  537  0.288209
445  562  0.0503443
446  535  0.153556
446  536  0.278868
446  561  0.0509746
447  534  0.157125
447  560  0.0525122
448  559  0.0514733
449  558  0.038752
450  533  0.477218
450  555  0.0206859
451  532  0.48665
451  554  0.0208256
452  473  0.0110432
452  531  0.48695
452  553  0.0208064
453  472  0.012998
453  474  0.446314
454  471  0.012998
454  473  0.447094
455  470  0.0129978
455  472  0.447538
455  529  0.518489
456  468  0.0130854
456  471  0.447522
456  528  0.519266
457  467  0.0131554
457  470  0.446806
457  527  0.519441
458  466  0.0108114
458  468  0.354308
458  526  0.519463
459  466  0.373834
459  468  0.0683017
459  525  0.51898
460  465  0.363287
460  467  0.0533327
460  522  0.0172217
460  524  0.324051
461  521  0.0176311
464  521  0.0263722
466  520  0.31691
467  519  0.3178
468  518  0.310272
469  517  0.266112
470  502  0.516319
471  501  0.537561
472  500  0.537573
473  499  0.537684
474  498  0.537694
475  497  0.5373
476  496  0.536213
477  495  0.5363
478  494  0.537343
479  493  0.530882
480  491  0.324018
481  492  0.138471
482  489  0.336595
482  492  0.0476038
483  488  0.342549
483  490  0.136898
483  491  0.0483355
484  489  0.0900646
489  503  0.0932245
489  550  0.0199158
490  549  0.0252761
491  501  0.24108
491  529  0.0458232
491  548  0.0252481
492  500  0.241874
492  528  0.0466156
492  547  0.0251451
493  499  0.242916
493  501  0.0127711
493  527  0.0480436
493  534  0.0376985
494  498  0.197154
494  500  0.0126426
494  526  0.046184
494  533  0.0377249
495  514  0.0338857
496  513  0.0454823
497  512  0.0454915
497  530  0.0385054
498  529  0.0399673
499  511  0.0575634
499  528  0.0399745
500  510  0.0598061
500  527  0.0399401
501  509  0.0597417
501  526  0.0397693
501  561  0.0405258
502  508  0.0551566
502  560  0.0444654
503  507  0.0363085
503  515  0.48127
503  559  0.0421546
504  514  0.518752
504  539  0.29583
505  513  0.534104
505  520  0.0107339
505  538  0.342069
506  512  0.498146
506  537  0.341914
507  511  0.289309
507  536  0.341168
508  535  0.341863
509  534  0.342277
510  533  0.340136
511  518  0.0621778
511  520  0.159871
511  522  0.0157512
512  517  0.0544813
512  518  0.0126517
512  521  0.0183705
514  519  0.0137059
520  525  0.0576347
522  532  0.335778
523  531  0.345217
524  530  0.341806
525  529  0.268662
532  549  0.0182299
533  548  0.0182986
534  547  0.0181233
538  544  0.0139165
539  550  0.0142197
539  562  0.0146711
540  549  0.0215225
541  548  0.0205974
541  560  0.0833218
542  559  0.0836288
543  558  0.0825154
544  560  0.0112783
545  559  0.0103876
547  556  0.412708
548  555  0.413031
549  554  0.384432
560  566  0.0112669
