2  554  0.0160414
2  569  0.807456
3  553  0.0193343
3  568  0.971583
4  552  0.0192652
4  567  0.971395
5  551  0.018515
5  566  0.970599
6  550  0.0170229
6  565  0.900596
10  170  0.970179
11  169  0.969613
12  168  0.949091
13  154  0.101648
14  153  0.116299
15  152  0.115068
16  151  0.114156
16  166  0.110987
17  122  0.0182156
17  123  0.0375402
17  150  0.0244895
18  163  0.759408
19  121  0.0935329
19  125  0.0104835
19  162  0.849756
20  120  0.122356
20  124  0.013608
20  161  0.860557
21  119  0.122384
21  123  0.0140935
21  160  0.860552
22  118  0.122015
22  122  0.014106
22  159  0.859997
23  121  0.0133771
23  158  0.851458
24  157  0.813998
25  117  0.27254
25  156  0.602387
26  116  0.859726
26  155  0.0904202
27  115  0.980694
28  114  0.981068
29  113  0.979501
30  112  0.980317
30  139  0.010141
31  111  0.980753
31  138  0.0130096
32  109  0.0869443
32  110  0.836802
32  137  0.0132814
33  108  0.170732
33  136  0.0133887
34  57  0.0379385
34  135  0.0133388
35  57  0.702397
35  134  0.0102111
36  56  0.916897
37  55  0.972335
38  54  0.977102
39  53  0.976725
40  52  0.977133
41  51  0.391549
42  50  0.379875
42  93  0.019128
43  49  0.944657
43  92  0.0197512
44  91  0.0202151
45  90  0.020217
46  89  0.0202144
47  88  0.0196503
56  109  0.0240873
57  108  0.0556759
59  77  0.940334
60  76  0.994367
61  75  0.99911
62  74  0.999103
63  72  0.254535
63  73  0.738436
64  71  0.495726
65  70  0.449759
65  72  0.0521921
82  105  0.971422
83  104  0.972276
84  103  0.972706
85  102  0.967952
86  101  0.692489
87  99  0.158599
87  100  0.178072
88  98  0.317158
88  101  0.266737
89  97  0.317811
89  100  0.640331
90  96  0.31506
90  99  0.658
91  98  0.660307
92  97  0.659362
95  124  0.0133508
96  123  0.0155514
97  122  0.0156212
98  121  0.0156127
99  120  0.0155096
100  119  0.0153023
103  117  0.0124796
104  116  0.0133516
105  115  0.0133699
106  114  0.0114145
124  157  0.0181309
125  156  0.0339946
126  155  0.0421601
127  154  0.0380358
129  154  0.170518
130  149  0.0244444
130  154  0.250029
131  148  0.0337291
131  152  0.441134
131  153  0.280551
132  147  0.0337366
132  151  0.862774
133  146  0.0333022
133  150  0.948207
134  149  0.948174
135  144  0.0232493
135  148  0.948484
136  142  0.0161362
136  147  0.930216
138  145  0.110609
141  146  0.050439
141  154  0.0127507
142  153  0.0147096
143  152  0.0147103
144  151  0.014422
159  167  0.0367192
159  168  0.0294423
160  166  0.034501
160  167  0.0902863
161  166  0.0853503
165  544  0.0102826
166  543  0.0117466
167  542  0.0117422
168  541  0.0113437
172  536  0.951944
173  535  0.959236
174  534  0.950646
175  533  0.941737
175  534  0.0136239
176  533  0.0230061
177  531  0.932635
177  532  0.031421
178  529  0.0507068
178  530  0.783491
178  531  0.0291316
180  527  0.843699
180  528  0.0535915
181  526  0.957499
182  525  0.95605
183  524  0.956126
184  523  0.949206
184  527  0.0238397
185  522  0.901367
186  521  0.219796
187  524  0.0259656
188  523  0.025745
189  522  0.0259497
190  520  0.984913
191  519  0.986468
192  518  0.985356
193  517  0.983784
198  514  0.0239639
199  471  0.957935
199  513  0.0243138
200  470  0.960394
200  512  0.0238378
201  469  0.959755
201  511  0.0220477
202  468  0.961079
203  467  0.960581
204  466  0.956535
205  465  0.874696
207  463  0.769161
208  462  0.771729
210  460  0.849028
211  459  0.961615
212  458  0.963742
213  457  0.963681
214  456  0.919828
216  484  0.0334125
217  483  0.0353828
218  482  0.035446
219  481  0.0354885
220  480  0.0354691
221  394  0.94545
221  479  0.0354971
222  393  0.952891
222  478  0.0354951
223  392  0.944524
223  477  0.0353518
224  391  0.417047
224  476  0.0345476
225  390  0.060076
225  391  0.0166125
225  475  0.0250656
226  391  0.535147
227  390  0.931637
228  389  0.998178
229  388  0.998268
230  387  0.998564
231  386  0.995529
232  385  0.989538
233  384  0.974327
234  383  0.912337
236  380  0.0783003
237  325  0.825255
237  381  0.0628871
238  324  0.826359
238  380  0.0630884
239  323  0.821239
241  321  0.978997
242  320  0.981794
243  252  0.0168434
243  319  0.980675
244  251  0.0168086
244  318  0.979924
245  250  0.0122129
245  317  0.919589
247  264  0.311776
247  316  0.0547989
248  263  0.333417
249  262  0.338612
250  261  0.329878
251  265  0.0153001
251  282  0.0107371
252  259  0.34598
252  264  0.0149068
252  281  0.0107898
253  258  0.216075
253  280  0.0108112
254  276  0.0273731
255  275  0.0273455
255  278  0.0690367
255  307  0.0101073
256  277  0.0593493
256  306  0.0101123
257  276  0.0456155
257  277  0.029448
257  305  0.0100644
258  276  0.0427055
258  279  0.0298866
258  304  0.0100831
259  275  0.0541673
259  278  0.0397584
261  277  0.0446101
264  274  0.525375
264  275  0.0977957
265  273  0.544293
265  274  0.094233
266  272  0.499118
267  271  0.289883
271  323  0.0150993
272  322  0.0157894
273  321  0.015576
274  320  0.0153016
276  318  0.0118329
278  316  0.62551
279  315  0.629377
280  313  0.598992
280  314  0.315238
281  312  0.976713
282  311  0.976853
283  310  0.976338
284  309  0.972287
286  293  0.0948615
286  307  0.822263
287  292  0.068907
287  306  0.788161
291  308  0.025633
292  302  0.831263
292  307  0.0265047
293  301  0.828374
293  306  0.0261953
300  308  0.0882208
301  307  0.100334
302  306  0.0814432
323  341  0.0277288
323  382  0.0851826
324  340  0.037716
324  381  0.104124
325  380  0.104059
326  339  0.742234
327  338  0.828423
328  337  0.827921
329  336  0.812967
330  335  0.738472
336  380  0.0160514
336  382  0.0332703
337  379  0.0335354
337  381  0.0398758
338  378  0.0331274
338  379  0.0519264
338  381  0.0105707
339  377  0.0307878
339  378  0.0501002
341  377  0.0109061
341  378  0.0146475
343  376  0.9893
344  375  0.993316
345  374  0.995698
346  373  0.997156
347  372  0.994283
348  370  0.993397
349  369  0.996869
350  368  0.996865
351  367  0.993759
354  363  0.101811
355  362  0.103428
355  364  0.88846
356  361  0.102094
356  363  0.890821
357  362  0.829037
392  457  0.0185179
393  456  0.022954
395  454  0.859243
396  453  0.963676
397  452  0.977853
398  451  0.978943
399  450  0.978804
400  449  0.0319308
403  414  0.980312
404  413  0.986725
405  412  0.986395
406  411  0.647884
415  449  0.95875
416  448  0.982312
417  447  0.996936
418  446  0.996724
419  445  0.99691
420  444  0.993644
422  443  0.98831
423  442  0.988803
424  441  0.982081
426  438  0.0152355
426  439  0.103574
426  440  0.144312
428  437  0.699696
428  438  0.131986
428  439  0.0198053
429  436  0.696595
429  437  0.12456
429  438  0.0186919
430  435  0.485916
431  436  0.0300226
433  440  0.0194663
434  439  0.020059
476  515  0.926941
477  514  0.937185
478  513  0.931284
478  516  0.0167059
479  515  0.0166931
480  511  0.920658
480  514  0.0126078
481  510  0.928331
482  487  0.0127859
482  508  0.0968634
482  509  0.817682
483  507  0.189322
488  505  0.661536
488  508  0.28432
489  504  0.669469
489  507  0.317575
490  503  0.669419
490  506  0.317649
491  502  0.660269
491  504  0.319879
492  503  0.319918
493  498  0.544047
493  500  0.0115698
493  502  0.318196
494  499  0.0977725
536  553  0.0129813
537  552  0.0135821
538  551  0.0127842
539  547  0.0687256
540  546  0.0629646
541  545  0.0366185
541  548  0.0313927
542  547  0.0310223
546  554  0.16709
547  553  0.199878
548  552  0.0761076
