1  25  0.0371338
1  40  0.0258938
1  755  0.0151272
1  758  0.138728
1  759  0.0125198
2  24  0.0373389
2  754  0.0147758
2  757  0.135866
3  23  0.0369694
3  724  0.612944
4  37  0.0261005
4  723  0.613573
4  760  0.0228363
5  36  0.0253326
5  722  0.612757
5  756  0.0186856
6  22  0.03865
6  721  0.613764
6  750  0.010593
6  755  0.0211045
6  758  0.160428
7  21  0.0391823
7  720  0.612466
7  749  0.0109427
7  752  0.0121373
7  754  0.0203101
7  757  0.161729
8  20  0.0391999
8  719  0.599964
8  753  0.0188405
8  756  0.161739
9  19  0.0386523
9  275  0.0366411
9  755  0.159733
10  32  0.0251529
10  274  0.0366595
10  717  0.570548
10  749  0.0153012
10  754  0.142684
10  762  0.0108941
11  31  0.0255062
11  273  0.0367051
11  716  0.569701
11  745  0.0106942
11  748  0.0152002
11  751  0.0103298
11  757  0.014931
11  761  0.0134072
12  31  0.141642
12  96  0.010269
12  104  0.0112917
12  272  0.0169153
12  752  0.0147742
12  756  0.015082
13  30  0.633629
13  95  0.0130545
13  103  0.015094
13  271  0.0168544
13  721  0.0185425
13  755  0.0146799
13  758  0.0264746
14  29  0.633838
14  94  0.0129008
14  102  0.0150906
14  270  0.0365262
14  720  0.0185778
14  751  0.0697476
14  757  0.026707
15  28  0.619852
15  93  0.0105352
15  101  0.0136944
15  719  0.0185648
15  756  0.0251019
16  27  0.541081
16  265  0.0113973
16  269  0.0121949
16  750  0.0117004
17  264  0.0116426
17  268  0.0121688
17  718  0.019818
17  751  0.0126257
18  717  0.019819
18  749  0.0957931
18  752  0.0269262
19  111  0.0107744
19  264  0.0171071
19  716  0.0198107
19  748  0.0991016
19  751  0.0282462
20  263  0.0160868
20  747  0.0497622
20  750  0.0220104
21  747  0.0917647
22  108  0.0210876
22  259  0.035917
22  746  0.142294
23  107  0.0211995
23  258  0.036057
23  745  0.142212
23  748  0.0102423
24  257  0.0352731
24  747  0.0106479
25  94  0.095006
25  106  0.0246319
25  746  0.0106364
26  93  0.0904149
26  105  0.0265133
26  256  0.0333413
27  92  0.103656
27  104  0.0270686
27  255  0.0335484
28  91  0.131012
28  254  0.0336795
29  40  0.022501
29  90  0.135196
29  103  0.122105
29  253  0.0335755
30  39  0.0229072
30  89  0.135193
30  102  0.122098
30  252  0.033613
30  757  0.0113334
31  38  0.022349
31  88  0.130318
31  251  0.0331206
31  715  0.33463
32  37  0.0192357
32  714  0.317282
36  84  0.1228
36  249  0.0108315
36  750  0.0440193
37  83  0.127378
37  97  0.5469
37  248  0.0109586
37  749  0.049205
38  82  0.128224
38  96  0.652831
38  247  0.010908
38  748  0.0171603
39  51  0.021752
39  81  0.128039
39  95  0.678343
39  246  0.0105735
39  747  0.0181263
40  50  0.0217861
40  80  0.128038
40  93  0.226371
40  94  0.467036
40  241  0.0324623
40  746  0.0502706
41  49  0.0217744
41  79  0.12792
41  92  0.447852
41  93  0.255645
41  240  0.0325268
41  745  0.050233
41  761  0.0278044
42  48  0.0205026
42  91  0.659863
42  760  0.0279631
43  65  0.1586
43  90  0.660249
43  95  0.032283
43  238  0.0330005
43  743  0.0132705
43  759  0.0275297
44  64  0.158669
44  89  0.656669
44  94  0.0322975
44  237  0.0330313
45  62  0.0863333
45  63  0.0793088
45  87  0.130328
45  88  0.331735
45  90  0.0183935
45  236  0.0324756
45  742  0.0173651
45  758  0.0269974
46  61  0.16668
46  85  0.0946338
46  86  0.243108
46  89  0.0180713
46  92  0.0330516
46  235  0.0324582
46  741  0.0173605
46  757  0.0269827
47  60  0.167251
47  84  0.112151
47  91  0.032932
48  59  0.167682
48  83  0.107124
48  85  0.0400665
48  86  0.011706
48  89  0.0390244
48  234  0.0299263
48  739  0.0159152
49  58  0.167884
49  84  0.0404526
49  87  0.0126796
49  88  0.266008
49  233  0.0299443
49  738  0.0176645
50  57  0.167609
50  81  0.141949
50  84  0.033458
50  87  0.311765
50  232  0.0295002
50  737  0.0173799
51  56  0.163148
51  80  0.142407
51  85  0.0139696
51  86  0.310864
52  79  0.142015
52  82  0.470882
52  85  0.150742
53  78  0.142463
53  81  0.68316
54  76  0.142627
54  80  0.6841
55  75  0.142628
55  79  0.6841
56  74  0.142077
56  78  0.684124
57  73  0.134448
57  76  0.0849842
57  77  0.599225
58  75  0.309319
58  76  0.374759
59  71  0.156845
59  74  0.53249
60  70  0.180444
60  73  0.528485
61  69  0.179887
61  72  0.476696
63  70  0.489897
64  69  0.438784
66  78  0.0805047
68  76  0.0482527
68  77  0.0483568
69  75  0.0783181
69  76  0.0495127
70  74  0.0299298
75  91  0.0216678
76  90  0.0235253
78  89  0.0265149
79  88  0.0300876
80  87  0.0301005
81  86  0.0292712
84  175  0.0260966
85  174  0.0315306
86  173  0.0315379
86  735  0.0263124
87  172  0.0315383
87  734  0.0269033
88  171  0.0315299
88  733  0.0271356
88  748  0.0257034
89  95  0.010661
89  170  0.0207135
89  732  0.0271661
89  747  0.0455409
90  169  0.0206572
90  731  0.0271624
90  746  0.0468101
91  730  0.0265021
91  745  0.0468433
92  666  0.0131686
92  729  0.0214115
92  744  0.0542954
92  760  0.0106415
93  665  0.0132572
93  728  0.0148633
93  743  0.0543408
93  759  0.019135
94  103  0.0317173
94  664  0.0132611
94  742  0.0542739
94  758  0.0192189
95  102  0.0315096
95  663  0.0132521
95  725  0.0115991
95  741  0.0542299
95  757  0.0192131
101  711  0.522464
101  727  0.0123777
102  170  0.0176625
102  650  0.0103236
102  710  0.599443
102  726  0.0158522
103  169  0.0176885
103  709  0.599533
103  725  0.0161528
104  168  0.0224748
104  647  0.0417022
104  648  0.0193095
104  708  0.594378
105  167  0.0227461
105  646  0.0550713
105  647  0.0203953
105  707  0.587447
106  151  0.0120603
106  166  0.0195515
106  645  0.0606149
106  646  0.0205806
106  705  0.0122983
106  706  0.584664
106  744  0.197204
107  150  0.0121314
107  165  0.0198389
107  645  0.0207915
107  704  0.0122778
107  705  0.585639
107  743  0.197833
108  115  0.0109572
108  149  0.0120014
108  164  0.0231445
108  643  0.0710003
108  704  0.558697
108  742  0.197546
109  163  0.0121138
109  642  0.253412
109  643  0.0596846
109  702  0.012087
110  163  0.0111116
110  557  0.124137
110  641  0.287624
110  642  0.063221
110  702  0.0101206
111  146  0.0200878
111  162  0.0220831
111  556  0.143196
111  640  0.306786
111  641  0.0345357
111  642  0.010379
112  145  0.0202421
112  161  0.0216688
112  641  0.0106373
113  144  0.0195032
113  160  0.0171614
113  555  0.190836
113  639  0.422483
113  740  0.115547
113  741  0.0417774
114  131  0.0104325
114  143  0.0129844
114  554  0.206651
114  638  0.444005
114  739  0.0841001
114  740  0.0794149
115  553  0.20851
115  637  0.447611
115  696  0.0132074
115  739  0.0825768
116  129  0.0380332
116  487  0.0197065
116  552  0.207989
116  636  0.447802
116  695  0.0116685
116  737  0.192405
116  738  0.0415459
117  128  0.0474579
117  141  0.0227221
117  551  0.208208
117  694  0.0114389
117  736  0.234689
118  127  0.0485
118  140  0.0241847
118  550  0.208138
118  635  0.447112
118  735  0.236851
119  126  0.0484913
119  139  0.0241677
119  484  0.0198895
119  549  0.206903
119  634  0.442857
119  692  0.0113879
119  734  0.236971
120  125  0.0466705
120  138  0.0241413
120  461  0.094826
120  483  0.0198967
120  691  0.0113845
120  733  0.23602
121  137  0.0219658
121  460  0.0825029
121  482  0.0186826
121  509  0.0783002
121  690  0.010905
122  136  0.0156599
122  459  0.0837645
122  481  0.0171819
122  508  0.0968182
122  689  0.0103557
123  458  0.100099
123  480  0.014685
123  507  0.103901
123  632  0.613111
124  457  0.104117
124  506  0.105949
124  631  0.678498
125  135  0.0440787
125  456  0.104053
125  505  0.105564
125  630  0.686332
126  134  0.0449647
126  455  0.103911
126  487  0.105874
126  629  0.686408
127  133  0.0449691
127  454  0.103892
127  486  0.10594
127  628  0.686388
128  452  0.030304
128  485  0.103736
128  627  0.66747
129  451  0.0298895
129  453  0.0128991
129  484  0.0976144
130  450  0.0269111
130  452  0.0119427
132  159  0.0225631
133  140  0.0659027
133  158  0.0268552
133  622  0.685034
134  139  0.0657767
134  157  0.0215853
134  448  0.0293731
134  460  0.0726485
134  461  0.0276972
134  621  0.687012
135  155  0.013648
135  156  0.0162748
135  446  0.0100089
135  447  0.0292788
135  459  0.0732025
135  460  0.0277672
135  620  0.686983
136  147  0.0339664
136  154  0.0188104
136  619  0.477973
137  146  0.0341563
137  153  0.0170529
137  457  0.111025
137  618  0.398257
138  145  0.0309643
138  151  0.014803
138  456  0.111205
138  617  0.608218
139  149  0.0103712
139  150  0.0143986
139  455  0.111158
139  616  0.687026
140  148  0.0226584
140  454  0.111053
140  615  0.687019
141  614  0.676985
142  452  0.0510908
142  613  0.662195
143  612  0.618736
144  450  0.129598
144  611  0.453684
145  449  0.145797
145  461  0.188455
145  462  0.238363
146  448  0.145894
146  460  0.272457
146  461  0.296307
147  443  0.149855
147  447  0.117916
147  459  0.270407
147  460  0.293643
148  442  0.927694
149  441  0.929818
150  440  0.9303
151  439  0.930116
152  438  0.923166
153  437  0.924006
154  436  0.923477
154  761  0.0225
155  435  0.54552
155  760  0.0230878
156  174  0.924482
156  759  0.0232038
157  173  0.927041
157  758  0.023205
158  172  0.928261
158  757  0.0232051
159  171  0.926442
159  756  0.0231882
160  170  0.925943
160  755  0.0231738
161  169  0.51453
161  754  0.0224889
162  169  0.268921
163  752  0.0215622
164  751  0.0217737
169  735  0.02434
170  734  0.0252944
172  732  0.0262184
173  731  0.0262684
174  730  0.0262462
177  427  0.0229507
177  429  0.0255114
178  209  0.0101682
178  210  0.0636821
179  208  0.0126019
179  209  0.0664451
180  230  0.0398086
180  424  0.0372545
180  429  0.0229481
181  207  0.586394
181  229  0.0420608
181  339  0.311975
181  423  0.0355414
182  206  0.587482
182  228  0.0419922
182  338  0.312209
182  422  0.0364295
183  205  0.587012
183  227  0.0384483
183  337  0.311861
183  421  0.0387801
184  204  0.584069
184  336  0.309919
184  420  0.0387452
185  203  0.556481
185  212  0.0132775
185  335  0.297356
185  419  0.0382039
186  203  0.0267073
186  211  0.0149696
186  334  0.260283
186  418  0.0345744
187  202  0.0547817
187  209  0.0338854
187  210  0.0103111
187  333  0.0559575
188  208  0.081506
189  200  0.797837
189  207  0.100427
189  416  0.030055
190  199  0.846938
190  206  0.100515
190  415  0.0346655
191  198  0.848074
191  205  0.100554
191  414  0.03896
192  197  0.821092
192  204  0.0992549
192  413  0.0388763
193  203  0.093561
193  412  0.0385952
194  201  0.0171227
194  411  0.0372083
195  200  0.0135127
195  410  0.0347995
196  408  0.024061
197  407  0.024147
198  395  0.0350368
199  394  0.0361871
200  393  0.0365652
201  392  0.0366283
202  391  0.032048
204  334  0.037955
205  333  0.265134
205  388  0.031802
206  332  0.269551
206  387  0.0318706
207  331  0.269358
207  385  0.03196
208  384  0.0323623
209  332  0.0231605
209  383  0.0324398
210  328  0.248706
210  331  0.0427304
210  382  0.0324417
210  434  0.099657
211  327  0.248557
211  330  0.0542484
211  381  0.032214
211  433  0.118986
212  326  0.241136
212  329  0.0607687
212  380  0.0313545
212  432  0.122096
212  435  0.36133
213  224  0.084732
213  325  0.224634
213  328  0.0613881
213  431  0.103245
213  434  0.384484
214  223  0.177675
214  324  0.14173
214  327  0.0611349
214  346  0.0378681
214  389  0.0172348
214  433  0.389782
215  222  0.221757
215  326  0.0600992
215  345  0.0550459
215  388  0.0186872
215  428  0.0292238
215  432  0.390353
216  221  0.222012
216  325  0.0589227
216  344  0.055053
216  387  0.0165096
216  427  0.0285534
216  431  0.361529
217  324  0.0464137
217  343  0.0604059
218  342  0.0347746
221  342  0.170494
222  235  0.388669
222  341  0.337217
223  234  0.435657
223  340  0.342884
224  233  0.483585
224  339  0.34636
225  232  0.454851
225  338  0.345629
225  729  0.0185083
226  728  0.0184818
227  336  0.13991
227  727  0.0175212
228  332  0.0160645
229  331  0.0163276
229  334  0.33373
229  429  0.0159816
229  725  0.0220344
230  330  0.0160356
230  333  0.337681
230  428  0.0171777
230  724  0.0256437
231  329  0.0148262
231  723  0.0252118
232  332  0.339595
232  427  0.0179034
232  722  0.0213346
233  331  0.339628
233  426  0.0177968
234  330  0.331484
234  389  0.0149272
235  271  0.0129411
235  324  0.444938
235  329  0.0309373
235  388  0.0182695
235  428  0.0117164
236  270  0.0193515
236  323  0.672805
236  387  0.0183572
236  426  0.159248
236  429  0.0221913
237  269  0.0193524
237  322  0.706573
237  386  0.018403
237  425  0.171993
237  428  0.0235007
238  268  0.0193701
238  321  0.706624
238  385  0.0182046
238  424  0.172
238  427  0.0234684
239  267  0.0191341
239  320  0.700658
239  423  0.170749
240  266  0.0176951
240  319  0.68348
240  381  0.0154762
240  422  0.162521
240  425  0.0124166
241  246  0.0654393
241  265  0.0137494
241  318  0.581589
241  319  0.0241799
241  380  0.0156864
242  318  0.0402214
242  379  0.0150652
242  423  0.0127307
243  263  0.0115994
243  422  0.0125463
244  262  0.0118261
245  418  0.181401
246  264  0.0132188
246  317  0.0204331
246  374  0.010326
246  417  0.18347
247  263  0.0133927
247  372  0.018279
247  416  0.180789
248  262  0.0134216
248  316  0.71803
248  371  0.020952
248  415  0.174411
249  256  0.0110449
249  261  0.0125311
249  315  0.301766
249  370  0.0219844
249  414  0.170012
250  314  0.305399
250  369  0.0226943
250  388  0.125415
250  413  0.0430576
251  313  0.723061
251  334  0.0133744
251  368  0.0229064
251  387  0.128932
252  312  0.72253
252  333  0.0143966
252  351  0.0158468
252  367  0.0238868
252  386  0.129155
253  311  0.721105
253  332  0.0130496
253  350  0.0158738
253  366  0.0234789
253  385  0.127077
254  310  0.716987
254  331  0.0129913
254  349  0.0158054
254  365  0.0218134
254  384  0.0993497
255  309  0.69524
255  330  0.0143763
255  348  0.0150235
256  314  0.0165846
256  329  0.0143187
257  313  0.0229006
257  328  0.0140955
257  382  0.0303933
258  262  0.0129088
258  312  0.0291414
258  327  0.0127593
258  381  0.084005
259  380  0.0874304
260  379  0.0830263
261  309  0.0117912
263  308  0.825377
264  307  0.900315
265  306  0.900986
266  305  0.625414
268  303  0.903409
269  302  0.907923
270  301  0.908811
271  300  0.418979
272  299  0.416918
273  298  0.908437
274  297  0.903036
274  388  0.0102207
274  721  0.0268393
275  286  0.0198888
275  296  0.891106
275  387  0.0102454
275  720  0.026888
276  285  0.0698943
276  290  0.681772
276  386  0.0102471
277  284  0.0698292
277  289  0.733058
277  385  0.0102469
277  718  0.0649081
278  283  0.0405369
278  287  0.405481
278  288  0.368012
278  717  0.0663253
279  286  0.77227
279  716  0.0668089
280  285  0.71024
280  715  0.0674607
281  290  0.0473895
281  714  0.067388
282  289  0.0440193
282  712  0.0338157
282  713  0.0336708
283  711  0.0675072
284  710  0.0676416
285  709  0.0676243
286  708  0.044347
287  707  0.0389988
288  706  0.0216493
290  295  0.0183326
293  687  0.053595
294  686  0.058307
295  685  0.0597915
296  307  0.011948
296  684  0.0604757
297  306  0.0119677
297  683  0.0604605
298  305  0.0118445
298  682  0.0604575
299  681  0.047076
301  439  0.0562043
302  438  0.0573228
303  437  0.0576487
304  436  0.0574507
305  435  0.0474282
311  369  0.0448213
311  375  0.0208209
312  364  0.035162
312  368  0.0495479
312  374  0.0226744
313  367  0.0490198
313  373  0.014175
314  362  0.127717
314  366  0.0266
314  370  0.0126167
315  324  0.0106684
315  345  0.0318407
315  361  0.181613
315  369  0.0159861
316  323  0.0107136
316  344  0.0319173
316  360  0.181864
316  368  0.0161078
317  322  0.0105537
317  343  0.0328234
317  359  0.179161
317  367  0.0147159
319  341  0.0332468
319  364  0.0134978
320  340  0.0332519
320  356  0.176357
320  363  0.0113222
321  339  0.0332783
321  355  0.20864
322  354  0.208699
323  338  0.0333735
323  353  0.208893
323  425  0.01053
324  337  0.0333627
324  424  0.0105402
325  336  0.0333683
325  423  0.010187
326  335  0.0332658
326  350  0.182378
327  334  0.029696
327  349  0.189276
327  421  0.0120559
328  348  0.177649
328  420  0.0125634
329  418  0.016145
331  346  0.213554
331  416  0.0170031
332  345  0.228559
332  415  0.0278556
333  344  0.229407
333  414  0.0278782
334  343  0.236629
334  413  0.0268275
335  342  0.231006
336  341  0.197842
340  389  0.0797201
340  433  0.123362
341  388  0.0917963
341  428  0.0947639
341  432  0.141182
342  427  0.095024
342  430  0.196405
342  431  0.0742419
343  387  0.175808
343  426  0.096105
343  429  0.303239
344  386  0.285542
344  425  0.0957459
344  428  0.279019
345  385  0.285952
345  424  0.0956905
345  427  0.278411
346  384  0.284781
346  426  0.0482231
347  383  0.283462
348  382  0.28064
348  421  0.0646588
348  424  0.0192313
349  381  0.25041
349  420  0.0578403
349  423  0.0196146
350  379  0.0232511
350  422  0.0155173
351  364  0.0126831
352  363  0.0126477
352  377  0.109001
352  418  0.0417248
352  430  0.0264573
353  417  0.0439068
353  429  0.0284836
354  361  0.0204914
354  369  0.187199
354  375  0.191319
354  388  0.230878
354  415  0.0142501
354  428  0.0251178
355  360  0.019614
355  368  0.194295
355  374  0.280152
355  387  0.231141
355  414  0.0146663
355  427  0.0248268
356  361  0.0121171
356  367  0.219079
356  373  0.281951
356  386  0.232602
356  413  0.0140932
357  366  0.218594
357  378  0.0114427
357  385  0.231409
357  412  0.0121417
358  365  0.216042
358  377  0.0117829
358  384  0.22178
359  364  0.196195
359  370  0.281497
359  376  0.0118914
359  383  0.211647
360  369  0.283967
360  375  0.0119118
360  386  0.0123721
361  368  0.280704
361  374  0.0116333
361  382  0.141565
361  385  0.0123471
362  381  0.0769746
363  381  0.173537
364  373  0.0200503
364  380  0.241086
365  372  0.0185858
365  379  0.233765
366  371  0.0128952
366  375  0.293778
367  374  0.307709
368  373  0.290555
368  435  0.0104703
369  434  0.0107953
370  433  0.0108994
371  384  0.0127691
371  431  0.0247533
372  383  0.0194626
372  430  0.030972
373  382  0.0201321
373  426  0.128591
373  429  0.0314535
374  380  0.0108715
374  381  0.0153393
374  425  0.156359
374  428  0.0313881
375  424  0.15616
375  427  0.0310979
376  423  0.143526
377  422  0.117503
377  423  0.0359912
378  422  0.0461226
379  421  0.0505739
381  419  0.0525304
384  416  0.222738
385  415  0.233428
386  414  0.233438
387  413  0.231321
387  428  0.0572479
388  427  0.0572295
389  412  0.0180567
389  426  0.0117755
392  411  0.890747
393  410  0.9015
394  408  0.0668633
394  409  0.886295
395  407  0.958657
396  406  0.992493
397  405  0.994916
398  404  0.988254
413  426  0.178662
413  429  0.187802
414  425  0.210504
414  428  0.201755
415  424  0.210134
415  427  0.201761
416  426  0.200962
417  425  0.194062
431  438  0.0107374
432  437  0.0113265
442  676  0.0541406
443  609  0.0259236
443  675  0.0572045
444  459  0.152962
444  608  0.0264637
444  674  0.0586579
445  458  0.293407
445  607  0.0260074
445  673  0.0588285
446  457  0.322646
446  606  0.0214073
446  672  0.0592054
447  456  0.315011
447  457  0.374083
447  671  0.0251347
448  455  0.242615
448  456  0.380893
448  670  0.0250472
449  455  0.365472
449  669  0.0585985
450  454  0.212215
450  668  0.052566
452  586  0.0180674
453  585  0.0537949
454  584  0.0659669
455  583  0.0659976
456  582  0.0659985
457  581  0.0632918
458  564  0.0520615
459  563  0.0592696
460  562  0.0592496
460  609  0.0110235
460  610  0.0116837
461  561  0.0579857
461  609  0.019506
461  611  0.0184225
462  477  0.554379
462  610  0.0425796
463  476  0.789878
463  560  0.0235252
463  609  0.0748548
464  475  0.800143
464  559  0.023497
464  608  0.0616613
465  474  0.962544
465  558  0.0235179
466  473  0.963693
466  557  0.0234751
467  472  0.964407
467  556  0.0232647
472  517  0.0227677
473  516  0.0227502
474  515  0.0185156
475  606  0.151879
476  513  0.0359216
476  605  0.159242
477  512  0.0545182
477  601  0.0245823
477  604  0.181409
478  511  0.0826645
478  600  0.055385
478  603  0.193331
479  510  0.0794955
479  602  0.180676
483  506  0.199313
483  598  0.567782
483  603  0.0215757
484  505  0.199911
484  597  0.569851
484  602  0.0262528
485  503  0.114117
485  504  0.115835
485  596  0.571322
485  601  0.0272205
486  502  0.205747
486  595  0.57191
486  600  0.0275015
487  501  0.205751
487  594  0.571645
487  599  0.027489
488  500  0.205455
489  499  0.203386
489  502  0.789828
490  501  0.790276
491  500  0.770821
492  500  0.014365
493  498  0.96489
493  499  0.0269387
494  498  0.0166993
503  698  0.012108
504  697  0.0132135
505  559  0.61278
505  696  0.0133643
506  558  0.647524
507  557  0.648345
508  556  0.643956
509  519  0.015061
510  518  0.0187042
510  521  0.0798217
510  554  0.638344
511  517  0.0192158
511  520  0.0843554
511  553  0.641956
512  519  0.0785911
512  552  0.633167
513  550  0.0639746
514  548  0.0154111
514  606  0.030168
515  547  0.0161479
515  549  0.245141
515  605  0.0284967
516  546  0.0147953
516  548  0.235897
517  548  0.0150061
517  550  0.0530036
517  603  0.0606849
518  546  0.0629688
518  548  0.260996
518  602  0.0709383
519  545  0.0485028
519  547  0.300536
519  601  0.0722228
520  546  0.279211
520  600  0.0724986
522  544  0.840031
523  543  0.879516
524  542  0.879419
525  598  0.109364
526  540  0.88402
526  597  0.109387
527  539  0.887996
527  596  0.109399
528  538  0.889327
528  595  0.109515
529  537  0.888495
529  594  0.109501
530  536  0.742038
530  593  0.0976576
534  559  0.107499
535  558  0.109126
536  557  0.108614
537  556  0.101181
538  553  0.107282
539  552  0.108433
540  551  0.10856
541  550  0.108629
542  549  0.0673747
543  549  0.0113259
559  695  0.236502
560  592  0.68158
560  694  0.237716
561  591  0.68687
561  693  0.237772
562  590  0.686937
562  692  0.237774
563  589  0.686948
563  691  0.237743
564  588  0.665005
564  690  0.233669
566  586  0.683717
566  688  0.122767
567  585  0.688117
567  685  0.0642444
567  686  0.0178273
567  687  0.135747
568  579  0.0499841
568  584  0.684383
568  684  0.0660814
568  686  0.137375
569  578  0.0548815
569  685  0.135182
570  577  0.0553807
570  581  0.029985
570  582  0.420652
570  583  0.126413
570  682  0.0281775
570  683  0.166949
571  576  0.0488181
571  580  0.0275078
571  581  0.481786
571  582  0.123717
571  681  0.0321947
571  682  0.167648
571  683  0.0125313
572  580  0.484405
572  581  0.0929247
572  680  0.0314544
572  681  0.154622
572  682  0.0115951
573  578  0.0789177
573  579  0.410865
574  578  0.239406
574  579  0.0325493
574  679  0.197991
575  678  0.184026
577  675  0.226972
578  674  0.232892
579  673  0.15237
581  671  0.100112
582  670  0.23126
583  669  0.221456
585  667  0.155443
586  666  0.280598
587  665  0.280882
587  666  0.0125473
588  664  0.279763
588  665  0.0125779
589  661  0.269065
589  664  0.0118469
590  660  0.305253
591  659  0.305839
592  658  0.307519
593  657  0.307245
594  656  0.307392
595  655  0.307806
596  654  0.30753
597  653  0.307607
598  652  0.307541
599  606  0.0261049
600  605  0.0262884
604  646  0.301531
605  645  0.309647
606  644  0.309483
607  643  0.308007
608  642  0.296138
611  639  0.285335
612  638  0.295074
613  637  0.205314
615  635  0.305676
616  634  0.308423
618  632  0.0212427
620  630  0.309396
621  629  0.309734
622  628  0.308538
623  627  0.117468
634  732  0.237263
635  731  0.237424
636  730  0.237418
637  729  0.236388
638  727  0.0174157
638  728  0.217467
639  726  0.0341046
639  727  0.173926
640  725  0.0504965
641  701  0.0174844
642  649  0.0136279
642  700  0.0267697
643  649  0.0158648
643  699  0.033017
644  648  0.0107577
644  697  0.0596442
644  698  0.0231483
645  696  0.0782866
645  703  0.0163281
646  701  0.0662977
647  700  0.0858419
648  699  0.0896292
649  698  0.0768218
649  726  0.0978953
650  662  0.36469
650  725  0.1
651  661  0.368022
652  660  0.368501
652  724  0.309424
653  659  0.29907
653  723  0.311316
654  722  0.311316
655  721  0.312392
656  720  0.312085
657  719  0.312044
658  718  0.312439
659  717  0.312155
660  716  0.310912
661  712  0.202054
662  711  0.227098
663  695  0.410038
663  710  0.228914
664  694  0.4102
664  709  0.227685
665  692  0.0155868
665  693  0.410009
666  673  0.0488383
666  688  0.0833976
666  691  0.0159671
666  692  0.402724
667  672  0.0540074
667  687  0.0859977
668  686  0.0858954
669  691  0.322154
670  690  0.444383
671  683  0.0873385
671  689  0.503211
672  682  0.0880679
672  688  0.510371
673  687  0.503523
674  686  0.490007
676  684  0.172212
679  688  0.0167402
680  687  0.0151234
682  715  0.0164763
683  714  0.0159356
690  708  0.183561
691  707  0.195122
692  706  0.259052
693  705  0.32815
694  704  0.331536
695  703  0.331986
696  702  0.309835
697  701  0.214925
703  710  0.0398928
704  709  0.0371951
725  755  0.645181
726  754  0.646499
727  753  0.646359
728  740  0.0148035
728  752  0.648303
729  739  0.0179535
729  751  0.648578
730  738  0.0181913
730  750  0.629531
730  759  0.0166824
731  737  0.0172617
731  758  0.0168084
732  757  0.0168933
735  748  0.671516
736  747  0.699558
737  746  0.705183
738  745  0.704673
739  744  0.662611
