1  10  0.370976
2  9  0.607666
2  64  0.0130623
2  67  0.0360373
3  8  0.674875
3  49  0.0328154
3  63  0.0198464
3  66  0.0503043
3  70  0.0128308
3  562  0.0752024
4  17  0.104997
4  48  0.0329222
4  51  0.0142855
4  65  0.0496236
4  69  0.0142507
4  561  0.0755362
5  16  0.106013
5  47  0.0329619
5  50  0.0145151
5  64  0.0496218
5  68  0.0142488
5  560  0.0754593
6  15  0.0999595
7  48  0.0131026
8  47  0.0133856
8  61  0.0134426
8  557  0.0580922
13  56  0.0163694
14  21  0.0789168
14  55  0.0175259
14  719  0.0266644
15  20  0.0738489
15  30  0.43615
15  718  0.0259494
16  29  0.560586
16  717  0.0224288
17  28  0.560655
17  52  0.0157918
17  725  0.0332931
18  27  0.545847
18  724  0.0308716
19  26  0.478996
19  27  0.0233209
19  716  0.0101709
20  26  0.034786
20  715  0.0127522
20  722  0.0291375
20  724  0.0546133
21  25  0.0359214
21  714  0.0133282
21  721  0.030404
21  723  0.0630557
22  722  0.0575296
23  56  0.366139
24  55  0.398538
25  54  0.398815
27  52  0.364516
28  51  0.421403
29  50  0.420925
30  48  0.0152552
31  48  0.280893
34  45  0.934493
35  44  0.939518
36  43  0.935143
36  719  0.0123886
37  42  0.707669
37  718  0.0108968
42  563  0.0357957
43  562  0.0546593
44  561  0.0547226
45  560  0.054721
46  64  0.255873
46  169  0.0102056
46  559  0.0547117
47  63  0.300609
47  168  0.0170625
47  555  0.104873
47  558  0.0312462
47  721  0.0412812
48  62  0.300394
48  167  0.0189183
48  554  0.118843
48  557  0.0167312
48  720  0.0414013
49  61  0.298682
49  166  0.0192117
49  553  0.135402
49  719  0.0412472
50  65  0.0205671
50  165  0.0197513
50  552  0.13561
51  58  0.0810565
51  64  0.0318091
51  164  0.0197516
51  551  0.135611
52  63  0.0347376
52  163  0.019754
52  550  0.135441
52  717  0.012893
53  58  0.0255207
53  59  0.0113716
53  62  0.0331096
53  162  0.0197366
53  549  0.0989012
54  70  0.0138478
54  161  0.0197497
54  547  0.0649307
54  548  0.0320196
54  715  0.0134834
55  69  0.0140861
55  160  0.0197508
55  546  0.0654172
55  547  0.0674161
55  714  0.0198827
56  68  0.0129225
56  159  0.0197289
56  545  0.0568909
56  713  0.0186542
57  158  0.0194015
57  479  0.0332689
57  724  0.0146291
58  66  0.0259325
58  478  0.0432314
58  717  0.0761595
58  723  0.0162844
59  65  0.0210819
59  156  0.0182976
59  477  0.0427116
59  716  0.075567
59  722  0.0133325
60  155  0.017466
60  476  0.0361272
60  715  0.064895
60  724  0.0134611
61  78  0.119052
61  714  0.0257353
61  723  0.0156742
62  77  0.125402
62  722  0.0151527
63  76  0.128445
63  462  0.101826
64  74  0.117842
64  75  0.0650218
64  461  0.109643
64  721  0.0157763
65  73  0.182513
65  720  0.0156123
65  726  0.369943
66  72  0.182102
66  148  0.0135364
66  460  0.111158
66  719  0.0104163
66  725  0.473608
67  71  0.0693352
67  147  0.0138235
67  459  0.115483
67  722  0.0373694
67  724  0.471617
68  146  0.0140294
68  458  0.115592
68  721  0.0715293
68  723  0.466281
69  145  0.014061
69  457  0.115583
70  144  0.0140519
70  456  0.11529
70  719  0.624476
71  142  0.0108415
71  718  0.645396
72  141  0.0107918
72  430  0.105348
72  717  0.64871
73  429  0.105551
73  716  0.609494
74  86  0.0144782
74  428  0.0809358
75  85  0.0145931
75  428  0.0273865
76  84  0.0138553
76  427  0.0526133
76  714  0.709927
77  425  0.0817224
77  426  0.0282084
77  713  0.727017
78  424  0.107181
78  712  0.729391
79  423  0.105725
81  421  0.109042
81  709  0.836224
82  420  0.110507
82  708  0.836234
83  419  0.11307
83  707  0.838467
84  418  0.113724
84  706  0.838468
85  417  0.11439
85  448  0.0131971
85  705  0.754072
86  416  0.114363
86  447  0.0132228
86  704  0.756879
87  139  0.0202427
87  415  0.111517
87  446  0.0132054
87  703  0.836107
88  138  0.0249458
88  414  0.108482
88  702  0.831859
89  137  0.0252424
89  413  0.0933011
89  700  0.0160632
90  136  0.0251888
90  700  0.0260381
91  135  0.0222239
91  198  0.0914599
92  197  0.104271
92  683  0.70163
93  133  0.0285159
93  196  0.105912
93  682  0.773449
94  132  0.030424
94  195  0.108026
94  681  0.833057
95  194  0.107823
95  680  0.832646
96  193  0.106712
96  679  0.830988
97  129  0.998504
98  128  0.999505
99  127  0.999208
100  126  0.999409
101  124  0.498936
101  125  0.49934
102  123  0.997928
103  122  0.999159
104  121  0.997824
105  120  0.999604
106  119  0.99964
108  117  0.982676
109  116  0.999597
110  115  0.940015
130  146  0.258933
131  145  0.417194
131  172  0.0870977
131  173  0.0164538
132  144  0.416773
132  171  0.0878745
132  172  0.0166404
133  143  0.311644
133  146  0.0128681
134  145  0.0194827
135  142  0.0175024
135  144  0.0186073
135  442  0.0140175
135  670  0.0143687
136  441  0.0182673
136  669  0.0196415
137  440  0.0195391
137  668  0.0208268
138  151  0.110743
138  439  0.0196583
138  667  0.02058
139  150  0.111615
139  438  0.0196541
139  666  0.0112538
139  675  0.0112438
140  149  0.112339
140  437  0.0196574
140  674  0.011328
141  148  0.112534
141  436  0.0196676
142  147  0.0995852
142  435  0.0196515
142  671  0.117818
143  434  0.0196182
143  670  0.156051
144  433  0.0195313
144  672  0.0300975
144  676  0.0107949
145  432  0.0185523
145  671  0.027189
146  431  0.0132142
146  667  0.4024
146  670  0.022123
147  175  0.0180404
147  666  0.740316
148  174  0.0206677
148  665  0.840448
149  173  0.0206179
149  664  0.840692
150  663  0.84123
151  662  0.842011
152  170  0.129412
152  661  0.84198
153  169  0.129651
153  660  0.824954
154  168  0.129628
155  167  0.129596
156  166  0.129483
156  660  0.0142416
157  165  0.12971
157  659  0.835433
158  164  0.126526
158  658  0.841333
159  163  0.0684486
159  657  0.842127
160  656  0.842139
161  655  0.842021
162  654  0.806246
164  452  0.0459537
164  650  0.714323
165  451  0.0452055
165  649  0.723966
166  452  0.0319593
166  648  0.723633
167  647  0.717478
168  451  0.0502131
168  646  0.638238
169  208  0.0124567
169  450  0.818563
170  207  0.0126613
170  449  0.826707
171  206  0.0127076
171  448  0.832455
172  205  0.0127394
172  447  0.832757
173  204  0.012714
173  446  0.832756
174  203  0.012705
174  445  0.832693
175  192  0.0124762
175  444  0.783662
176  443  0.591482
177  190  0.855621
177  193  0.101496
178  189  0.866279
178  192  0.115787
179  188  0.869337
179  191  0.119237
180  187  0.870194
180  190  0.119625
181  186  0.761558
181  189  0.118965
182  188  0.115016
183  187  0.0668506
190  433  0.0108408
191  435  0.11384
192  431  0.283534
192  434  0.121584
193  201  0.0111095
193  205  0.0120691
193  430  0.599595
193  433  0.127007
194  204  0.0124071
194  429  0.601944
195  203  0.0127483
195  428  0.602486
195  431  0.152672
196  201  0.0112569
196  205  0.0263175
196  427  0.559986
196  430  0.155727
197  204  0.0265695
197  429  0.154772
198  203  0.0229189
198  428  0.139098
200  425  0.0115779
201  424  0.0125644
202  413  0.0163191
202  423  0.0100318
203  412  0.0633
204  411  0.0577549
204  440  0.0423689
205  439  0.045254
205  719  0.0100486
206  411  0.0289527
206  438  0.0445632
207  409  0.430922
207  410  0.0410113
207  437  0.0405207
208  408  0.926782
208  436  0.0365318
209  407  0.969575
210  406  0.984271
210  640  0.0120604
211  405  0.984027
211  639  0.0120628
212  404  0.983739
212  638  0.0120626
213  403  0.98143
213  637  0.0120429
214  402  0.981142
214  636  0.0120566
215  400  0.978143
215  635  0.0119745
216  399  0.979492
216  634  0.0115518
217  398  0.979049
219  397  0.796975
220  396  0.797683
221  394  0.982137
222  393  0.98204
223  392  0.982487
224  391  0.981367
225  390  0.976538
226  234  0.017634
226  353  0.408088
226  357  0.0214088
226  389  0.287173
227  233  0.0176143
227  352  0.408364
227  354  0.352018
228  232  0.0109155
228  351  0.40837
228  353  0.374671
228  387  0.132235
229  350  0.408341
229  352  0.374646
229  354  0.0275146
230  349  0.349752
230  351  0.373915
230  353  0.0282456
230  385  0.135826
230  561  0.0108128
231  350  0.369854
231  352  0.0144019
231  384  0.135186
231  560  0.0108435
232  346  0.0281486
232  352  0.0173693
232  382  0.0788356
232  559  0.0108442
233  310  0.935091
233  351  0.0314798
233  558  0.0108386
234  309  0.935548
234  350  0.0315198
234  557  0.0108335
235  308  0.934036
235  349  0.0316988
235  388  0.0179731
236  307  0.935772
236  348  0.0316282
236  387  0.0180148
237  306  0.934818
237  347  0.0249721
237  386  0.0172315
238  305  0.929592
239  304  0.892867
239  383  0.0146628
240  303  0.837035
240  382  0.0147245
241  251  0.246495
241  261  0.750701
242  250  0.246748
242  260  0.752014
243  249  0.245586
243  259  0.752054
244  258  0.742643
246  256  0.413596
246  257  0.0441067
247  255  0.707317
247  256  0.0436905
248  254  0.700864
248  255  0.0385104
249  253  0.550998
252  273  0.0231655
253  272  0.0278128
255  264  0.0471028
255  271  0.180205
256  263  0.046983
256  270  0.180315
256  376  0.014976
257  262  0.0340939
257  269  0.177797
257  375  0.0150044
258  268  0.170831
258  374  0.0149467
259  267  0.156799
259  373  0.0150174
260  372  0.0148467
261  370  0.0131301
263  367  0.0151939
264  366  0.0151959
265  365  0.0151595
266  364  0.0150495
267  346  0.018197
267  363  0.0146793
268  345  0.0237157
269  344  0.0251597
270  343  0.0253137
270  360  0.0111839
271  341  0.0308436
271  358  0.0134173
272  340  0.0301983
272  357  0.0134867
272  555  0.0109609
273  304  0.0242258
273  339  0.0233118
273  554  0.0109756
274  303  0.123588
274  354  0.012407
274  553  0.0109812
275  302  0.966695
275  353  0.0123661
275  552  0.0109713
276  301  0.967072
276  352  0.0122928
276  551  0.0109064
277  300  0.971454
278  298  0.985299
279  297  0.986821
280  296  0.98653
281  295  0.986876
281  534  0.011022
282  533  0.0110427
283  294  0.980058
283  532  0.0110604
284  293  0.970846
284  531  0.0110464
285  292  0.902628
285  530  0.0110034
286  529  0.0109452
287  528  0.0104422
288  523  0.0109772
289  522  0.0110647
290  521  0.0110594
291  520  0.0110492
292  519  0.0110421
293  518  0.0110397
294  517  0.0110084
295  516  0.0109178
301  351  0.0156774
302  350  0.015713
303  349  0.0159998
304  337  0.0186953
304  348  0.0159976
305  336  0.0183039
305  347  0.015876
307  334  0.0152325
307  346  0.0108247
308  345  0.0105075
309  332  0.0241443
310  331  0.0241546
310  343  0.0105112
311  330  0.0230059
311  342  0.0104189
313  328  0.0144895
314  327  0.0151435
314  336  0.0886452
314  345  0.0563242
314  356  0.0168398
315  323  0.0282483
315  335  0.115932
315  344  0.0672945
315  347  0.336907
315  355  0.0220358
316  322  0.0305125
316  334  0.117776
316  343  0.0679217
316  346  0.371059
316  354  0.022387
317  321  0.0192265
317  324  0.0215177
317  332  0.0722322
317  333  0.0559426
317  342  0.0224424
317  353  0.0223857
317  378  0.139692
318  323  0.0169615
318  331  0.0721833
318  341  0.0115758
318  344  0.355447
318  352  0.0222602
318  377  0.139936
319  329  0.169055
319  340  0.0171628
319  351  0.021856
319  376  0.140027
320  328  0.170065
320  342  0.48759
320  375  0.139106
321  327  0.166867
321  341  0.501877
321  343  0.0129975
321  350  0.0207936
322  326  0.0635403
322  329  0.0117066
322  340  0.493764
322  349  0.0210124
322  374  0.136803
323  328  0.0109743
323  342  0.0159021
323  373  0.137621
324  341  0.0187508
324  372  0.139005
325  339  0.40702
325  371  0.136088
326  338  0.482826
326  370  0.0915947
327  337  0.489247
327  348  0.0916962
327  365  0.0385878
328  335  0.266394
328  336  0.271892
328  347  0.0931199
328  364  0.0467707
328  368  0.0878471
329  334  0.467848
329  346  0.0932226
329  363  0.0469679
329  367  0.0882725
330  345  0.0894571
330  366  0.0796017
331  337  0.010602
331  342  0.0301534
331  361  0.108802
331  365  0.0123059
332  341  0.0342822
332  343  0.0250642
332  360  0.109035
333  341  0.0249077
333  359  0.0977037
334  340  0.0298096
334  357  0.0178443
336  342  0.0114329
340  352  0.0976951
340  354  0.0143855
341  351  0.122083
341  353  0.0147136
342  350  0.121848
342  352  0.0146631
343  349  0.118657
343  351  0.0141159
352  361  0.0247942
353  360  0.0249532
358  387  0.103536
358  388  0.0101971
358  483  0.0111298
359  482  0.0111618
360  385  0.815674
360  481  0.0111708
361  384  0.816097
361  480  0.0111574
362  382  0.0848506
362  383  0.729348
363  381  0.76593
364  380  0.769114
364  381  0.0459795
365  379  0.802949
366  378  0.803366
367  375  0.0106295
367  376  0.721863
368  374  0.0114925
368  375  0.646333
369  374  0.375245
369  375  0.0157171
370  376  0.0202495
371  473  0.011005
372  472  0.0112337
373  471  0.0112882
374  470  0.0112743
375  469  0.0112979
376  468  0.0112586
390  452  0.0112708
391  451  0.0112763
392  450  0.0112567
393  449  0.0112318
394  448  0.0107004
398  437  0.0110822
399  436  0.0118605
400  435  0.0122107
401  434  0.0122696
402  433  0.0124121
403  432  0.0124131
404  430  0.0120693
405  429  0.0120617
406  428  0.0123815
408  427  0.0180316
409  425  0.466454
410  424  0.806534
411  423  0.812672
412  422  0.813014
413  421  0.793691
413  440  0.0126
413  710  0.0121483
414  420  0.772562
414  421  0.0175543
414  439  0.0138666
414  709  0.0139088
415  419  0.29414
415  420  0.0169033
415  438  0.013747
415  708  0.0137088
416  707  0.0137428
417  434  0.0104143
417  706  0.0137427
418  433  0.0108632
418  705  0.0119719
419  432  0.0108417
419  704  0.011482
420  703  0.0120892
421  433  0.0254704
421  702  0.0114563
422  432  0.0271953
423  431  0.0287368
424  430  0.0285125
425  429  0.0108554
426  435  0.0161756
427  434  0.0173999
427  682  0.0146024
428  433  0.0154302
428  681  0.0152801
429  680  0.0152729
430  679  0.015262
431  452  0.0885425
431  561  0.013396
432  451  0.0867079
432  560  0.0134576
433  439  0.0119065
433  449  0.0854105
433  559  0.0134561
434  448  0.085752
434  452  0.0132497
434  558  0.0131464
435  451  0.0132588
435  557  0.0110463
436  446  0.0981576
436  450  0.0132983
437  445  0.0972328
438  443  0.0231994
438  444  0.0723335
439  443  0.0422086
439  447  0.0123206
448  553  0.0135627
449  552  0.014921
450  551  0.0149219
451  461  0.0110429
451  550  0.0149641
451  640  0.702906
452  460  0.0110325
452  549  0.0149581
452  639  0.700971
453  548  0.0112533
454  636  0.825408
455  635  0.829324
456  634  0.830555
457  633  0.830057
458  632  0.830692
459  631  0.830171
460  629  0.0311119
460  630  0.799431
461  628  0.828845
462  627  0.82456
463  626  0.778309
464  624  0.0165492
465  623  0.0116609
468  478  0.198787
469  477  0.194453
470  476  0.170093
479  545  0.625531
480  544  0.984098
481  543  0.98438
482  542  0.984038
483  541  0.984201
484  540  0.976783
485  539  0.949354
487  537  0.934198
488  536  0.895553
490  517  0.0102418
491  516  0.0102598
491  523  0.011013
491  533  0.938217
492  515  0.0101857
492  522  0.0149351
492  532  0.952463
493  531  0.949066
494  530  0.928513
495  529  0.855614
496  518  0.682298
496  528  0.233192
497  517  0.815895
498  510  0.120803
498  516  0.834747
499  509  0.134283
499  515  0.835695
500  508  0.134184
500  514  0.834407
501  507  0.133193
501  513  0.835518
502  512  0.834293
502  525  0.0199411
503  511  0.834539
503  524  0.020093
504  510  0.825217
504  523  0.0200646
505  509  0.44697
505  522  0.0200594
506  521  0.0191691
508  517  0.0213474
509  516  0.0224058
510  515  0.0235222
511  527  0.0283847
512  526  0.0322185
514  524  0.0977226
515  523  0.105782
516  522  0.103281
517  521  0.0393297
517  525  0.0244933
518  524  0.0251861
519  523  0.0155897
520  528  0.0144027
543  550  0.0109654
544  549  0.0108327
549  620  0.828671
550  619  0.829982
551  618  0.830241
552  617  0.830229
553  616  0.798472
555  573  0.82505
556  572  0.829326
557  571  0.830453
558  570  0.830268
559  569  0.827665
560  567  0.829238
561  566  0.827366
563  664  0.0836848
564  663  0.142398
565  662  0.154985
566  661  0.155183
567  660  0.155198
568  659  0.157121
569  658  0.157063
570  657  0.157141
571  656  0.157132
572  655  0.156458
573  654  0.153617
575  614  0.785135
576  613  0.828672
577  612  0.828749
577  633  0.0326474
578  611  0.825594
578  632  0.038254
578  636  0.119698
579  631  0.0383253
579  635  0.120001
580  609  0.544846
580  630  0.0383685
580  634  0.119922
581  608  0.827341
581  629  0.0383441
581  633  0.0966332
582  593  0.01013
582  607  0.82913
582  628  0.0380394
582  632  0.0720837
583  591  0.0176295
583  595  0.0636341
583  606  0.827587
584  590  0.0249063
584  594  0.0642425
585  589  0.0184864
585  593  0.0634746
585  603  0.161909
585  604  0.611173
586  602  0.149022
587  602  0.0530111
588  603  0.0169751
589  599  0.0577367
589  601  0.758183
589  620  0.0359522
590  598  0.0561565
590  600  0.761329
590  619  0.0360954
591  599  0.74794
591  618  0.036191
592  617  0.0361921
593  601  0.0265117
593  616  0.0361152
594  600  0.0264333
594  615  0.0357819
595  599  0.0209091
598  612  0.015706
599  611  0.0158885
599  613  0.0169919
600  610  0.0101662
600  612  0.0170685
600  633  0.0283943
601  611  0.0169295
601  632  0.0577217
602  631  0.111454
603  630  0.126636
604  629  0.126655
605  628  0.126769
606  627  0.126577
607  626  0.123878
608  625  0.119408
611  620  0.115947
612  619  0.11528
613  618  0.102976
637  652  0.274333
638  651  0.274943
639  650  0.275043
640  649  0.274065
665  725  0.0355225
666  724  0.0356023
667  672  0.0135855
667  717  0.104633
667  723  0.0351605
668  716  0.104932
668  722  0.0320914
669  715  0.0932163
671  713  0.117179
672  712  0.119269
672  719  0.0102668
673  711  0.118345
674  710  0.115189
676  706  0.136916
677  705  0.13789
678  704  0.13801
679  703  0.137354
682  700  0.0429029
684  698  0.930047
685  697  0.997064
686  696  0.997447
687  695  0.997868
688  694  0.992394
689  693  0.377785
716  726  0.0227117
717  725  0.0283754
718  724  0.0288733
719  723  0.0228205
