1  165  0.0139436
1  264  0.0809502
2  164  0.019139
2  259  0.013201
2  263  0.0997402
2  281  0.0257523
2  284  0.0133716
3  49  0.0122464
3  163  0.0207058
3  218  0.0881245
3  249  0.0842607
3  257  0.0102143
3  258  0.0148639
3  262  0.104133
3  280  0.0297213
3  283  0.0170409
4  48  0.0122561
4  123  0.086797
4  162  0.020705
4  217  0.0937752
4  248  0.0848564
4  255  0.0600395
4  276  0.135501
5  47  0.0121742
5  122  0.0875312
5  161  0.0176174
5  216  0.0975916
5  254  0.0603414
5  275  0.134389
6  46  0.0115329
6  85  0.0216936
6  121  0.0874827
6  215  0.0983458
6  249  0.0620873
6  253  0.0604081
6  257  0.0293401
6  258  0.2225
6  274  0.13001
7  33  0.078335
7  84  0.0220828
7  214  0.0981593
7  248  0.0622429
7  252  0.0604218
8  32  0.0792594
8  83  0.0220886
8  251  0.0442318
8  256  0.392779
9  31  0.078994
9  82  0.0220885
9  118  0.0888479
9  255  0.407577
10  81  0.020365
10  117  0.0889641
10  254  0.406968
11  29  0.0751496
11  80  0.0140918
11  116  0.0890537
11  211  0.0594022
11  253  0.406109
12  28  0.0748804
12  115  0.0891708
12  178  0.215714
12  210  0.0627269
12  252  0.404241
13  114  0.0889143
13  177  0.221678
13  209  0.0587001
14  23  0.0103807
14  26  0.0565675
14  32  0.0180998
14  113  0.0854748
14  176  0.208768
14  208  0.0442418
15  25  0.0597412
15  31  0.0197554
15  175  0.208939
16  24  0.0544084
16  110  0.0840749
16  174  0.231617
17  33  0.0127548
17  109  0.0895752
17  173  0.235614
17  205  0.0195835
18  28  0.0796346
18  31  0.0391555
18  40  0.17296
18  108  0.0895747
18  172  0.235629
18  204  0.019577
19  27  0.137872
19  30  0.0441171
19  39  0.184153
19  106  0.0768395
19  171  0.227209
20  27  0.0124242
20  29  0.0401772
20  30  0.0216522
20  38  0.177267
20  105  0.0764942
21  29  0.0188399
23  35  0.0632039
23  167  0.0164276
24  34  0.0602025
24  166  0.0168687
25  165  0.0102778
26  167  0.0145921
27  31  0.0102964
27  33  0.0403626
27  40  0.0155826
27  43  0.0109065
27  98  0.0294243
27  166  0.0163108
28  39  0.0189321
28  44  0.0159771
28  96  0.0726726
28  97  0.015014
28  207  0.0849461
29  41  0.133356
29  43  0.0159231
29  95  0.0880482
29  152  0.0123244
29  206  0.085486
30  40  0.142356
30  42  0.0157911
30  94  0.0880921
30  151  0.0135859
30  205  0.0852964
31  36  0.0410913
31  39  0.144661
31  93  0.0878308
31  149  0.0419007
32  92  0.0876367
32  148  0.0418984
33  38  0.04081
33  39  0.0191554
33  91  0.086551
33  147  0.041531
33  202  0.102605
34  90  0.0851768
34  177  0.0390032
34  201  0.10269
34  270  0.0499886
35  89  0.0748832
35  124  0.0335618
35  176  0.043665
35  179  0.0148986
35  200  0.102115
35  269  0.0559947
36  123  0.035454
36  175  0.0508942
36  178  0.0161108
36  199  0.0993614
36  268  0.0564211
37  122  0.0243447
37  174  0.0557155
37  177  0.0161124
38  84  0.0512696
38  151  0.0187669
38  173  0.0570021
38  176  0.0161179
38  196  0.13446
39  82  0.0904327
39  172  0.056982
39  175  0.0160694
39  195  0.135081
40  81  0.115425
40  149  0.258676
40  194  0.134745
41  80  0.117166
41  148  0.260013
42  79  0.117617
42  147  0.260843
42  189  0.146308
42  250  0.396405
43  49  0.0169792
43  146  0.256862
43  188  0.146817
43  249  0.396929
44  48  0.0137984
44  123  0.0575619
44  129  0.0136816
44  187  0.146719
44  248  0.396085
45  122  0.0398677
45  128  0.0301872
45  186  0.109423
46  123  0.0139366
46  127  0.0319548
46  130  0.481068
47  76  0.317848
47  126  0.0228642
47  129  0.224329
48  75  0.402008
48  128  0.222297
49  127  0.476816
50  74  0.990283
51  73  0.996946
52  72  0.996492
53  71  0.996935
54  70  0.996057
55  69  0.995686
56  68  0.994062
57  67  0.995834
58  65  0.107208
58  66  0.875072
59  64  0.161436
60  64  0.0160009
75  123  0.0110748
76  122  0.0103368
78  128  0.0385238
79  123  0.134322
79  127  0.0424041
80  123  0.022701
80  124  0.023157
80  126  0.0434162
81  123  0.0265366
81  125  0.0305885
82  121  0.86887
83  120  0.874348
84  119  0.877289
85  118  0.878734
86  117  0.877759
87  116  0.877337
88  115  0.877134
89  114  0.873072
90  113  0.843973
94  111  0.906553
95  110  0.90755
96  109  0.907867
97  108  0.899118
98  106  0.0725845
114  159  0.0166278
115  158  0.0226231
116  157  0.0226314
117  156  0.0226695
118  155  0.0227677
119  154  0.0227074
120  152  0.0244421
121  151  0.0251692
122  150  0.0257784
123  149  0.0260524
124  148  0.0251118
126  286  0.0774087
127  144  0.311565
127  285  0.0887707
128  143  0.312267
128  284  0.0885259
129  142  0.310506
129  247  0.0186505
129  283  0.0874018
130  141  0.302397
130  247  0.0228188
130  249  0.010846
132  138  0.0852444
132  140  0.087156
132  184  0.646456
133  137  0.0326534
133  183  0.645286
134  182  0.607256
137  179  0.660449
138  178  0.66324
139  177  0.662813
140  176  0.494611
141  175  0.293835
141  176  0.166888
142  175  0.33321
143  174  0.498003
144  173  0.496525
144  175  0.0362506
145  174  0.143122
146  172  0.0278527
146  173  0.149992
147  172  0.14999
148  169  0.0590929
148  170  0.0105333
149  166  0.0106632
150  167  0.619466
152  165  0.891706
153  164  0.944773
154  163  0.968087
155  162  0.966167
156  161  0.701103
166  171  0.0256366
172  250  0.014134
173  249  0.0142655
174  248  0.0142474
175  247  0.0140722
175  250  0.0151299
176  186  0.0116132
176  249  0.0154656
177  185  0.0150325
177  248  0.0152957
178  184  0.0188991
178  247  0.0139409
184  210  0.0181436
184  248  0.0153574
185  209  0.0185927
186  208  0.0186774
186  246  0.609224
187  207  0.0187272
187  245  0.820302
188  205  0.0185409
188  244  0.820643
189  204  0.0184783
189  243  0.820645
190  242  0.820102
191  201  0.013826
191  241  0.820507
192  200  0.0168228
192  240  0.820118
193  215  0.715679
193  218  0.012687
194  199  0.0998077
194  214  0.716313
194  217  0.0128253
195  213  0.713734
195  216  0.0131004
196  211  0.0157103
196  215  0.0131188
197  211  0.0678629
198  209  0.0705696
198  211  0.0115002
199  209  0.0436264
199  258  0.0439067
200  207  0.64672
200  209  0.0117854
200  213  0.0128004
200  237  0.0670446
200  257  0.0439476
201  206  0.57771
201  208  0.0110686
201  212  0.0128541
201  236  0.0712223
201  256  0.0439252
202  210  0.042804
202  235  0.071608
202  255  0.0438995
203  209  0.0404274
203  234  0.0636412
203  254  0.0203387
204  213  0.019007
204  216  0.0109565
204  233  0.034089
205  215  0.0147773
207  214  0.0158817
208  264  0.0152313
209  263  0.0174922
210  215  0.0172065
210  262  0.0181454
211  261  0.0168493
216  246  0.0118023
217  228  0.857707
217  245  0.012194
218  227  0.859335
218  244  0.0121954
219  226  0.854714
219  243  0.012171
220  225  0.561528
220  237  0.0332564
221  236  0.0386683
222  235  0.0109279
222  284  0.0101736
223  234  0.0113853
223  283  0.0137502
224  233  0.0394839
225  232  0.0388442
225  281  0.0149217
226  242  0.0219762
226  280  0.0156009
227  241  0.035848
228  240  0.0362364
229  239  0.0415892
230  238  0.0431557
231  237  0.0393026
233  260  0.0542495
234  259  0.0661478
235  258  0.0683789
237  256  0.0107175
239  254  0.111148
240  253  0.134669
241  252  0.139425
242  251  0.14254
243  250  0.146312
244  249  0.144297
250  276  0.266919
251  275  0.271958
252  262  0.0599694
252  274  0.273186
252  283  0.0114641
253  261  0.0596794
253  273  0.269825
253  282  0.0114839
254  260  0.0583786
254  272  0.259113
254  281  0.0115016
255  280  0.0113289
256  270  0.0119339
257  268  0.0164313
258  268  0.0616157
262  268  0.0391227
262  276  0.0114916
263  270  0.0102241
264  269  0.0102721
264  271  0.011914
265  270  0.01057
267  275  0.0359494
268  274  0.0416592
275  284  0.0178228
276  283  0.0246191
