1  490  0.318741
2  489  0.36322
2  491  0.0154929
3  488  0.398748
3  490  0.0110104
4  490  0.307251
5  487  0.242832
5  489  0.331511
12  452  0.82682
13  451  0.998461
14  450  0.998202
15  449  0.997562
16  448  0.99829
17  447  0.998744
18  446  0.99022
20  444  0.991097
21  443  0.998354
22  442  0.998595
23  441  0.956164
25  439  0.710431
26  438  0.590766
27  81  0.98162
28  80  0.982059
29  78  0.0186155
29  79  0.959708
30  77  0.0444765
30  78  0.751401
32  75  0.551409
32  76  0.381207
33  74  0.982212
34  73  0.981672
35  72  0.981713
36  71  0.953491
36  82  0.0146626
37  52  0.248411
37  70  0.687534
37  81  0.0172744
38  49  0.0139336
38  50  0.105883
38  51  0.644934
38  80  0.0172611
39  48  0.0201003
39  49  0.118348
39  50  0.771943
39  79  0.0172684
40  47  0.022314
40  48  0.123587
40  49  0.780155
40  78  0.0172662
41  46  0.0139195
41  47  0.112423
41  48  0.726939
41  77  0.0141985
42  46  0.0310787
42  47  0.423046
44  54  0.0472574
44  75  0.014531
45  53  0.0509785
45  74  0.0173146
46  52  0.0479789
46  73  0.0173086
47  72  0.0173096
48  70  0.0172099
49  69  0.0172586
50  68  0.0100152
53  69  0.218669
53  70  0.199344
55  68  0.868585
56  67  0.983257
57  66  0.999607
58  65  0.999287
59  64  0.939615
88  436  0.130912
88  439  0.166701
89  435  0.135749
89  438  0.172368
90  434  0.135636
90  436  0.815477
91  435  0.86321
92  434  0.861789
94  432  0.992357
95  431  0.997491
96  430  0.996328
97  429  0.988072
102  381  0.98028
103  380  0.991158
104  379  0.992365
105  378  0.995582
106  377  0.995259
107  376  0.995816
108  375  0.995756
109  142  0.0142908
109  374  0.960316
110  141  0.0145523
110  373  0.883102
111  139  0.0151093
111  140  0.0158273
111  169  0.0524977
111  255  0.470395
111  284  0.0165435
111  341  0.0695267
111  373  0.0188592
112  138  0.0149302
112  168  0.052483
112  254  0.47076
112  283  0.0165542
112  340  0.0695685
112  343  0.0335824
112  372  0.0685428
113  138  0.0164064
113  253  0.101509
113  282  0.0152295
113  339  0.0694671
113  342  0.0338161
113  347  0.0114069
114  137  0.0474579
114  140  0.322864
114  252  0.060956
114  338  0.0695723
114  341  0.0338802
114  346  0.0145824
115  136  0.0475406
115  139  0.324097
115  251  0.442809
115  337  0.0690899
115  345  0.0143732
116  135  0.0475682
116  138  0.324104
116  250  0.489222
116  336  0.0689452
116  339  0.0336609
117  133  0.0960257
117  137  0.32481
117  249  0.4903
117  327  0.0205239
117  338  0.033656
118  132  0.0974518
118  136  0.324807
118  248  0.49031
118  326  0.021213
118  337  0.0335771
119  131  0.0984105
119  135  0.323697
119  247  0.490268
119  325  0.0212285
119  336  0.0335182
120  133  0.0125963
120  134  0.251922
120  246  0.453425
120  324  0.0209381
120  335  0.013617
121  129  0.0240553
121  323  0.020733
122  128  0.0230383
122  322  0.0194588
123  321  0.0144696
124  131  0.0814823
124  228  0.0440122
124  243  0.0813621
125  227  0.0414632
125  242  0.0421023
127  229  0.013506
128  224  0.0282347
128  225  0.0281917
128  228  0.0100145
128  229  0.015744
129  223  0.0317184
129  224  0.0358353
129  228  0.032557
129  333  0.0152539
130  227  0.0394946
130  332  0.0218498
131  183  0.0377513
131  222  0.436462
131  226  0.0398159
131  331  0.0226603
132  182  0.0377688
132  221  0.436847
132  330  0.0225064
133  181  0.0377517
133  220  0.4368
134  173  0.0476471
134  180  0.0305468
134  218  0.4269
134  223  0.0445629
135  179  0.021596
135  217  0.427231
135  222  0.0464473
135  335  0.0123707
136  171  0.134208
136  216  0.423472
136  221  0.0464485
136  334  0.0127449
137  170  0.541647
137  220  0.0462912
137  333  0.0126152
138  169  0.592034
138  219  0.0176728
139  168  0.591073
141  166  0.766922
141  365  0.0107527
142  165  0.791392
142  363  0.181798
143  164  0.791538
143  362  0.190528
144  162  0.0115725
144  163  0.780791
144  297  0.0135936
144  361  0.191794
145  161  0.0228295
145  162  0.769469
145  296  0.0136485
145  360  0.191795
146  160  0.78543
146  295  0.0137092
146  359  0.19161
147  159  0.785488
147  294  0.0138147
147  358  0.191317
148  158  0.791321
148  293  0.0138418
148  356  0.187441
149  157  0.775495
149  292  0.01098
149  355  0.185639
150  156  0.650029
150  354  0.182021
151  155  0.32684
151  290  0.0101954
151  353  0.171835
152  290  0.0176585
152  352  0.14013
153  289  0.026625
154  287  0.0218192
154  288  0.0368432
154  350  0.0866143
155  286  0.0431428
155  287  0.0246757
155  317  0.0275199
156  285  0.0567788
156  286  0.0124991
156  316  0.02946
157  284  0.0696318
157  315  0.0302878
158  283  0.0698832
158  313  0.0287819
159  282  0.0691078
159  312  0.0285479
160  281  0.0649026
160  311  0.0278295
161  173  0.0970891
161  280  0.0346513
161  310  0.019976
161  314  0.0135563
162  172  0.104405
162  309  0.0194842
162  313  0.0143654
163  171  0.104438
163  312  0.0143039
164  170  0.101822
165  169  0.0551399
165  252  0.0300987
166  251  0.0319625
167  250  0.0322196
168  217  0.135523
168  364  0.0960314
169  216  0.135599
169  363  0.0960678
170  215  0.140938
170  328  0.0137442
170  362  0.0957989
170  370  0.0407378
171  214  0.139316
171  215  0.428251
171  327  0.013936
171  361  0.0959026
171  369  0.0408138
172  213  0.125201
172  214  0.430931
172  326  0.0139529
172  360  0.0954198
172  368  0.0412598
173  212  0.104951
173  213  0.416684
173  324  0.012312
174  212  0.315913
174  323  0.0127199
175  322  0.0131525
176  321  0.0132223
177  213  0.0331404
177  252  0.0162849
177  320  0.0115609
178  212  0.0937957
178  251  0.0177536
179  211  0.145577
179  250  0.0181403
179  318  0.0143834
179  347  0.0582347
180  210  0.0983293
180  249  0.018195
180  317  0.0142077
180  328  0.120867
180  346  0.0701901
181  209  0.0491723
181  210  0.569423
181  248  0.0178083
181  316  0.0136766
181  327  0.131437
181  345  0.0690668
182  209  0.619337
182  244  0.0148685
182  246  0.0141973
182  315  0.0149492
182  326  0.132828
183  208  0.668502
183  243  0.0149071
183  245  0.0141848
183  325  0.132846
183  343  0.0135243
184  207  0.667122
184  242  0.0149423
184  324  0.121703
185  206  0.66678
185  241  0.0148892
185  244  0.0201914
185  315  0.011434
185  323  0.0921024
186  205  0.66795
186  243  0.0200467
186  312  0.0982699
187  204  0.668227
187  242  0.015381
187  311  0.150817
187  335  0.0165496
188  203  0.668509
188  310  0.15711
188  334  0.0192587
188  340  0.0909215
189  202  0.666457
189  309  0.157256
189  333  0.0192882
189  339  0.0946239
190  201  0.370953
190  240  0.0318565
190  294  0.0154811
190  308  0.157122
190  332  0.0190759
190  338  0.095166
191  198  0.431958
191  239  0.0384246
191  293  0.0155396
191  307  0.156998
191  331  0.0190575
191  337  0.0951704
192  197  0.330524
192  199  0.0286636
192  238  0.0385035
192  292  0.0155725
192  306  0.145842
192  330  0.0189729
192  336  0.095115
193  237  0.0384832
193  291  0.0156105
193  329  0.0168159
193  335  0.0950278
194  236  0.0384992
194  290  0.0156696
194  334  0.0948883
195  216  0.0560875
195  235  0.0384845
195  289  0.0156759
195  333  0.0947332
196  210  0.0753015
196  215  0.137868
196  288  0.0133845
196  327  0.0192533
196  332  0.046717
197  209  0.0753647
197  214  0.138213
197  326  0.0193246
197  331  0.0464176
198  208  0.0753596
198  232  0.0134347
198  325  0.0193401
198  330  0.0464045
199  207  0.0744698
199  213  0.142616
199  324  0.018601
199  329  0.0367602
200  206  0.0702528
200  212  0.145606
200  323  0.0155677
201  205  0.0408794
201  211  0.147952
201  228  0.0223463
202  210  0.148572
202  227  0.0412646
202  320  0.0157444
202  327  0.0209128
203  209  0.147748
203  226  0.0437835
203  319  0.0169448
203  326  0.0209994
204  208  0.0562422
204  225  0.0434986
204  318  0.0168906
204  325  0.0206887
205  317  0.0160574
205  324  0.0137278
206  224  0.0786045
207  223  0.0877239
208  222  0.0915857
209  221  0.091591
209  313  0.0134316
210  220  0.0915516
210  312  0.0134156
211  219  0.0896127
212  218  0.0783447
212  231  0.0126317
213  230  0.0150701
213  314  0.0115882
214  229  0.015272
214  313  0.0128977
214  334  0.0120905
215  228  0.0151227
215  298  0.0689624
215  312  0.0127993
215  333  0.012402
216  297  0.0954064
216  331  0.0742841
216  358  0.0363602
217  298  0.0278905
217  330  0.074907
217  357  0.0363593
218  296  0.191972
218  329  0.0745293
219  250  0.0107231
219  295  0.222904
220  249  0.0412723
220  294  0.233456
220  327  0.119388
221  248  0.0413052
221  293  0.233472
221  326  0.119798
222  247  0.0411538
222  292  0.233439
222  325  0.119879
223  291  0.19543
223  324  0.118671
224  323  0.113002
225  322  0.0933431
226  235  0.0663921
226  267  0.211951
227  234  0.0642578
227  243  0.0181193
227  245  0.0318878
227  266  0.215087
227  289  0.0165646
228  242  0.0576617
228  244  0.070102
228  265  0.215674
228  288  0.0260823
228  319  0.0379045
228  320  0.027819
228  327  0.0109994
229  241  0.0664256
229  244  0.105649
229  246  0.0101535
229  264  0.210843
229  287  0.0255692
229  288  0.0132207
229  319  0.028448
229  322  0.0151555
229  326  0.0111397
230  240  0.0425964
230  242  0.0108594
230  263  0.203839
230  286  0.0249241
230  287  0.013046
230  317  0.0446729
230  321  0.0176303
230  324  0.0195922
231  240  0.0266579
231  242  0.307325
231  285  0.0192475
231  286  0.0102696
231  316  0.0455645
231  320  0.0179117
231  323  0.0213317
232  239  0.046545
232  241  0.349709
232  244  0.0563485
232  261  0.197251
232  315  0.0452769
232  319  0.0179938
232  322  0.0226386
233  240  0.287785
233  260  0.196504
233  317  0.0187109
233  321  0.0229398
234  242  0.17191
234  259  0.176131
234  316  0.0187585
234  320  0.0230032
235  239  0.0114866
235  241  0.198469
235  258  0.161238
235  315  0.0186882
235  319  0.0229472
236  240  0.0756143
236  257  0.129285
237  256  0.0572307
239  254  0.103139
240  253  0.0727173
240  314  0.0155127
241  253  0.0309666
241  313  0.0161336
243  251  0.103786
244  250  0.115619
244  289  0.0112777
244  310  0.0149788
244  313  0.0127557
245  249  0.0716754
245  257  0.0856309
245  284  0.010454
245  288  0.0119168
246  256  0.102676
246  283  0.0105065
246  312  0.0534306
247  255  0.108523
247  284  0.110372
247  311  0.0548244
248  254  0.108479
248  283  0.110745
248  310  0.0549308
249  253  0.0671906
249  309  0.0549404
250  281  0.0493823
250  307  0.0256207
250  308  0.0312829
251  280  0.106119
251  306  0.0477419
252  305  0.0476357
253  278  0.235823
253  304  0.0454808
254  277  0.23776
254  303  0.0387326
255  276  0.237941
256  275  0.238293
256  303  0.102693
256  356  0.352729
257  274  0.18314
257  302  0.119579
257  355  0.352355
258  273  0.128082
258  274  0.0558163
258  301  0.108131
258  354  0.349595
259  272  0.0735496
259  273  0.110608
259  353  0.341066
260  271  0.0169579
260  272  0.165765
260  299  0.151515
260  352  0.300407
261  271  0.220751
261  298  0.156452
262  268  0.0105778
262  270  0.217759
262  297  0.15607
262  315  0.106564
262  350  0.210434
263  314  0.104431
263  349  0.186073
264  313  0.0978367
264  314  0.0160407
264  348  0.128875
265  312  0.0881953
265  313  0.0202679
266  311  0.0227274
267  293  0.303228
267  315  0.0108535
267  319  0.01092
267  326  0.094825
268  292  0.314218
268  325  0.0951477
269  290  0.710867
270  289  0.75442
271  288  0.758695
272  287  0.756887
273  286  0.748975
274  285  0.749688
275  283  0.0146125
276  284  0.739994
277  283  0.718213
287  299  0.0274636
288  298  0.0300265
289  297  0.0305554
290  296  0.0278371
291  295  0.0161673
292  315  0.0942625
293  313  0.376105
294  312  0.430526
295  311  0.441436
296  310  0.445533
297  309  0.452242
298  308  0.43674
298  374  0.0176006
299  373  0.0176318
300  372  0.0178579
301  371  0.0131571
302  311  0.105746
303  310  0.134622
304  309  0.127581
307  363  0.0120347
309  327  0.0244095
309  361  0.0768961
310  326  0.024607
310  360  0.0770666
311  359  0.0770496
312  319  0.0254463
312  358  0.0755465
313  319  0.022202
313  323  0.0225455
313  356  0.0334263
314  322  0.0243467
316  353  0.0321424
317  352  0.0360777
318  351  0.0342005
322  349  0.269409
323  348  0.386234
324  347  0.437301
325  346  0.450742
328  343  0.681391
329  342  0.708734
329  365  0.0487903
330  341  0.717194
330  364  0.0687083
331  340  0.717198
331  363  0.0687014
332  339  0.715542
333  338  0.710414
333  361  0.0690985
334  360  0.0691269
335  359  0.0691002
336  358  0.0691319
337  357  0.0485563
338  357  0.0202309
339  356  0.0401718
342  351  0.0351939
343  350  0.0370153
357  364  0.482142
358  363  0.47537
382  423  0.935154
382  425  0.0564072
383  422  0.937283
383  424  0.056469
384  421  0.937919
384  423  0.0543415
385  419  0.956409
386  418  0.973215
387  417  0.982372
388  416  0.984271
389  415  0.965
391  413  0.260882
392  413  0.593057
392  416  0.0102368
393  412  0.977261
393  415  0.02074
394  411  0.977634
394  414  0.0222778
395  410  0.977592
395  413  0.0222866
396  409  0.975565
396  412  0.0222865
397  408  0.976755
397  411  0.0222544
398  407  0.870886
399  410  0.0212193
400  409  0.0199658
455  485  0.938703
456  484  0.991733
457  483  0.989452
458  482  0.950541
459  481  0.94895
461  480  0.996934
462  479  0.998284
463  478  0.998412
464  477  0.995782
465  475  0.985265
466  474  0.987476
467  473  0.983943
468  472  0.609415
468  473  0.0147529
