2  141  0.82039
3  140  0.938006
4  139  0.946477
5  138  0.946666
5  627  0.0142067
6  137  0.948643
6  626  0.0162562
7  136  0.949725
7  625  0.0164318
8  135  0.928528
8  624  0.0159329
8  629  0.0285852
9  134  0.926557
9  623  0.0159
9  628  0.0286126
10  94  0.0220936
10  122  0.0206653
10  627  0.0276341
11  121  0.0260523
11  626  0.0252571
12  92  0.218186
12  120  0.0264275
12  128  0.0562354
13  49  0.0613624
13  91  0.354019
13  119  0.0255126
13  125  0.0113115
13  127  0.0624464
14  23  0.0163186
14  48  0.0647606
14  90  0.38831
14  118  0.0253947
14  124  0.0117264
14  126  0.062705
15  22  0.0161705
15  47  0.064667
15  88  0.253519
15  89  0.234751
15  125  0.0414951
16  46  0.0651615
16  87  0.465585
17  45  0.0617312
17  55  0.0147437
17  86  0.459857
18  54  0.0161147
18  84  0.425217
19  53  0.0165398
19  83  0.429352
20  52  0.0137723
20  82  0.393956
22  82  0.182386
23  33  0.0728305
23  43  0.0538984
23  79  0.413305
23  81  0.208411
24  32  0.0684723
24  42  0.0540494
24  78  0.403507
24  80  0.184658
25  31  0.0683526
25  32  0.0110875
25  41  0.0539769
25  80  0.0172659
26  30  0.0423484
26  31  0.0111147
28  38  0.0532897
29  37  0.0533277
29  77  0.78198
30  36  0.0539614
30  76  0.860612
31  35  0.0334242
31  75  0.860774
32  74  0.860389
33  73  0.860245
34  72  0.732598
35  48  0.0271932
35  67  0.299046
35  70  0.0754251
36  41  0.556144
36  47  0.0273372
36  66  0.29977
36  70  0.0230688
37  43  0.0355734
37  46  0.0272246
37  65  0.298155
38  45  0.0166385
38  64  0.297939
39  63  0.281197
41  46  0.0296075
41  55  0.0663947
41  59  0.0685258
41  61  0.0975311
42  54  0.0973451
43  53  0.101438
43  58  0.120123
43  70  0.0168811
44  52  0.0999349
44  57  0.118302
45  51  0.0891677
45  56  0.0934146
45  67  0.403559
45  68  0.0122851
46  53  0.058493
46  66  0.542047
46  131  0.0229785
47  52  0.0499522
47  54  0.0211097
47  65  0.559723
47  130  0.0308325
48  55  0.0155741
48  64  0.559543
48  129  0.0308184
49  54  0.0138104
49  63  0.496787
49  128  0.02887
51  63  0.0549961
52  60  0.296753
52  62  0.257301
53  59  0.322096
53  61  0.274413
53  79  0.0305775
54  58  0.122666
54  60  0.207309
54  78  0.0296993
55  77  0.0147728
57  62  0.013425
57  77  0.0464567
57  625  0.0121944
58  76  0.0572981
58  132  0.0143736
58  624  0.0201234
59  131  0.0145578
59  623  0.0201294
60  74  0.0853016
60  130  0.0118432
60  622  0.020202
61  73  0.0858495
61  621  0.020159
62  72  0.086321
62  128  0.0113479
63  71  0.0867211
63  127  0.0117859
64  70  0.0296165
64  126  0.0117486
64  495  0.0180033
65  70  0.0714257
65  494  0.0183656
66  493  0.0111429
68  159  0.0179964
69  158  0.0194552
70  87  0.0243731
70  157  0.0200893
71  86  0.0243964
71  156  0.0200808
72  85  0.0243779
72  155  0.0200728
73  84  0.0243514
73  154  0.02008
74  83  0.0239869
74  153  0.0198453
78  135  0.0109654
79  134  0.012201
80  132  0.272884
80  133  0.020222
81  131  0.276773
82  131  0.0166121
83  128  0.0134508
83  129  0.20283
83  130  0.0489288
84  127  0.0202362
85  128  0.124153
86  125  0.22782
86  127  0.129761
87  124  0.232802
87  126  0.129622
91  120  0.547976
92  119  0.61722
93  118  0.639061
94  117  0.685308
95  116  0.240122
96  115  0.232642
96  116  0.45802
97  115  0.471484
98  114  0.972445
99  113  0.997057
100  112  0.997356
101  111  0.996736
102  110  0.997111
103  109  0.996349
104  108  0.617127
115  133  0.291754
116  132  0.293778
117  131  0.293931
118  129  0.105617
118  130  0.192731
119  128  0.202576
120  127  0.188289
124  159  0.0124617
125  158  0.0132029
126  133  0.0153798
126  157  0.0136174
127  156  0.0135976
128  155  0.0129905
130  153  0.0123901
131  152  0.0130477
133  151  0.0102614
134  150  0.0177763
134  152  0.017172
135  149  0.0177519
135  151  0.017164
136  150  0.0177109
137  148  0.0314037
138  147  0.0383998
139  146  0.0341931
142  631  0.557557
143  630  0.605868
144  629  0.623861
144  631  0.0253767
145  628  0.465809
147  628  0.352927
148  626  0.0423113
148  627  0.407156
150  625  0.948413
151  624  0.960925
152  623  0.960947
153  622  0.960405
154  621  0.958308
155  496  0.276685
156  495  0.328922
157  494  0.351618
157  495  0.454981
158  494  0.32155
160  492  0.994887
161  491  0.999631
162  490  0.999543
163  489  0.999775
164  488  0.996288
165  180  0.0212061
165  487  0.978405
166  179  0.0696286
166  486  0.929234
167  178  0.834747
167  485  0.0759422
168  177  0.929789
168  484  0.0631326
169  176  0.904966
169  483  0.0453468
170  175  0.77583
174  238  0.0152543
175  237  0.0175519
176  236  0.0175353
177  235  0.0174233
178  197  0.0111506
178  483  0.015049
179  196  0.0142289
179  482  0.037396
180  195  0.0147252
180  481  0.0374047
181  480  0.0353645
181  485  0.814227
182  193  0.0629825
182  484  0.925174
183  192  0.063073
183  483  0.925643
184  191  0.0671292
184  482  0.929086
185  190  0.0598767
185  481  0.929096
186  480  0.928033
187  479  0.922515
188  477  0.0185717
188  478  0.88666
189  476  0.0343505
190  224  0.0138812
190  477  0.042257
191  223  0.0139521
192  222  0.0139927
192  473  0.720277
193  221  0.0139751
194  471  0.955312
195  470  0.955943
196  469  0.935595
198  467  0.937811
199  466  0.949895
200  465  0.92343
201  229  0.112582
201  464  0.857737
202  228  0.91772
203  227  0.918249
204  226  0.910981
206  217  0.0555798
206  224  0.916636
207  216  0.0559708
207  223  0.917601
208  215  0.0564039
208  222  0.915762
209  214  0.040926
209  221  0.747691
210  221  0.0784341
211  219  0.0315462
211  220  0.152825
212  219  0.15204
212  238  0.0162091
213  220  0.0127802
213  237  0.0179254
214  219  0.0119383
214  236  0.017923
215  235  0.0178745
216  234  0.0170842
219  455  0.0147768
220  454  0.0173393
221  453  0.0197183
222  229  0.0195175
222  452  0.0197205
223  228  0.021402
223  451  0.0196791
224  450  0.0197065
225  449  0.019106
226  446  0.0150018
227  445  0.0196726
228  444  0.0196869
229  237  0.0132074
229  238  0.0471674
229  443  0.0191006
230  236  0.0111427
230  237  0.0521489
230  248  0.0117087
231  247  0.0122942
232  246  0.0123836
233  245  0.0124153
233  320  0.0116418
234  319  0.0192023
235  318  0.023504
236  242  0.0124133
236  317  0.0235094
237  241  0.0106333
237  316  0.0235144
238  315  0.0230922
240  313  0.0208261
240  463  0.919385
240  477  0.0225447
241  462  0.9316
241  476  0.022965
242  461  0.933435
242  475  0.0230151
243  310  0.0193569
243  460  0.934197
243  474  0.0230309
244  309  0.0218999
244  459  0.935213
244  473  0.0230477
245  308  0.0218754
245  457  0.0441875
245  458  0.887684
245  472  0.0229526
246  307  0.0216514
246  456  0.0882519
246  471  0.022038
247  306  0.0214833
248  305  0.0178296
248  455  0.902816
249  454  0.928223
250  293  0.0397903
250  303  0.0186664
250  453  0.936254
251  292  0.0399024
251  302  0.0186789
251  452  0.936315
252  291  0.0398857
252  301  0.0168206
252  451  0.933899
253  290  0.0399773
253  450  0.933128
254  289  0.0400602
254  449  0.904704
255  288  0.0395862
255  311  0.125353
255  312  0.0285553
255  313  0.0269598
255  448  0.596597
256  287  0.0379815
256  310  0.127812
256  311  0.0589929
256  312  0.0756234
256  313  0.0117242
256  314  0.0102757
257  286  0.0172586
257  310  0.0620392
257  311  0.0854382
257  312  0.0120845
257  313  0.0106215
258  308  0.668621
258  310  0.0748698
259  272  0.0194891
259  284  0.016409
259  307  0.830316
259  309  0.0568862
260  271  0.020241
260  306  0.889172
261  282  0.0202484
261  286  0.0311359
261  305  0.896853
262  269  0.02903
262  281  0.0218481
262  285  0.0352013
262  294  0.0101288
262  304  0.896818
263  268  0.0286498
263  280  0.0221015
263  284  0.0351852
263  293  0.010196
263  303  0.896812
264  279  0.0218322
264  292  0.0101974
264  302  0.896625
265  291  0.0100757
265  301  0.754857
266  281  0.546384
266  294  0.122283
267  273  0.0199043
267  280  0.630219
267  293  0.125175
268  279  0.616824
268  292  0.123872
270  277  0.284088
270  288  0.09655
270  297  0.0365634
271  287  0.112424
271  296  0.0424743
272  286  0.112239
272  295  0.0402504
273  282  0.0376332
273  292  0.0212182
274  281  0.0301224
274  289  0.0228997
274  291  0.0202661
275  283  0.0614033
275  288  0.0277757
275  296  0.0116375
276  282  0.0614595
276  287  0.0289105
276  295  0.0128527
277  281  0.0284347
277  294  0.014808
278  286  0.0794734
279  285  0.0733457
279  293  0.0574771
280  292  0.0574041
282  290  0.014478
282  291  0.0101963
282  298  0.0170927
282  447  0.0315227
283  289  0.0194433
283  446  0.0316529
284  295  0.0213048
284  445  0.0316889
285  292  0.0207647
285  295  0.0459238
285  444  0.0316883
286  291  0.0146952
286  293  0.0505578
286  294  0.0383447
286  443  0.0293009
289  296  0.0225343
289  297  0.010285
290  295  0.0226453
290  296  0.0129173
290  300  0.316854
291  299  0.419218
291  365  0.0107157
292  298  0.435572
292  364  0.0132699
293  363  0.0131819
293  433  0.0119836
294  432  0.012086
295  431  0.0121231
298  463  0.0357912
299  462  0.0362023
300  461  0.0361577
301  460  0.0361394
302  459  0.0355189
304  384  0.0479169
305  383  0.0532413
306  382  0.0532252
307  381  0.0531762
308  380  0.0532089
309  379  0.0532527
309  448  0.0110153
310  378  0.052213
310  447  0.0160105
311  377  0.0494492
311  446  0.015349
313  447  0.0105013
314  446  0.0101746
316  447  0.862685
317  446  0.863102
318  445  0.858676
320  366  0.0278188
321  365  0.793202
322  364  0.978203
323  363  0.978011
324  362  0.935741
326  358  0.0366251
326  360  0.0768133
326  361  0.375442
327  357  0.0423671
327  360  0.362652
328  356  0.0405892
329  356  0.0239385
330  355  0.0707986
330  357  0.909461
331  354  0.0707824
331  356  0.920889
332  355  0.922128
333  354  0.917835
334  351  0.986415
335  350  0.997867
336  349  0.99917
337  348  0.998118
338  347  0.92704
366  373  0.0364077
366  442  0.909957
366  443  0.0155433
367  372  0.0325735
367  441  0.934212
368  440  0.941573
369  439  0.940768
370  438  0.940303
371  437  0.941109
372  436  0.942071
373  435  0.936608
374  383  0.180342
375  382  0.154206
375  387  0.251954
376  386  0.314009
377  385  0.326865
377  434  0.278143
378  384  0.327587
378  433  0.342241
379  383  0.204112
380  432  0.417318
381  431  0.424576
382  430  0.424585
383  429  0.423349
384  431  0.179432
385  430  0.179033
386  429  0.178274
386  457  0.0349956
387  456  0.041736
388  428  0.873426
388  455  0.0418284
389  427  0.949726
389  454  0.0419049
390  426  0.954595
390  453  0.0419045
391  425  0.955643
391  452  0.0418905
392  424  0.955175
393  423  0.955646
393  450  0.0385884
394  422  0.950196
394  449  0.0379
396  420  0.948617
396  446  0.031281
397  419  0.943105
397  445  0.0420925
398  444  0.0421007
399  414  0.835936
399  415  0.0623281
399  417  0.0277712
399  443  0.0413583
400  413  0.955168
401  412  0.955126
402  411  0.95538
402  441  0.0247889
403  410  0.797176
403  440  0.0153211
404  440  0.0235947
405  439  0.0341788
406  438  0.0335312
408  436  0.0438067
409  435  0.0438803
410  434  0.0439243
411  433  0.0439415
412  432  0.0439024
413  431  0.0436667
414  428  0.015555
415  427  0.0183416
415  429  0.0110297
416  426  0.0183586
417  425  0.0174268
417  429  0.010027
418  427  0.0237794
419  426  0.0245127
420  425  0.0239781
497  621  0.0131466
498  620  0.998469
499  619  0.998479
500  618  0.998137
501  617  0.999414
502  616  0.997441
503  554  0.0121339
503  615  0.97934
504  553  0.0136718
504  554  0.376136
504  614  0.363991
505  552  0.011945
506  553  0.895879
506  557  0.0150534
506  612  0.0116964
507  552  0.913728
507  556  0.0137536
508  551  0.918023
508  555  0.0130813
509  550  0.897907
509  554  0.0141442
510  524  0.729454
511  523  0.776144
512  521  0.564159
512  522  0.388349
513  520  0.998569
514  519  0.998347
523  549  0.0565599
523  550  0.0220665
525  548  0.976337
526  547  0.980121
527  546  0.979931
527  554  0.0101121
528  545  0.97323
528  553  0.0101255
529  544  0.937638
531  541  0.188512
531  542  0.0477419
531  543  0.0133065
532  539  0.700351
532  540  0.137799
533  538  0.978595
539  546  0.0120502
553  610  0.0318684
554  609  0.0408437
555  608  0.0410733
555  613  0.916862
556  607  0.041189
556  612  0.918442
557  606  0.0411867
558  605  0.0369347
558  611  0.94701
559  610  0.947177
560  609  0.361881
561  570  0.0419826
561  608  0.361389
562  569  0.042418
562  607  0.946646
563  568  0.0421406
563  606  0.945289
564  604  0.26573
566  602  0.674962
567  601  0.762133
568  600  0.767493
569  599  0.698005
572  587  0.778708
573  586  0.999641
574  585  0.999791
575  584  0.999229
576  583  0.997873
577  582  0.655209
590  599  0.288752
591  598  0.94005
592  597  0.988776
