1  26  0.0204048
1  94  0.966044
2  93  0.966651
3  92  0.973932
4  23  0.0211926
4  91  0.973942
5  22  0.0290241
5  90  0.94512
6  21  0.0899397
6  89  0.569945
7  20  0.0907745
8  18  0.646428
8  85  0.190783
9  14  0.0378636
9  17  0.679119
9  84  0.192895
10  16  0.67894
10  83  0.191181
14  78  0.0110917
15  77  0.0114166
16  76  0.0114676
17  89  0.0391277
18  57  0.185084
18  88  0.109211
19  56  0.185137
19  84  0.17733
19  87  0.396987
20  55  0.187053
20  60  0.0179807
20  83  0.220699
20  86  0.467714
21  54  0.187063
21  59  0.0188119
21  82  0.22053
21  85  0.470849
22  53  0.186713
22  58  0.246806
22  84  0.466767
23  52  0.186856
23  57  0.32743
23  83  0.457426
24  51  0.183403
24  56  0.327988
24  82  0.44935
25  50  0.160312
25  55  0.363187
25  57  0.0487382
25  81  0.375618
26  54  0.361643
26  56  0.0485156
26  80  0.373562
27  53  0.351433
27  54  0.0337592
27  79  0.366403
28  53  0.0348798
28  54  0.0184373
29  44  0.047373
29  47  0.0731685
29  54  0.0469723
30  38  0.0235696
30  41  0.0334608
30  43  0.056436
30  46  0.0824176
30  53  0.10596
31  37  0.0317892
31  40  0.0397873
31  42  0.0580079
31  45  0.0834704
31  52  0.451299
32  41  0.0568541
32  43  0.0300037
32  44  0.0754193
32  51  0.451895
33  42  0.0333928
33  50  0.443177
33  78  0.0234489
34  49  0.374048
34  77  0.0208911
35  76  0.0146432
36  47  0.0936108
37  76  0.178458
38  45  0.122023
38  75  0.188364
39  44  0.105882
39  74  0.190765
40  73  0.191632
41  72  0.173376
42  51  0.0426315
43  50  0.0481701
44  49  0.0453011
46  67  0.167377
47  66  0.176076
48  65  0.176679
49  64  0.173229
50  63  0.126142
53  61  0.211337
53  78  0.0160345
54  60  0.211857
54  77  0.0214365
54  94  0.0151269
55  59  0.171948
55  76  0.0220973
55  93  0.0151731
56  75  0.0144877
56  77  0.0651402
56  92  0.0145825
57  74  0.0115683
57  76  0.0707835
57  91  0.0145735
58  75  0.0467381
59  75  0.106879
59  81  0.595482
60  74  0.1575
60  80  0.595977
61  73  0.160143
61  79  0.597654
62  72  0.124232
62  78  0.598073
63  72  0.0509169
63  77  0.595466
64  69  0.0211918
64  70  0.0606759
64  71  0.0838014
65  75  0.595338
66  74  0.58745
67  73  0.491705
85  90  0.0126081
95  113  0.833749
96  112  0.997505
97  111  0.999947
98  110  0.999971
99  109  0.99994
100  108  0.999932
101  107  0.994405
102  106  0.378533
