1  378  0.0357699
2  377  0.0412532
2  394  0.0361445
2  398  0.0140273
3  369  0.0145763
3  370  0.0278039
3  376  0.0462549
3  393  0.0562812
3  396  0.0378987
3  397  0.0125745
5  368  0.0728927
5  392  0.0139464
5  394  0.0269419
6  367  0.0768527
6  368  0.296331
6  394  0.0224598
7  367  0.349008
7  372  0.0246176
7  398  0.0282045
8  366  0.451809
8  371  0.134241
8  396  0.0148857
8  397  0.0325795
9  365  0.446905
9  366  0.321123
9  370  0.156083
9  396  0.0305942
10  364  0.199419
10  365  0.327054
10  369  0.156229
11  364  0.256085
14  364  0.467452
15  363  0.95832
16  362  0.982912
16  393  0.014746
17  361  0.982943
17  392  0.0147509
18  360  0.982972
18  391  0.014732
19  359  0.980227
19  390  0.0147299
20  358  0.859886
20  389  0.0128971
23  356  0.861724
23  357  0.0224995
24  355  0.342982
24  356  0.0239044
25  353  0.0225029
25  354  0.387364
26  352  0.0169673
26  353  0.954833
26  354  0.0197277
27  351  0.0175807
27  352  0.45596
27  353  0.020196
28  350  0.0142368
29  350  0.94971
30  349  0.997217
31  348  0.99901
32  347  0.998785
33  346  0.999006
34  345  0.998659
35  344  0.957088
37  341  0.990036
38  340  0.996527
39  339  0.999029
40  338  0.998039
41  337  0.998053
42  336  0.99705
44  335  0.0112598
45  247  0.0335386
45  333  0.213736
46  332  0.234644
47  245  0.240881
47  331  0.221673
48  244  0.658674
48  330  0.221034
49  243  0.756822
49  329  0.236579
50  242  0.756864
50  328  0.235993
51  247  0.0491681
51  327  0.180032
52  240  0.763449
52  246  0.204006
52  326  0.0307118
53  239  0.763483
53  245  0.204105
53  325  0.0298639
54  238  0.745048
54  244  0.20389
54  324  0.0236821
55  204  0.0162465
55  243  0.203009
56  203  0.0163182
56  234  0.028597
57  202  0.0163605
57  233  0.0144765
57  241  0.0540817
58  200  0.0168981
58  233  0.752102
58  240  0.197517
59  199  0.0169493
59  232  0.767168
59  239  0.195932
60  198  0.0169518
60  205  0.0805633
60  231  0.767363
61  197  0.0169181
61  230  0.765698
62  196  0.0168521
62  203  0.166673
62  229  0.762376
63  195  0.0165191
63  202  0.198061
63  228  0.748421
64  120  0.0598625
64  201  0.198133
65  200  0.198077
66  117  0.592613
66  199  0.197679
67  116  0.748128
67  191  0.0114949
67  198  0.0616881
68  115  0.67244
68  190  0.0101351
69  114  0.0861324
69  196  0.196791
70  113  0.187261
70  195  0.198296
71  112  0.772695
71  187  0.0122278
71  194  0.198128
72  111  0.733127
72  186  0.0122073
72  193  0.196815
73  185  0.0120329
73  192  0.178165
74  184  0.0106557
75  110  0.88809
75  190  0.0221918
76  109  0.925509
76  189  0.0371472
77  85  0.0114091
77  108  0.927043
77  187  0.0347358
78  84  0.0106632
78  107  0.925121
78  186  0.0363313
79  106  0.89936
79  185  0.0356364
80  184  0.0297541
81  106  0.0132442
81  142  0.0365928
82  102  0.270776
82  105  0.0206157
82  141  0.0393022
83  102  0.0178692
83  104  0.0183772
83  140  0.0392492
84  100  0.90756
84  101  0.0103089
85  99  0.93565
85  139  0.0395941
86  98  0.937096
86  138  0.0398992
87  97  0.937087
87  136  0.0465986
87  190  0.0101488
88  96  0.918719
88  135  0.0466077
88  189  0.0103412
89  134  0.0454929
89  188  0.0102852
90  94  0.0183731
90  133  0.0423986
90  187  0.0101254
91  102  0.0122439
92  101  0.012582
93  100  0.0126362
94  99  0.0122168
94  130  0.0113884
95  129  0.0101253
96  129  0.0255353
97  128  0.0300048
97  179  0.0109817
98  127  0.0340689
98  178  0.0110739
99  177  0.011993
100  117  0.0330866
100  176  0.0119855
101  116  0.036394
101  175  0.0119916
102  174  0.012016
103  114  0.0472853
103  173  0.0119962
104  113  0.0524774
105  112  0.0533478
106  111  0.0387172
112  120  0.012636
112  136  0.1111
112  190  0.0222885
113  119  0.0120255
113  135  0.0430624
114  134  0.0431219
115  133  0.111099
115  187  0.0220862
119  129  0.106462
120  128  0.106606
127  177  0.0156706
127  226  0.759665
128  176  0.0156794
128  225  0.760561
129  175  0.0155488
129  224  0.759941
130  174  0.0146729
130  223  0.758434
131  222  0.720258
132  142  0.0174026
132  218  0.0517018
132  220  0.169713
133  141  0.0182536
133  190  0.0115545
133  216  0.34196
133  219  0.156689
134  140  0.0164999
134  196  0.0504494
134  215  0.357931
134  219  0.0322953
135  172  0.0335268
135  195  0.0747508
135  214  0.361105
135  217  0.0275941
135  218  0.111232
136  171  0.0331149
136  187  0.0115353
136  194  0.0742499
136  213  0.361098
136  217  0.113256
137  192  0.0270222
137  220  0.0102695
138  146  0.011442
138  190  0.204355
138  212  0.355116
138  216  0.0673949
138  219  0.01047
139  145  0.04004
139  195  0.162645
139  211  0.352438
140  144  0.0152515
140  188  0.221452
140  210  0.332936
141  187  0.225203
141  194  0.322621
141  207  0.0113553
142  186  0.222817
142  193  0.326199
142  206  0.0105204
142  209  0.0178416
143  185  0.194659
143  192  0.326562
143  208  0.0176115
144  181  0.013975
144  191  0.326967
144  206  0.234064
145  180  0.0198059
145  190  0.326109
145  205  0.242791
146  170  0.692583
146  174  0.184523
146  179  0.0202105
146  204  0.0477424
147  169  0.694945
147  173  0.185157
147  178  0.0202097
148  168  0.689684
148  172  0.181119
148  177  0.0179831
148  202  0.04161
149  167  0.684629
150  166  0.679071
150  168  0.179847
151  165  0.673064
151  167  0.193885
151  168  0.012139
152  166  0.201023
152  167  0.012024
153  162  0.310468
153  163  0.010692
153  165  0.203671
153  174  0.0130728
153  200  0.0408905
153  315  0.0114031
154  161  0.320545
154  173  0.0130891
154  199  0.0403064
154  314  0.0114106
155  160  0.210538
155  164  0.555871
155  196  0.0280279
155  198  0.0195465
155  313  0.0114056
156  163  0.582265
156  171  0.0128259
156  195  0.0502822
156  312  0.0114124
157  162  0.570789
157  170  0.0128285
157  194  0.0504198
157  311  0.0114014
158  169  0.011111
158  193  0.0487106
158  310  0.0107463
162  190  0.0507504
163  189  0.0507678
164  188  0.0476857
164  304  0.0106312
165  303  0.0114075
166  186  0.0125882
166  302  0.0114079
167  301  0.0113826
168  300  0.0113927
169  299  0.0114171
170  298  0.0113312
171  181  0.657786
171  297  0.0111738
172  180  0.665055
173  179  0.66528
173  220  0.0375997
174  178  0.539948
174  219  0.0392089
175  218  0.0393237
176  202  0.227014
176  217  0.0393599
177  201  0.227139
177  216  0.0393389
178  200  0.227154
179  199  0.225715
180  187  0.052846
180  188  0.0153623
180  195  0.15284
181  187  0.0180534
181  194  0.152834
181  197  0.0305107
183  192  0.142713
184  191  0.14678
185  190  0.128785
188  196  0.0794351
189  195  0.106824
190  194  0.0661842
191  222  0.0102239
192  221  0.0310958
193  220  0.0337595
194  219  0.0337328
196  220  0.0228963
197  209  0.0469118
197  215  0.3193
197  219  0.014035
198  204  0.0162168
198  208  0.054469
198  214  0.3817
198  218  0.0194004
199  207  0.0553053
199  213  0.382771
199  217  0.0307759
200  205  0.0459359
200  212  0.382278
200  216  0.0307644
201  211  0.336923
203  210  0.071133
204  212  0.0341565
205  211  0.0489022
206  210  0.0188312
212  233  0.212571
213  232  0.212693
214  231  0.212667
215  230  0.202383
216  226  0.169929
217  225  0.172329
218  224  0.170599
218  227  0.0443982
219  223  0.134091
219  226  0.0477009
220  225  0.0346269
245  256  0.0125143
245  334  0.35766
246  255  0.0125598
246  333  0.358068
247  254  0.0126057
247  332  0.251459
248  253  0.0125718
248  326  0.213589
248  332  0.108118
248  334  0.393125
249  325  0.213703
249  331  0.301794
249  333  0.393337
250  324  0.213756
250  330  0.299346
250  331  0.443572
251  323  0.212572
251  330  0.445446
252  322  0.205792
252  328  0.180802
252  329  0.517001
254  289  0.0641525
254  327  0.741979
255  288  0.077186
255  326  0.748626
256  287  0.0388499
256  325  0.748637
257  287  0.187844
257  324  0.743642
258  286  0.994316
259  285  0.994921
260  284  0.994115
261  283  0.993023
262  282  0.986847
264  279  0.84996
264  280  0.0915574
265  278  0.874209
267  276  0.965653
268  275  0.99448
269  274  0.977609
287  322  0.0885993
288  323  0.0778002
290  321  0.699874
291  320  0.954626
292  319  0.972904
293  318  0.973195
294  316  0.0395607
294  317  0.869187
295  314  0.970958
296  313  0.978787
297  312  0.979903
298  311  0.979646
299  310  0.960459
300  306  0.0359842
301  305  0.0296545
301  306  0.0185748
357  371  0.0126543
358  370  0.014521
359  369  0.0145241
360  368  0.0140601
367  393  0.0131205
367  396  0.0120377
367  397  0.0394332
368  391  0.0161117
368  393  0.309944
368  396  0.0445652
369  390  0.0123741
369  392  0.313114
369  394  0.120886
370  390  0.280608
370  394  0.0489592
371  389  0.282255
371  392  0.269368
372  391  0.54619
372  393  0.0227731
373  387  0.0166312
373  390  0.546104
373  392  0.0227252
374  387  0.396598
374  388  0.0102921
374  389  0.394306
375  386  0.852592
376  385  0.859807
376  387  0.0412126
377  384  0.857832
377  386  0.0413857
378  383  0.64919
378  385  0.0324894
381  398  0.0397771
382  397  0.0476212
383  393  0.030579
383  396  0.0486554
384  392  0.0307184
384  394  0.0535758
385  391  0.0311142
385  393  0.0578627
386  390  0.0252529
386  392  0.0577627
387  391  0.036195
