2  20  0.0271394
2  39  0.0137258
2  48  0.010619
3  19  0.0327801
3  38  0.0152046
3  47  0.0119289
4  18  0.0327753
4  37  0.0151942
4  46  0.0119125
5  417  0.0131014
5  469  0.855225
6  416  0.0130961
6  468  0.901224
7  15  0.0335064
7  415  0.0130162
7  467  0.911243
8  14  0.0350449
8  38  0.0109458
8  414  0.0130336
8  466  0.916278
9  13  0.0284451
9  37  0.0109662
9  413  0.0130035
9  465  0.916277
10  464  0.911111
11  463  0.896897
12  19  0.0390188
12  33  0.0128959
12  73  0.0111875
12  93  0.0141874
12  423  0.0306832
12  460  0.158834
13  19  0.469932
13  32  0.0216161
13  38  0.0634632
13  72  0.0159532
13  92  0.0141883
13  422  0.0307241
13  459  0.154839
14  18  0.383027
14  22  0.0730059
14  25  0.0106122
14  31  0.0221323
14  37  0.0637053
14  71  0.0160468
14  91  0.0141711
14  421  0.0307623
14  457  0.0611435
15  21  0.0647964
15  24  0.0107878
15  30  0.0220427
15  36  0.0542961
15  70  0.0159756
15  420  0.0275458
15  457  0.0131372
16  29  0.0185935
16  69  0.0155358
17  33  0.0484354
17  68  0.0130803
17  452  0.0539218
17  455  0.0198986
18  32  0.0697727
18  95  0.0174893
18  451  0.0558191
18  454  0.0254522
19  25  0.0129177
19  31  0.0707711
19  94  0.0176017
19  450  0.0558447
19  453  0.0254742
20  452  0.01317
21  29  0.0782
22  28  0.0788621
22  127  0.0101785
22  456  0.0719884
22  459  0.088206
22  460  0.0399951
23  455  0.0709299
24  454  0.0575815
25  456  0.468065
26  455  0.466659
27  454  0.446334
28  78  0.0144449
28  453  0.393601
28  462  0.0457791
29  55  0.0104371
29  77  0.0138362
29  461  0.0435319
30  53  0.0176345
30  54  0.0112115
30  73  0.0364333
31  38  0.0120791
31  52  0.0246222
31  72  0.0475206
31  117  0.656562
31  459  0.0305795
32  51  0.0164329
32  71  0.0475031
32  116  0.657776
32  458  0.0305563
33  51  0.0280902
33  70  0.0487702
33  115  0.657695
33  457  0.0223042
33  470  0.013217
34  50  0.0394727
34  69  0.049378
34  114  0.65672
34  469  0.0138642
35  49  0.0378289
35  68  0.0473144
35  113  0.65649
35  468  0.0138782
36  67  0.0390048
36  112  0.658132
36  467  0.013799
37  47  0.153099
37  111  0.658953
37  466  0.0136712
38  46  0.152075
38  110  0.656919
38  465  0.0136589
40  57  0.0939353
40  58  0.0285477
40  108  0.0194589
40  109  0.0371514
41  56  0.112031
41  57  0.0379421
41  107  0.0164093
41  108  0.0355597
41  116  0.0217847
41  471  0.0140183
42  55  0.116751
42  56  0.035903
42  70  0.0922251
42  107  0.0341895
42  115  0.0253987
42  470  0.026076
43  54  0.104172
43  69  0.10271
43  114  0.0260443
43  469  0.0274181
44  53  0.0883927
44  54  0.0849701
44  68  0.10272
44  113  0.0261257
44  468  0.0274739
45  53  0.106392
45  67  0.0976176
45  112  0.0262225
45  467  0.0274235
46  52  0.117979
46  111  0.0262677
46  466  0.0273049
47  110  0.0261832
47  465  0.0272749
48  67  0.0542699
49  63  0.0138935
49  64  0.0776232
49  65  0.027284
49  66  0.0760118
50  62  0.0179256
50  63  0.0580912
50  64  0.0318568
50  65  0.0783257
52  58  0.0153747
52  61  0.230436
52  63  0.296727
53  60  0.222777
53  62  0.296826
54  59  0.186512
54  61  0.273008
58  69  0.0120803
58  456  0.0183357
59  68  0.012728
59  455  0.0180164
60  67  0.0122889
60  69  0.144685
60  454  0.0132578
61  68  0.176746
62  67  0.183379
63  456  0.0561147
64  455  0.0553732
65  454  0.0453621
67  109  0.0250246
68  108  0.0334129
68  109  0.0155155
69  107  0.0357236
69  108  0.0200012
69  453  0.0895922
70  452  0.174952
70  467  0.0145989
71  106  0.683699
71  451  0.192937
71  466  0.0207166
72  105  0.684099
72  450  0.193
72  465  0.0208384
73  104  0.683894
73  449  0.192755
73  464  0.0215609
74  103  0.678989
74  448  0.191559
74  463  0.0215763
75  102  0.671216
75  462  0.021815
76  99  0.0646085
76  102  0.0102491
76  412  0.0103067
77  98  0.0591642
77  445  0.0118706
78  95  0.07193
78  97  0.0413908
79  90  0.0300922
79  93  0.928355
79  460  0.0106389
80  89  0.0307443
80  92  0.932047
80  459  0.0106622
81  88  0.0312658
81  91  0.934315
81  457  0.0186991
82  87  0.0306717
82  90  0.933001
82  456  0.0186512
83  89  0.755964
83  455  0.0184373
84  454  0.0162057
91  100  0.0110104
92  99  0.0105622
94  100  0.555973
95  99  0.451416
95  412  0.204038
96  411  0.28129
97  108  0.0118701
97  410  0.2788
98  107  0.012477
98  409  0.278718
99  106  0.0126741
99  407  0.276949
99  408  0.0104861
100  105  0.0123781
100  406  0.287477
101  405  0.287347
102  404  0.287018
103  403  0.284126
105  142  0.300811
106  141  0.300713
108  139  0.300256
109  138  0.303817
110  137  0.303734
111  136  0.304008
112  135  0.30289
113  134  0.296024
114  133  0.29645
115  131  0.293945
116  130  0.301779
117  129  0.295949
119  126  0.0179428
120  125  0.0177762
122  458  0.0244137
123  457  0.0140282
125  454  0.0102126
125  455  0.0190298
127  453  0.264328
128  452  0.495751
129  451  0.532598
130  449  0.53461
130  450  0.146065
131  448  0.693307
132  447  0.693092
133  446  0.692307
134  445  0.690653
135  444  0.688931
136  443  0.690711
137  442  0.689611
138  441  0.687116
139  409  0.0168137
140  439  0.0107591
141  407  0.621512
142  406  0.622477
143  205  0.0143455
143  390  0.0504105
143  394  0.0572152
143  399  0.0670635
143  402  0.0885042
143  404  0.0356684
143  405  0.572844
144  204  0.0143596
144  389  0.0504269
144  393  0.0737586
144  398  0.0667421
144  401  0.0884936
144  403  0.0362779
144  404  0.569357
145  392  0.074016
146  388  0.0478306
146  391  0.0735787
146  397  0.0110622
146  400  0.0344652
147  194  0.045986
147  201  0.0621605
147  387  0.0480043
147  390  0.0720445
147  396  0.0104427
147  399  0.0339763
147  401  0.160451
148  193  0.0572487
148  200  0.0621651
148  386  0.0474401
148  400  0.117303
148  425  0.0160454
149  192  0.0596795
149  385  0.0448583
149  388  0.065539
149  397  0.0239158
149  400  0.0230083
149  424  0.0174746
150  198  0.0547873
150  381  0.046924
150  384  0.0194012
150  387  0.0657514
150  393  0.0108849
150  396  0.0243228
150  398  0.0461816
150  399  0.035607
150  423  0.0179375
151  162  0.020339
151  197  0.0762612
151  395  0.0202421
151  422  0.017565
152  161  0.0218642
152  190  0.719097
152  196  0.0769301
152  380  0.0917934
152  421  0.0171676
153  160  0.0217852
153  189  0.726837
153  195  0.0768855
153  379  0.0924407
154  159  0.0143025
154  188  0.587833
154  194  0.0538768
154  378  0.0551822
155  188  0.0165016
155  378  0.0383545
156  188  0.0113186
156  377  0.0746279
157  186  0.763082
157  376  0.0695294
158  185  0.83145
159  184  0.851579
159  373  0.0922018
160  183  0.861466
160  372  0.097615
161  182  0.860139
161  371  0.0977242
162  178  0.0672776
162  181  0.791191
162  370  0.0966101
163  177  0.196911
163  180  0.131178
163  369  0.0959946
164  176  0.197082
164  368  0.0958202
165  174  0.192628
165  178  0.66071
165  367  0.0795034
166  173  0.217127
166  175  0.0164119
166  177  0.666055
167  172  0.157693
167  174  0.0129954
167  176  0.553585
169  176  0.0786516
170  175  0.112716
170  226  0.0314146
171  225  0.0318621
172  224  0.0319097
173  223  0.0319307
174  222  0.0318966
175  221  0.0318594
175  366  0.0238579
176  204  0.0188302
176  365  0.0221455
177  203  0.0189354
177  219  0.0116255
178  202  0.0177354
178  363  0.0360247
179  362  0.0425977
180  349  0.0237704
180  361  0.0437687
181  197  0.0181946
181  348  0.0273027
181  360  0.0440572
182  190  0.0186335
182  196  0.0191393
182  347  0.0270638
182  359  0.0440895
183  189  0.0186066
183  195  0.0190616
183  346  0.0267031
183  358  0.0440518
184  194  0.0143611
187  194  0.0204387
188  193  0.0381049
188  210  0.0113711
188  238  0.0593215
188  400  0.014749
189  209  0.0124849
189  237  0.0796442
189  399  0.0217566
190  208  0.0124823
190  236  0.079661
190  398  0.0216973
190  417  0.0176957
191  235  0.0771989
191  396  0.0130626
191  416  0.017771
192  395  0.0126976
192  415  0.0177507
193  392  0.066853
193  414  0.017725
194  232  0.0680378
194  391  0.09646
194  400  0.256243
194  413  0.0173929
195  205  0.208286
195  218  0.0143798
195  231  0.0697492
195  390  0.104978
195  399  0.393587
195  402  0.0533048
196  204  0.208811
196  217  0.0175698
196  230  0.0694826
196  389  0.104864
196  398  0.393164
196  401  0.0536207
196  411  0.0173147
197  203  0.188975
197  216  0.0177308
197  229  0.0680524
197  388  0.0938617
197  397  0.332087
197  400  0.0448507
197  410  0.0168558
198  215  0.0180425
198  228  0.0588656
198  386  0.0156617
198  409  0.0150317
199  214  0.0180537
199  225  0.0216705
199  385  0.015146
199  386  0.0181925
200  213  0.0177351
200  224  0.0233298
200  384  0.0139873
200  394  0.0696157
201  211  0.0176242
201  223  0.0230751
201  355  0.0495261
202  210  0.0176038
202  225  0.0356594
202  354  0.0499315
202  370  0.0483823
203  209  0.0163298
203  222  0.0223215
203  224  0.0394264
203  353  0.0500868
203  369  0.0707023
203  381  0.0124873
204  221  0.022348
204  223  0.0391227
204  352  0.0496796
204  368  0.070708
204  380  0.0124586
205  220  0.0153508
205  367  0.0705363
205  379  0.0124126
206  349  0.0900284
206  382  0.086602
207  348  0.111941
207  377  0.0104515
207  381  0.716295
208  220  0.0701177
208  346  0.0358493
208  347  0.0838727
208  376  0.0104212
208  380  0.716779
209  219  0.089394
209  345  0.0645941
209  346  0.0551243
209  379  0.716827
210  218  0.0917479
210  344  0.0927035
210  378  0.716542
211  217  0.089829
211  343  0.0926204
211  377  0.716942
212  376  0.693555
213  243  0.0696384
213  342  0.104828
213  376  0.0230415
214  242  0.0953097
214  341  0.10799
214  375  0.525178
215  340  0.0876637
215  374  0.504671
216  240  0.120547
217  239  0.133565
218  238  0.143795
218  373  0.0283619
219  227  0.0104614
219  235  0.10719
219  237  0.140877
219  372  0.0222546
220  226  0.0103904
220  231  0.0245638
220  234  0.196324
220  236  0.11753
220  371  0.0116398
220  372  0.514539
221  230  0.025543
221  233  0.221011
221  235  0.048947
221  371  0.522634
222  229  0.0244729
222  232  0.224527
222  370  0.530162
223  230  0.017407
223  231  0.206246
223  233  0.0863937
223  369  0.529305
224  229  0.023228
224  232  0.0742611
224  368  0.471874
226  367  0.272966
226  368  0.0456754
227  366  0.266772
227  367  0.0514786
228  365  0.211464
229  360  0.085743
229  363  0.0113251
230  346  0.0136351
230  359  0.0881028
231  345  0.0137114
231  358  0.087995
232  344  0.012725
232  360  0.110146
233  346  0.0205156
233  359  0.116726
234  345  0.020643
234  352  0.0118909
234  355  0.0664375
234  358  0.116669
235  351  0.0115337
235  354  0.0650704
235  356  0.0210708
235  357  0.0859081
236  346  0.0235212
236  352  0.0332163
236  355  0.0412504
236  368  0.0376494
237  345  0.0239659
237  352  0.0318525
237  355  0.0217705
237  367  0.0391071
238  340  0.0982886
238  344  0.0196471
239  339  0.219893
239  343  0.0154573
239  348  0.607069
240  338  0.227298
240  347  0.608029
241  337  0.232169
241  346  0.617639
242  336  0.231987
242  345  0.621708
243  335  0.100936
243  344  0.608171
245  342  0.606894
246  253  0.0135379
246  341  0.621096
247  340  0.459414
248  340  0.139133
249  339  0.275877
249  341  0.0112061
249  375  0.0365062
250  340  0.0110599
250  374  0.0353159
252  308  0.0211565
252  338  0.0362886
253  302  0.512522
253  307  0.0552116
253  308  0.0304822
253  337  0.0373842
254  301  0.528585
254  307  0.0146494
254  336  0.0303483
254  373  0.083565
255  300  0.53358
255  305  0.259329
255  306  0.0191586
255  372  0.1035
256  299  0.533586
256  304  0.272694
256  305  0.0373229
256  371  0.103527
257  298  0.531763
257  370  0.103473
258  297  0.526082
258  303  0.347981
258  369  0.103455
259  302  0.348594
259  368  0.10058
260  296  0.496889
260  301  0.353443
260  367  0.0751431
261  295  0.507099
261  300  0.369959
261  364  0.0360501
262  294  0.479996
262  295  0.0596503
262  299  0.368837
262  363  0.0366497
263  293  0.428504
263  294  0.0621082
263  297  0.136381
263  362  0.0381524
264  292  0.328863
264  296  0.105679
264  298  0.0444138
264  361  0.0393442
265  290  0.0131777
265  293  0.438177
265  297  0.0410863
265  360  0.0393007
266  292  0.5325
266  296  0.0356323
266  359  0.0391482
267  286  0.0121629
267  289  0.233268
267  291  0.555028
267  358  0.0390224
268  285  0.0124953
268  288  0.240942
268  290  0.264109
268  295  0.023776
269  284  0.0126286
269  287  0.204239
269  290  0.403083
269  293  0.0104282
269  294  0.0222815
270  283  0.0127447
270  286  0.155224
270  289  0.558612
270  355  0.0110321
271  282  0.0126623
271  292  0.0101455
272  284  0.0606197
272  287  0.717364
273  280  0.0142004
273  283  0.0597481
273  286  0.77825
274  285  0.83433
275  284  0.860281
275  290  0.0295295
276  283  0.857055
276  289  0.0342831
277  288  0.034446
278  287  0.0342726
279  286  0.0324526
293  357  0.0120902
294  356  0.014505
295  355  0.0146506
299  337  0.017408
299  346  0.0381765
300  336  0.0177975
300  345  0.0383293
301  335  0.017737
301  344  0.038201
302  334  0.017451
302  343  0.0376959
302  348  0.0463729
303  333  0.0172869
303  347  0.0463888
304  337  0.0461936
304  346  0.0462606
305  336  0.0461569
305  337  0.551154
305  345  0.0371631
306  336  0.231059
307  331  0.0204891
307  335  0.456296
308  330  0.0205242
308  334  0.877533
309  329  0.0205142
309  333  0.87791
310  328  0.0203788
310  332  0.872306
310  334  0.0773805
311  333  0.0775052
312  327  0.0187982
312  331  0.96037
313  326  0.0192476
313  330  0.962563
314  325  0.0192592
314  329  0.964431
315  324  0.0175047
315  326  0.0224843
315  328  0.951479
316  325  0.0250586
317  324  0.0224206
317  327  0.952845
318  323  0.0182879
318  326  0.9532
319  325  0.863128
336  343  0.0123926
337  343  0.0107887
343  355  0.0236324
344  354  0.0239781
344  373  0.0193897
345  353  0.0235962
345  372  0.027185
346  371  0.0271984
347  353  0.0474123
347  369  0.0299325
348  352  0.0385726
348  368  0.0299233
351  408  0.039574
352  407  0.0454893
353  366  0.49529
353  406  0.0454967
354  365  0.551666
354  405  0.0454349
355  364  0.581819
355  404  0.0447138
356  363  0.568837
357  362  0.523363
358  399  0.0922711
359  398  0.0925073
360  397  0.0923194
361  396  0.0893975
365  391  0.0627841
366  390  0.0676103
367  389  0.0675228
367  390  0.0258282
368  389  0.0258397
372  385  0.167683
373  384  0.170743
374  383  0.171948
375  382  0.172108
376  381  0.169644
382  393  0.64314
383  392  0.645263
384  391  0.64556
385  390  0.629078
412  430  0.010746
412  460  0.0296261
413  429  0.0108604
413  440  0.834623
413  459  0.02987
414  428  0.0107817
414  439  0.837696
414  458  0.0295119
415  427  0.0104144
415  438  0.838685
415  457  0.0269206
416  437  0.843594
417  436  0.839944
418  433  0.816287
418  454  0.0268147
419  432  0.877176
419  453  0.0277879
420  431  0.876853
420  452  0.0277497
421  429  0.262543
421  430  0.61482
421  451  0.0277448
422  428  0.517189
422  449  0.0151182
422  450  0.0122738
423  427  0.443045
423  448  0.0207574
425  446  0.0174752
426  445  0.0184595
427  444  0.0185472
428  443  0.0181472
429  441  0.0139971
429  463  0.0250546
430  439  0.0159109
430  462  0.0492616
431  438  0.0156592
431  461  0.049449
432  440  0.0132991
432  460  0.0480868
433  439  0.0113828
435  457  0.0515879
436  456  0.0521054
437  455  0.0436828
438  452  0.037702
438  454  0.0111103
439  451  0.0492609
440  450  0.0491136
456  462  0.0118096
