1  8  0.0151495
2  7  0.027382
2  10  0.1636
2  259  0.125059
3  9  0.197191
3  258  0.14946
4  8  0.075087
6  210  0.080059
7  209  0.105005
8  208  0.115083
8  251  0.140988
9  207  0.115408
9  250  0.148709
9  255  0.0120259
10  249  0.104332
12  21  0.0242872
13  20  0.026576
14  19  0.0243116
14  237  0.251673
15  236  0.255742
16  235  0.222146
17  199  0.271142
18  198  0.274866
18  232  0.233198
18  263  0.109563
19  197  0.314403
19  231  0.272193
19  262  0.130736
20  196  0.314358
20  230  0.272319
20  260  0.0529632
20  261  0.125874
21  195  0.31438
21  229  0.0934242
21  259  0.068723
21  260  0.113301
22  33  0.274681
22  194  0.313894
22  228  0.0941784
22  258  0.0741284
23  32  0.274862
23  193  0.313145
23  227  0.27241
24  31  0.264683
24  34  0.0679831
24  226  0.271925
24  257  0.0984996
25  33  0.305987
25  225  0.272386
25  256  0.105113
26  32  0.302929
26  224  0.272259
26  255  0.105453
27  254  0.079971
32  194  0.389595
33  193  0.389815
34  192  0.535673
34  212  0.0144586
34  258  0.263449
35  191  0.535103
35  211  0.0144971
35  257  0.264131
36  210  0.0135044
36  256  0.263998
37  190  0.684187
37  255  0.262682
38  189  0.684203
39  188  0.685447
39  252  0.0163583
40  187  0.687096
40  208  0.173778
40  251  0.0185027
41  186  0.687609
41  207  0.188959
41  250  0.0183692
42  185  0.684195
42  206  0.189317
43  205  0.184597
43  253  0.078392
44  183  0.669101
44  188  0.0807184
44  252  0.0784293
45  182  0.668767
45  187  0.0995052
45  251  0.0784073
46  181  0.665352
46  186  0.100937
46  250  0.0782237
47  180  0.356974
47  185  0.100846
47  187  0.192744
48  114  0.0118675
48  160  0.0104513
48  178  0.142716
48  180  0.234693
48  184  0.100747
48  186  0.209356
49  113  0.011759
49  161  0.0124112
49  177  0.131077
49  178  0.0171024
49  183  0.0724825
49  185  0.209806
50  112  0.0116527
50  160  0.0133105
50  178  0.34736
50  184  0.210062
51  175  0.0728001
51  176  0.0326691
51  177  0.337932
51  183  0.201157
52  170  0.0428522
52  174  0.0759914
52  175  0.0360119
52  176  0.295286
52  182  0.178643
53  71  0.3766
53  169  0.0712453
53  173  0.0597864
53  174  0.0334396
53  175  0.177263
53  181  0.168793
54  70  0.453805
54  112  0.0127343
54  168  0.0765699
54  180  0.168298
55  69  0.473493
55  111  0.0134114
55  167  0.068982
55  171  0.0669338
55  179  0.1448
56  68  0.473355
56  94  0.0125347
56  110  0.0133653
56  166  0.0605538
56  171  0.173342
57  67  0.471659
57  93  0.0125566
57  165  0.057085
57  170  0.148426
57  177  0.0655899
58  65  0.456108
58  66  0.0105986
58  92  0.0125609
58  107  0.0134019
58  164  0.0244748
58  166  0.413361
59  64  0.452079
59  91  0.0125326
59  106  0.0134008
59  165  0.418592
60  164  0.418586
61  105  0.0140997
61  162  0.189489
61  163  0.28259
62  104  0.0141799
62  161  0.333796
62  162  0.144344
63  103  0.0142341
63  158  0.0116234
63  160  0.470013
64  86  0.0103148
64  102  0.0141138
64  157  0.0119869
64  159  0.463751
65  85  0.0103407
65  101  0.0139131
65  156  0.0119445
65  158  0.463372
66  115  0.0368782
67  83  0.0104026
67  157  0.30209
68  113  0.117494
68  151  0.0101321
68  156  0.289345
69  112  0.118364
69  150  0.0101636
69  156  0.0114842
70  111  0.117151
70  155  0.0168599
71  110  0.109824
71  153  0.0266601
72  79  0.031091
72  106  0.0468
72  133  0.0134615
73  80  0.0172575
73  105  0.0457712
73  115  0.0755749
73  152  0.268085
73  182  0.12603
74  79  0.0179206
74  114  0.0918009
74  131  0.0150794
74  151  0.279762
74  181  0.145939
75  103  0.048404
75  113  0.0914982
75  130  0.0151066
75  150  0.27981
75  180  0.148811
76  102  0.0487283
76  129  0.0148947
76  149  0.278863
77  96  0.291301
77  97  0.0131136
77  101  0.0271952
77  113  0.0104267
77  128  0.0142323
77  148  0.27525
78  95  0.356155
78  96  0.015413
78  101  0.0219386
78  112  0.0462954
78  127  0.0115326
78  147  0.263992
79  94  0.37314
79  100  0.0578062
79  111  0.126378
79  140  0.0843121
79  146  0.180616
80  99  0.0576653
80  110  0.126595
80  139  0.128793
81  93  0.503513
81  95  0.0183279
81  98  0.0438388
81  108  0.126575
81  109  0.0640832
81  138  0.129649
82  92  0.543098
82  94  0.0227472
82  107  0.200881
82  137  0.14399
82  179  0.0148733
83  91  0.543142
83  106  0.200919
83  136  0.144033
83  178  0.0148763
84  90  0.524992
84  93  0.0669056
84  105  0.197231
84  135  0.0661373
84  177  0.0103039
85  92  0.0890446
85  134  0.0672184
86  91  0.0872469
86  103  0.178539
86  133  0.144905
87  102  0.179666
87  132  0.144581
88  101  0.176833
88  131  0.143773
90  99  0.0598936
92  103  0.150865
93  102  0.158073
94  101  0.155821
94  103  0.0103117
101  107  0.0198181
101  145  0.110882
101  171  0.405949
102  144  0.11125
102  170  0.40406
103  143  0.111935
104  142  0.111816
105  141  0.111207
105  167  0.416897
106  129  0.0531774
106  140  0.109939
106  166  0.421702
107  128  0.0546274
107  130  0.0560924
107  165  0.421614
108  129  0.0558233
108  164  0.373481
110  161  0.331666
110  162  0.0263668
111  124  0.134304
111  138  0.0572238
111  160  0.380494
112  123  0.140583
112  137  0.0554803
112  139  0.0230055
112  159  0.356618
113  122  0.138493
113  123  0.0251165
114  121  0.0853966
114  122  0.0263057
114  137  0.0371617
114  157  0.344755
115  121  0.0208142
115  159  0.0933414
116  136  0.109219
116  156  0.0270258
116  158  0.113123
117  135  0.111136
117  156  0.549789
118  134  0.0698741
118  155  0.679954
119  133  0.0757099
119  154  0.691263
120  132  0.118107
120  153  0.693229
121  131  0.117712
121  152  0.694602
122  130  0.118437
122  151  0.695152
123  128  0.124485
123  150  0.694373
124  149  0.669121
125  148  0.57832
129  147  0.272288
130  146  0.282385
131  145  0.282356
132  144  0.281777
133  143  0.275948
134  147  0.403776
135  140  0.0206125
135  141  0.108371
135  146  0.438348
136  140  0.173823
136  145  0.439953
137  144  0.440005
138  143  0.418053
164  180  0.0202323
165  179  0.0795594
166  178  0.0797757
167  173  0.0110165
167  174  0.0152246
167  176  0.0112472
167  177  0.0776801
171  178  0.0218227
189  202  0.253948
190  201  0.292337
191  200  0.29243
192  199  0.287309
196  222  0.244792
197  221  0.263746
197  250  0.107187
198  205  0.0356244
198  220  0.26189
198  249  0.110175
199  204  0.0318442
199  218  0.13146
199  219  0.0655973
199  248  0.111286
200  217  0.125022
200  247  0.111281
201  217  0.137839
201  246  0.107798
202  215  0.0123501
202  216  0.132903
202  257  0.0324396
203  256  0.0388652
204  255  0.0338664
205  214  0.522578
205  255  0.0325547
206  213  0.533566
206  254  0.0384555
207  212  0.507261
207  253  0.0384569
209  252  0.0239633
210  251  0.0241403
210  257  0.0710512
211  256  0.116858
212  255  0.120811
213  252  0.0361886
214  253  0.0475416
216  249  0.545335
217  248  0.609801
218  247  0.602563
219  246  0.0165161
220  246  0.600656
221  245  0.725211
222  244  0.72503
223  243  0.724996
224  242  0.725477
225  241  0.725446
226  240  0.567694
227  238  0.361184
227  240  0.156491
228  237  0.34132
228  239  0.312728
229  238  0.311877
230  235  0.210333
231  236  0.165221
231  237  0.0700683
238  250  0.0694943
239  249  0.0703975
241  248  0.251921
242  247  0.252343
243  257  0.0171678
244  256  0.0187859
245  255  0.0189524
246  254  0.0188397
247  253  0.0184997
