2  178  0.106423
3  177  0.121893
3  255  0.158955
4  176  0.124274
4  254  0.160154
4  465  0.010462
5  175  0.122912
5  253  0.158673
5  464  0.010347
6  19  0.0102333
6  174  0.10549
6  470  0.603218
7  18  0.0124097
7  469  0.655908
8  468  0.660179
9  16  0.0285315
9  467  0.663342
10  15  0.0301565
10  251  0.168435
10  466  0.663914
11  180  0.0356468
11  250  0.180239
11  465  0.562546
12  178  0.0119664
12  179  0.0342355
12  249  0.179444
12  463  0.0184994
13  177  0.0121215
13  248  0.174561
13  464  0.0602218
14  177  0.0134908
15  30  0.473766
15  176  0.0115714
15  246  0.173813
15  459  0.0231725
15  462  0.183022
16  29  0.474306
16  175  0.0110957
16  245  0.173544
16  458  0.0209948
16  461  0.180312
17  28  0.475667
17  244  0.15408
17  457  0.0144083
17  460  0.147201
18  27  0.474778
19  26  0.416615
21  240  0.0312565
24  237  0.184112
25  229  0.017121
25  236  0.187153
26  235  0.187539
27  176  0.266467
27  234  0.187538
28  175  0.267181
28  233  0.183169
29  174  0.25802
29  230  0.0491111
29  232  0.111837
30  229  0.0597697
31  172  0.997734
32  171  0.999268
33  170  0.999939
34  169  0.99994
35  168  0.999385
36  167  0.999921
37  166  0.999534
38  165  0.990129
39  164  0.895386
40  123  0.0116544
40  144  0.240721
40  163  0.257922
41  122  0.0116479
41  142  0.632312
42  121  0.0108895
42  141  0.662485
43  91  0.0450134
43  140  0.675924
43  160  0.0108967
45  158  0.0425962
46  74  0.208303
46  137  0.0350118
46  157  0.043648
47  73  0.220662
47  156  0.04374
48  72  0.220696
48  155  0.03661
49  71  0.220776
49  100  0.0152639
50  70  0.136081
50  99  0.0152761
50  133  0.755541
51  98  0.0152366
51  132  0.75633
52  68  0.196039
52  131  0.755577
53  67  0.188799
53  130  0.754736
54  129  0.751338
55  65  0.222836
56  64  0.226392
56  127  0.288703
57  63  0.219227
57  92  0.0135706
57  127  0.0793894
58  62  0.0836688
58  91  0.0140321
58  125  0.197904
58  126  0.0716499
60  89  0.0144854
60  126  0.0103997
60  128  0.21002
61  88  0.0146353
61  127  0.223877
62  87  0.0145906
63  86  0.0140048
63  124  0.741103
64  85  0.0127469
64  123  0.746481
65  122  0.748577
66  121  0.744802
67  120  0.733331
68  119  0.700548
69  118  0.653846
70  117  0.492932
71  115  0.0271857
71  119  0.0442001
72  115  0.0187292
72  117  0.109036
72  118  0.047438
73  116  0.140647
76  86  0.184575
76  114  0.773882
77  85  0.185291
77  113  0.77772
78  84  0.185084
78  112  0.777235
79  111  0.494775
80  111  0.0828188
82  109  0.773083
83  108  0.782536
84  107  0.782995
85  106  0.644979
86  106  0.108209
88  104  0.781017
89  103  0.784112
90  102  0.784049
91  101  0.784651
92  99  0.339509
92  100  0.437614
92  160  0.197718
93  98  0.662823
93  159  0.19783
94  158  0.19765
95  157  0.197504
96  156  0.197122
97  155  0.193485
101  151  0.211584
102  150  0.213067
103  149  0.213286
104  148  0.213286
105  147  0.21309
106  146  0.213076
107  145  0.212679
110  119  0.0129721
111  118  0.0126399
112  140  0.0150374
113  139  0.0150021
114  119  0.162208
114  129  0.029719
115  128  0.0321172
116  127  0.0322162
117  126  0.0283168
126  137  0.0114496
127  136  0.0147489
127  144  0.188139
128  135  0.0140451
128  143  0.188356
129  142  0.186557
130  141  0.186834
132  140  0.213521
133  139  0.211334
138  147  0.0165614
139  146  0.0207579
140  145  0.0201955
145  163  0.737291
146  162  0.756522
147  161  0.756653
148  160  0.757361
149  159  0.756547
150  158  0.658604
151  156  0.158061
152  156  0.0831746
177  231  0.0238332
179  461  0.01085
179  469  0.020336
180  228  0.764469
180  460  0.0134251
180  468  0.0217148
181  227  0.887525
182  226  0.886786
184  224  0.889237
184  227  0.0680896
185  223  0.889416
185  226  0.0680849
185  229  0.0175188
186  228  0.017821
187  221  0.890648
187  224  0.0726407
187  227  0.0178252
187  469  0.0114925
188  220  0.890534
188  223  0.0726716
188  226  0.0178179
188  468  0.0120516
189  219  0.818782
189  222  0.0721577
189  225  0.0172095
189  467  0.0120498
190  220  0.0518622
190  466  0.0119244
191  220  0.0168693
192  218  0.969308
192  462  0.013276
193  217  0.97286
193  221  0.0100986
193  461  0.0135321
194  216  0.972667
194  220  0.0101082
194  460  0.0136727
195  215  0.967268
195  459  0.0140293
196  458  0.0134532
197  211  0.0473249
197  214  0.193736
197  457  0.0120493
198  210  0.0474167
198  214  0.0454686
198  216  0.0106848
198  456  0.0105446
199  209  0.04651
199  215  0.0124711
200  208  0.0436203
200  213  0.799197
201  212  0.907131
202  211  0.920399
203  210  0.907095
203  214  0.020655
204  213  0.0258714
205  212  0.0273277
206  211  0.0273962
228  462  0.138067
229  459  0.0585679
229  461  0.144994
229  462  0.304202
230  458  0.0467798
230  461  0.298463
232  458  0.574687
233  457  0.719522
234  456  0.796664
235  455  0.805562
236  454  0.808972
237  453  0.808372
238  452  0.81114
239  451  0.810946
240  450  0.707694
241  450  0.0300768
245  449  0.782259
246  448  0.795713
247  447  0.796131
248  445  0.0606455
248  446  0.730669
249  444  0.110733
250  445  0.0559721
251  442  0.679523
251  444  0.0329271
252  440  0.0142258
252  441  0.747873
253  439  0.0146908
253  440  0.756945
254  439  0.751813
255  436  0.0277377
256  435  0.027143
256  436  0.121652
256  468  0.0228552
257  435  0.120177
257  436  0.232079
257  466  0.144785
258  434  0.024687
258  437  0.0130845
258  465  0.154452
259  437  0.0156773
259  464  0.147467
260  435  0.655996
260  463  0.0598847
261  434  0.956214
262  433  0.979344
263  432  0.978562
264  431  0.978268
265  430  0.977814
267  427  0.866558
268  426  0.975664
269  425  0.981506
270  424  0.98026
271  423  0.978098
271  441  0.0137888
272  422  0.980454
272  440  0.0146391
273  421  0.977845
273  439  0.0147179
274  400  0.0341611
274  438  0.0146691
275  399  0.0617139
275  419  0.491954
275  437  0.0144498
276  388  0.407349
276  398  0.0641598
276  418  0.487677
276  436  0.0132168
277  387  0.410442
277  397  0.0641792
277  417  0.487044
277  435  0.0131951
278  359  0.0116515
278  386  0.475979
278  401  0.0641465
278  402  0.0180371
278  416  0.156243
279  358  0.0116887
279  385  0.475902
280  399  0.321369
281  398  0.340957
282  317  0.0181427
282  397  0.338544
282  398  0.0168286
283  316  0.0190672
283  397  0.0175177
283  398  0.063761
284  315  0.0193316
284  397  0.0648272
285  314  0.0192916
287  386  0.425192
287  399  0.0169409
288  310  0.0104609
288  385  0.42363
288  398  0.0171799
289  397  0.0158523
291  306  0.985889
292  305  0.988883
293  304  0.993342
294  303  0.995708
295  302  0.998936
296  301  0.975616
308  383  0.910635
309  382  0.961787
310  381  0.965949
311  380  0.955011
314  377  0.93076
315  376  0.941234
316  375  0.938379
316  376  0.0250851
317  375  0.0269061
318  364  0.0103725
318  373  0.91873
318  374  0.0150433
319  363  0.0109805
319  372  0.936288
320  362  0.0108588
320  371  0.771707
321  359  0.146192
325  359  0.0179184
326  356  0.930345
327  355  0.991805
328  354  0.991273
329  353  0.991507
330  352  0.992471
331  350  0.0458008
331  351  0.945309
332  349  0.89403
333  343  0.0204416
333  348  0.893945
334  342  0.0206291
335  341  0.019579
335  346  0.879714
335  348  0.0768502
336  345  0.893775
336  347  0.0768358
337  343  0.0284067
337  344  0.718623
337  346  0.0607096
338  346  0.0100755
360  369  0.963348
361  368  0.97231
362  367  0.9719
372  420  0.0164971
374  419  0.0154389
375  418  0.0262817
376  417  0.0263572
377  416  0.0264309
378  415  0.0264369
379  414  0.0241767
384  399  0.0186596
386  397  0.0410286
387  396  0.562076
388  395  0.559579
389  394  0.324836
395  418  0.370438
396  417  0.378186
397  402  0.0118288
397  416  0.377871
398  415  0.377784
398  420  0.01694
400  413  0.0262792
400  419  0.0516461
401  418  0.0845452
402  417  0.0848757
403  410  0.865059
403  416  0.0821501
404  409  0.859256
405  415  0.0879795
406  414  0.0806545
407  413  0.0656351
407  414  0.0104503
408  413  0.0171533
444  463  0.0888107
445  462  0.176664
446  461  0.176782
447  460  0.176886
448  459  0.176885
449  458  0.147374
450  458  0.0290191
451  456  0.0656435
451  457  0.105669
452  456  0.0654484
458  467  0.0194483
459  466  0.0237405
460  465  0.0230132
