5  857  0.804825
6  856  0.963193
7  855  0.97298
8  854  0.975528
9  853  0.976368
10  852  0.782509
12  850  0.0740698
13  849  0.027788
13  852  0.127802
14  851  0.195485
15  849  0.967357
16  848  0.992164
17  847  0.993907
18  846  0.993254
19  845  0.898794
21  812  0.0119314
21  844  0.0100983
23  810  0.01186
23  811  0.775794
24  810  0.869117
25  809  0.975006
26  808  0.973343
32  796  0.428834
33  795  0.935559
34  794  0.981345
35  793  0.98845
36  792  0.988297
37  791  0.98883
38  790  0.990038
39  789  0.989319
40  788  0.979401
41  55  0.0138752
42  54  0.0141705
42  57  0.862183
43  53  0.014181
43  56  0.973793
44  55  0.973172
45  52  0.011727
45  54  0.973628
46  51  0.0115661
46  53  0.969575
47  52  0.560669
60  786  0.0109069
60  787  0.263038
61  785  0.0144073
62  784  0.0141901
63  783  0.0120609
63  785  0.895359
64  784  0.965763
65  783  0.962689
66  782  0.923106
68  778  0.951652
69  777  0.991287
70  776  0.993446
71  775  0.99339
72  774  0.992546
73  773  0.993456
74  772  0.993387
75  642  0.0156048
75  771  0.948963
76  642  0.597332
77  640  0.409403
77  641  0.4126
78  639  0.936222
79  638  0.936872
79  639  0.0573155
80  637  0.975883
80  638  0.0204096
81  636  0.974721
81  637  0.019999
82  635  0.993832
83  634  0.994147
84  633  0.992751
85  450  0.529915
85  460  0.112003
85  632  0.357385
86  449  0.530138
86  459  0.112118
86  631  0.350795
87  448  0.530192
87  458  0.112057
87  629  0.0131782
87  630  0.343491
88  447  0.529983
88  455  0.0148498
88  457  0.0951099
88  628  0.0176546
89  417  0.203166
89  446  0.528964
89  454  0.0485093
89  456  0.0565712
89  627  0.0112548
90  416  0.286449
90  445  0.529376
90  453  0.0969723
91  415  0.356759
91  444  0.530632
91  452  0.106344
92  414  0.356915
92  443  0.528301
92  451  0.105802
93  413  0.35671
93  442  0.505296
94  412  0.357093
94  441  0.294794
95  411  0.357486
95  448  0.105943
96  410  0.356402
96  424  0.521446
96  447  0.105645
97  409  0.35641
97  423  0.521473
97  446  0.105741
98  408  0.138596
98  422  0.451834
98  445  0.105479
99  407  0.13493
99  421  0.109257
99  444  0.104244
100  406  0.351361
100  420  0.0764166
100  424  0.0356451
101  382  0.0156052
101  405  0.321072
101  423  0.0310146
102  381  0.136099
102  404  0.196359
102  420  0.557326
103  380  0.136328
103  402  0.205457
103  419  0.627259
104  379  0.134873
104  401  0.204903
104  418  0.633154
105  400  0.20442
105  417  0.633715
106  399  0.186541
106  416  0.631062
107  376  0.136361
107  415  0.603667
108  122  0.202263
108  375  0.13639
109  121  0.206044
109  374  0.136111
109  412  0.506414
109  413  0.0363234
110  120  0.206267
110  373  0.13594
110  411  0.623209
111  119  0.207199
111  372  0.136162
111  410  0.643212
112  118  0.206279
112  371  0.136157
112  409  0.643331
113  117  0.0865524
113  370  0.0420653
113  408  0.245427
114  369  0.0241682
114  407  0.245518
115  368  0.103633
115  406  0.643439
116  405  0.643401
117  404  0.642878
118  332  0.12089
118  402  0.649549
119  331  0.120955
119  401  0.649085
120  329  0.128291
121  328  0.128197
121  399  0.646083
122  327  0.128669
123  326  0.128614
123  394  0.114631
123  397  0.687604
124  325  0.127261
124  393  0.140618
124  396  0.710662
125  324  0.122833
125  392  0.139865
125  395  0.705389
126  391  0.140522
126  394  0.610709
127  321  0.127889
128  320  0.132183
128  390  0.832482
128  391  0.0279733
129  319  0.132153
129  389  0.833411
129  390  0.0295681
130  318  0.130907
130  388  0.833485
130  389  0.0294792
131  314  0.0909296
131  387  0.832139
131  388  0.029381
132  313  0.132895
132  386  0.84608
132  387  0.0161526
133  312  0.135607
133  385  0.859082
134  311  0.135552
134  384  0.737593
135  141  0.147553
135  310  0.135622
135  383  0.249755
136  140  0.119842
136  143  0.0103803
136  309  0.135581
137  307  0.129589
138  306  0.129262
139  305  0.134426
140  304  0.134774
141  303  0.134747
142  150  0.786999
142  302  0.100021
143  149  0.780482
143  301  0.0780435
144  148  0.29711
144  300  0.0415608
148  172  0.0918885
149  171  0.112614
150  170  0.112595
151  167  0.868608
151  169  0.0500036
152  166  0.984314
153  165  0.987792
154  164  0.988783
155  163  0.988696
156  162  0.894697
157  161  0.245579
168  383  0.389277
169  382  0.75716
170  381  0.862707
171  380  0.862857
172  379  0.861889
173  300  0.0589895
173  378  0.860297
174  299  0.0984136
174  377  0.861669
175  296  0.0213998
175  298  0.104517
175  376  0.861766
176  295  0.0215713
176  297  0.104488
176  375  0.860977
177  232  0.115594
177  296  0.0125816
177  348  0.0376521
177  356  0.648543
178  231  0.124679
178  347  0.0418302
178  355  0.780289
179  230  0.124697
179  354  0.805216
180  229  0.12398
180  345  0.0474003
180  353  0.813033
181  344  0.0473975
181  352  0.809719
182  227  0.103057
182  343  0.047389
182  351  0.713917
183  226  0.104636
183  342  0.0474195
184  225  0.09987
184  341  0.0472413
184  349  0.607793
184  350  0.0103203
185  340  0.0465443
185  348  0.672366
186  222  0.0113478
186  223  0.106877
186  339  0.0403442
187  221  0.0109637
187  337  0.0123546
187  347  0.808399
188  220  0.010351
188  221  0.111514
188  336  0.0123718
188  337  0.0301853
188  346  0.811118
189  220  0.112032
189  335  0.0118904
189  336  0.0301678
189  345  0.81454
190  219  0.0938148
190  334  0.0122432
190  344  0.813265
191  343  0.809321
192  217  0.0738416
192  335  0.0117081
192  342  0.780992
193  216  0.0693582
193  334  0.0168114
193  341  0.556046
194  333  0.0175935
194  341  0.0232226
195  212  0.0252063
195  214  0.0560514
195  301  0.010575
195  302  0.041418
195  332  0.0174732
195  340  0.0403382
196  331  0.017081
196  339  0.0364086
197  300  0.624963
197  330  0.0148689
198  209  0.0911428
198  211  0.0204967
198  221  0.0193033
198  299  0.771873
199  208  0.0955607
199  210  0.0177472
199  220  0.023217
199  298  0.791664
199  336  0.0383895
200  207  0.0946574
200  219  0.0232282
200  297  0.791732
201  206  0.0549475
201  208  0.0801504
201  218  0.0130455
201  296  0.790026
202  207  0.0794085
202  216  0.0190975
202  295  0.784392
203  230  0.480925
204  214  0.0229334
204  229  0.700569
204  232  0.0210608
204  294  0.0197705
205  213  0.0218697
205  228  0.699888
205  293  0.0195935
206  227  0.686847
206  230  0.0333449
206  292  0.0181081
207  226  0.588572
207  229  0.0376917
210  227  0.0109118
211  225  0.01729
212  224  0.015699
212  225  0.686814
213  223  0.012559
213  224  0.744872
214  222  0.0120509
214  223  0.753009
215  222  0.744451
215  333  0.0370831
216  221  0.623728
216  332  0.0503135
217  331  0.0502875
218  330  0.0503174
219  329  0.0505505
220  328  0.0253685
221  233  0.0113704
221  328  0.0313864
222  232  0.0129404
222  327  0.0657606
223  231  0.0124494
223  326  0.0657644
224  325  0.0654021
225  324  0.0595723
226  323  0.054805
229  309  0.0440806
230  308  0.0467623
231  307  0.0473658
232  295  0.0184419
232  306  0.0471496
233  294  0.934133
234  293  0.928363
236  291  0.0121531
237  292  0.0114274
238  290  0.941181
239  289  0.989202
240  288  0.994054
241  287  0.99794
242  286  0.997759
243  285  0.996817
244  284  0.998139
245  283  0.996955
246  282  0.99694
247  281  0.984354
248  280  0.876729
249  277  0.140357
250  276  0.140567
250  279  0.414732
250  280  0.112581
251  279  0.165023
252  273  0.137768
252  277  0.0108867
252  278  0.7062
253  272  0.146916
253  277  0.788549
254  271  0.145687
254  276  0.400753
255  264  0.0111682
255  270  0.126897
255  276  0.416061
256  263  0.0156831
256  274  0.0105914
256  275  0.81089
257  262  0.0113836
257  268  0.143013
257  273  0.0123926
257  274  0.80187
258  267  0.141991
258  273  0.745988
259  266  0.122066
259  273  0.0163765
260  270  0.0165506
260  271  0.111535
261  269  0.0165536
261  270  0.598743
261  271  0.211577
262  269  0.340044
262  270  0.213317
263  269  0.316187
264  268  0.121365
271  277  0.0121292
295  304  0.0207067
295  310  0.0201752
296  303  0.0205448
296  309  0.0203656
297  302  0.0127225
297  304  0.0280776
297  308  0.0204877
298  303  0.027823
298  307  0.0205081
299  306  0.0194407
300  305  0.0141276
302  341  0.112103
303  340  0.772588
304  339  0.773036
305  338  0.323174
306  336  0.0240767
306  337  0.288862
307  335  0.0244023
307  336  0.726003
308  333  0.599093
308  334  0.030643
309  332  0.78789
310  322  0.0428409
310  331  0.788298
311  321  0.0435214
311  330  0.787856
312  320  0.0426378
312  329  0.788084
313  328  0.760933
317  324  0.770805
318  323  0.781641
333  366  0.0465693
334  365  0.0578388
335  364  0.0607082
338  361  0.135815
339  360  0.136021
340  359  0.136022
341  358  0.136011
342  357  0.134877
343  356  0.129535
344  355  0.106168
357  374  0.822416
358  373  0.856897
359  372  0.863541
360  371  0.863541
361  370  0.859439
384  403  0.0813219
385  402  0.10987
385  404  0.0107275
386  401  0.0542629
386  403  0.0113649
387  400  0.0296874
387  401  0.0296204
388  399  0.0589693
388  400  0.0564739
388  401  0.0201562
389  398  0.056578
389  399  0.0567512
389  400  0.0206084
390  398  0.0567514
390  399  0.0205993
391  398  0.0183436
418  624  0.349869
419  623  0.350397
420  622  0.350347
421  620  0.336687
422  619  0.304215
423  618  0.315239
424  617  0.346194
426  435  0.0722627
426  615  0.34902
427  434  0.0634867
427  614  0.350105
428  441  0.182923
428  613  0.350828
429  440  0.425759
429  612  0.351245
430  439  0.493407
430  611  0.351178
431  438  0.358188
431  610  0.350645
433  439  0.0536457
433  609  0.348507
434  438  0.0204499
434  608  0.347433
437  605  0.334356
438  604  0.343235
439  603  0.340149
441  601  0.195747
442  600  0.272274
444  598  0.349191
445  597  0.351721
446  596  0.352033
447  595  0.351722
448  594  0.351632
449  593  0.351985
450  592  0.351915
451  460  0.362721
451  538  0.0678823
451  591  0.211042
452  459  0.356242
452  537  0.0681794
453  590  0.016848
454  507  0.0200216
455  506  0.0496782
456  505  0.0530607
457  493  0.0644715
457  504  0.0536616
457  540  0.0314934
458  492  0.168034
458  503  0.0400962
458  539  0.0754846
459  491  0.182364
459  503  0.0379465
459  538  0.0815995
460  490  0.174422
460  502  0.0514894
460  537  0.0816114
461  490  0.0104908
461  536  0.0711762
462  489  0.335493
462  632  0.633934
463  488  0.335932
463  631  0.634142
464  487  0.344155
464  630  0.632365
465  486  0.350881
465  629  0.633078
466  485  0.350607
466  627  0.626726
467  484  0.350873
467  626  0.628794
468  483  0.350877
468  625  0.637983
469  482  0.0631901
469  624  0.639193
470  481  0.0623989
470  623  0.638712
471  480  0.350998
471  622  0.639094
472  479  0.277116
472  621  0.638591
473  620  0.637758
474  619  0.638061
475  618  0.638595
476  617  0.634755
477  616  0.635582
478  615  0.634997
479  614  0.472668
480  613  0.0602396
482  614  0.143888
483  613  0.532986
484  612  0.601024
485  611  0.613819
486  610  0.607326
487  609  0.603862
488  503  0.614289
488  608  0.0349039
489  502  0.616054
489  603  0.037412
490  501  0.765823
490  602  0.0386127
491  500  0.765916
491  601  0.0386132
492  499  0.760847
492  600  0.037887
493  498  0.700858
493  591  0.0291688
493  599  0.0329756
494  590  0.0273759
495  587  0.0159022
495  598  0.0116349
496  588  0.0133245
497  541  0.203803
497  587  0.0126719
498  540  0.215676
499  539  0.21618
500  538  0.216613
501  537  0.216466
504  605  0.0145084
505  604  0.0146762
505  606  0.0249515
506  605  0.0242314
507  535  0.867867
507  604  0.0139586
508  534  0.97166
509  533  0.990925
510  532  0.999382
511  531  0.99831
512  530  0.995559
513  529  0.995984
514  528  0.993038
516  526  0.997305
517  525  0.980419
518  524  0.910699
519  523  0.456939
536  594  0.0184334
537  593  0.030885
537  602  0.237976
537  605  0.201127
538  592  0.0308051
538  601  0.238058
538  604  0.207403
539  600  0.214975
539  603  0.1916
540  589  0.0581704
540  590  0.0235095
540  591  0.0132858
540  599  0.052181
540  602  0.177436
541  589  0.0351864
542  586  0.961431
543  585  0.988252
544  584  0.99177
545  583  0.993042
546  582  0.979555
547  579  0.145788
547  581  0.820476
548  578  0.810383
548  579  0.0117484
549  577  0.969797
550  576  0.988785
551  575  0.853996
552  574  0.83319
553  573  0.93158
555  572  0.0113276
556  570  0.998902
557  569  0.999671
558  568  0.997326
559  567  0.999055
560  566  0.990049
561  565  0.376878
587  593  0.014154
588  605  0.0605541
589  598  0.0136676
589  601  0.0453443
589  604  0.064057
590  600  0.0460524
590  604  0.0297656
591  603  0.126853
592  599  0.37647
592  602  0.139095
593  598  0.380785
593  601  0.139093
594  600  0.116165
594  606  0.0122347
595  605  0.0219692
596  604  0.0228697
597  603  0.0223081
598  602  0.0120912
643  769  0.978629
644  768  0.978663
645  767  0.975175
646  734  0.937235
647  733  0.93709
647  766  0.0226593
648  732  0.8025
648  765  0.0164014
653  731  0.969853
654  730  0.990232
655  729  0.990328
656  728  0.990797
657  726  0.991125
658  725  0.990164
659  724  0.986089
660  723  0.966592
663  720  0.937503
664  719  0.865583
664  721  0.0240019
665  718  0.466674
665  720  0.0205486
667  718  0.469084
668  717  0.933848
669  714  0.0106427
669  716  0.978159
670  713  0.0105943
670  715  0.977208
671  712  0.0105222
671  714  0.974751
672  696  0.0101266
672  713  0.941617
673  695  0.015211
673  705  0.127943
674  694  0.0157343
674  704  0.156837
674  712  0.0463856
675  693  0.0159902
675  703  0.159993
676  692  0.0160773
676  702  0.1637
676  705  0.0223898
676  710  0.780323
677  701  0.163622
677  704  0.0281175
677  709  0.785215
678  700  0.163713
678  703  0.0283202
678  708  0.783842
679  689  0.0155786
679  699  0.163666
679  702  0.0285029
679  706  0.0134531
679  707  0.648228
680  688  0.0154684
680  701  0.0280483
681  698  0.177711
681  705  0.0887912
682  697  0.185152
683  696  0.184943
683  703  0.775614
684  695  0.118818
684  702  0.777416
685  694  0.0857283
685  701  0.767666
686  693  0.114686
686  700  0.74716
687  698  0.766269
688  697  0.776518
689  696  0.74347
690  694  0.0516635
690  696  0.0155951
698  713  0.0140048
699  712  0.0168275
700  711  0.0171249
701  710  0.0169384
706  712  0.0231708
736  764  0.997073
737  763  0.997992
738  762  0.997217
739  761  0.995195
740  760  0.994921
741  759  0.995076
742  758  0.98914
743  757  0.925542
744  756  0.928338
745  754  0.996295
746  753  0.994755
747  752  0.95169
796  807  0.488356
797  806  0.996933
798  805  0.997447
799  804  0.928248
810  845  0.0120477
811  844  0.175166
812  843  0.864736
813  842  0.974904
814  841  0.991572
815  840  0.991821
816  839  0.990002
817  838  0.99142
818  837  0.953543
819  834  0.0143199
821  834  0.487012
823  832  0.836852
823  835  0.0189688
824  831  0.956092
824  834  0.0190722
