1  116  0.356489
2  29  0.0167773
2  103  0.0388275
2  115  0.576965
2  124  0.0100664
2  126  0.0467024
3  28  0.0204427
3  102  0.0462858
3  110  0.0421225
3  114  0.638556
3  123  0.020353
3  125  0.0558235
4  27  0.0204476
4  41  0.239447
4  109  0.0393234
4  113  0.575684
5  26  0.0204536
5  40  0.287505
5  124  0.0199891
6  25  0.0200631
6  36  0.052276
6  39  0.299308
6  107  0.0441195
6  111  0.330738
6  123  0.0154861
7  24  0.0193458
7  35  0.052257
7  38  0.298137
7  106  0.0437504
7  110  0.50588
8  23  0.0175257
8  109  0.458131
12  31  0.824334
13  30  0.902339
14  29  0.941821
15  28  0.952416
15  63  0.0167026
16  27  0.951578
16  62  0.0165824
17  26  0.932885
19  59  0.0211146
20  58  0.0218166
21  57  0.0218145
22  56  0.0218001
23  55  0.0209464
24  50  0.016035
25  49  0.0168865
26  47  0.0101304
27  46  0.0185602
28  45  0.0192506
29  44  0.019265
31  42  0.040428
32  41  0.0558116
33  40  0.0560812
38  58  0.0105434
39  57  0.0106055
40  101  0.369318
41  55  0.0109569
41  100  0.372933
42  54  0.011375
43  53  0.0115185
43  98  0.944271
44  52  0.0115134
44  97  0.947498
45  51  0.0114832
45  96  0.948505
46  95  0.948158
46  942  0.0101595
47  94  0.889466
47  941  0.0101827
48  94  0.0562345
48  940  0.0101851
49  93  0.0923103
49  939  0.010125
50  93  0.110894
51  91  0.265368
53  90  0.952567
54  89  0.953547
55  88  0.953984
56  86  0.077844
57  85  0.077692
57  86  0.876223
58  85  0.872615
61  81  0.0864235
62  80  0.0939983
64  79  0.933009
64  88  0.0100882
65  78  0.966066
65  87  0.0101045
65  951  0.0102469
66  77  0.965587
66  86  0.0100779
66  950  0.0102909
67  76  0.96758
67  949  0.0103254
68  75  0.955652
68  948  0.0103221
75  942  0.0104972
76  941  0.0105102
77  940  0.0104902
78  939  0.0105384
80  938  0.0106134
81  937  0.0106875
82  936  0.0107221
93  851  0.0188869
94  850  0.0204521
95  849  0.020456
96  848  0.0204567
97  847  0.0204407
98  846  0.0204377
99  845  0.0159364
105  771  0.0214613
106  770  0.0216334
107  769  0.0216479
108  768  0.0216302
109  767  0.0216297
110  766  0.0215626
112  764  0.0203593
113  763  0.0200885
114  762  0.0192231
122  952  0.014585
123  951  0.0160426
124  202  0.0339044
124  428  0.0184382
125  201  0.0342304
125  427  0.0184458
126  426  0.0184373
127  200  0.965302
127  425  0.0184475
128  199  0.965758
128  424  0.0184465
129  198  0.965735
129  423  0.0183979
130  197  0.965173
130  422  0.0182712
131  152  0.0533037
132  151  0.0524285
132  152  0.314475
133  151  0.330902
134  149  0.202434
134  150  0.313496
135  148  0.238663
135  149  0.188595
137  146  0.917437
138  145  0.970753
139  144  0.865816
146  357  0.0122615
147  356  0.0122375
148  355  0.0120426
149  353  0.0114393
150  352  0.0115928
153  196  0.968579
154  195  0.969424
155  194  0.969092
156  193  0.968044
157  192  0.947766
159  190  0.95187
160  189  0.959415
162  185  0.984172
163  184  0.998892
164  183  0.998949
165  182  0.996545
166  181  0.968293
167  178  0.561969
167  179  0.017606
167  180  0.390752
168  177  0.992293
169  176  0.999306
170  175  0.996871
191  212  0.0108836
192  211  0.0119998
193  210  0.0123039
194  209  0.0122981
195  208  0.0122944
196  207  0.0122996
197  205  0.0133449
198  204  0.0133015
201  952  0.906531
202  951  0.934575
203  950  0.97043
204  949  0.977891
205  948  0.977899
206  947  0.977361
207  946  0.977869
208  945  0.977222
209  944  0.975603
210  943  0.971518
211  305  0.0208646
211  306  0.0123384
211  340  0.367838
211  342  0.0432034
211  830  0.0271273
211  942  0.292833
212  339  0.341501
212  341  0.0446394
212  829  0.0273759
212  941  0.239225
213  302  0.335495
213  340  0.0802066
213  828  0.0275389
214  301  0.474984
214  323  0.350306
214  827  0.0273894
214  939  0.118349
215  300  0.476931
215  322  0.352239
215  825  0.06458
215  938  0.0783511
216  299  0.479355
216  321  0.352986
216  824  0.0752832
216  936  0.0294233
217  298  0.483727
217  320  0.352067
217  823  0.0763703
217  853  0.0676452
218  297  0.483679
218  319  0.351852
218  822  0.0763708
218  852  0.0676799
219  233  0.0286897
219  296  0.447831
219  301  0.0980272
219  821  0.0763655
220  300  0.0982085
221  232  0.0485388
221  295  0.0907158
221  299  0.0982122
221  316  0.0414015
221  820  0.0760332
221  849  0.0641268
222  231  0.051382
222  292  0.0285237
222  295  0.0737587
222  297  0.131209
222  316  0.114012
222  819  0.0760282
222  848  0.0641534
223  230  0.0421662
223  291  0.026336
223  294  0.0821664
223  296  0.140309
223  314  0.0161251
223  315  0.109776
223  818  0.0658877
223  847  0.0303019
224  290  0.0238974
224  294  0.0238203
224  816  0.0137174
224  847  0.0324193
225  289  0.0223212
225  292  0.200824
225  295  0.0372476
225  815  0.0136229
225  846  0.0488854
226  291  0.138478
226  294  0.0281174
226  845  0.0435479
227  290  0.0746943
227  291  0.50949
227  842  0.0419391
228  290  0.59386
228  841  0.0480714
229  289  0.661575
229  840  0.048512
230  288  0.641965
230  839  0.0431493
231  298  0.0129988
231  791  0.0549398
232  296  0.070107
232  298  0.0922294
232  790  0.055606
233  286  0.702128
233  295  0.0714607
233  297  0.0924803
233  789  0.0558898
234  285  0.704965
234  294  0.0593444
234  788  0.0558415
235  284  0.705258
235  296  0.0544195
235  787  0.0558078
236  283  0.662268
236  295  0.0542541
236  786  0.0519136
237  280  0.0481286
237  294  0.0474238
238  280  0.0129699
239  278  0.354562
239  280  0.0440512
240  277  0.407685
241  276  0.412075
241  278  0.0662777
242  275  0.206227
242  277  0.0740876
243  275  0.605188
244  274  0.998397
245  273  0.999015
246  272  0.998276
247  271  0.999194
248  270  0.997617
249  269  0.999541
250  268  0.999561
251  267  0.938854
252  266  0.575698
252  267  0.0468615
253  266  0.0935963
254  265  0.0895584
255  264  0.0821503
255  265  0.868478
256  264  0.873959
256  265  0.0169632
257  264  0.0159252
258  262  0.0269988
275  281  0.0114303
275  296  0.0755618
275  781  0.0105399
276  295  0.0755841
276  780  0.0102556
277  294  0.071755
278  293  0.039434
278  779  0.010791
279  292  0.0307632
279  778  0.0111609
280  293  0.185487
280  466  0.0161066
281  292  0.211206
281  465  0.0181164
282  291  0.225165
282  464  0.017176
283  290  0.233627
284  289  0.227951
288  457  0.0471821
289  456  0.0513296
290  455  0.051305
291  454  0.051326
292  453  0.0514196
292  817  0.0295563
293  452  0.0513917
293  816  0.0295676
294  451  0.0513623
294  784  0.0122488
294  815  0.0293237
295  450  0.0513856
295  783  0.0140662
295  814  0.0298955
295  816  0.0278879
296  449  0.0513135
296  782  0.0141422
296  813  0.0298919
296  815  0.0321457
297  314  0.036418
297  781  0.0118743
297  812  0.0297951
297  814  0.0463051
298  811  0.0286657
298  813  0.0463151
299  312  0.338787
299  812  0.0463417
300  311  0.339614
301  310  0.339418
301  811  0.0448698
302  810  0.0497238
302  931  0.0140939
303  318  0.0300273
303  809  0.0530636
303  930  0.0260717
304  311  0.0197485
304  317  0.0369715
304  808  0.0536728
304  929  0.0289651
305  310  0.0206451
305  316  0.0364276
305  807  0.0537083
305  928  0.0292254
306  805  0.0515649
306  927  0.0291536
307  804  0.045023
309  316  0.0201978
309  324  0.326108
310  315  0.0312264
310  323  0.393829
311  322  0.393751
312  321  0.392254
313  369  0.0154567
314  319  0.180125
314  368  0.0162717
314  400  0.0348688
314  941  0.016671
315  367  0.016077
315  399  0.0357043
315  778  0.0172444
315  940  0.0251505
316  398  0.0180686
316  404  0.0286791
316  777  0.0184201
317  403  0.0287165
317  776  0.0174597
318  366  0.0140198
318  402  0.0286706
319  342  0.180001
319  365  0.0191845
319  401  0.0284724
320  341  0.183259
320  364  0.0191986
320  400  0.0283357
321  340  0.190762
321  363  0.0191549
322  339  0.180734
322  362  0.0191751
323  361  0.0191452
326  337  0.808253
327  336  0.962485
328  335  0.999486
329  334  0.999481
340  802  0.0614381
341  801  0.0650341
341  942  0.598078
342  800  0.0650277
342  941  0.583182
343  799  0.0648602
343  940  0.569137
343  941  0.0960179
344  394  0.131419
344  940  0.136574
345  354  0.0155041
345  393  0.168483
345  939  0.753403
346  353  0.0122252
346  392  0.168461
346  938  0.753392
347  391  0.16849
347  937  0.755123
348  390  0.168525
348  936  0.75547
349  389  0.154696
349  935  0.62717
350  387  0.0105038
350  842  0.0189754
351  387  0.0185128
351  417  0.0399923
351  835  0.0125742
351  841  0.0240478
352  416  0.0431313
352  834  0.0402293
352  840  0.0252478
352  852  0.0881485
353  362  0.0208096
353  415  0.0423433
353  833  0.0404721
353  839  0.0252077
353  851  0.0893667
354  361  0.0228673
354  414  0.0417011
354  832  0.0403813
354  838  0.025038
354  849  0.104195
355  385  0.12059
355  413  0.0233067
355  418  0.0277815
355  848  0.104513
356  384  0.131058
356  417  0.0324558
356  847  0.104701
357  383  0.131196
357  416  0.0327286
357  846  0.104744
357  870  0.0100637
358  381  0.0308494
358  845  0.0810403
359  381  0.0349703
359  417  0.083177
360  379  0.163672
360  416  0.0896167
360  778  0.0206671
361  378  0.200306
361  777  0.0755566
361  855  0.137336
361  865  0.0411132
362  776  0.072159
362  864  0.0415734
363  376  0.285468
363  413  0.175923
363  775  0.0273535
363  802  0.0435481
363  854  0.261322
363  863  0.0421488
364  375  0.317358
364  412  0.202499
364  773  0.0129829
364  801  0.0710751
364  853  0.302869
365  374  0.317329
365  411  0.202125
365  772  0.0134087
365  800  0.0711281
365  852  0.302911
365  861  0.0429086
366  373  0.295038
366  410  0.19816
366  771  0.0101763
366  799  0.0710069
366  851  0.301481
366  860  0.0429039
367  372  0.214135
367  408  0.224675
367  798  0.0714281
367  850  0.290693
367  859  0.0429308
368  407  0.227045
368  797  0.0713425
368  858  0.0428912
369  406  0.231429
369  796  0.0669402
369  848  0.274173
369  857  0.0398567
370  405  0.226905
370  847  0.268572
371  846  0.164291
372  775  0.023287
372  846  0.0945074
373  402  0.232146
373  774  0.0266054
373  792  0.0245834
373  845  0.186249
374  401  0.233921
374  773  0.0271444
374  791  0.0247007
374  843  0.0147993
374  844  0.184018
375  400  0.230354
375  772  0.0270832
375  789  0.0304945
376  788  0.0250124
376  842  0.107162
377  841  0.112323
378  840  0.112405
379  388  0.0105098
379  393  0.767014
380  387  0.0100236
380  392  0.769209
381  391  0.770253
382  390  0.769254
383  388  0.0480176
383  389  0.588696
390  939  0.0227032
391  938  0.0227148
392  937  0.0227378
393  936  0.0227471
394  935  0.0188991
397  414  0.0110696
398  413  0.0111688
398  451  0.0104245
398  775  0.395621
398  856  0.0302778
399  412  0.0107504
399  450  0.014535
399  774  0.514036
399  855  0.0389898
400  773  0.531947
400  853  0.0638669
401  410  0.0102232
401  448  0.0553607
401  769  0.0126944
401  772  0.532043
401  852  0.0640165
402  447  0.0562796
402  768  0.0138152
402  771  0.267629
402  851  0.0590189
403  446  0.0566228
403  767  0.0144426
403  770  0.264168
403  929  0.0114521
404  445  0.056682
404  766  0.0144797
404  769  0.528593
404  849  0.0474606
404  928  0.0116477
405  418  0.0332045
405  444  0.030137
405  768  0.477692
405  848  0.0477595
405  927  0.0112957
406  417  0.0659791
406  847  0.0476313
407  416  0.0690069
407  766  0.132955
407  770  0.0158472
407  771  0.0122172
407  846  0.0469158
407  862  0.0490421
408  415  0.0687526
408  766  0.0174493
408  769  0.0160532
408  770  0.012264
408  861  0.0493606
409  414  0.0558562
409  768  0.0141155
409  769  0.011091
409  860  0.0493649
410  473  0.529635
410  859  0.0493856
411  472  0.648781
411  858  0.0482857
412  471  0.649258
413  470  0.649024
414  421  0.0584662
414  469  0.649453
415  420  0.0530349
415  468  0.649458
416  467  0.648978
417  466  0.604674
419  440  0.677127
420  439  0.715235
421  438  0.715124
422  437  0.713285
422  855  0.261178
423  854  0.261531
424  436  0.716792
424  853  0.261927
425  435  0.716916
425  852  0.261926
426  434  0.715977
426  851  0.26118
427  433  0.699635
427  850  0.257143
428  849  0.256485
429  478  0.0411384
430  477  0.082536
431  476  0.084182
432  475  0.0849687
432  847  0.185063
433  474  0.0852436
433  846  0.186958
434  473  0.0853957
434  845  0.183865
435  472  0.0855177
435  844  0.174343
436  471  0.0854736
438  468  0.0103386
438  469  0.073326
439  467  0.0104281
439  468  0.0729995
444  464  0.179475
445  453  0.0150233
445  463  0.196344
445  777  0.167628
446  452  0.0121313
446  776  0.166044
446  793  0.0103568
447  457  0.0193135
447  464  0.36485
447  792  0.0107992
448  456  0.0213977
448  463  0.417282
448  774  0.129878
448  791  0.0109966
449  459  0.274872
449  462  0.404658
449  773  0.170101
449  790  0.0109889
450  458  0.314541
450  772  0.169963
450  789  0.0110015
451  457  0.25583
451  459  0.0117183
452  466  0.124213
453  458  0.254436
453  465  0.135934
454  464  0.113496
456  465  0.028434
465  773  0.0110019
467  771  0.229332
467  772  0.0289407
468  770  0.230416
468  771  0.0308181
469  769  0.230448
469  770  0.0308031
470  768  0.228628
470  769  0.0305717
472  766  0.0104831
473  766  0.272816
474  765  0.893718
475  764  0.894121
476  763  0.895296
477  762  0.896619
478  761  0.903283
478  771  0.0291567
479  760  0.905418
479  770  0.0702461
480  759  0.903651
480  762  0.0110387
480  769  0.0710591
481  506  0.379581
481  757  0.0680832
481  761  0.0171276
481  768  0.0714008
482  505  0.433819
482  756  0.0259489
482  757  0.223099
482  760  0.0179957
482  767  0.0722172
483  504  0.457924
483  756  0.360118
483  759  0.0191371
483  766  0.0723687
484  503  0.461872
484  754  0.426654
484  755  0.0158209
484  758  0.0219168
484  765  0.0722534
485  502  0.461845
485  753  0.442526
485  757  0.021801
485  764  0.0722224
486  752  0.441899
486  763  0.0692531
487  500  0.46151
487  751  0.440327
487  762  0.0681175
488  499  0.462284
489  498  0.462677
489  721  0.0158442
489  724  0.0104156
489  746  0.437585
489  755  0.0211681
490  497  0.46373
490  720  0.0158578
490  723  0.0103991
490  745  0.442212
490  754  0.0260089
490  758  0.0161183
491  496  0.458859
491  722  0.0103658
491  744  0.441389
491  753  0.0300086
491  757  0.0162072
492  719  0.0260681
492  752  0.0299458
493  718  0.0266346
493  751  0.0297839
494  717  0.026615
494  742  0.486662
495  716  0.0265773
495  741  0.493371
496  714  0.0263409
496  740  0.494792
497  713  0.0267306
497  739  0.494699
498  712  0.026604
498  738  0.362929
499  711  0.0263647
500  710  0.0247106
500  736  0.422103
501  709  0.0233483
501  735  0.422766
502  509  0.113235
502  734  0.415183
503  508  0.113588
503  733  0.415125
504  732  0.40194
505  731  0.34161
508  515  0.0116502
508  717  0.0112481
508  728  0.151578
508  734  0.040141
508  758  0.370189
509  514  0.0118699
509  716  0.0112497
509  726  0.324503
509  733  0.0401643
509  738  0.0441407
509  757  0.370107
510  715  0.0110952
510  725  0.324703
510  732  0.0403054
510  737  0.128049
511  714  0.0109437
511  724  0.325307
511  731  0.03047
511  736  0.128568
511  755  0.346704
512  723  0.324688
512  734  0.147924
512  754  0.353746
513  708  0.0139806
513  722  0.32484
513  733  0.147988
513  753  0.353562
514  707  0.0199078
514  710  0.0124841
514  721  0.255508
514  732  0.127138
515  709  0.0108576
515  719  0.0163984
516  706  0.983191
517  705  0.989486
518  704  0.995205
519  703  0.997
520  702  0.996417
522  699  0.2964
522  700  0.653532
523  698  0.380014
523  699  0.590362
524  697  0.400137
526  695  0.962458
526  696  0.0123906
527  694  0.998099
528  693  0.998501
529  692  0.998448
530  691  0.99431
531  659  0.705527
531  660  0.0119489
531  690  0.230975
532  642  0.0121966
532  657  0.0724515
532  658  0.732137
533  641  0.0150307
533  656  0.0910847
533  657  0.729343
533  658  0.0105221
534  640  0.0157664
534  655  0.0601771
534  656  0.681075
534  657  0.0133338
534  688  0.0471164
535  639  0.0159551
535  654  0.0680463
535  687  0.0491209
536  638  0.0132853
536  653  0.0640557
536  686  0.0474618
537  653  0.815398
537  685  0.0396589
538  652  0.826003
538  682  0.0129337
538  684  0.0277304
539  651  0.840094
539  681  0.0127058
540  650  0.919164
540  670  0.0427553
541  649  0.919146
541  669  0.0444146
542  585  0.0101552
542  648  0.919079
542  668  0.0435081
543  584  0.0102339
543  647  0.908783
543  667  0.0428523
544  583  0.0103328
544  666  0.035762
545  582  0.0103203
545  645  0.564104
546  581  0.0103275
546  644  0.960305
547  580  0.0103413
547  643  0.963502
548  579  0.0102744
548  641  0.0391808
548  642  0.923421
549  640  0.0747003
549  641  0.850561
550  636  0.069822
550  639  0.107389
551  634  0.905208
552  633  0.91946
553  632  0.919208
553  638  0.0561111
554  570  0.0154237
554  631  0.919675
554  637  0.0620991
555  569  0.0154471
555  630  0.9194
555  636  0.0626188
556  568  0.0150709
556  629  0.911984
556  635  0.0625945
557  567  0.0130316
557  628  0.818909
557  634  0.0625558
558  564  0.0544367
558  633  0.0623053
559  626  0.0850017
562  569  0.0114942
562  570  0.0253903
563  571  0.0367147
563  622  0.557498
564  569  0.0276805
564  570  0.13604
564  620  0.0143074
564  621  0.304134
564  627  0.0799622
565  626  0.0770118
566  619  0.485343
567  618  0.520123
567  624  0.0271052
568  617  0.520336
569  616  0.514324
569  622  0.0791673
570  576  0.027477
571  614  0.179721
571  620  0.377734
571  627  0.0144315
572  613  0.159781
572  619  0.38038
572  626  0.014558
573  618  0.373247
573  625  0.0131493
574  617  0.368058
575  615  0.529076
575  621  0.0263545
576  614  0.541651
576  620  0.0282981
577  613  0.503681
577  615  0.0224323
577  619  0.0272248
578  612  0.286156
579  611  0.158742
579  612  0.0135875
579  613  0.141465
579  615  0.0886015
580  611  0.0146527
580  612  0.518088
580  614  0.0910496
581  611  0.649882
581  613  0.0886546
582  612  0.0749749
583  609  0.898235
584  608  0.973108
585  607  0.979869
586  606  0.991237
587  605  0.979227
588  604  0.0165154
588  605  0.01572
589  604  0.979212
590  603  0.986776
591  602  0.993984
592  601  0.95358
593  598  0.0410872
594  600  0.195961
609  627  0.0354581
610  626  0.0378853
611  625  0.043952
612  624  0.0447517
613  623  0.0454519
614  622  0.0454674
621  632  0.0145308
622  627  0.0464884
622  631  0.0177377
646  663  0.076811
647  662  0.0799848
648  661  0.0803331
649  660  0.0807434
650  659  0.0807264
651  658  0.076648
652  657  0.0622595
661  689  0.0420406
661  690  0.198353
662  688  0.0580887
663  687  0.0307752
664  687  0.911884
665  686  0.944319
666  685  0.946465
667  684  0.949906
668  683  0.949147
669  682  0.943003
670  679  0.0657135
670  681  0.883867
671  678  0.964895
671  680  0.0249444
672  677  0.987222
673  678  0.0105971
707  719  0.0707396
707  730  0.198671
707  747  0.119976
708  721  0.0147186
708  729  0.278716
708  746  0.319627
709  717  0.284808
709  720  0.0146865
709  728  0.278843
709  745  0.346062
710  716  0.28486
710  726  0.280356
710  744  0.346165
711  715  0.10844
711  725  0.280586
711  743  0.345818
712  717  0.0120646
712  721  0.0161226
712  724  0.280753
712  742  0.345773
713  720  0.0152729
713  723  0.280251
713  740  0.344166
714  722  0.278171
714  739  0.343074
715  735  0.161306
715  738  0.176623
716  720  0.0184102
716  721  0.0133467
716  734  0.328275
716  737  0.0196199
717  733  0.342472
718  732  0.342414
719  731  0.319832
722  728  0.258458
722  729  0.0244686
723  727  0.0987761
732  760  0.0103502
734  759  0.0126132
736  757  0.0605385
737  747  0.0114389
737  756  0.0685152
738  746  0.0120468
738  755  0.0788443
739  745  0.0121312
739  754  0.0803435
739  758  0.0433858
740  753  0.0803151
740  757  0.0434661
742  751  0.0798845
742  756  0.0163482
743  750  0.0846458
743  759  0.0113499
744  754  0.0685797
744  758  0.0145376
745  753  0.0686207
745  757  0.0145259
746  752  0.0588401
746  756  0.013591
768  845  0.0555041
769  844  0.063901
770  843  0.0640628
771  842  0.0321887
772  841  0.0328351
772  847  0.0137854
772  850  0.0413968
773  840  0.0647726
773  846  0.014141
773  849  0.0417173
774  839  0.0538718
774  848  0.0448958
775  847  0.0454476
776  839  0.0964515
776  846  0.0407993
777  838  0.104401
778  837  0.0958588
778  843  0.55865
779  842  0.568696
780  841  0.569247
781  840  0.569093
782  795  0.839652
783  794  0.839813
784  793  0.834715
785  792  0.74508
788  796  0.0105252
789  795  0.0162205
796  841  0.0145758
797  838  0.05105
797  840  0.018598
798  838  0.612313
799  836  0.20055
799  837  0.646404
800  835  0.210591
800  836  0.638776
801  834  0.820285
804  831  0.906019
805  830  0.922256
806  829  0.92193
807  828  0.922092
808  827  0.823819
809  827  0.0458631
810  825  0.0448978
811  823  0.29449
811  825  0.55834
812  822  0.29458
812  824  0.627546
813  821  0.29458
813  823  0.627983
814  820  0.290793
814  822  0.627973
815  821  0.624488
816  820  0.23773
826  938  0.0260031
827  937  0.0455693
828  936  0.0470347
829  935  0.0447717
831  933  0.0201367
834  942  0.0224117
835  929  0.0736182
836  928  0.0837488
836  941  0.0263745
837  927  0.083821
837  940  0.0268849
838  926  0.0267005
838  939  0.0272451
839  926  0.0501545
839  938  0.0255418
840  925  0.0652118
841  924  0.056755
842  863  0.0671202
842  923  0.0150833
843  862  0.0877266
844  861  0.0879157
845  856  0.0434505
845  860  0.08497
846  855  0.0580064
846  859  0.0764524
847  854  0.0594486
847  856  0.0423909
848  853  0.0576529
848  855  0.0483125
848  858  0.0235702
858  928  0.789175
859  927  0.793854
860  926  0.795727
861  925  0.795443
864  920  0.779364
864  922  0.0141663
865  919  0.8199
866  918  0.802424
869  917  0.881568
870  916  0.956692
871  915  0.956963
872  913  0.991512
873  912  0.989938
874  911  0.989673
875  910  0.991449
876  909  0.991689
877  908  0.992205
879  907  0.972513
880  906  0.971429
881  905  0.990968
882  904  0.997895
883  903  0.999173
884  902  0.984647
886  900  0.696203
887  899  0.999618
888  898  0.999891
889  897  0.998487
890  896  0.805304
915  928  0.0383281
916  927  0.0385915
917  926  0.040032
918  925  0.0449434
