1  873  0.0174313
2  872  0.0197104
2  874  0.033024
2  878  0.0100801
3  403  0.606907
3  407  0.0106384
3  870  0.0154015
3  871  0.0200072
3  873  0.0362053
4  402  0.614663
4  406  0.0106396
4  869  0.0434928
4  872  0.0360718
5  401  0.615557
5  405  0.010611
5  847  0.0128274
5  868  0.0434916
5  876  0.115906
6  15  0.0725978
6  19  0.0220503
6  400  0.615863
6  846  0.0124645
6  875  0.115037
7  14  0.106885
7  399  0.616921
7  845  0.011617
7  874  0.11253
8  13  0.116919
8  17  0.0108872
8  343  0.0100508
8  398  0.618731
8  867  0.0154521
8  873  0.104356
9  16  0.0253264
9  342  0.0113351
9  397  0.618733
9  866  0.0153874
9  871  0.0903337
10  102  0.0103439
10  341  0.0113372
10  396  0.618191
10  870  0.0892556
11  19  0.0156965
11  101  0.0114627
11  340  0.0113444
11  395  0.615607
11  869  0.0603541
12  18  0.0162624
12  100  0.0114707
12  339  0.0113509
12  394  0.608624
12  868  0.0582918
12  869  0.0257002
13  18  0.0572028
13  24  0.190191
13  338  0.0113443
13  868  0.0259467
14  23  0.180571
14  392  0.238787
15  391  0.248644
16  24  0.0651913
16  99  0.0672865
16  390  0.244767
17  28  0.0122877
17  98  0.0769376
17  865  0.0323231
18  27  0.0184483
18  97  0.0781692
18  864  0.0366106
18  871  0.0105037
19  96  0.0773537
19  863  0.034511
20  95  0.0729282
21  94  0.0551573
21  386  0.0815686
21  861  0.0417164
22  99  0.0915028
22  385  0.0822249
22  860  0.0423186
22  876  0.0170402
23  98  0.0921529
23  382  0.0214
23  393  0.0105445
23  875  0.0165964
24  30  0.0114307
24  92  0.0136283
24  97  0.0923776
24  381  0.0233284
24  858  0.0163956
24  859  0.0111919
24  871  0.0137133
25  96  0.0906019
25  380  0.0160133
25  392  0.283462
25  870  0.0126508
26  95  0.0663986
26  391  0.306999
26  861  0.0241917
27  328  0.0149524
27  379  0.0119178
27  387  0.0106578
27  390  0.315184
27  857  0.14578
27  860  0.0256909
28  327  0.0150461
28  386  0.0107334
28  389  0.312583
28  856  0.15469
28  873  0.0251534
29  326  0.0150614
29  385  0.0105882
29  855  0.155417
29  872  0.0271105
30  325  0.0150556
30  387  0.328609
30  854  0.154712
30  857  0.0710591
31  324  0.0105141
31  386  0.329714
31  853  0.0811111
31  856  0.0754188
31  870  0.0344245
32  285  0.012041
32  367  0.0952566
32  385  0.326504
32  852  0.063829
32  855  0.075802
32  869  0.0397519
33  66  0.0351105
33  284  0.0121372
33  366  0.479601
33  850  0.0192603
33  854  0.0750812
33  868  0.0398173
34  65  0.333828
34  365  0.498248
34  867  0.0389198
35  64  0.413615
35  253  0.0171406
35  364  0.498288
35  866  0.0381829
36  45  0.0107036
36  58  0.019736
36  63  0.414018
36  252  0.0174439
36  363  0.498225
37  44  0.0169304
37  57  0.0221401
37  62  0.414275
37  251  0.0176366
37  362  0.493351
38  43  0.0167672
38  56  0.0221282
38  61  0.414004
38  250  0.0176367
38  361  0.493463
39  60  0.250756
39  249  0.0175894
39  360  0.298377
40  60  0.0487296
40  248  0.0172435
41  247  0.0125768
41  357  0.0111915
42  58  0.415656
42  109  0.44524
42  356  0.0112798
43  57  0.424651
43  108  0.463266
44  49  0.0359353
44  56  0.423571
45  53  0.104901
45  106  0.469272
45  230  0.0110232
46  52  0.159998
46  54  0.049146
46  105  0.467443
46  229  0.0110208
47  51  0.061
47  53  0.0797769
47  54  0.0692408
47  228  0.0105669
48  53  0.0695349
49  104  0.011342
50  102  0.469807
51  101  0.478339
52  100  0.478702
53  99  0.460237
54  98  0.403195
55  65  0.31657
56  64  0.487403
57  63  0.486744
58  62  0.301515
61  242  0.0105049
61  858  0.0437429
62  241  0.0105055
62  857  0.0466446
63  240  0.0104784
63  856  0.0467709
64  239  0.0104735
64  855  0.0468349
65  91  0.192935
65  854  0.0400243
66  90  0.948642
67  89  0.964802
68  88  0.975208
69  87  0.979906
70  86  0.984475
71  85  0.985109
72  84  0.980786
73  83  0.985487
74  82  0.986599
75  81  0.985165
76  80  0.610185
90  854  0.0140714
91  853  0.19572
92  847  0.012228
92  852  0.230181
93  223  0.022275
93  846  0.0117863
93  851  0.25316
94  222  0.0291994
94  845  0.0111482
94  850  0.25578
95  221  0.0314172
95  844  0.0102268
95  849  0.258549
96  220  0.0317249
96  848  0.260707
97  219  0.0322262
97  847  0.260541
98  218  0.0323966
99  104  0.0857345
99  106  0.0102183
99  217  0.0324256
99  423  0.0105089
99  424  0.10464
100  216  0.0323535
100  392  0.0222671
100  422  0.0106838
100  423  0.104596
101  215  0.0322967
101  391  0.0233387
102  214  0.031561
102  390  0.0234759
102  421  0.115247
103  389  0.021832
103  420  0.119782
104  210  0.0143801
104  419  0.119987
105  208  0.0168031
105  211  0.0158425
105  418  0.119982
105  841  0.212787
106  207  0.0170148
106  210  0.015903
106  363  0.0108636
106  387  0.104317
106  417  0.119541
106  840  0.221037
107  206  0.0170727
107  209  0.015834
107  362  0.0135478
107  386  0.105651
107  414  0.0846086
107  839  0.222858
108  205  0.0170789
108  208  0.0155593
108  361  0.0138309
108  385  0.105731
108  412  0.0222214
108  413  0.0905579
108  838  0.223125
109  204  0.016302
109  360  0.0138841
109  384  0.0973348
109  411  0.0217274
109  837  0.223009
110  410  0.0216926
110  411  0.0834056
110  836  0.222264
111  358  0.503772
111  835  0.217261
112  357  0.592298
112  409  0.155298
113  356  0.603446
113  408  0.16593
113  834  0.0151137
114  355  0.605035
114  407  0.166921
114  831  0.048859
114  833  0.0134114
115  354  0.605057
115  406  0.166925
115  829  0.173961
116  187  0.0240343
116  353  0.605043
116  405  0.166818
116  828  0.174079
117  186  0.0247002
117  352  0.603554
117  404  0.161493
117  827  0.173944
118  185  0.0248444
118  351  0.600315
118  403  0.148374
118  826  0.173894
119  184  0.0200274
119  350  0.547056
119  402  0.0935344
119  825  0.161622
122  182  0.0251475
122  333  0.174635
123  181  0.0317012
123  332  0.208147
124  180  0.0365504
124  331  0.230121
124  342  0.0317358
125  179  0.0365186
125  341  0.0315065
126  178  0.0363221
126  337  0.0119137
127  177  0.035953
127  336  0.0128974
127  339  0.0318534
128  157  0.590443
128  338  0.0313702
129  156  0.65223
130  155  0.652118
131  154  0.638995
133  152  0.655289
134  150  0.943692
135  149  0.971587
136  148  0.980419
137  147  0.980675
138  146  0.980532
139  145  0.943779
151  349  0.254075
152  348  0.302254
153  347  0.317373
154  346  0.318899
155  345  0.318926
156  344  0.318832
157  342  0.0377026
157  343  0.148378
158  341  0.0358824
159  210  0.171775
159  328  0.758166
160  174  0.0314448
160  209  0.172673
160  327  0.763288
161  173  0.036982
161  208  0.172798
161  326  0.764079
162  172  0.0372706
162  207  0.172011
162  325  0.764049
163  171  0.0371671
163  206  0.143987
163  324  0.745162
164  170  0.0361139
164  206  0.0180771
164  323  0.719726
165  169  0.0209958
165  202  0.124972
165  205  0.0180004
166  201  0.150332
166  204  0.0178046
166  321  0.736199
167  200  0.149175
167  203  0.015041
167  320  0.738293
168  319  0.738808
169  195  0.161737
169  317  0.730525
170  194  0.164786
170  285  0.012297
170  316  0.730643
171  193  0.165052
171  315  0.736632
172  192  0.165641
172  314  0.73619
173  191  0.165399
173  282  0.0156814
173  299  0.0379778
173  313  0.686697
174  190  0.133777
174  281  0.0156761
174  298  0.681461
175  280  0.0156623
175  297  0.738554
176  266  0.0120565
176  296  0.400056
177  185  0.0192266
177  201  0.0102302
177  265  0.0217099
177  295  0.39997
178  184  0.0145466
178  189  0.130706
178  200  0.0102408
178  264  0.0217313
178  294  0.738905
179  188  0.144489
179  199  0.0102656
179  263  0.0217535
179  293  0.739563
180  187  0.147131
180  198  0.0102589
180  262  0.0217696
180  292  0.740107
181  186  0.106429
181  261  0.0215351
181  291  0.739997
182  260  0.0199751
183  290  0.739914
184  289  0.739898
185  288  0.73979
186  287  0.657333
187  265  0.0113343
191  285  0.0318806
192  202  0.0266771
192  262  0.607457
192  284  0.0317365
193  201  0.0275856
193  261  0.647292
193  283  0.01317
194  260  0.641035
195  256  0.0426907
195  259  0.535295
196  206  0.0136802
196  255  0.0677011
197  205  0.0143824
197  254  0.0683584
197  257  0.0354404
197  266  0.0176024
198  204  0.0146533
198  253  0.0592538
198  261  0.0116506
198  265  0.0210863
199  255  0.016625
199  260  0.0110499
201  238  0.457299
201  250  0.0565718
201  262  0.0516624
202  237  0.470259
202  249  0.0566752
202  261  0.0528812
203  236  0.461535
203  248  0.0551585
203  260  0.0490484
204  238  0.197406
205  235  0.449756
205  237  0.203647
205  246  0.0420179
206  234  0.207584
206  245  0.0406451
207  233  0.206427
207  236  0.221297
208  232  0.449491
208  235  0.254988
208  242  0.0428186
209  231  0.449007
209  234  0.118085
209  241  0.0429068
210  230  0.447326
210  233  0.118678
210  240  0.042931
211  229  0.434437
211  232  0.256929
211  251  0.0103686
211  824  0.17047
212  231  0.256914
212  238  0.0429439
212  250  0.0105232
212  823  0.170626
213  228  0.0293173
213  229  0.0256163
213  230  0.237413
213  237  0.0429285
213  249  0.0104958
213  822  0.169632
214  228  0.0571914
214  236  0.0419488
214  248  0.0100524
214  821  0.155733
215  227  0.0206959
215  234  0.019224
218  223  0.0147963
218  227  0.610634
218  231  0.0421952
218  366  0.0100096
219  226  0.682924
219  230  0.208863
219  365  0.0100879
220  225  0.609326
220  229  0.209679
220  364  0.0100825
221  228  0.164534
227  360  0.0120415
228  359  0.012111
229  358  0.0121262
230  356  0.0121637
231  355  0.0124507
231  819  0.177836
232  244  0.0146249
232  354  0.0124239
232  818  0.178102
233  243  0.0174917
233  353  0.0123963
233  817  0.177507
234  242  0.0184299
234  351  0.0171773
234  816  0.177215
235  241  0.0182018
235  350  0.0173995
236  349  0.0172683
236  815  0.179588
237  814  0.180693
238  347  0.0174448
238  813  0.180801
239  246  0.0126468
239  253  0.679975
239  346  0.017465
239  812  0.180808
240  245  0.0124117
240  252  0.681239
240  811  0.18079
241  251  0.681975
241  345  0.0205257
241  810  0.132298
242  250  0.677342
242  344  0.0205482
243  343  0.0205294
243  808  0.15482
244  249  0.0626146
244  342  0.0204871
244  807  0.180157
245  341  0.0195057
245  806  0.180802
246  805  0.180807
247  340  0.0170823
247  804  0.180536
248  339  0.0171612
248  803  0.180565
249  338  0.0173436
249  802  0.180591
250  321  0.0634952
250  337  0.0156417
250  801  0.118595
251  320  0.0635646
251  336  0.0156319
251  800  0.118163
252  319  0.0649482
252  799  0.0299813
253  318  0.0649531
254  317  0.0629198
255  316  0.0560774
259  276  0.0267297
259  327  0.0339329
260  275  0.0306437
260  293  0.061001
260  326  0.0363657
260  333  0.0356321
261  274  0.030866
261  292  0.0645714
261  325  0.0376915
261  332  0.0383245
262  291  0.0647444
262  324  0.0290905
262  331  0.0373354
263  323  0.0187959
264  327  0.0116052
265  271  0.0114402
265  288  0.0490541
265  326  0.0117116
268  274  0.0246449
268  280  0.0125002
268  285  0.822325
268  286  0.0161615
269  273  0.0103926
269  279  0.0106531
269  284  0.826632
269  285  0.0148789
270  283  0.828349
271  282  0.806843
273  283  0.0210489
274  282  0.0224108
281  327  0.0427935
282  326  0.0459074
283  325  0.0156842
285  323  0.0343808
285  324  0.0251063
286  322  0.0113712
286  323  0.106086
287  322  0.159403
288  321  0.18844
289  320  0.188471
290  319  0.188528
291  318  0.188405
292  317  0.127116
293  317  0.0183775
295  315  0.159218
296  313  0.0306459
296  314  0.226682
297  312  0.0310552
297  313  0.226364
299  311  0.782687
300  310  0.996532
301  309  0.996309
302  308  0.935073
326  801  0.0338576
328  799  0.0599538
329  798  0.101435
330  337  0.0656573
330  797  0.103474
330  801  0.0203614
331  336  0.0660495
331  338  0.0552194
331  339  0.0173757
331  796  0.103993
331  800  0.0221187
332  337  0.0367704
332  342  0.130464
332  795  0.100074
332  799  0.0232088
333  341  0.121219
333  798  0.0217099
334  339  0.110106
334  350  0.0365328
334  401  0.0264629
334  402  0.0548411
334  794  0.0427208
335  349  0.0549621
335  400  0.0263655
335  401  0.0848538
335  793  0.0395271
335  796  0.0303614
336  347  0.0222685
336  348  0.0544765
336  434  0.0511183
336  795  0.0637419
337  349  0.0107612
337  399  0.135736
337  433  0.0517682
337  794  0.0637529
338  346  0.0858594
338  347  0.128715
338  348  0.0105846
338  398  0.143198
338  432  0.0519925
339  345  0.0829558
339  346  0.124778
339  347  0.0106881
339  397  0.143497
339  431  0.0514254
340  396  0.143428
341  395  0.143238
341  406  0.0172338
341  791  0.128858
342  394  0.142398
342  405  0.0262903
342  790  0.132599
343  393  0.0939383
343  789  0.13257
344  351  0.0908924
344  355  0.0264314
344  392  0.0182595
344  403  0.0805029
344  788  0.132661
345  350  0.086431
345  354  0.0271219
345  402  0.0814266
345  787  0.130093
346  353  0.0246847
346  401  0.0822103
346  786  0.124961
347  400  0.0822145
347  661  0.036242
348  399  0.0778654
348  660  0.0296159
350  750  0.0306807
351  394  0.0841085
351  658  0.0896038
351  749  0.0274278
352  393  0.119794
352  657  0.0901371
352  748  0.0218741
352  785  0.0104699
353  365  0.0100343
353  392  0.152683
353  656  0.0903452
353  746  0.0107099
353  784  0.0107724
354  364  0.0100401
354  391  0.168183
354  655  0.0903464
354  711  0.0323487
354  783  0.010774
355  363  0.0100157
355  390  0.186008
355  654  0.090323
355  710  0.0342216
355  782  0.0107685
356  389  0.206674
356  639  0.0408902
356  709  0.0347474
357  388  0.208331
357  638  0.0409377
357  653  0.0542319
357  708  0.0347432
358  381  0.0179778
358  637  0.0328707
358  652  0.0553686
358  707  0.0347959
359  380  0.0180603
359  386  0.210429
359  651  0.0549129
359  706  0.0348398
360  379  0.017861
360  385  0.210559
360  650  0.0489393
360  705  0.0348643
361  378  0.0178256
361  384  0.21565
361  634  0.0877935
361  704  0.0347275
362  382  0.10685
362  383  0.160688
362  633  0.0873906
363  377  0.0173812
363  381  0.173504
363  702  0.0348183
364  631  0.103447
364  701  0.0349025
365  379  0.265332
365  630  0.10362
365  700  0.0348486
366  375  0.0165541
366  378  0.285942
366  629  0.103457
367  377  0.285857
367  381  0.47019
367  628  0.10364
368  380  0.491888
368  627  0.103611
369  376  0.297926
369  379  0.500819
369  626  0.103479
370  375  0.268462
370  378  0.491035
370  625  0.0991047
372  619  0.0775814
373  618  0.0902651
374  617  0.0937135
375  387  0.0182657
375  616  0.0948205
376  386  0.0185897
376  615  0.09493
377  385  0.012532
377  614  0.0949331
378  385  0.011814
378  390  0.0118418
378  613  0.0949172
379  384  0.0189206
379  389  0.0258141
379  612  0.0929653
380  388  0.0273447
380  611  0.0856672
381  387  0.0275826
382  386  0.0105033
382  696  0.0100623
383  609  0.0832148
384  608  0.0928869
385  607  0.092391
385  694  0.0177786
386  606  0.0873752
387  693  0.0347632
388  692  0.034949
389  601  0.0231484
389  691  0.0350922
390  600  0.029769
390  602  0.0176077
390  690  0.0351351
391  599  0.0295828
391  601  0.0171608
391  689  0.0350344
392  598  0.0261408
392  688  0.0347005
393  597  0.0214897
393  687  0.0316969
395  597  0.0305515
396  596  0.0374364
397  595  0.0381035
400  594  0.0164971
401  592  0.138591
402  591  0.139845
403  590  0.140571
404  589  0.140829
404  868  0.031517
404  872  0.0426957
404  875  0.0263517
405  428  0.0111944
405  588  0.141004
405  859  0.020262
405  867  0.0590586
405  871  0.0960903
406  427  0.0111387
406  587  0.140991
406  858  0.0202799
406  866  0.0588789
406  870  0.0964454
406  873  0.367287
407  586  0.140436
407  857  0.0202469
407  868  0.0274052
407  869  0.090866
407  872  0.386889
408  431  0.0166418
408  432  0.0541543
408  867  0.0332579
408  871  0.386089
409  430  0.0115713
410  430  0.108472
410  869  0.306431
411  429  0.142854
411  433  0.0335544
411  860  0.0178528
411  865  0.147679
411  868  0.381703
412  423  0.0156077
412  428  0.154905
412  432  0.0453969
412  859  0.0197199
412  864  0.160215
412  867  0.398688
413  422  0.0173461
413  427  0.154801
413  431  0.045405
413  858  0.0197305
413  863  0.170123
413  866  0.396297
414  421  0.0189021
414  430  0.041878
414  857  0.0196896
414  862  0.229965
414  865  0.341603
415  420  0.0183075
415  426  0.0285263
415  856  0.0191523
415  861  0.328947
415  864  0.226685
416  834  0.0491145
416  855  0.0189235
416  860  0.38288
417  424  0.17496
417  428  0.0533797
417  833  0.0510281
417  859  0.256289
417  861  0.0117943
418  423  0.174198
418  427  0.0535581
418  832  0.0510356
418  858  0.130164
418  859  0.309825
419  426  0.051822
419  831  0.0510358
419  858  0.435561
420  425  0.0455449
420  830  0.0474043
420  857  0.560395
421  856  0.560036
422  829  0.0264337
422  855  0.533448
423  828  0.025503
423  829  0.0190603
423  854  0.504835
423  855  0.0282693
424  828  0.020336
424  850  0.0132038
424  852  0.254989
424  854  0.0551616
425  827  0.0152357
425  853  0.079087
426  830  0.208586
426  842  0.218865
426  848  0.0386566
426  851  0.0863486
426  852  0.0293682
427  829  0.231382
427  841  0.240287
427  847  0.0410865
427  850  0.0867107
428  828  0.231932
428  840  0.240641
428  850  0.0334281
429  827  0.178696
429  839  0.186798
430  836  0.0619563
430  839  0.0477501
430  856  0.0205962
431  829  0.0732157
431  835  0.0812267
431  838  0.0940221
431  841  0.142991
431  855  0.0262638
432  828  0.0740379
432  834  0.0812254
432  840  0.143665
432  854  0.0269056
433  797  0.141197
433  827  0.0425504
433  836  0.145775
433  839  0.142648
433  853  0.0268948
434  796  0.172566
434  835  0.149
434  838  0.141138
434  852  0.0203518
435  794  0.23138
435  796  0.21518
435  834  0.1485
436  793  0.236598
436  851  0.01312
437  792  0.237118
437  794  0.566696
437  850  0.01308
438  791  0.236906
438  793  0.587313
439  585  0.114808
439  790  0.236436
439  792  0.590292
440  584  0.115431
440  789  0.14151
440  791  0.590073
441  583  0.112962
441  788  0.0501087
442  579  0.103164
442  787  0.0254986
442  789  0.676712
443  454  0.0139633
443  578  0.167201
443  750  0.0164365
443  788  0.770651
444  453  0.0139746
444  577  0.167322
444  749  0.0164476
444  787  0.794435
445  452  0.0137722
445  576  0.167324
445  748  0.0164468
445  786  0.79737
446  575  0.167233
446  747  0.016353
446  785  0.795286
447  574  0.167321
447  746  0.0159731
447  783  0.345012
447  784  0.447667
448  573  0.167129
448  782  0.688549
449  555  0.147224
450  554  0.159818
451  553  0.165278
452  463  0.793613
452  552  0.167064
452  740  0.014022
453  462  0.795708
453  551  0.167059
453  739  0.014025
454  461  0.792996
454  550  0.166996
454  738  0.0140283
455  460  0.491149
455  549  0.120932
457  522  0.146366
457  735  0.0139464
458  521  0.144053
458  734  0.0139642
459  733  0.0139551
461  518  0.156193
461  527  0.010776
461  732  0.0122067
462  517  0.156134
462  526  0.0107818
462  731  0.0104152
463  516  0.155855
463  525  0.0107828
465  523  0.010651
466  513  0.0571697
466  514  0.0840019
466  522  0.0106627
466  652  0.804866
467  512  0.0588784
467  513  0.0831381
467  521  0.010611
467  651  0.804981
468  511  0.0543146
468  650  0.80133
469  649  0.787418
470  648  0.658812
473  509  0.164426
474  508  0.171426
474  645  0.802751
475  507  0.17187
475  644  0.819347
476  506  0.171703
476  643  0.81939
477  642  0.817377
478  504  0.0531973
478  505  0.0159371
478  641  0.797097
479  504  0.0148661
479  640  0.626204
481  501  0.931425
482  500  0.992164
483  499  0.993545
484  498  0.994414
485  497  0.993562
486  496  0.9918
487  495  0.944145
502  635  0.555275
502  636  0.082803
503  634  0.821121
504  633  0.823287
505  632  0.824207
506  631  0.824886
507  630  0.824419
508  628  0.202146
508  629  0.612484
509  627  0.209752
509  628  0.597789
510  608  0.0106816
510  626  0.664058
511  627  0.0437854
512  606  0.01963
512  626  0.0383056
513  605  0.0293111
513  623  0.251167
514  604  0.0307712
514  622  0.257676
515  604  0.0910099
516  603  0.825357
517  602  0.826324
518  601  0.826145
519  600  0.756981
520  597  0.73168
521  596  0.827132
522  595  0.831729
523  545  0.15192
523  594  0.831994
524  544  0.152192
524  593  0.831993
525  592  0.831591
526  542  0.156338
526  591  0.830415
527  541  0.156454
527  590  0.828578
528  540  0.157917
528  545  0.305068
528  551  0.0692843
528  574  0.0300122
528  587  0.126402
528  588  0.0120047
529  539  0.156939
529  544  0.305186
529  550  0.0700315
529  573  0.0299736
529  585  0.32407
529  586  0.0781235
530  538  0.140587
530  543  0.304709
530  549  0.0690903
530  584  0.379804
530  585  0.0227775
531  542  0.299257
531  583  0.397544
532  536  0.0604351
532  582  0.392352
533  540  0.0345395
533  581  0.329488
534  540  0.0662676
535  539  0.0598406
535  541  0.0137238
535  544  0.413797
535  576  0.0118274
535  579  0.0171499
535  585  0.0216827
536  543  0.421681
536  553  0.0158322
536  575  0.0119424
536  584  0.0218124
537  542  0.410625
537  552  0.0218461
537  574  0.0118679
537  583  0.0218254
538  551  0.0217469
538  552  0.014781
538  582  0.0137552
539  545  0.0171792
539  551  0.014816
539  581  0.0123107
540  549  0.0210793
540  550  0.0130811
540  580  0.0187486
541  578  0.011675
542  577  0.011631
544  551  0.0242853
545  550  0.0239703
550  574  0.0287437
550  578  0.547699
550  587  0.0409444
551  573  0.0284823
551  577  0.547972
551  586  0.0413995
552  576  0.547536
552  585  0.0413584
553  570  0.0400169
554  569  0.057867
554  575  0.0209673
555  568  0.0602797
555  573  0.483575
555  589  0.103999
556  567  0.0794822
556  572  0.777731
556  588  0.129179
557  566  0.0794235
557  571  0.778269
557  587  0.129119
558  565  0.0787301
558  586  0.126887
559  564  0.0639548
559  570  0.778778
560  569  0.780159
560  585  0.107053
561  568  0.782827
561  584  0.109591
562  567  0.760824
562  583  0.124611
563  582  0.124113
565  581  0.127135
566  580  0.128081
567  579  0.129293
568  578  0.127789
568  583  0.01688
569  582  0.0166274
570  577  0.079436
571  576  0.0577634
571  577  0.0264688
572  576  0.0169458
572  579  0.0309888
573  578  0.0355035
576  588  0.0777891
577  587  0.0779214
578  586  0.0764662
591  841  0.0189162
592  840  0.0190676
593  602  0.0393396
593  686  0.028813
593  839  0.0193611
594  601  0.0396706
594  685  0.031861
594  838  0.0193689
595  600  0.0354318
595  620  0.018286
595  684  0.0328195
596  619  0.0182459
596  683  0.032372
597  682  0.0223644
598  618  0.0311984
599  617  0.0346375
600  616  0.0358523
600  681  0.0299027
601  615  0.0362579
601  680  0.0335302
602  614  0.0362578
602  679  0.0337245
603  613  0.0356508
603  678  0.033177
604  612  0.0252048
604  619  0.415579
604  620  0.208953
605  618  0.613727
605  619  0.139705
606  617  0.715133
606  618  0.0699252
606  677  0.025596
607  616  0.795756
607  676  0.0345309
608  615  0.794706
608  675  0.0352158
609  614  0.601416
609  674  0.0342031
612  673  0.016679
613  625  0.0137648
613  672  0.0353921
614  624  0.013665
614  671  0.0354469
615  622  0.0120445
615  670  0.0353743
617  669  0.0324445
618  668  0.0324449
619  667  0.0338454
620  666  0.0339101
622  837  0.0197875
623  836  0.0198574
624  835  0.0199679
625  834  0.0199195
626  831  0.012442
627  659  0.0420034
627  830  0.0199087
628  658  0.042747
628  829  0.0203
629  657  0.0427345
630  656  0.0427542
631  655  0.042599
631  826  0.0200482
634  792  0.0104103
635  650  0.0273635
635  791  0.0104614
636  649  0.0287196
636  790  0.010466
637  648  0.0246674
639  649  0.0138416
640  648  0.0137324
641  647  0.0125577
644  649  0.118809
654  719  0.0123879
654  779  0.823559
654  788  0.0148927
655  718  0.0123951
655  778  0.823969
655  787  0.0149017
656  717  0.0123953
656  777  0.823972
656  786  0.0148916
657  716  0.0123684
657  776  0.823283
658  715  0.0123102
658  775  0.823457
659  774  0.812958
660  665  0.0107503
660  773  0.681252
666  754  0.0530847
666  755  0.0136279
666  767  0.0433465
667  753  0.0616833
667  754  0.0176944
667  766  0.0445236
668  753  0.0170429
668  755  0.149462
668  765  0.0437867
669  754  0.215479
669  764  0.0416422
670  719  0.304834
670  750  0.344473
670  753  0.242073
670  762  0.0170319
670  763  0.0172388
671  718  0.305057
671  749  0.344651
671  752  0.244955
671  761  0.0335745
672  717  0.30494
672  748  0.344375
672  751  0.24497
672  760  0.0333642
673  715  0.0126386
673  716  0.266352
673  750  0.230708
674  711  0.825933
675  710  0.923811
676  709  0.952247
677  708  0.951558
678  707  0.891011
679  706  0.892424
680  705  0.950647
681  703  0.152555
681  704  0.800041
682  702  0.303689
682  703  0.646231
683  701  0.454045
684  700  0.453866
684  701  0.0146093
685  698  0.44459
685  702  0.470273
686  697  0.441252
686  701  0.4722
687  700  0.455758
688  695  0.033921
688  696  0.036506
689  695  0.0315085
690  697  0.463296
691  696  0.407202
711  747  0.0649431
712  745  0.285009
712  746  0.28808
713  744  0.428598
713  745  0.192038
714  743  0.534528
714  744  0.0960582
715  742  0.633409
716  741  0.632378
717  740  0.633846
717  859  0.0105792
718  739  0.633897
718  858  0.0105958
719  738  0.633788
719  857  0.0105961
720  737  0.593799
720  771  0.270709
720  856  0.0105917
721  770  0.292731
721  855  0.0105966
722  733  0.622589
722  769  0.292963
722  854  0.0105923
723  732  0.632921
723  768  0.282789
724  731  0.586916
725  730  0.317573
726  765  0.211067
727  764  0.135898
728  760  0.274121
729  759  0.336239
730  758  0.339569
731  757  0.340273
732  756  0.340255
733  755  0.339126
734  842  0.0104724
735  841  0.0105819
736  752  0.339281
736  840  0.0105685
737  751  0.338809
738  750  0.340287
739  749  0.340302
739  835  0.0106429
740  748  0.338202
740  834  0.0106455
741  746  0.0106368
741  833  0.0106176
742  832  0.0105773
744  830  0.0102747
745  829  0.0105753
746  828  0.010649
747  827  0.0106325
748  826  0.0106005
751  784  0.156564
752  783  0.156763
753  782  0.156587
754  781  0.155883
755  772  0.24626
755  780  0.15656
756  771  0.468079
756  779  0.156779
756  788  0.0100408
757  770  0.4764
757  778  0.156775
757  787  0.0100034
758  769  0.475805
758  777  0.0626107
759  768  0.477462
759  776  0.0598044
760  767  0.468449
760  775  0.151971
760  784  0.0101905
761  766  0.290088
761  771  0.130472
761  774  0.0264553
761  783  0.0102156
762  770  0.158686
763  769  0.153675
767  778  0.0104731
768  777  0.0104943
769  776  0.0105491
770  775  0.0103319
795  828  0.0160356
796  826  0.0116152
796  827  0.0123637
796  831  0.0910261
796  837  0.012831
797  830  0.0916227
798  829  0.0873044
799  825  0.523093
799  828  0.0122964
800  824  0.814476
801  823  0.814528
802  822  0.81812
803  821  0.817646
804  820  0.817317
805  819  0.818404
806  818  0.814712
807  817  0.609125
808  815  0.0144467
808  817  0.161999
809  816  0.316388
810  815  0.282761
825  836  0.0998903
826  835  0.16316
827  834  0.163601
828  833  0.174758
829  837  0.0130215
830  836  0.0130676
831  841  0.121874
832  840  0.120746
832  841  0.157248
833  838  0.101816
833  840  0.155335
834  839  0.102305
836  848  0.0113125
837  847  0.011952
850  871  0.0459785
851  870  0.0460298
853  868  0.0463022
854  867  0.0589865
855  866  0.0590199
856  865  0.0582262
857  864  0.0509454
857  870  0.0143152
858  869  0.100995
859  868  0.111114
860  867  0.107099
870  877  0.175659
871  876  0.200704
