1  964  0.011144
2  42  0.0259157
2  963  0.0126898
2  965  0.816469
3  41  0.0312206
3  894  0.0144715
3  962  0.014051
3  964  0.932875
4  40  0.0312236
4  893  0.0144754
4  961  0.0140428
4  963  0.937151
5  39  0.0312568
5  178  0.0118357
5  892  0.0164105
5  962  0.936982
6  177  0.0118447
6  891  0.0163431
6  961  0.936809
7  38  0.0348983
7  176  0.0118784
7  960  0.835125
8  37  0.0440898
8  65  0.0344499
8  175  0.0118783
8  229  0.0509474
8  953  0.619553
9  36  0.0448301
9  64  0.0374501
9  174  0.011941
9  228  0.0540144
9  952  0.638668
10  24  0.0140772
10  35  0.0404017
10  62  0.0115506
10  71  0.0248888
10  227  0.0555505
10  951  0.633094
11  19  0.0185209
11  24  0.0101269
11  34  0.0401772
11  70  0.0248143
11  226  0.0555307
11  950  0.585078
12  18  0.0140915
12  225  0.0536006
12  949  0.484769
13  21  0.0209041
13  32  0.0351911
13  108  0.0284795
13  223  0.0263405
14  60  0.085989
14  107  0.029131
15  30  0.0427585
15  59  0.0973936
15  106  0.0285408
15  946  0.0532468
16  29  0.04307
16  58  0.097833
16  105  0.0279828
16  220  0.043695
16  945  0.0533973
16  947  0.0203612
17  38  0.189748
17  219  0.0442882
17  946  0.0208492
18  27  0.115683
18  37  0.287551
18  56  0.0301264
18  104  0.024483
18  218  0.044303
18  945  0.0149362
19  26  0.119113
19  36  0.29543
19  55  0.111098
19  103  0.0252981
19  217  0.0444173
19  942  0.0222001
20  35  0.295265
20  54  0.111111
20  216  0.0443836
21  33  0.0671672
21  34  0.228203
21  39  0.110899
21  41  0.0251697
21  53  0.111093
21  101  0.045542
21  215  0.0443582
21  892  0.0160469
21  944  0.0114297
22  32  0.131087
22  40  0.0251178
22  52  0.109954
22  100  0.0458045
22  214  0.0442554
22  891  0.0159963
22  943  0.010797
23  32  0.0487071
23  37  0.224507
23  51  0.0172384
23  99  0.0458594
24  32  0.0148083
24  36  0.237488
24  51  0.0916425
24  98  0.0457443
25  30  0.159588
25  35  0.237691
25  50  0.0914342
26  31  0.0778592
26  34  0.234903
26  951  0.0167648
27  950  0.0165758
28  949  0.0135562
29  95  0.0217335
30  92  0.0230848
30  94  0.0223183
31  45  0.0708577
31  91  0.0232537
31  93  0.0223305
32  44  0.0727667
32  46  0.044029
32  90  0.0229419
32  892  0.0988995
32  944  0.109195
33  43  0.0379411
33  45  0.0442851
33  891  0.0989339
33  943  0.109254
34  43  0.0794537
34  890  0.0979608
34  942  0.108836
35  42  0.114981
35  941  0.0531582
36  41  0.111331
36  107  0.0112426
36  226  0.111926
37  88  0.0156319
37  106  0.0122355
37  225  0.1144
38  105  0.0139682
38  224  0.120387
38  941  0.030164
38  953  0.0109532
39  86  0.0584803
39  104  0.0140646
39  223  0.121507
39  940  0.0430633
39  952  0.0121502
40  85  0.0814429
40  222  0.118561
40  944  0.408345
41  84  0.0835788
41  103  0.0138702
41  221  0.118503
41  939  0.0704518
41  943  0.407366
42  83  0.0839577
42  938  0.0717414
43  82  0.0843751
43  101  0.0274623
43  201  0.107149
43  894  0.515494
43  937  0.0722975
43  964  0.0267729
44  81  0.0844875
44  100  0.0277494
44  200  0.107196
44  893  0.515763
44  936  0.0724738
44  963  0.0275325
45  80  0.0843065
45  199  0.0868442
45  892  0.513886
45  935  0.0725627
45  962  0.0275386
46  78  0.0486047
46  98  0.152912
46  891  0.509968
46  934  0.0721755
46  961  0.0273657
47  77  0.0483985
47  78  0.0355064
47  97  0.155784
47  890  0.50479
47  933  0.0703989
48  77  0.0355257
48  96  0.157558
48  916  0.0159097
48  931  0.017517
49  75  0.0180846
49  95  0.156427
49  888  0.0156026
49  915  0.0152356
50  67  0.0496063
50  94  0.150508
50  914  0.0116881
50  923  0.0158325
51  66  0.0622416
51  71  0.151375
51  887  0.396836
52  66  0.0138449
52  70  0.151663
52  886  0.425404
52  921  0.0387658
53  64  0.0932459
53  68  0.153734
53  91  0.143411
53  885  0.428466
53  920  0.0390861
54  63  0.0938621
54  67  0.15368
54  89  0.148979
54  884  0.428229
54  919  0.039955
55  62  0.0940419
55  66  0.153219
55  88  0.15001
55  883  0.428421
55  918  0.0405062
56  87  0.150722
56  882  0.426769
56  917  0.0405504
57  64  0.066031
57  86  0.150589
57  880  0.419507
57  916  0.0405495
58  85  0.143403
58  879  0.415332
58  915  0.0393129
59  84  0.118678
59  878  0.401385
59  914  0.0346861
60  877  0.368159
60  913  0.0154063
61  82  0.0794885
61  85  0.0118115
62  68  0.0264975
62  81  0.0801655
62  84  0.0176404
62  241  0.0171301
63  83  0.0172685
64  76  0.012033
64  80  0.0239302
64  82  0.0153504
64  83  0.0397537
64  239  0.053924
65  82  0.0450372
66  77  0.0224618
66  78  0.0136106
66  81  0.0469448
66  237  0.150427
67  236  0.149289
68  76  0.101418
68  80  0.0419936
68  239  0.0629889
69  75  0.079601
70  78  0.0901293
70  238  0.0878313
70  913  0.0637671
71  77  0.0874733
71  96  0.0171965
71  232  0.0841626
71  237  0.0881311
71  912  0.0654209
72  231  0.0642607
72  232  0.148837
72  911  0.0651694
72  956  0.106517
73  94  0.0367899
73  230  0.0433677
73  231  0.286235
73  235  0.0292677
73  910  0.0634927
73  955  0.143161
74  93  0.0417175
74  229  0.0223486
74  230  0.334459
74  234  0.0305665
74  954  0.151653
75  92  0.044236
75  229  0.364353
75  233  0.0307858
75  953  0.154216
76  91  0.0445154
76  228  0.387231
76  232  0.0307735
76  952  0.15464
77  90  0.0441234
77  227  0.386629
77  875  0.0249657
77  906  0.0778127
77  951  0.15388
78  226  0.38638
78  874  0.0249737
78  905  0.0780135
78  950  0.149924
79  225  0.365339
79  873  0.0241566
79  949  0.142308
80  91  0.0586323
80  96  0.0158041
80  184  0.0381356
80  187  0.0162675
80  223  0.0748766
80  871  0.0195522
80  904  0.0782575
81  87  0.0203885
81  90  0.0613763
81  95  0.015973
81  183  0.0346239
81  186  0.0163499
81  222  0.0702921
81  870  0.018176
81  903  0.0786648
81  948  0.101288
82  89  0.0546984
82  94  0.0155784
82  185  0.0151311
82  221  0.0685707
82  869  0.0147734
82  902  0.0751148
82  947  0.0644678
83  93  0.0109502
83  181  0.0615399
83  220  0.0496435
83  897  0.106797
83  901  0.0301417
83  947  0.0372923
84  180  0.0819745
84  219  0.0167228
84  250  0.0214862
84  896  0.144948
84  900  0.013887
84  946  0.066869
85  179  0.0821443
85  209  0.0160824
85  223  0.175031
85  249  0.0216761
85  895  0.156941
85  945  0.0670412
86  178  0.0822254
86  208  0.0295341
86  219  0.0124838
86  222  0.190423
86  248  0.0226259
86  894  0.159741
86  944  0.0672465
87  177  0.0797911
87  207  0.0285123
87  218  0.0133755
87  221  0.191069
87  247  0.0226238
87  893  0.159451
87  943  0.0671596
88  217  0.0125831
88  220  0.190961
88  246  0.0200191
88  942  0.0584775
89  176  0.0589689
89  206  0.0400476
89  219  0.189726
90  108  0.0312661
90  175  0.058801
90  205  0.0416661
90  218  0.188789
90  890  0.174325
90  940  0.0146413
91  107  0.0339017
91  204  0.0425976
91  889  0.175861
92  106  0.0339841
92  173  0.0557543
92  216  0.171775
92  888  0.175438
93  203  0.0333049
93  215  0.165844
93  887  0.173396
93  899  0.020355
94  886  0.170246
94  898  0.0269395
95  103  0.0383312
95  170  0.0552916
95  200  0.0181434
95  202  0.0466638
95  228  0.0103276
95  229  0.018534
95  885  0.145229
95  897  0.0392485
96  102  0.0421121
96  169  0.0588705
96  199  0.141347
96  201  0.0509678
96  227  0.0477905
96  896  0.0424667
97  101  0.0260886
97  198  0.140953
97  199  0.0355031
97  226  0.0475531
97  227  0.147812
97  875  0.0435407
97  883  0.0100968
98  167  0.0164786
98  197  0.128322
98  198  0.0352576
98  199  0.0541346
98  225  0.035327
98  226  0.148787
98  874  0.0467621
98  882  0.0100598
98  894  0.0150381
99  166  0.0603999
99  197  0.0360329
99  198  0.0522152
99  225  0.141416
99  873  0.0470159
100  165  0.0605664
100  195  0.576102
100  219  0.0182636
100  239  0.0193054
100  872  0.0467409
100  892  0.0635754
101  164  0.0598805
101  194  0.621539
101  218  0.0194524
101  238  0.0193517
101  871  0.0451454
101  891  0.0636393
102  118  0.0172678
102  193  0.622194
102  217  0.0208465
102  228  0.0243678
102  237  0.0192408
102  890  0.0631683
103  117  0.096193
103  192  0.621604
103  216  0.0206825
103  227  0.0735947
103  889  0.0169493
104  116  0.0963168
104  190  0.0103881
104  191  0.611763
104  215  0.0205107
104  226  0.0743696
104  888  0.0129477
105  115  0.0954342
105  186  0.012808
105  225  0.0742067
106  114  0.0916391
106  185  0.0135716
106  188  0.0143934
106  189  0.181763
106  224  0.0734036
107  179  0.0807472
107  187  0.0156744
107  188  0.181989
107  223  0.0729833
108  178  0.116012
108  222  0.0709142
109  186  0.111453
110  170  0.0338695
110  171  0.0236718
110  177  0.158597
110  184  0.0663666
110  187  0.0216604
110  217  0.0525578
111  176  0.160902
111  183  0.0159945
111  186  0.0181459
111  216  0.0506667
112  169  0.666156
112  215  0.0432363
113  168  0.668138
113  174  0.162737
113  214  0.0420423
114  167  0.671852
114  173  0.166611
114  213  0.0304173
115  172  0.168266
116  171  0.168782
117  164  0.707627
117  170  0.168258
118  163  0.867042
118  169  0.103683
119  162  0.868955
119  167  0.0970236
120  161  0.86966
120  166  0.0969135
121  160  0.868292
121  165  0.0975647
122  159  0.842121
122  164  0.0976045
123  156  0.0109699
123  163  0.0974476
124  162  0.0955055
125  154  0.0262976
125  157  0.865899
126  153  0.0334237
126  156  0.936947
127  152  0.0131637
127  155  0.936692
128  154  0.930199
129  149  0.14346
129  150  0.105229
129  152  0.0135325
130  148  0.152197
130  149  0.118157
130  152  0.0144601
131  147  0.158029
131  148  0.117029
131  152  0.53868
132  146  0.159688
132  147  0.103682
132  151  0.523595
133  144  0.115608
133  145  0.116064
134  143  0.207351
134  144  0.0696851
135  142  0.255513
135  148  0.705976
136  141  0.223589
136  142  0.0266414
136  147  0.707953
137  141  0.0166054
137  146  0.706855
138  145  0.534269
150  167  0.0112978
151  166  0.01231
152  165  0.0128404
153  164  0.0129292
154  163  0.0130923
164  169  0.0628968
164  190  0.0120401
164  844  0.0239845
165  189  0.0126711
165  843  0.0240136
166  188  0.0129283
166  842  0.023994
167  187  0.0129527
167  841  0.0240189
168  186  0.0127658
168  840  0.0239017
169  839  0.0238489
170  208  0.116545
170  838  0.0191084
170  900  0.0215179
171  183  0.413842
171  899  0.0221474
172  182  0.447092
172  206  0.130362
172  898  0.0224296
173  181  0.459351
173  205  0.132141
173  897  0.0229303
174  180  0.461828
174  191  0.010301
174  204  0.136353
174  896  0.0224973
175  190  0.0144678
175  203  0.136374
175  250  0.0204707
175  894  0.0234073
176  189  0.0143844
176  202  0.136326
176  240  0.0195467
176  249  0.0206672
176  893  0.0233934
177  201  0.136396
177  239  0.026871
177  248  0.0208761
177  892  0.0236511
178  187  0.0217752
178  200  0.135887
178  238  0.026886
178  247  0.0208662
178  891  0.0235867
179  186  0.016515
180  187  0.129966
180  237  0.044483
180  890  0.0100708
181  186  0.0861249
181  195  0.0584842
181  197  0.0105275
181  236  0.0444598
182  194  0.0587712
182  196  0.0109382
182  235  0.0441757
183  193  0.0603952
183  234  0.0431207
184  192  0.0649519
186  193  0.0338494
186  231  0.0212222
187  192  0.037121
190  891  0.0165014
191  218  0.019551
191  890  0.0167162
192  217  0.0207683
192  228  0.135702
193  216  0.021462
193  227  0.148517
194  215  0.0215085
194  226  0.148462
195  214  0.0214701
196  213  0.0150376
197  211  0.013188
198  210  0.0127027
198  224  0.433656
199  223  0.468639
200  208  0.174684
200  222  0.479978
201  207  0.174129
201  221  0.479984
202  206  0.066288
202  219  0.590395
203  218  0.605306
204  217  0.608893
205  216  0.605045
207  215  0.631342
208  214  0.629408
209  213  0.23962
212  224  0.011473
213  223  0.0128256
214  222  0.0160191
215  221  0.015989
226  891  0.0105318
227  232  0.0111135
227  890  0.0127305
228  889  0.0381837
229  888  0.0373557
230  887  0.0356184
231  236  0.0101926
231  886  0.0310328
232  889  0.302563
233  888  0.302072
234  887  0.289164
235  886  0.288777
236  876  0.0306141
236  884  0.399496
236  885  0.101878
237  875  0.036858
237  883  0.533535
238  245  0.0898114
238  874  0.0256248
238  882  0.53361
239  244  0.089071
239  880  0.541756
240  873  0.0106778
240  879  0.540077
241  872  0.0103024
243  837  0.0164876
243  876  0.70704
244  836  0.0219523
244  872  0.024223
244  875  0.755166
245  835  0.0219559
245  871  0.024304
246  834  0.0193392
246  873  0.834284
247  833  0.0125506
247  872  0.864637
248  261  0.0223584
248  871  0.864279
249  260  0.0225674
249  848  0.675835
250  259  0.0225967
250  847  0.810015
251  258  0.0227198
251  844  0.012981
251  846  0.922325
252  257  0.0164888
252  843  0.0124738
252  845  0.902441
254  842  0.0241989
254  843  0.722496
255  841  0.0287662
255  842  0.723247
256  840  0.0149955
257  840  0.936204
258  839  0.972496
259  838  0.976812
260  837  0.976622
261  836  0.976688
263  834  0.96004
264  833  0.912676
267  830  0.997659
268  829  0.99992
269  828  0.999951
270  827  0.99903
271  826  0.9993
272  825  0.999757
273  824  0.999416
274  823  0.997916
276  288  0.0370251
277  287  0.0367143
277  293  0.029861
278  286  0.0350333
278  292  0.016988
279  292  0.793484
280  291  0.920829
281  290  0.939765
282  289  0.947349
283  288  0.940109
293  822  0.0379368
297  820  0.768637
298  819  0.945467
299  818  0.999026
300  817  0.968455
301  816  0.937515
301  817  0.0314232
302  816  0.0620625
303  814  0.902211
303  815  0.0915699
304  813  0.908522
304  814  0.0904422
305  812  0.999612
306  811  0.997383
307  810  0.900313
309  808  0.877955
310  807  0.988207
311  806  0.990498
312  805  0.991508
313  804  0.98515
314  336  0.432337
314  803  0.45964
315  335  0.984301
316  334  0.98422
317  333  0.983597
318  332  0.982621
319  331  0.982978
320  329  0.970523
321  328  0.958631
340  802  0.0605035
341  803  0.387475
342  802  0.572337
344  800  0.905678
345  799  0.999691
346  798  0.999808
347  797  0.999356
348  796  0.999826
349  795  0.992095
351  793  0.998865
352  792  0.999973
353  791  0.999939
354  790  0.999626
355  789  0.997938
356  788  0.998777
357  787  0.997164
358  786  0.995657
359  785  0.949158
360  783  0.44589
361  390  0.0106091
361  769  0.0270537
361  782  0.0645913
361  784  0.300913
362  389  0.0113717
362  767  0.224741
362  768  0.026898
362  781  0.0581563
362  783  0.267274
363  388  0.0103973
363  766  0.314081
363  767  0.0439626
364  765  0.302075
365  764  0.256916
365  765  0.350904
366  764  0.398615
367  761  0.24777
367  763  0.419884
368  385  0.167876
368  760  0.254421
368  762  0.422779
369  384  0.888712
369  387  0.0167442
369  765  0.0191793
370  383  0.888864
370  386  0.0166234
370  764  0.0257373
371  382  0.268108
371  385  0.0131376
371  763  0.0111493
372  381  0.251039
372  382  0.659227
372  762  0.0108238
372  763  0.0478184
373  379  0.10903
373  381  0.668496
373  762  0.0489165
374  380  0.638241
374  761  0.0482007
375  379  0.370703
375  760  0.0433207
377  757  0.0464905
378  756  0.0466624
379  754  0.0169685
379  755  0.032161
380  753  0.0323543
380  754  0.0178234
381  752  0.0468965
382  751  0.0470679
383  750  0.0357701
385  748  0.0447578
385  758  0.719733
386  747  0.0417228
386  757  0.720032
387  756  0.721563
388  755  0.711255
389  753  0.0144143
389  754  0.669067
391  742  0.234369
391  751  0.715399
392  741  0.235602
392  750  0.724853
393  729  0.0222447
393  740  0.236426
393  749  0.719599
394  728  0.029358
394  739  0.236729
394  748  0.716497
395  727  0.0301392
395  738  0.0680869
395  747  0.709027
396  404  0.0766985
396  726  0.0362688
396  737  0.045353
396  746  0.579758
397  403  0.0768759
397  408  0.0394967
397  728  0.0119902
397  736  0.193217
397  737  0.0260171
397  745  0.52212
398  402  0.0292768
398  407  0.0491253
398  736  0.0590804
399  406  0.0504737
399  735  0.132164
400  405  0.0331034
400  726  0.0479876
400  728  0.0758764
401  708  0.0117419
401  725  0.0199149
401  727  0.0627748
401  733  0.0584322
401  734  0.199008
401  735  0.0144059
402  707  0.0150706
402  732  0.0660319
402  733  0.208585
402  734  0.0485625
403  706  0.0152803
403  731  0.0952149
403  732  0.215901
403  733  0.0514023
404  705  0.0152492
404  730  0.0991609
404  731  0.216707
404  732  0.0512788
405  704  0.0151521
405  727  0.0766143
405  730  0.201462
405  731  0.045841
406  703  0.0149487
406  710  0.0250902
406  726  0.111463
406  728  0.155603
406  729  0.0523566
407  708  0.0401624
407  709  0.0749942
407  725  0.0374809
407  727  0.127393
408  707  0.0518235
408  708  0.0900262
408  727  0.01046
410  706  0.86387
411  705  0.867207
411  706  0.114675
412  704  0.866237
412  705  0.115862
413  704  0.11607
414  702  0.604702
414  703  0.129706
415  701  0.90906
415  702  0.0867658
416  700  0.953284
416  701  0.0439551
417  699  0.997537
418  698  0.997601
419  697  0.99461
420  696  0.989885
421  695  0.985176
422  626  0.0151042
422  694  0.0819121
423  625  0.0152304
427  620  0.0145898
427  627  0.966179
428  619  0.0162001
428  626  0.966791
429  618  0.0155981
429  625  0.966388
430  467  0.0497926
430  618  0.0119626
430  622  0.0733605
430  624  0.781537
431  466  0.351862
431  617  0.0607918
431  621  0.253428
432  465  0.352216
432  616  0.0609637
432  620  0.53912
433  464  0.352188
433  615  0.0604067
433  619  0.565415
434  463  0.352108
434  613  0.0380339
434  618  0.564892
435  447  0.0102938
435  462  0.249875
435  590  0.458786
435  612  0.0131989
436  589  0.560148
437  446  0.297695
437  588  0.56187
438  445  0.392428
438  587  0.566921
439  444  0.350336
439  586  0.566845
440  585  0.557273
441  584  0.423171
442  457  0.0217736
445  454  0.491963
446  453  0.58262
446  611  0.0268063
447  452  0.423089
447  610  0.0274647
448  609  0.0267698
449  608  0.020345
450  457  0.206366
450  459  0.0945789
450  573  0.0310077
451  456  0.193089
451  458  0.0847873
451  572  0.0311918
451  583  0.0129118
452  571  0.031245
452  582  0.0136098
453  459  0.0169256
453  570  0.0312235
454  581  0.0541117
455  580  0.0569491
456  579  0.0567197
457  578  0.05469
457  581  0.383078
458  580  0.388095
459  579  0.387228
460  578  0.38536
461  573  0.229179
461  577  0.308217
462  572  0.539407
462  576  0.0517838
463  571  0.609405
464  570  0.608972
467  567  0.799176
468  566  0.919066
469  565  0.986297
470  564  0.986602
471  563  0.987325
473  561  0.990634
474  560  0.989458
475  559  0.994597
476  558  0.98895
477  557  0.86684
479  555  0.981762
480  554  0.998076
481  553  0.997868
482  552  0.998398
483  551  0.993857
484  549  0.011852
485  549  0.98117
487  547  0.97138
488  546  0.992599
489  545  0.996721
490  544  0.998138
491  543  0.984895
492  542  0.94126
492  543  0.0121647
493  542  0.049671
494  538  0.873277
494  541  0.0868327
495  537  0.874485
495  539  0.0671278
495  540  0.0502431
496  536  0.871639
496  538  0.101503
497  532  0.414097
497  535  0.446381
497  537  0.0835315
498  530  0.0200621
498  531  0.849528
498  534  0.0149751
499  529  0.0243618
499  530  0.847134
500  528  0.0171113
500  536  0.0915062
501  528  0.871692
501  535  0.0919148
502  527  0.883947
502  534  0.0911693
503  533  0.0874579
504  532  0.0636781
505  524  0.904041
505  528  0.0570733
506  523  0.903835
506  527  0.0559135
508  522  0.995743
509  521  0.995949
510  520  0.96769
511  518  0.937536
511  520  0.0286755
512  517  0.907789
512  519  0.0573789
513  518  0.0376888
566  623  0.0483479
567  622  0.115056
568  621  0.167184
569  620  0.172455
570  615  0.0395563
570  619  0.174074
571  613  0.186327
571  618  0.155608
572  612  0.260401
573  611  0.262413
573  616  0.0158804
574  609  0.162025
575  608  0.154586
575  609  0.0896248
576  608  0.0946596
576  612  0.011344
577  606  0.390992
577  611  0.0106137
578  605  0.394714
579  604  0.245867
581  602  0.408875
582  601  0.409681
583  600  0.409323
584  599  0.408659
585  598  0.409317
586  597  0.407707
587  595  0.401391
588  594  0.38944
588  616  0.0129006
589  593  0.148293
589  615  0.0134131
590  614  0.0137768
591  607  0.0157338
591  613  0.0138846
592  612  0.0130325
593  605  0.288112
593  614  0.203174
594  604  0.311783
594  613  0.220941
595  603  0.313565
595  612  0.171414
596  602  0.31048
597  611  0.0517363
598  609  0.262157
599  608  0.271367
600  607  0.274162
601  606  0.274547
606  613  0.0195841
607  612  0.016897
608  613  0.0106467
613  617  0.0195402
629  682  0.995937
630  681  0.99805
631  680  0.999311
632  679  0.999312
633  678  0.998709
634  677  0.999195
635  676  0.998272
636  675  0.998753
637  674  0.987572
640  672  0.23124
640  673  0.0469372
642  670  0.991609
643  669  0.99306
644  668  0.991402
645  666  0.0292604
645  667  0.948326
646  665  0.0560234
647  663  0.145835
647  666  0.158173
648  662  0.139004
648  665  0.123885
649  661  0.115336
649  662  0.817446
650  660  0.0914912
650  661  0.883892
651  659  0.0666098
651  660  0.907893
652  659  0.931443
653  658  0.913437
683  694  0.785467
684  693  0.974214
685  692  0.974377
686  691  0.869112
710  725  0.816056
711  724  0.948104
712  723  0.956777
712  741  0.0344702
713  722  0.955929
713  740  0.0355309
714  721  0.890941
714  739  0.0357037
715  738  0.035702
716  720  0.0110164
716  737  0.0291196
717  735  0.0118328
718  734  0.0107245
720  732  0.0238484
721  731  0.0301321
722  730  0.0140085
723  729  0.0124514
724  728  0.0261485
730  744  0.331879
730  745  0.0526637
730  746  0.157731
731  743  0.334209
731  744  0.0883007
731  745  0.161518
732  742  0.334115
732  743  0.0910515
732  744  0.187953
733  742  0.0902144
733  743  0.188711
734  740  0.354789
735  739  0.279196
735  742  0.246671
736  741  0.200784
738  769  0.0126276
739  768  0.0127251
740  767  0.0122947
743  763  0.0112649
744  762  0.0114488
744  763  0.0123202
745  762  0.0120913
745  763  0.170714
746  762  0.175086
748  760  0.220623
749  759  0.222191
750  758  0.222796
751  757  0.222671
752  756  0.137912
763  780  0.0333955
764  779  0.0262479
766  777  0.0338035
767  776  0.0383955
768  775  0.0392157
768  782  0.840654
768  784  0.0623291
769  774  0.037501
769  781  0.842407
769  783  0.0623608
770  780  0.847425
770  782  0.0632443
770  784  0.0198461
771  779  0.844449
771  781  0.0622213
771  783  0.0198461
773  781  0.017645
774  780  0.0471374
775  779  0.0383633
847  868  0.0739641
847  870  0.0846005
848  867  0.049875
848  869  0.0849926
849  866  0.0256641
849  867  0.698269
850  866  0.948808
851  865  0.990031
852  864  0.990432
853  863  0.990121
854  862  0.990608
855  861  0.963476
886  955  0.0101395
887  954  0.0125715
888  953  0.0132887
889  952  0.0134409
890  951  0.0132354
891  950  0.010275
893  944  0.16858
894  943  0.168813
896  942  0.152887
898  941  0.744988
899  940  0.822328
900  939  0.885662
901  938  0.893884
902  937  0.894978
903  936  0.896324
904  935  0.896403
904  944  0.0144274
905  934  0.896058
905  943  0.0144359
906  916  0.0130012
906  933  0.880212
906  942  0.0144206
907  915  0.390066
908  913  0.0373035
908  914  0.430611
908  916  0.0187132
908  940  0.014059
909  913  0.254687
909  914  0.0271846
909  916  0.0334213
910  915  0.0101657
911  937  0.0144286
913  935  0.0144188
915  932  0.01465
917  931  0.942569
918  930  0.952099
919  929  0.953415
920  928  0.954294
921  927  0.951069
925  930  0.0127594
939  951  0.0122278
940  950  0.0139926
940  951  0.0182334
941  949  0.0146525
941  950  0.018209
942  948  0.0166681
942  949  0.0183152
943  948  0.0178757
943  962  0.0127273
944  961  0.0127559
945  960  0.0119337
