1  213  0.0138321
2  33  0.433258
2  210  0.0104125
2  212  0.022233
3  23  0.0108042
3  27  0.0117712
3  32  0.523182
3  98  0.020925
3  208  0.0994528
3  209  0.0103212
3  211  0.0237185
4  22  0.0107023
4  26  0.0118458
4  30  0.369163
4  31  0.264039
4  81  0.0206893
4  97  0.0209365
4  207  0.103058
4  218  0.0272261
5  29  0.644421
5  80  0.0212852
5  217  0.0248985
6  28  0.653107
6  79  0.0211532
6  96  0.017176
6  203  0.0169016
6  206  0.0819985
6  209  0.0174314
6  216  0.0178264
7  14  0.0459951
7  27  0.647121
7  95  0.0169968
7  155  0.0141373
7  202  0.0167956
7  205  0.0812324
7  208  0.0168348
8  13  0.0307554
8  154  0.0182437
9  20  0.0509072
9  21  0.0632018
9  22  0.0216379
9  78  0.0116851
9  153  0.0189853
9  158  0.016927
10  19  0.0507838
10  20  0.0627137
10  21  0.0247934
10  22  0.0159054
10  24  0.0110817
10  77  0.0191028
10  152  0.019028
10  157  0.0212279
11  18  0.0532237
11  19  0.0577904
11  20  0.0230157
11  21  0.0180351
11  22  0.0438322
11  76  0.0144142
11  151  0.0173574
11  156  0.0220446
12  17  0.0578659
12  155  0.0210502
13  19  0.0150849
13  20  0.382337
13  21  0.0189926
13  74  0.0320859
13  104  0.0223231
13  109  0.0102788
13  151  0.032921
14  19  0.401105
14  73  0.0330501
14  103  0.0237851
14  108  0.013638
14  150  0.0351599
15  72  0.0327594
15  102  0.0231808
15  107  0.0137233
16  101  0.016457
16  106  0.0134987
16  149  0.0854569
17  24  0.0671754
17  70  0.0333613
17  105  0.0129537
17  148  0.0870486
17  207  0.0101851
18  23  0.0836518
18  25  0.0168447
18  28  0.0124537
18  69  0.0337051
18  147  0.088834
18  206  0.0356901
19  27  0.0121688
19  68  0.0335403
19  100  0.0159179
19  146  0.0884836
19  205  0.0356386
21  99  0.0156257
21  143  0.0876141
22  32  0.0312986
22  98  0.0252865
22  142  0.0889452
22  187  0.0295054
22  202  0.0313084
23  31  0.0306243
23  97  0.0252379
23  141  0.0888697
23  186  0.0295157
23  201  0.0314241
24  138  0.0226088
24  140  0.0623283
24  184  0.0252081
25  93  0.049754
25  137  0.0431374
25  171  0.0107898
25  183  0.0252684
26  92  0.0509426
26  136  0.0434227
26  138  0.0255316
26  165  0.0219476
26  170  0.0114844
26  182  0.0245996
26  191  0.0148592
27  91  0.0510497
27  135  0.0428505
27  137  0.0365418
27  164  0.0109998
27  181  0.0244028
27  190  0.0148956
28  90  0.0510533
28  164  0.0254044
28  168  0.0264564
28  189  0.0148934
29  88  0.05168
29  163  0.0366908
29  167  0.0273387
29  188  0.014744
29  210  0.0392098
30  87  0.05176
30  162  0.0368304
30  166  0.0275678
30  187  0.0108955
30  203  0.0110308
30  209  0.0711276
31  86  0.0514746
31  136  0.0317774
31  161  0.0368072
31  165  0.0275725
31  202  0.011044
31  208  0.0737603
32  85  0.0510865
32  103  0.0520485
32  135  0.0320432
32  160  0.0367634
32  164  0.0275489
32  201  0.0110354
32  207  0.0737124
32  218  0.0210023
33  102  0.0536365
33  134  0.0277323
33  217  0.0171202
34  66  0.0181445
34  100  0.86454
34  133  0.0232587
35  65  0.0180637
35  99  0.865479
35  132  0.0219049
36  98  0.867133
37  60  0.137693
37  97  0.851127
38  59  0.798794
39  58  0.985317
40  57  0.984794
41  56  0.984504
42  55  0.985217
43  54  0.987934
44  53  0.988914
45  52  0.98877
46  51  0.881797
60  96  0.730106
61  95  0.728672
65  74  0.0406875
65  94  0.832207
66  73  0.0428701
66  93  0.870747
67  72  0.0265692
67  92  0.870656
68  91  0.870994
68  109  0.0276213
69  90  0.865706
69  108  0.0277295
70  107  0.027659
71  88  0.0348882
71  106  0.0272599
72  88  0.660461
72  105  0.0259241
73  79  0.0111321
73  87  0.758015
74  86  0.683383
76  84  0.452201
76  87  0.0132304
78  86  0.0128797
79  85  0.0254058
80  88  0.0228179
80  101  0.019269
81  87  0.0342099
81  100  0.021198
82  86  0.0130335
82  99  0.0209836
84  97  0.017866
85  95  0.0209102
85  211  0.0132779
86  94  0.0293831
86  210  0.0129757
87  93  0.0293276
88  92  0.0111646
89  207  0.0168923
90  206  0.0176839
91  205  0.0176526
92  204  0.0174592
93  203  0.0166638
99  219  0.0160919
100  218  0.0209142
101  213  0.0246112
101  216  0.23556
101  217  0.0139682
102  212  0.0340728
102  215  0.330392
103  182  0.0105264
103  211  0.0365095
103  214  0.346052
104  213  0.337723
105  214  0.0247957
105  217  0.0321194
106  179  0.0121142
106  213  0.0268576
106  216  0.0350108
107  135  0.0103721
107  163  0.020345
107  178  0.0132661
107  204  0.015567
107  210  0.533298
107  212  0.02598
107  215  0.036042
108  133  0.0110969
108  134  0.0579416
108  136  0.0103336
108  162  0.0244492
108  177  0.0134593
108  203  0.0205828
108  206  0.0395706
108  209  0.596082
108  211  0.0252561
108  214  0.0340097
109  133  0.0669482
109  161  0.0242094
109  202  0.0201882
109  205  0.0394095
109  208  0.596263
109  213  0.026976
109  214  0.0101453
110  132  0.0670296
110  134  0.0151177
110  213  0.0123081
111  130  0.20842
111  133  0.0157462
111  173  0.0148034
111  205  0.0143667
111  206  0.433597
111  211  0.0330791
112  129  0.208553
112  132  0.0157252
112  172  0.0148084
113  128  0.208663
113  131  0.0156657
113  171  0.0147884
113  204  0.641109
113  210  0.0687904
114  130  0.015589
114  170  0.0148156
114  203  0.661311
114  209  0.0760021
115  126  0.219302
115  169  0.0148162
115  202  0.661418
115  208  0.0760472
116  125  0.21951
116  168  0.0148071
116  201  0.661394
116  207  0.0760464
117  124  0.210171
117  200  0.63685
117  206  0.071879
119  155  0.119844
120  154  0.130908
121  153  0.133449
121  164  0.122977
121  186  0.0326321
121  189  0.0152729
121  196  0.078102
122  152  0.127941
122  163  0.124641
122  188  0.0166865
122  195  0.071154
123  136  0.0906715
123  138  0.088611
123  161  0.0364974
123  162  0.12224
123  184  0.0563105
123  187  0.0162617
124  135  0.09065
124  137  0.130683
124  148  0.0201409
124  150  0.0351579
124  160  0.0392364
124  183  0.0805425
124  186  0.0141209
124  193  0.0294008
125  134  0.0873261
125  136  0.337197
125  161  0.129314
125  182  0.0962504
126  135  0.336957
126  148  0.0610507
126  160  0.129311
126  181  0.0983947
127  133  0.104012
127  134  0.246623
127  147  0.0603887
127  180  0.0984731
128  132  0.0401243
128  154  0.0109492
128  155  0.0273396
128  179  0.0979062
129  145  0.0607286
129  178  0.0841883
130  144  0.0609901
130  153  0.0871403
131  143  0.0542254
132  151  0.161231
132  175  0.0896394
132  197  0.0406295
133  141  0.0213274
133  150  0.166613
133  153  0.0207281
133  174  0.0947559
133  196  0.0428383
134  148  0.0204233
134  149  0.147097
134  152  0.0204164
134  195  0.0423143
135  142  0.044494
135  147  0.0834071
135  172  0.0752949
135  202  0.0136414
136  141  0.0426241
136  148  0.0595793
136  171  0.0991115
136  193  0.0120164
136  201  0.0139469
137  146  0.248571
137  147  0.0307037
137  170  0.0982923
137  191  0.278697
137  200  0.0132939
138  145  0.280096
138  190  0.280858
138  197  0.0323568
139  144  0.278853
139  150  0.0121127
139  160  0.0110284
139  168  0.0968936
139  189  0.294432
139  196  0.0518139
140  149  0.0116224
140  159  0.0115855
140  167  0.0971476
140  188  0.294593
140  195  0.045336
141  161  0.06452
141  165  0.0735832
141  166  0.0486797
141  187  0.294838
142  160  0.0661825
142  164  0.122152
142  186  0.281929
143  156  0.0375111
143  159  0.0544414
143  163  0.121799
143  186  0.0130809
144  155  0.0695635
144  162  0.119756
144  185  0.294808
145  154  0.0825412
145  184  0.294734
146  153  0.0789617
146  160  0.0279011
146  183  0.287731
147  160  0.0110094
147  181  0.272157
148  180  0.271832
148  182  0.0143481
149  179  0.269649
150  180  0.022623
151  179  0.0226143
153  161  0.0129158
153  177  0.195868
153  200  0.0123567
154  160  0.0117806
154  175  0.0842063
154  176  0.192979
154  199  0.0121504
155  174  0.0218964
155  175  0.186607
155  198  0.0103515
157  172  0.096988
158  172  0.0200408
160  169  0.265503
160  170  0.0135774
161  168  0.26268
162  168  0.0102525
162  193  0.344914
163  192  0.349225
164  191  0.350056
165  190  0.35006
166  189  0.349621
166  193  0.196409
167  192  0.198621
168  185  0.0218869
168  187  0.318058
168  191  0.199091
169  186  0.287814
169  190  0.199086
170  183  0.257819
170  186  0.0375092
170  189  0.198754
171  177  0.0100023
171  182  0.265102
171  185  0.0676412
171  187  0.0544071
172  181  0.0242949
173  181  0.266172
173  183  0.0699013
173  186  0.183021
174  180  0.292825
174  182  0.0679628
174  185  0.190749
175  179  0.111505
175  184  0.135855
176  184  0.0484521
177  183  0.0940603
189  203  0.103326
190  202  0.103803
191  201  0.101919
192  199  0.0212626
193  200  0.0229741
211  218  0.100167
212  217  0.0882096
