1  611  0.0229426
1  630  0.16974
2  610  0.0371256
2  629  0.234147
3  609  0.0411565
3  626  0.0187272
3  627  0.101267
3  628  0.285884
4  358  0.619979
4  608  0.0408676
4  626  0.303421
5  357  0.627786
5  597  0.0100482
5  607  0.0364377
5  625  0.305759
6  356  0.629992
6  596  0.0100748
6  624  0.304052
7  355  0.628338
7  595  0.0100613
7  623  0.303004
8  622  0.197461
9  610  0.0404192
9  616  0.0676809
9  622  0.0383829
10  17  0.0192293
10  353  0.625193
10  609  0.053054
10  615  0.0857482
10  618  0.0220563
10  621  0.0754016
11  16  0.0172156
11  19  0.0237384
11  352  0.633957
11  608  0.0521947
11  614  0.0861973
11  617  0.0244892
11  621  0.0133921
12  18  0.0236676
12  351  0.635555
12  613  0.086234
12  616  0.0249267
13  350  0.634252
13  619  0.0863781
14  349  0.630782
14  618  0.095032
15  348  0.63207
15  617  0.0963731
16  347  0.317236
16  544  0.0533472
16  616  0.0955024
17  347  0.318199
17  542  0.106051
17  544  0.0680385
18  346  0.633906
18  356  0.0103762
18  541  0.125488
18  543  0.0700159
18  614  0.0600288
19  345  0.633767
19  355  0.0103806
19  542  0.0699328
19  613  0.070734
20  344  0.525139
20  354  0.0101702
21  344  0.0271186
21  538  0.253722
22  352  0.0102177
22  537  0.284562
23  342  0.507223
23  351  0.0104025
23  375  0.0229539
23  536  0.290581
24  341  0.509944
24  350  0.0103808
24  374  0.0242993
24  535  0.290309
25  34  0.0136555
25  340  0.507049
25  349  0.010368
25  373  0.0249484
25  534  0.287593
26  33  0.0103458
26  171  0.02086
26  339  0.39284
26  348  0.0103805
26  372  0.024913
27  170  0.0235196
27  175  0.0658352
27  347  0.0102546
27  371  0.0245504
27  533  0.0504832
28  169  0.0235372
28  175  0.0293844
28  334  0.107164
28  532  0.0268152
28  533  0.236833
29  37  0.0305384
29  168  0.0227092
29  175  0.0918437
29  333  0.107605
29  532  0.268203
30  36  0.0431362
30  332  0.0999098
30  531  0.291724
31  35  0.0164299
31  171  0.499478
31  530  0.290882
32  170  0.522237
32  529  0.288666
33  169  0.522317
34  41  0.0162371
34  168  0.52416
35  167  0.524639
35  526  0.0520792
36  166  0.524487
36  525  0.0511468
37  45  0.0162161
37  188  0.0154185
37  189  0.0138661
37  340  0.0355653
37  539  0.0107038
38  44  0.0144984
38  187  0.0122206
38  339  0.0372118
38  538  0.0108885
39  338  0.0399993
39  537  0.0117207
40  163  0.0119959
40  164  0.455364
40  337  0.0411018
41  162  0.0109396
41  189  0.0265323
41  336  0.0393244
42  162  0.7821
42  188  0.0174236
42  534  0.0117912
43  161  0.766183
43  335  0.0109703
43  533  0.0107034
44  160  0.227647
44  161  0.0576928
44  334  0.0108339
45  160  0.0851532
45  333  0.0107131
46  158  0.738604
46  159  0.0760179
46  164  0.0327739
47  157  0.779843
47  158  0.0613297
47  163  0.0387115
48  155  0.0883948
48  156  0.75834
48  162  0.0489295
49  154  0.826784
49  161  0.0489276
50  153  0.826439
50  160  0.0488575
51  159  0.0470766
52  150  0.972082
53  149  0.982721
54  148  0.981918
55  147  0.982765
56  146  0.985028
57  145  0.985041
58  144  0.985013
59  143  0.98207
60  142  0.979698
61  70  0.216977
61  141  0.201724
62  67  0.0171577
62  68  0.0152593
62  69  0.232732
62  71  0.0157271
63  68  0.122063
64  69  0.069781
65  70  0.0104201
65  76  0.0157721
66  75  0.0206885
69  74  0.192966
69  76  0.0285625
69  77  0.0641561
69  78  0.198523
70  75  0.0310159
71  76  0.01001
80  141  0.696478
81  140  0.992622
82  139  0.993258
83  138  0.993985
84  137  0.990514
86  111  0.939255
86  136  0.0193191
87  110  0.990609
88  109  0.990656
89  108  0.988127
90  107  0.877359
92  105  0.884684
93  104  0.997764
94  103  0.999618
95  102  0.999033
96  101  0.995488
111  116  0.0170049
114  132  0.878631
115  131  0.957348
116  130  0.976487
117  129  0.973337
119  127  0.968584
120  126  0.972684
121  125  0.370307
151  525  0.0549956
152  524  0.0668861
153  523  0.071403
154  522  0.0713876
155  521  0.0713039
156  520  0.071394
157  519  0.06846
158  518  0.0571237
160  523  0.0147388
160  531  0.0115449
161  522  0.0147616
161  530  0.0115633
162  521  0.0146985
162  529  0.0115685
163  188  0.0764741
163  189  0.0990067
164  187  0.0385645
164  519  0.0107344
165  187  0.275751
166  186  0.441588
167  185  0.441732
168  184  0.441917
169  183  0.441597
170  182  0.431407
171  181  0.37326
173  179  0.0239039
174  179  0.244973
174  341  0.100297
175  186  0.0115085
175  340  0.116346
176  185  0.0108159
176  339  0.0783235
177  338  0.0399308
177  339  0.12368
178  338  0.340723
179  337  0.447478
180  336  0.467182
182  335  0.494532
183  334  0.497187
184  333  0.495503
187  335  0.0100025
187  515  0.0570656
188  334  0.0134358
188  514  0.070519
189  333  0.0134805
189  513  0.0707335
190  327  0.613552
190  512  0.0618753
191  326  0.672186
191  527  0.130545
192  325  0.676739
192  514  0.0141916
192  526  0.196982
193  324  0.679494
193  513  0.0194276
193  525  0.202638
194  323  0.67956
194  512  0.0194711
194  524  0.206592
195  322  0.680017
195  511  0.0183276
195  523  0.207874
196  321  0.679485
196  510  0.0176946
196  522  0.110545
197  320  0.678325
197  522  0.0966424
198  319  0.679602
198  521  0.192707
199  318  0.679921
199  520  0.193066
200  317  0.639572
200  519  0.155842
201  313  0.0166955
201  316  0.457366
201  482  0.303913
201  508  0.0142009
202  276  0.0113786
202  288  0.160866
202  312  0.016261
202  313  0.023639
202  481  0.304973
202  507  0.0142689
203  275  0.0113942
203  287  0.203097
203  312  0.0225237
203  480  0.305161
203  506  0.0142697
204  274  0.0113889
204  286  0.19806
204  311  0.0219854
204  314  0.0110329
204  479  0.305027
204  505  0.0142566
205  273  0.0111198
205  310  0.0161949
205  478  0.305118
205  504  0.0142447
206  284  0.486952
206  309  0.0142715
206  477  0.297294
206  503  0.0142427
207  283  0.592678
207  475  0.0126922
207  502  0.0141848
208  282  0.63845
208  474  0.0122831
208  475  0.174971
208  501  0.0140904
209  281  0.65207
209  474  0.180118
209  475  0.06671
209  500  0.0137988
210  280  0.653856
210  474  0.0773971
210  499  0.0128761
211  279  0.652563
211  473  0.0816981
212  278  0.530392
212  472  0.0409423
213  472  0.26167
214  276  0.659239
214  471  0.313658
215  249  0.0105536
215  275  0.659878
215  470  0.315208
216  248  0.0112301
216  274  0.659832
216  469  0.315261
217  247  0.0179095
217  273  0.616159
217  468  0.307561
220  243  0.665018
220  244  0.0103062
220  466  0.284767
221  242  0.668219
221  430  0.0100883
221  465  0.28774
222  241  0.666484
222  429  0.0143529
222  464  0.285863
223  240  0.663356
223  241  0.0138708
223  427  0.249064
223  463  0.0700068
224  240  0.017023
224  426  0.318537
225  238  0.660354
225  239  0.0200065
225  425  0.319414
226  237  0.660116
226  238  0.0198124
226  424  0.319419
227  236  0.646318
227  237  0.0165757
227  423  0.318834
228  422  0.319249
229  234  0.319817
229  235  0.010729
229  421  0.314355
230  416  0.0345122
230  420  0.273452
231  415  0.0690793
231  418  0.127128
232  414  0.0790427
232  417  0.130219
233  413  0.0785901
235  411  0.0790862
235  414  0.239583
236  410  0.0795244
236  413  0.239608
237  409  0.0789637
237  412  0.239621
238  411  0.238604
239  407  0.313774
240  406  0.319343
241  405  0.319377
242  404  0.319195
243  403  0.319333
244  402  0.317632
248  272  0.340781
248  399  0.0594348
249  270  0.0475823
249  271  0.325232
249  398  0.0580781
252  267  0.941368
253  266  0.987679
254  265  0.987725
255  264  0.987148
256  263  0.985439
257  262  0.967552
272  397  0.310299
273  396  0.312408
274  395  0.312037
275  394  0.310796
276  390  0.309709
277  389  0.312789
279  387  0.316716
280  386  0.318433
281  385  0.318208
282  384  0.318046
283  383  0.318412
284  314  0.14339
284  382  0.315625
285  313  0.45627
285  381  0.313465
286  312  0.458078
286  380  0.3131
287  311  0.438037
287  379  0.313224
288  311  0.0423024
288  378  0.26722
289  310  0.97759
290  309  0.977757
291  308  0.975236
292  307  0.975661
293  306  0.972167
294  305  0.959041
295  304  0.900108
311  326  0.0160048
311  365  0.0850363
311  376  0.177597
312  325  0.0166639
312  364  0.085074
312  375  0.171039
313  324  0.0161829
313  363  0.0850546
314  362  0.0777719
315  372  0.013858
316  360  0.047917
316  371  0.0103042
317  337  0.0840223
317  359  0.054628
317  377  0.0101048
318  336  0.111885
318  340  0.014248
318  358  0.0547172
318  376  0.0111891
319  339  0.0138215
320  335  0.156802
320  357  0.0173737
321  334  0.165964
321  335  0.0156894
322  333  0.170329
322  334  0.0167312
322  355  0.0530083
323  354  0.0533206
324  331  0.204641
324  332  0.0347733
324  353  0.0533496
325  330  0.198694
325  331  0.0324776
327  350  0.0532027
328  349  0.0531666
329  348  0.0532581
330  347  0.0530583
331  345  0.0238284
332  342  0.0466311
332  375  0.0331803
333  341  0.0512208
333  374  0.0550078
334  340  0.0519867
334  373  0.0590134
335  339  0.0197962
335  372  0.0589758
336  371  0.0557522
339  361  0.0241992
340  360  0.0266392
341  359  0.0266523
341  371  0.0709877
342  358  0.0266716
342  370  0.26489
343  369  0.265361
344  357  0.0268731
344  368  0.265217
345  356  0.0269691
345  367  0.266471
346  355  0.0269266
346  366  0.266475
347  354  0.0202869
347  365  0.266383
348  364  0.078061
349  363  0.0374022
349  364  0.186364
350  363  0.070309
351  362  0.109196
352  361  0.263053
353  360  0.26439
354  359  0.239687
360  612  0.619826
361  611  0.620316
362  610  0.620481
362  632  0.0124288
363  609  0.621002
363  631  0.012886
364  608  0.618722
364  630  0.0133275
365  629  0.014526
366  376  0.0742486
366  603  0.0132142
366  628  0.0141175
367  375  0.0740829
367  602  0.012966
368  374  0.0566944
368  603  0.0817443
368  626  0.011837
369  602  0.509313
370  601  0.62508
371  600  0.640603
372  599  0.629612
374  597  0.630298
375  596  0.645937
376  595  0.645687
378  572  0.512772
379  571  0.587046
380  570  0.295293
381  570  0.300827
382  569  0.312205
383  567  0.67018
384  566  0.672662
385  565  0.673795
386  564  0.674372
387  563  0.673817
388  562  0.673899
389  561  0.661575
390  560  0.498582
394  404  0.0126706
396  403  0.666421
397  402  0.668307
406  558  0.668172
407  557  0.673426
408  556  0.673586
409  555  0.672763
410  554  0.671446
411  553  0.672575
412  552  0.672494
414  550  0.647693
415  549  0.631989
416  543  0.316455
417  542  0.326815
418  541  0.327404
419  545  0.30529
420  538  0.0654509
420  539  0.255709
421  537  0.111045
421  538  0.214099
421  543  0.326833
422  536  0.151212
422  542  0.328377
423  535  0.102093
423  541  0.32687
424  534  0.0532559
424  535  0.243849
424  540  0.301245
425  534  0.30482
425  539  0.286909
426  533  0.355422
426  536  0.0105673
427  532  0.355159
428  460  0.179528
428  534  0.0176636
428  537  0.019516
429  533  0.0176926
429  536  0.0205292
430  535  0.0143834
431  457  0.812724
432  456  0.950962
433  455  0.984986
433  470  0.0113882
434  454  0.985016
434  469  0.0113964
436  447  0.0112832
436  453  0.985381
437  446  0.0113395
437  452  0.984985
438  445  0.0111381
438  451  0.985829
439  450  0.972348
441  448  0.966781
442  447  0.971908
450  467  0.0122128
451  466  0.0132677
452  465  0.0132782
453  464  0.0132952
454  463  0.0130314
458  538  0.210969
459  537  0.260578
460  536  0.270959
461  535  0.269096
463  533  0.28868
464  532  0.290306
466  531  0.662125
467  530  0.663274
468  529  0.663063
469  528  0.555613
471  526  0.0920646
473  524  0.661773
474  523  0.672612
475  522  0.672484
476  521  0.669303
477  520  0.439325
478  520  0.183882
479  518  0.0838294
479  519  0.177826
480  514  0.0559566
481  513  0.0548445
481  514  0.600506
482  513  0.603215
484  511  0.967229
485  510  0.970583
486  509  0.973123
487  507  0.247197
487  508  0.736631
488  506  0.483913
488  507  0.486312
489  505  0.715238
490  503  0.0837701
490  504  0.670413
491  499  0.0342768
491  502  0.102777
492  498  0.0353388
496  503  0.0106503
538  545  0.0101447
539  544  0.0110508
542  608  0.0648113
543  607  0.0657641
544  549  0.0105287
547  603  0.298164
548  602  0.320456
549  601  0.320793
550  600  0.321244
551  599  0.320972
552  598  0.318541
553  596  0.0455749
554  596  0.0746956
556  595  0.0569642
557  571  0.308572
558  570  0.308898
559  569  0.308277
560  568  0.274967
561  567  0.217612
561  568  0.0333286
562  567  0.0641535
569  597  0.019544
570  596  0.0268622
571  595  0.0256952
572  595  0.104166
573  594  0.992021
574  593  0.993028
575  592  0.496449
576  592  0.502249
577  591  0.999819
578  590  0.999313
579  589  0.999415
580  588  0.999911
581  587  0.988041
582  586  0.776555
601  609  0.0264416
602  608  0.0264545
603  607  0.0101312
612  622  0.0279213
613  621  0.0348308
613  624  0.679153
614  620  0.0252909
614  623  0.679424
615  622  0.693136
616  621  0.688679
