1  415  0.0209084
2  402  0.0773838
2  414  0.0334629
2  417  0.0127711
3  17  0.0780106
3  401  0.10308
3  413  0.0319698
3  416  0.0138444
3  667  0.0152918
4  16  0.0782499
4  400  0.103023
4  666  0.0155938
5  15  0.0719105
5  413  0.0603685
5  415  0.0110278
5  665  0.0146581
6  292  0.0108337
6  414  0.0129706
6  664  0.012426
7  291  0.0124027
7  411  0.33154
8  290  0.0126941
8  410  0.437695
8  669  0.176749
9  289  0.0127139
9  409  0.44599
9  668  0.211653
10  408  0.438841
10  667  0.107252
11  407  0.376994
11  667  0.194761
12  51  0.0400315
12  286  0.0120136
12  666  0.306222
13  50  0.0427846
13  285  0.0119257
13  665  0.305731
14  49  0.0374959
14  404  0.0566171
14  664  0.301096
15  49  0.0244708
15  402  0.389714
15  663  0.299982
16  48  0.0197444
16  283  0.011725
16  401  0.418299
16  661  0.247997
16  662  0.0498471
17  46  0.0174204
17  282  0.0116799
17  400  0.416964
17  660  0.25618
18  45  0.0178505
18  46  0.712232
18  660  0.0204408
19  45  0.275027
20  44  0.506736
20  657  0.0154792
21  43  0.997887
22  42  0.999117
23  41  0.998603
24  40  0.998981
25  39  0.997369
26  38  0.998571
27  37  0.998697
28  35  0.0630188
28  36  0.896482
29  34  0.0914724
45  443  0.0559941
45  655  0.188529
46  442  0.0561229
46  654  0.190377
47  441  0.0560793
47  653  0.190733
48  440  0.0548926
48  652  0.165387
49  439  0.0478642
50  396  0.0308577
50  400  0.0164759
50  424  0.102853
50  428  0.0157428
51  395  0.0684132
51  399  0.424259
51  423  0.138556
51  427  0.0209683
51  443  0.0192597
51  649  0.210113
52  394  0.0824829
52  422  0.138568
52  426  0.0207805
52  442  0.0191949
52  648  0.211428
53  278  0.0213637
53  393  0.0825277
53  421  0.129261
53  441  0.019038
54  277  0.0227355
54  391  0.0825771
54  392  0.0563473
54  396  0.448415
54  647  0.220764
55  276  0.0229731
55  390  0.128115
55  394  0.100284
55  395  0.394877
55  419  0.0345086
55  646  0.220836
56  275  0.0229743
56  389  0.127483
56  390  0.0272821
56  393  0.102722
56  394  0.39255
56  418  0.0515035
56  438  0.0175978
56  645  0.220843
57  274  0.022974
57  392  0.222863
57  437  0.0174477
57  644  0.220639
58  273  0.0229467
58  393  0.0191599
59  231  0.0177074
59  272  0.0229138
59  391  0.443416
59  392  0.0159354
60  229  0.202458
60  387  0.0102177
60  389  0.0827858
60  390  0.425679
61  228  0.204133
61  388  0.105058
62  227  0.206177
62  386  0.710915
63  226  0.206946
63  385  0.741282
63  457  0.0111732
64  225  0.206946
64  384  0.741386
64  456  0.0111804
65  224  0.206574
65  383  0.740921
65  455  0.0111607
66  223  0.205812
66  382  0.740619
67  135  0.320025
67  222  0.0160638
67  381  0.387825
67  454  0.0166753
68  134  0.462529
68  380  0.252535
68  453  0.01668
69  133  0.801657
69  154  0.132916
69  451  0.0191714
70  132  0.805879
70  153  0.133571
70  450  0.0192578
71  131  0.804277
71  151  0.136708
71  449  0.0193585
72  130  0.806177
72  150  0.136921
72  448  0.0193385
73  94  0.192328
73  129  0.615742
73  149  0.136635
74  93  0.193014
74  148  0.0965073
75  92  0.192457
75  148  0.0401403
76  125  0.517266
76  126  0.0188185
76  146  0.050867
76  147  0.0799294
76  446  0.0169207
77  124  0.589543
77  125  0.0101824
77  145  0.052171
77  146  0.079859
77  445  0.0195815
78  123  0.60223
78  144  0.0522196
78  145  0.07969
78  444  0.0197849
79  88  0.0485392
79  90  0.154711
79  122  0.445161
79  442  0.0130334
80  87  0.0520862
80  89  0.151544
80  441  0.0229263
81  86  0.045544
81  440  0.0229265
82  439  0.0229339
83  438  0.0229546
84  117  0.17264
84  118  0.0117913
84  437  0.0229722
85  116  0.172359
85  117  0.011418
85  436  0.0223676
86  115  0.164357
86  435  0.018378
87  112  0.0902675
87  114  0.0962235
87  126  0.0868727
88  111  0.184939
88  125  0.103664
89  110  0.199715
89  124  0.108344
90  103  0.276398
90  109  0.201001
90  123  0.108827
91  102  0.201289
91  141  0.0118624
92  101  0.367903
92  107  0.203896
92  140  0.0171683
93  100  0.566601
93  106  0.203972
93  139  0.0171885
94  99  0.553486
94  105  0.20384
94  138  0.0171548
95  104  0.187026
101  124  0.0788936
103  122  0.501841
104  121  0.627831
105  120  0.792109
106  119  0.791416
107  118  0.790101
108  117  0.752315
110  115  0.506761
118  140  0.0127761
119  139  0.0127981
120  138  0.0128044
121  137  0.0118964
129  144  0.0136826
130  140  0.0226238
130  142  0.0180568
131  139  0.0225458
131  142  0.0108842
132  137  0.0187016
132  140  0.0673609
133  139  0.0671395
133  581  0.0109129
134  138  0.0255903
134  376  0.268464
134  580  0.0109685
135  375  0.433238
135  579  0.011006
136  374  0.534839
136  578  0.011038
137  150  0.0170222
137  372  0.0471235
137  373  0.540726
137  577  0.0110552
138  149  0.0177827
138  311  0.769298
138  576  0.0110508
139  148  0.0175536
139  154  0.0416451
139  310  0.769639
139  575  0.0110509
140  153  0.0419765
140  309  0.769385
140  574  0.0110406
141  152  0.0407568
142  307  0.7736
143  306  0.780935
144  149  0.0411602
144  305  0.78214
145  304  0.784062
146  303  0.783317
147  302  0.776326
148  301  0.77795
149  300  0.777896
150  297  0.0871537
150  298  0.0472847
150  299  0.621711
151  296  0.63386
151  297  0.0472801
152  295  0.754743
153  294  0.760072
153  299  0.0180496
154  293  0.757048
154  298  0.0210022
155  291  0.0126859
155  297  0.0209605
156  174  0.016821
156  291  0.11225
156  296  0.0201431
157  173  0.122121
157  290  0.101935
157  292  0.0217822
157  295  0.0172115
158  172  0.136889
158  291  0.0237311
159  171  0.138885
159  173  0.0669469
159  290  0.0211017
160  172  0.0745028
161  170  0.648503
161  171  0.0382377
162  169  0.785731
162  222  0.158917
163  168  0.779834
163  221  0.169173
165  219  0.200953
166  218  0.201653
167  217  0.201503
168  216  0.2003
170  214  0.0172477
171  291  0.0152122
172  289  0.0311403
172  290  0.0161095
173  213  0.190279
174  212  0.206715
174  287  0.719327
175  211  0.209255
175  286  0.781003
176  210  0.2076
176  285  0.782366
177  284  0.782769
178  208  0.210824
178  283  0.781558
179  207  0.211729
179  281  0.010024
180  206  0.211765
180  282  0.0871585
181  204  0.198599
181  205  0.0117776
181  280  0.774455
182  203  0.209095
182  279  0.781681
183  202  0.209082
183  278  0.7818
184  200  0.0168758
184  201  0.193199
184  277  0.780536
185  194  0.287358
185  199  0.0311803
186  193  0.324751
186  198  0.0292346
186  275  0.625628
187  192  0.31765
187  274  0.622257
188  273  0.448247
189  272  0.18665
190  273  0.167144
191  223  0.0100504
191  270  0.202007
191  272  0.313752
192  198  0.0269649
192  222  0.0105447
192  226  0.225206
192  271  0.341954
193  221  0.0105715
193  225  0.225333
193  270  0.33603
194  223  0.0184049
194  224  0.205172
195  222  0.0461254
197  273  0.0129834
198  219  0.251985
198  272  0.0142819
199  218  0.097087
199  270  0.0300098
200  217  0.101343
200  269  0.378374
200  276  0.129913
201  216  0.257659
201  268  0.380834
201  275  0.130054
202  215  0.254427
202  267  0.378207
202  274  0.129975
203  214  0.223987
203  273  0.129726
204  211  0.0463327
204  265  0.385567
204  272  0.128161
205  212  0.0706153
205  264  0.210452
205  270  0.0110371
206  213  0.0440821
206  263  0.212739
206  268  0.0573175
206  271  0.0146837
207  212  0.045031
207  262  0.390201
207  267  0.0628267
207  270  0.0122892
208  261  0.389654
208  266  0.0628266
209  228  0.0407765
209  260  0.382488
209  265  0.0467913
210  227  0.0729905
210  259  0.374672
210  264  0.0260665
211  226  0.101659
211  258  0.328798
211  263  0.0147106
213  224  0.251352
214  223  0.269785
215  222  0.274205
215  234  0.0160922
216  221  0.267265
216  232  0.0238862
216  233  0.0197647
216  238  0.0801827
217  231  0.0120988
217  232  0.0187018
217  237  0.0307852
218  236  0.0590492
219  229  0.0196564
219  230  0.0117227
219  235  0.119652
220  230  0.0755901
220  234  0.119283
221  226  0.0102643
221  229  0.0963334
222  228  0.0930085
222  232  0.118486
224  230  0.117853
225  229  0.0927301
225  248  0.0126697
226  247  0.0126756
226  264  0.0126662
227  246  0.0109481
227  263  0.0133668
229  261  0.0733889
230  260  0.0751212
231  244  0.0104385
231  257  0.0123757
231  258  0.0121836
231  271  0.0411772
231  643  0.0592679
232  243  0.0108805
232  255  0.135717
232  257  0.0122173
232  258  0.104247
232  269  0.33525
232  642  0.0586462
232  643  0.114607
233  242  0.0107726
233  254  0.136689
233  257  0.10531
233  268  0.336666
233  642  0.114706
234  253  0.137277
234  256  0.0550057
234  267  0.33708
234  641  0.0932292
235  252  0.136317
235  266  0.335498
236  249  0.0411924
236  250  0.0187841
236  256  0.278854
236  265  0.0940385
237  248  0.0797724
237  255  0.476779
237  626  0.174227
238  248  0.0183376
238  254  0.476707
238  263  0.0552302
238  625  0.174373
239  246  0.086191
239  624  0.169693
240  245  0.0739206
240  252  0.481499
240  264  0.0262082
240  623  0.108034
241  251  0.538878
241  263  0.0281736
242  250  0.543399
242  260  0.0660551
242  262  0.0297336
243  249  0.538928
243  259  0.0664482
243  261  0.0297829
244  260  0.0265999
244  551  0.139168
245  257  0.115016
245  550  0.175639
246  256  0.116299
246  549  0.175536
247  255  0.114367
247  548  0.175761
248  547  0.17576
249  254  0.0664466
249  546  0.171734
251  544  0.0234257
252  542  0.0110428
252  543  0.0459596
252  545  0.0136813
253  543  0.0125653
254  541  0.0134097
255  541  0.139326
256  540  0.143887
257  265  0.230218
258  264  0.226192
258  538  0.17016
259  263  0.0861381
259  537  0.172398
260  536  0.172326
261  535  0.172045
262  534  0.156407
263  493  0.100247
265  491  0.15555
266  490  0.164793
267  473  0.0181655
267  489  0.164825
268  472  0.0216121
268  488  0.164294
269  471  0.0274949
269  487  0.159089
270  470  0.188879
271  469  0.188945
272  468  0.188639
273  467  0.18887
274  466  0.188979
275  465  0.188981
276  464  0.188964
277  463  0.187176
278  462  0.187111
279  460  0.0903539
279  461  0.0968305
280  459  0.179574
281  458  0.179166
282  401  0.0123534
282  457  0.179367
283  400  0.0123567
283  456  0.179214
284  399  0.0124429
284  403  0.106754
284  405  0.0268323
285  398  0.0121053
285  402  0.106839
285  404  0.0271083
285  455  0.0136808
286  401  0.106405
286  403  0.0269664
286  454  0.0136704
287  453  0.012869
289  399  0.0156032
289  401  0.0151899
291  398  0.0199986
293  397  0.185914
294  396  0.186541
295  395  0.183824
298  392  0.187497
299  391  0.187577
300  389  0.0290315
300  390  0.15519
301  388  0.0566813
302  386  0.0257766
302  388  0.0248153
303  386  0.0436993
304  384  0.184275
305  383  0.185245
306  382  0.0512839
307  381  0.0512036
308  380  0.185163
308  572  0.0102467
309  379  0.184626
309  571  0.0107658
310  570  0.0107669
311  569  0.0107646
312  374  0.0419041
313  373  0.0444603
314  372  0.0367713
314  375  0.0434208
315  374  0.0485841
315  422  0.0110367
315  562  0.0102571
316  374  0.0691883
316  421  0.0112638
316  561  0.0102638
317  420  0.0110324
318  419  0.0101411
319  371  0.933582
320  370  0.937188
320  397  0.0245832
320  557  0.010765
321  369  0.937268
321  396  0.0247107
321  556  0.0107626
322  368  0.931444
322  395  0.0246351
323  367  0.910118
323  394  0.0242754
324  391  0.0229562
325  348  0.959773
325  390  0.02647
326  347  0.962132
326  389  0.0264742
327  346  0.945468
327  388  0.0264216
328  387  0.0254729
329  344  0.938861
330  343  0.958934
330  385  0.0254388
331  342  0.958776
331  384  0.0251094
332  341  0.932361
333  340  0.815764
334  382  0.0207395
335  381  0.0211139
336  380  0.019849
338  378  0.0188838
339  377  0.0213513
340  376  0.0213947
341  375  0.0213588
342  374  0.0212343
343  373  0.0212402
345  372  0.016174
347  370  0.0212748
348  369  0.0212955
349  368  0.0199626
351  362  0.602067
351  364  0.124089
352  361  0.798526
352  363  0.147841
353  360  0.79786
354  359  0.647278
354  361  0.168529
355  360  0.164612
358  373  0.0277048
359  372  0.0283045
360  371  0.0288522
361  370  0.0286596
363  369  0.0167161
372  390  0.011649
373  389  0.011664
374  388  0.0114511
375  387  0.0102843
391  406  0.0757687
392  405  0.0770143
392  411  0.0484635
393  404  0.0742728
393  410  0.0557458
394  409  0.0562434
395  402  0.0726042
395  424  0.0210317
396  401  0.0721516
396  403  0.0127305
396  406  0.044952
396  407  0.0164019
396  423  0.0273892
397  405  0.0434138
397  406  0.0237029
397  422  0.0273172
398  421  0.0213332
401  409  0.0134465
402  408  0.0106527
403  409  0.0150917
405  451  0.0203452
406  450  0.0204542
407  449  0.0188957
407  456  0.0100512
408  448  0.0131783
408  455  0.105904
409  422  0.0117717
409  454  0.129089
410  421  0.0112241
410  453  0.128217
411  452  0.121942
412  451  0.111213
413  450  0.0792419
415  450  0.0128464
416  449  0.0225535
418  448  0.118034
418  496  0.0109666
419  447  0.119224
419  495  0.0110232
420  446  0.1193
420  494  0.0110172
421  445  0.119505
421  452  0.0122425
421  493  0.0110421
422  444  0.118776
422  451  0.0135718
422  492  0.0109575
423  450  0.0135765
424  438  0.0254137
424  439  0.0141099
424  489  0.0101936
425  437  0.0266854
425  488  0.0111109
426  436  0.0223747
426  437  0.180516
426  487  0.0111132
427  436  0.185014
427  486  0.011101
427  668  0.0995638
428  435  0.14211
428  667  0.100506
429  666  0.100522
429  668  0.508312
430  665  0.0764661
430  667  0.511182
431  448  0.0178672
431  666  0.511606
432  665  0.479844
433  446  0.247849
433  664  0.306936
434  445  0.338883
434  663  0.175482
434  664  0.065629
435  444  0.370258
435  455  0.0141314
435  663  0.127125
436  443  0.478308
436  454  0.0170389
436  657  0.0137684
436  662  0.187567
437  442  0.4503
437  453  0.0165638
437  656  0.0135939
437  661  0.187912
438  452  0.0161735
438  660  0.162608
439  451  0.0136056
440  658  0.0209064
441  449  0.013986
441  452  0.0135867
442  451  0.0148883
443  448  0.253416
443  450  0.014756
443  660  0.010657
444  659  0.0335295
444  661  0.0850572
445  658  0.0257411
447  658  0.248148
448  656  0.0352043
448  657  0.320835
448  659  0.112151
449  658  0.109827
450  655  0.715176
450  657  0.0549576
451  654  0.736318
451  656  0.0366643
452  653  0.7721
453  652  0.776729
454  651  0.777298
455  650  0.776625
456  648  0.386097
456  649  0.387309
457  647  0.772047
458  643  0.0139925
458  646  0.771104
459  642  0.0139886
459  645  0.770093
460  641  0.0112553
460  644  0.721494
462  624  0.365011
463  623  0.531825
463  641  0.154239
464  622  0.58048
464  626  0.0154836
464  640  0.158808
465  550  0.0134677
465  621  0.580532
465  625  0.0147027
465  639  0.158753
466  549  0.0133407
466  620  0.580221
466  637  0.160236
467  636  0.157821
468  549  0.272162
468  551  0.0328119
468  635  0.148879
469  548  0.601367
469  550  0.0396517
470  547  0.601714
470  549  0.0395821
470  633  0.136687
471  546  0.602148
471  548  0.0203322
471  632  0.139576
472  485  0.181365
472  545  0.60208
472  548  0.0192159
472  631  0.139993
473  484  0.182763
473  544  0.278403
473  547  0.0379961
473  630  0.139888
474  483  0.184877
474  543  0.275461
474  546  0.039427
474  629  0.139545
475  482  0.188958
475  542  0.600091
475  545  0.0394509
475  628  0.128675
476  481  0.179248
476  541  0.589133
476  544  0.0386885
476  627  0.126954
477  486  0.0318906
477  538  0.457004
477  547  0.0105142
478  485  0.0324604
478  490  0.0160426
478  535  0.0123767
478  537  0.46344
478  546  0.0111881
478  625  0.096494
479  489  0.0139918
479  534  0.0125
479  536  0.434309
479  624  0.0916616
480  489  0.0228399
480  498  0.142585
480  543  0.0592016
481  497  0.163365
481  530  0.280746
481  542  0.0646283
481  548  0.0137417
481  550  0.0249057
481  621  0.0260008
482  487  0.114666
482  488  0.0100611
482  496  0.163228
482  529  0.281185
482  541  0.0644511
482  547  0.0137143
482  549  0.0247202
482  620  0.0269479
483  495  0.137318
483  528  0.246252
484  564  0.0110821
485  492  0.0773795
485  499  0.15805
485  503  0.0218562
485  526  0.0132818
485  538  0.0730576
485  544  0.01302
485  547  0.0126441
485  563  0.0135416
486  491  0.070359
486  498  0.155923
486  535  0.0167814
486  537  0.0767534
486  543  0.0122488
486  546  0.0131494
486  562  0.0145453
487  497  0.15102
487  498  0.0622776
487  534  0.010658
487  536  0.0750469
487  542  0.0122652
487  545  0.0128669
487  622  0.0117939
488  497  0.0730378
488  533  0.0117772
488  535  0.0734631
488  540  0.0615538
488  621  0.012146
489  495  0.100707
489  496  0.053584
489  500  0.0409572
489  504  0.0565876
489  532  0.0197725
489  539  0.0646182
489  559  0.0143438
489  620  0.0105218
490  496  0.0112208
490  499  0.0424899
490  503  0.0615045
490  531  0.0198623
490  538  0.0644814
490  557  0.0139379
491  502  0.0591265
491  617  0.0120794
492  535  0.124462
492  562  0.0137643
492  616  0.0135493
493  534  0.124515
493  554  0.0136048
493  561  0.0137692
493  615  0.0116793
494  533  0.104557
494  553  0.0110769
494  560  0.0123884
495  543  0.0156748
496  530  0.344991
496  542  0.017443
496  558  0.0116435
496  613  0.0146607
497  529  0.345072
497  541  0.017422
497  557  0.0143139
497  612  0.0163314
498  503  0.0478247
498  528  0.293075
498  611  0.0162998
499  535  0.0783785
499  610  0.0161008
500  534  0.0779445
500  554  0.013963
501  533  0.0653456
501  553  0.0116338
503  530  0.0994123
503  535  0.0111522
504  534  0.0111013
505  533  0.010633
506  526  0.936798
507  525  0.998011
508  524  0.998199
509  523  0.997723
510  522  0.998232
511  521  0.980613
512  520  0.939654
512  521  0.0100763
513  520  0.0196492
514  519  0.0214265
528  543  0.0147166
529  542  0.0169439
530  538  0.024667
530  541  0.0168318
531  537  0.0525277
531  540  0.0117443
532  536  0.0200198
533  608  0.0185611
534  607  0.0221166
535  606  0.0223962
536  605  0.0223781
537  604  0.0223762
538  603  0.0174123
538  616  0.0126459
539  615  0.0126854
540  551  0.0121378
540  614  0.0126812
541  548  0.0178615
541  550  0.0152953
541  613  0.0127012
542  547  0.0173905
542  549  0.0150691
542  612  0.0127069
543  611  0.0123667
544  610  0.0116702
546  579  0.0154377
547  578  0.015801
548  577  0.0158252
549  576  0.0158201
550  575  0.0158056
553  606  0.0149019
554  605  0.0203425
554  618  0.226942
555  604  0.0210655
555  617  0.312542
555  623  0.147239
556  571  0.0143799
556  603  0.0257864
556  616  0.333869
556  622  0.301864
556  643  0.0262274
557  567  0.0103322
557  570  0.0145118
557  602  0.0258268
557  615  0.331133
557  619  0.0126508
557  621  0.302037
557  642  0.0262557
558  566  0.0103352
558  569  0.0143411
558  601  0.0239688
558  614  0.324115
558  618  0.0118335
558  620  0.125017
558  641  0.026128
559  565  0.0103218
559  568  0.0134752
559  613  0.314712
559  640  0.023756
560  612  0.302206
560  618  0.25474
561  611  0.279675
561  617  0.253217
561  638  0.0184278
562  637  0.0186496
563  570  0.0455367
563  581  0.0531184
563  610  0.233437
563  615  0.0342406
563  616  0.284484
563  619  0.0520232
563  636  0.0165145
564  569  0.0371454
564  580  0.0533556
564  609  0.229627
564  614  0.0202884
564  618  0.0482337
564  635  0.0149436
565  579  0.053362
565  608  0.192887
565  614  0.529608
565  617  0.0166078
566  578  0.0534265
566  613  0.59759
567  577  0.0507423
567  612  0.60503
568  608  0.0106643
568  611  0.605085
569  576  0.0548022
569  610  0.601651
570  575  0.0546708
571  606  0.895522
572  605  0.913093
573  604  0.915442
574  603  0.915537
575  602  0.915537
576  601  0.906309
577  581  0.0259256
577  600  0.438948
582  601  0.037859
583  600  0.510354
584  599  0.948293
585  598  0.99239
586  597  0.995883
587  596  0.996025
588  595  0.98938
589  594  0.911124
618  628  0.0149381
619  627  0.0162053
620  626  0.0148031
627  639  0.799161
628  638  0.802494
629  637  0.802411
630  636  0.607401
658  669  0.0178581
659  668  0.0241421
660  667  0.0244224
661  666  0.0242015
