2  7  0.0232089
6  15  0.0505863
7  14  0.0600751
7  165  0.0341099
8  15  0.0470026
8  164  0.0341613
9  14  0.0532623
9  28  0.0705209
9  163  0.0342738
10  27  0.0470432
11  26  0.0235887
11  27  0.0355126
12  26  0.0730571
12  396  0.0354616
13  25  0.104187
13  395  0.0362932
13  397  0.0454307
14  24  0.10495
14  395  0.0586496
14  397  0.0306786
15  23  0.101518
15  139  0.0143021
15  394  0.0531273
15  397  0.161014
16  138  0.0190249
16  158  0.0323307
16  223  0.267937
16  396  0.51172
17  22  0.0590059
17  137  0.0190311
17  157  0.0328425
17  222  0.268116
17  395  0.523503
18  136  0.0141507
18  221  0.267972
18  394  0.523407
19  31  0.0101817
19  156  0.0230269
19  220  0.268099
19  393  0.523536
20  30  0.0102566
20  155  0.0235358
20  219  0.26744
20  392  0.516208
21  29  0.0102772
21  154  0.02267
21  155  0.0147727
21  218  0.264949
21  391  0.479669
22  28  0.0103945
22  390  0.267764
23  32  0.0119171
23  216  0.251132
24  31  0.0123739
24  152  0.47656
24  215  0.245412
24  387  0.0161
25  151  0.77855
25  190  0.0107394
25  385  0.0213973
25  400  0.0113784
26  150  0.7829
26  189  0.0107834
26  384  0.0211012
26  399  0.0167838
27  149  0.785637
27  188  0.0106984
27  383  0.0180315
27  398  0.026189
28  148  0.787095
28  187  0.0106751
28  397  0.0288962
29  147  0.790017
29  396  0.0101467
30  146  0.789541
30  380  0.0139104
30  396  0.0980846
31  145  0.784889
31  395  0.113389
32  394  0.113301
33  143  0.0316791
33  144  0.0290151
33  393  0.112594
34  143  0.0221616
34  144  0.0427691
35  143  0.0437122
36  142  0.0389275
40  135  0.229851
40  136  0.0124698
41  134  0.963881
42  129  0.0183526
42  133  0.965235
43  128  0.0184013
43  132  0.965105
44  131  0.899389
46  127  0.951311
47  55  0.0106675
47  126  0.971393
48  54  0.0106588
49  124  0.977294
50  123  0.977355
51  122  0.976822
52  121  0.977362
53  120  0.977372
54  119  0.977364
55  118  0.977056
56  68  0.143026
56  117  0.820638
57  66  0.0219634
57  67  0.153363
57  116  0.749674
58  65  0.0493564
58  66  0.174433
58  67  0.0401154
58  115  0.557282
59  64  0.0690162
59  65  0.185095
59  66  0.102752
59  67  0.0658351
59  96  0.0111765
60  64  0.0955528
60  65  0.0894357
60  66  0.0840256
60  67  0.0515456
60  95  0.0114367
60  113  0.0723271
61  65  0.0449552
61  66  0.0584563
61  67  0.0102247
61  94  0.0114154
61  113  0.0529035
62  93  0.0107094
62  111  0.104673
62  112  0.0588145
63  110  0.103598
63  113  0.0179298
64  112  0.019136
65  111  0.0169045
67  107  0.252964
68  106  0.255934
69  105  0.252414
70  85  0.0221291
71  84  0.0227079
71  102  0.179858
71  109  0.310556
71  129  0.0136776
72  83  0.0227436
72  101  0.191235
72  108  0.310753
72  128  0.0136833
73  80  0.0108803
73  82  0.0219721
73  107  0.310228
73  109  0.375597
73  126  0.0208472
74  79  0.0108223
74  100  0.221048
74  106  0.310087
74  108  0.375861
74  125  0.0208529
75  80  0.0186352
75  99  0.222838
75  102  0.0392398
75  107  0.375727
75  124  0.0209657
76  98  0.222515
76  101  0.0406516
76  105  0.274431
76  106  0.374822
76  123  0.0209627
77  97  0.218927
77  100  0.0406053
77  104  0.270772
77  105  0.363055
77  122  0.0209488
78  99  0.0219452
78  121  0.0104955
79  99  0.0570114
79  102  0.1484
79  121  0.0106104
80  94  0.135607
80  98  0.07552
80  101  0.175264
80  120  0.0210763
81  94  0.020356
81  97  0.0744751
81  100  0.146235
81  101  0.454302
81  119  0.0210765
82  90  0.0717569
82  94  0.016955
82  98  0.105875
82  100  0.483215
82  118  0.0210812
83  89  0.0684022
83  92  0.0515953
83  93  0.0159746
83  99  0.50955
83  117  0.0210376
84  88  0.0475165
84  90  0.0250421
84  91  0.0565748
84  94  0.0536672
84  95  0.0207748
84  96  0.0900744
84  98  0.418046
84  116  0.0160383
85  93  0.0642347
86  92  0.0612473
86  93  0.0335977
87  92  0.0269622
87  93  0.0464646
87  112  0.0144777
88  92  0.023739
88  93  0.0732428
88  111  0.0156616
89  96  0.0479747
89  110  0.015811
90  109  0.0156513
91  102  0.0120315
92  101  0.0122462
93  100  0.0129397
94  99  0.0132827
101  114  0.0194723
102  113  0.0197543
103  112  0.019751
104  111  0.0189189
132  390  0.0192493
133  389  0.0192751
134  388  0.0192769
135  144  0.614038
135  387  0.0187108
136  143  0.572672
137  192  0.0334919
137  390  0.0202933
138  191  0.0334316
138  389  0.02027
143  188  0.172424
144  187  0.181703
145  186  0.19004
146  185  0.190178
147  184  0.190034
148  165  0.202849
149  164  0.203223
150  163  0.203565
151  162  0.203133
152  160  0.181142
152  214  0.089049
153  159  0.179194
153  213  0.119127
154  212  0.113021
154  213  0.0184366
155  212  0.0198769
156  210  0.189303
156  211  0.0135493
156  367  0.130943
156  391  0.0237266
157  209  0.260619
157  366  0.220895
157  390  0.227302
158  208  0.260667
158  365  0.220219
158  389  0.23179
159  207  0.259922
159  388  0.231484
160  203  0.237637
161  187  0.0477031
161  202  0.250399
161  286  0.0535687
161  362  0.238233
161  367  0.071317
162  186  0.0505064
162  201  0.219334
162  285  0.056239
162  361  0.24776
162  366  0.0740339
163  284  0.056114
163  360  0.247776
163  365  0.0738886
164  185  0.0513756
164  199  0.258387
164  282  0.0138573
164  359  0.24759
164  398  0.0152864
165  184  0.0518541
165  198  0.263104
165  358  0.247355
165  397  0.0164941
166  183  0.0488365
166  197  0.263039
166  396  0.0168125
167  179  0.269315
167  196  0.263108
167  261  0.118987
167  279  0.250083
167  395  0.0162773
167  397  0.0327462
168  178  0.270265
168  195  0.172289
168  260  0.119697
168  278  0.251648
168  394  0.0148416
169  177  0.271665
169  259  0.119756
169  277  0.251834
169  395  0.0387346
170  176  0.268974
170  193  0.260953
170  258  0.108499
170  276  0.251566
170  394  0.0397037
171  175  0.211412
171  192  0.265153
171  233  0.0616712
171  275  0.251672
171  393  0.0407337
172  191  0.265104
172  232  0.0618439
172  256  0.0306843
172  274  0.251774
172  391  0.0566186
173  190  0.260685
173  231  0.0602472
173  233  0.0317342
173  273  0.247409
173  390  0.0573598
174  232  0.0304955
174  272  0.243518
174  389  0.0573779
175  184  0.0135007
175  249  0.0132768
175  388  0.0572267
176  183  0.012867
176  248  0.0136765
177  186  0.236351
177  229  0.0154115
177  230  0.175149
177  231  0.0746815
177  247  0.0137313
178  186  0.0105502
178  228  0.0153174
178  229  0.21253
178  230  0.0750653
178  246  0.0137944
178  385  0.0298666
179  228  0.212587
179  229  0.0748432
179  245  0.0136925
180  381  0.0232749
181  380  0.0237469
182  379  0.0233951
183  227  0.170428
183  378  0.0198511
184  226  0.315671
184  228  0.0151414
185  225  0.315894
186  224  0.31578
186  227  0.0555092
186  377  0.0379302
187  223  0.314111
187  226  0.0599373
187  376  0.0382813
188  225  0.0299969
189  225  0.0313943
190  224  0.0618723
190  377  0.0661076
190  388  0.010265
190  391  0.0897451
191  220  0.106862
191  223  0.0625342
191  376  0.0615344
191  387  0.0107647
191  390  0.0976795
192  222  0.0624783
192  389  0.0974065
194  217  0.702254
194  388  0.0102201
195  216  0.719165
196  215  0.733153
197  214  0.732754
198  213  0.73255
199  212  0.732705
200  211  0.732812
201  210  0.732275
202  209  0.731211
203  208  0.553397
217  376  0.0122621
218  374  0.307002
219  373  0.329294
220  372  0.334544
221  371  0.334677
222  370  0.334932
224  369  0.341502
224  393  0.262791
225  368  0.341567
225  392  0.263747
226  367  0.341687
226  391  0.263918
227  242  0.0142615
227  366  0.341538
227  390  0.263911
228  241  0.0142802
228  365  0.339931
228  389  0.263846
229  240  0.0142556
229  286  0.0111535
229  388  0.262933
230  268  0.542696
231  238  0.0144044
231  267  0.616304
231  286  0.0779453
231  362  0.0749929
232  237  0.0142564
232  266  0.631377
232  285  0.0829173
232  361  0.075498
233  265  0.628605
233  284  0.0827551
233  360  0.0753202
234  252  0.924543
235  251  0.971469
236  250  0.979981
237  249  0.980064
238  248  0.978073
239  247  0.979458
240  246  0.979551
241  245  0.606694
250  268  0.0123535
251  267  0.0124558
252  263  0.022148
252  266  0.019268
253  260  0.0112766
253  262  0.0265234
253  265  0.0189728
254  264  0.0200392
255  260  0.0132218
255  261  0.0139408
255  262  0.0105919
255  352  0.0248741
256  263  0.0906512
256  351  0.0295405
257  264  0.0114158
258  264  0.100383
259  263  0.0902879
263  277  0.0796861
264  276  0.0799949
264  332  0.132167
265  275  0.080084
265  331  0.198636
266  274  0.0798935
266  330  0.198686
267  273  0.064733
267  329  0.198574
268  328  0.19706
269  381  0.0123924
270  380  0.013043
271  379  0.0117684
272  285  0.403364
272  387  0.209536
273  284  0.403405
273  377  0.0181314
273  386  0.20975
274  283  0.404202
274  376  0.0301631
274  385  0.209524
275  282  0.33718
275  375  0.0301964
275  384  0.196603
276  374  0.0293338
276  381  0.0106298
277  373  0.0281932
277  380  0.0118291
278  371  0.0103256
278  379  0.0114437
278  381  0.0778199
279  370  0.0104162
279  380  0.0755947
279  381  0.0545032
280  379  0.0662867
280  380  0.0592306
280  381  0.0253151
281  379  0.0581398
281  380  0.0257413
282  379  0.024985
283  367  0.0477556
283  377  0.118983
284  331  0.118591
284  366  0.0497274
284  376  0.117913
285  330  0.118637
285  365  0.0492756
285  377  0.0167497
286  329  0.116023
286  374  0.0266664
286  376  0.0158733
287  373  0.105682
292  326  0.276688
293  325  0.307112
293  365  0.152002
294  324  0.314744
294  364  0.656856
295  323  0.313675
295  363  0.663882
296  362  0.663949
297  361  0.663462
298  360  0.663332
299  330  0.0348787
299  359  0.560282
300  318  0.489932
300  329  0.495959
301  317  0.491092
301  328  0.496498
302  316  0.490172
302  327  0.496217
303  315  0.375718
303  326  0.442132
304  316  0.0166032
305  310  0.0549502
305  312  0.0187959
305  315  0.018932
305  317  0.0136048
305  323  0.134283
305  324  0.095437
306  313  0.126354
306  314  0.0209973
306  316  0.0135586
306  321  0.158425
306  322  0.111761
307  312  0.106989
307  315  0.0121385
307  320  0.175949
308  319  0.159469
308  320  0.0352219
309  319  0.0337324
310  316  0.101015
311  316  0.0156976
311  322  0.0433215
312  321  0.0566518
313  320  0.0559757
314  319  0.04258
315  325  0.0116002
316  324  0.0120895
326  352  0.0112304
327  351  0.0134025
328  337  0.0281525
329  336  0.0283535
330  335  0.023112
330  351  0.0188275
333  349  0.013083
334  348  0.010406
334  349  0.922775
335  348  0.931796
336  347  0.933864
337  345  0.010093
337  346  0.924594
339  344  0.155276
339  349  0.0375404
340  348  0.0377442
341  347  0.0369033
351  358  0.0117494
364  377  0.0248448
365  376  0.0368448
366  372  0.0121996
366  377  0.0283098
367  374  0.0176339
367  376  0.0301489
368  373  0.0456245
369  388  0.0102938
369  389  0.191499
370  388  0.194297
371  386  0.28643
372  385  0.325526
373  384  0.318501
374  382  0.0118661
374  383  0.303584
375  381  0.0138994
376  388  0.0114738
377  387  0.0115356
385  397  0.010626
386  396  0.0106935
387  395  0.0106936
