1  30  0.0177151
1  221  0.0146
1  240  0.0283633
1  242  0.021338
1  432  0.0569132
1  435  0.0217107
1  465  0.0278876
1  469  0.0246677
1  475  0.112218
2  7  0.0128923
2  220  0.0167525
2  239  0.0283594
2  241  0.0213384
2  431  0.0540275
2  433  0.0232255
2  434  0.0168232
2  464  0.0243314
2  468  0.0245133
2  474  0.109729
2  476  0.0396628
2  481  0.0145258
3  28  0.0225412
3  219  0.0175311
3  238  0.0278747
3  240  0.0206371
3  430  0.0453543
3  432  0.0381011
3  435  0.0125136
3  467  0.0201537
3  475  0.0487854
3  480  0.0163952
4  27  0.0222466
4  237  0.0263512
4  429  0.0365708
4  479  0.0145859
8  243  0.0213386
8  426  0.0123573
8  429  0.0103333
8  470  0.144033
9  23  0.0439056
9  214  0.0177362
9  221  0.0117792
9  227  0.0119383
9  240  0.339876
9  242  0.0299447
9  428  0.0111289
9  465  0.0148294
9  469  0.149095
9  475  0.0171379
10  22  0.0202978
10  187  0.0141392
10  220  0.0127164
10  226  0.0118608
10  239  0.340286
10  241  0.0298274
10  424  0.016901
10  464  0.0117294
10  468  0.144932
10  474  0.0162989
10  476  0.0117386
11  21  0.0203018
11  186  0.1152
11  219  0.0127203
11  238  0.341112
11  240  0.0283245
11  423  0.0397738
11  462  0.0130751
11  467  0.114197
11  475  0.0123479
12  20  0.0440736
12  185  0.116811
12  203  0.0141264
12  211  0.0181644
12  218  0.0115568
12  227  0.01159
12  237  0.338608
12  422  0.039634
12  435  0.0153024
12  461  0.0121459
12  465  0.081884
12  475  0.0322018
13  19  0.0398353
13  181  0.0143554
13  184  0.113541
13  202  0.0147616
13  205  0.0127377
13  210  0.0177941
13  223  0.0139742
13  226  0.011503
13  236  0.334488
13  421  0.0363765
13  434  0.0151184
13  460  0.0107743
13  464  0.0803973
13  474  0.0322101
13  486  0.0118852
14  18  0.0109478
14  180  0.0212848
14  183  0.0949921
14  201  0.0149696
14  204  0.0147545
14  209  0.0145094
14  222  0.0148658
14  225  0.0102804
14  235  0.315773
14  433  0.0138815
14  463  0.073314
14  473  0.0300676
14  485  0.0219418
15  179  0.0254636
15  203  0.0160887
15  221  0.0145288
15  484  0.0229051
16  178  0.0194784
16  181  0.0366722
16  182  0.0125422
16  200  0.35602
16  202  0.0108181
16  220  0.0133252
16  483  0.0218536
17  178  0.0186218
17  180  0.0376881
17  181  0.0124648
17  199  0.430237
17  482  0.0197526
18  177  0.0203331
18  179  0.0221229
18  198  0.442994
19  175  0.485839
19  197  0.444737
19  217  0.0173287
20  174  0.486528
20  195  0.193202
20  196  0.253179
20  216  0.0178519
21  173  0.486669
21  194  0.385251
21  195  0.0615458
21  215  0.0179182
22  172  0.487312
22  193  0.447307
22  214  0.0180067
23  171  0.487311
23  192  0.44732
23  213  0.018007
24  170  0.485907
24  191  0.447014
24  212  0.0179547
25  169  0.481703
25  190  0.446889
25  211  0.0177983
26  132  0.0106162
26  189  0.42787
27  167  0.106114
27  188  0.318151
27  209  0.011478
28  166  0.10385
28  187  0.269824
29  122  0.0459326
29  167  0.0353881
29  188  0.123987
29  205  0.0164789
30  121  0.132043
30  166  0.03627
30  171  0.0131166
30  187  0.175918
30  204  0.0172231
31  120  0.139417
31  129  0.0388347
31  132  0.0172523
31  134  0.0574165
31  170  0.0142866
31  186  0.282876
31  203  0.0149049
32  119  0.139399
32  128  0.0479516
32  132  0.40611
32  169  0.014386
32  185  0.283157
32  484  0.0394464
33  118  0.137366
33  131  0.405552
33  168  0.0139832
33  184  0.272856
33  201  0.0156632
33  483  0.0419714
34  117  0.128843
34  130  0.38791
34  167  0.0123462
34  183  0.230252
34  200  0.0176123
34  482  0.0426973
35  116  0.0968993
35  182  0.148944
35  199  0.0179548
35  481  0.0429525
36  126  0.622952
36  198  0.0180243
36  480  0.0429348
37  44  0.0819869
37  53  0.0124679
37  125  0.767335
37  197  0.0180226
37  479  0.0430017
38  43  0.0797676
38  52  0.0124735
38  124  0.784706
38  196  0.0179305
38  478  0.043046
39  51  0.0118305
39  123  0.786959
40  122  0.787587
40  164  0.0171629
40  477  0.041985
41  121  0.786137
41  163  0.0179013
41  476  0.041864
42  47  0.0443996
42  120  0.786424
42  162  0.018124
42  475  0.041221
43  119  0.784039
43  161  0.0181256
43  428  0.0435225
44  160  0.0181243
44  427  0.0435976
45  159  0.016599
45  426  0.0433777
46  425  0.0428792
47  154  0.0125056
47  424  0.0416124
48  116  0.75057
48  153  0.0121534
49  115  0.937675
49  152  0.0106678
50  114  0.950341
51  113  0.949488
52  112  0.949418
52  148  0.0171851
53  111  0.948406
53  147  0.0177903
54  88  0.0491158
54  146  0.0177841
55  87  0.0667477
55  145  0.0177786
56  86  0.0645914
56  144  0.0147104
57  81  0.978195
58  80  0.986147
59  79  0.99004
60  78  0.990474
61  77  0.167401
63  75  0.983371
64  74  0.985973
66  73  0.927726
67  72  0.608957
86  113  0.0290583
87  112  0.0342754
89  110  0.974993
90  109  0.976688
92  107  0.91453
93  106  0.997914
94  105  0.998124
95  104  0.997566
96  103  0.996969
97  102  0.75436
119  139  0.023663
120  138  0.023801
121  137  0.0237322
121  423  0.0437388
122  136  0.0237469
122  186  0.0546984
122  422  0.0437673
123  133  0.0102223
123  135  0.0236936
123  421  0.0437246
124  132  0.0106743
124  134  0.0235733
124  185  0.128146
124  420  0.043699
125  133  0.0192255
125  184  0.13089
125  419  0.0424615
126  183  0.160567
126  418  0.0379197
127  182  0.252326
127  417  0.0202012
128  181  0.317457
129  180  0.313615
130  179  0.258107
131  179  0.0130775
133  177  0.28847
134  166  0.478979
134  176  0.311906
135  165  0.661655
135  175  0.311983
136  164  0.661994
136  174  0.311973
137  163  0.664503
137  173  0.30384
138  162  0.671225
138  172  0.290873
139  150  0.0841105
139  161  0.671228
140  149  0.0829727
140  170  0.0798972
141  148  0.0710048
143  159  0.662967
144  151  0.0309306
144  158  0.669375
145  150  0.0368113
145  157  0.672164
146  170  0.0925281
147  156  0.66408
147  169  0.174058
148  155  0.603591
148  168  0.174093
149  154  0.276848
149  167  0.174075
150  166  0.17351
153  170  0.0696229
154  162  0.210963
154  169  0.0818419
155  161  0.211307
156  160  0.171499
157  166  0.0865017
158  165  0.0867897
159  164  0.0704336
164  172  0.0119774
165  171  0.0119356
168  177  0.0341773
169  176  0.0359434
169  195  0.0190943
170  178  0.014049
170  194  0.0191641
170  417  0.0166336
171  177  0.0176756
171  193  0.0192011
171  416  0.0370185
172  176  0.0144614
172  192  0.0192011
172  415  0.0370274
173  191  0.0191698
173  414  0.0307622
174  190  0.0189229
174  227  0.0353362
175  226  0.0353428
176  420  0.0153003
176  435  0.016046
176  469  0.0764617
177  222  0.159236
177  419  0.0112379
177  434  0.0120923
177  468  0.076549
178  221  0.2062
178  467  0.0759346
179  220  0.218347
179  466  0.0742904
180  185  0.0653158
180  186  0.0115603
180  219  0.222678
180  465  0.0676288
181  218  0.222141
182  217  0.212773
183  480  0.0365719
184  479  0.0407901
185  478  0.0419602
186  239  0.0408113
186  477  0.0418942
187  218  0.0913215
187  219  0.0573051
187  238  0.0692837
187  465  0.0120372
187  480  0.0122789
188  217  0.0930793
188  237  0.0693199
188  479  0.0137615
189  236  0.0694863
189  464  0.0217635
189  478  0.0140604
190  216  0.403404
190  235  0.0692866
190  463  0.0228909
190  477  0.0141698
191  215  0.462935
191  476  0.0132246
192  214  0.480358
192  461  0.0261923
192  475  0.0104084
193  213  0.481015
193  460  0.0262826
194  212  0.417547
194  459  0.0262308
195  211  0.220481
195  212  0.0720564
195  458  0.0261095
196  211  0.271902
197  210  0.468208
198  209  0.404876
203  208  0.0678449
210  234  0.369019
210  441  0.0592274
211  233  0.369192
211  440  0.0592581
212  232  0.368669
212  439  0.059217
213  231  0.363614
213  234  0.0164999
213  438  0.05923
214  230  0.359547
214  233  0.016495
214  437  0.0591976
214  471  0.0141825
215  470  0.0148874
216  227  0.197918
216  231  0.143488
216  465  0.0127737
216  469  0.0149638
217  226  0.175502
217  230  0.146368
217  464  0.0133742
217  468  0.0140296
218  229  0.28236
218  463  0.0132339
219  226  0.0100122
219  228  0.284287
220  467  0.0147891
221  226  0.167026
221  433  0.015629
221  466  0.0161814
221  476  0.0109644
222  432  0.0197242
222  465  0.0178207
222  475  0.0128122
224  430  0.0269214
225  426  0.0159561
225  429  0.0291097
226  416  0.130966
226  422  0.0530379
226  425  0.0184694
226  428  0.0297586
226  432  0.122904
226  467  0.0141549
227  415  0.131008
227  421  0.0535907
227  424  0.0189269
227  427  0.0296814
227  466  0.014907
228  414  0.0801597
228  420  0.0524663
228  423  0.0197675
228  426  0.017064
228  430  0.0295488
228  465  0.0140271
229  384  0.219593
229  422  0.0182906
229  429  0.159267
229  462  0.0238172
230  383  0.269654
230  428  0.171236
230  461  0.0243922
231  382  0.270176
231  427  0.171284
231  460  0.0248467
232  381  0.270691
232  426  0.170893
232  429  0.032181
232  459  0.0245141
233  380  0.271598
233  425  0.170709
233  428  0.0448153
233  458  0.0235057
234  379  0.272108
234  424  0.170864
234  427  0.044832
235  377  0.0226598
235  378  0.246387
235  423  0.154234
235  426  0.0446589
235  456  0.021626
236  376  0.0351025
236  425  0.0446437
236  455  0.0210151
237  332  0.107304
237  335  0.0845736
237  373  0.0110497
237  375  0.0220261
237  424  0.0376865
237  454  0.0120705
238  331  0.113843
238  334  0.0896186
238  372  0.0116341
239  247  0.237556
239  416  0.024847
239  422  0.0756831
240  246  0.236129
240  415  0.0248777
240  421  0.0758872
241  414  0.0187469
241  467  0.0206927
241  479  0.0130953
242  334  0.173082
242  466  0.0225641
242  478  0.0161226
243  333  0.167029
243  431  0.187506
243  477  0.0115859
243  481  0.0775765
244  430  0.252735
244  480  0.0884252
245  429  0.2707
245  479  0.0891514
245  480  0.0124418
246  330  0.231054
246  383  0.0254613
246  428  0.288219
246  479  0.0144217
247  382  0.0254759
247  427  0.287765
247  477  0.0922401
247  478  0.0145025
248  328  0.58198
248  476  0.0885294
249  327  0.904236
249  475  0.0819801
250  326  0.910246
251  325  0.908113
252  324  0.88681
255  470  0.0331967
256  317  0.0244981
256  322  0.923615
256  469  0.0333918
257  321  0.923987
258  316  0.0539722
258  320  0.924196
259  315  0.0586921
259  319  0.923725
259  428  0.0108097
260  314  0.0586391
260  318  0.91849
261  268  0.0152833
261  313  0.0578455
261  317  0.898619
262  267  0.0100483
262  312  0.054733
262  425  0.0123136
263  275  0.78899
263  311  0.0128134
263  424  0.0123237
264  274  0.967702
264  423  0.0127419
265  273  0.968119
265  422  0.0127409
266  272  0.956106
266  421  0.0126434
270  317  0.0274096
271  316  0.0275451
272  315  0.0278413
273  314  0.0267254
276  313  0.77557
276  315  0.0618182
277  312  0.774758
279  311  0.927741
280  310  0.782947
281  309  0.798584
282  308  0.992926
283  307  0.999958
284  306  0.999967
285  305  0.999454
286  304  0.999705
287  303  0.877814
288  302  0.68141
288  303  0.118885
289  301  0.454775
289  302  0.311696
290  300  0.228065
290  301  0.539133
291  300  0.769707
292  299  0.998925
293  298  0.978916
318  467  0.0569144
319  466  0.0612076
320  465  0.0620361
321  464  0.0620149
322  463  0.0619728
323  432  0.0252493
323  462  0.0306733
324  431  0.0252093
327  427  0.0659374
328  381  0.0277082
328  426  0.254866
329  380  0.0409067
329  425  0.329814
330  379  0.0461773
330  424  0.345421
331  377  0.0114394
331  378  0.0476398
331  423  0.327849
332  376  0.0112811
333  376  0.0212645
333  470  0.0256361
334  377  0.0437046
334  420  0.0126257
334  469  0.0290371
335  376  0.04233
336  467  0.040813
337  372  0.913457
337  466  0.0420884
338  371  0.936918
338  465  0.042321
339  370  0.938959
339  463  0.0425685
340  369  0.94058
340  462  0.0427569
341  368  0.943251
341  461  0.0427495
342  367  0.943182
342  460  0.0427421
343  366  0.912514
343  459  0.0331645
346  363  0.986222
347  362  0.989534
348  361  0.990307
349  360  0.985543
351  358  0.839654
352  357  0.832868
365  440  0.0260033
366  439  0.0266373
367  438  0.0269532
368  437  0.026953
369  436  0.0266911
370  435  0.0252478
371  434  0.0211394
378  421  0.401833
379  420  0.533583
380  418  0.261025
380  419  0.357126
381  417  0.464669
381  418  0.181078
382  416  0.653704
383  415  0.650654
384  412  0.767559
385  411  0.974004
386  410  0.993231
387  409  0.99818
388  408  0.996291
389  407  0.997357
390  406  0.998444
391  405  0.998416
392  404  0.94901
393  403  0.794251
393  404  0.0486121
394  399  0.013343
394  402  0.46836
394  403  0.200011
395  402  0.339639
396  400  0.0371574
396  401  0.345652
415  422  0.0131648
416  421  0.0147146
419  446  0.0265009
419  467  0.0301982
420  445  0.0285316
420  466  0.0331312
421  428  0.0108663
421  444  0.0166792
421  465  0.0330926
421  479  0.042122
422  427  0.0101511
422  478  0.0479323
423  442  0.0378281
423  463  0.0247126
423  477  0.048328
424  435  0.119536
424  441  0.05531
424  475  0.0483048
425  434  0.120197
425  440  0.0552795
425  474  0.0480169
426  433  0.1212
426  439  0.0553914
426  473  0.0462996
427  432  0.115702
427  438  0.055653
428  437  0.0556188
428  471  0.0235599
429  436  0.042109
430  468  0.117355
431  467  0.151865
432  466  0.159127
433  480  0.0574753
434  479  0.0633766
435  463  0.308278
435  478  0.0643305
437  461  0.838834
438  460  0.844779
439  459  0.844965
440  458  0.845382
442  456  0.958926
443  455  0.95925
444  454  0.960148
445  453  0.961064
446  452  0.838959
463  480  0.022268
464  479  0.0243213
465  478  0.0242171
466  475  0.0457555
467  474  0.0382787
467  476  0.0114176
468  479  0.0327662
469  477  0.207183
469  478  0.0413261
470  476  0.206932
470  477  0.0365862
471  475  0.163146
