1  633  0.140123
1  876  0.0104667
2  567  0.0175281
2  632  0.211156
2  802  0.0511383
2  861  0.0569319
2  869  0.206954
2  875  0.0165421
3  399  0.0230285
3  413  0.0803631
3  566  0.0303864
3  631  0.291737
3  801  0.0591415
3  860  0.0686593
3  868  0.249565
3  874  0.0166489
4  398  0.0246867
4  412  0.0807351
4  565  0.0304003
4  630  0.291835
4  800  0.0595113
4  859  0.0686649
4  867  0.248561
5  397  0.0247731
5  411  0.0809012
5  437  0.0546893
5  564  0.030361
5  629  0.292215
5  790  0.0902247
5  799  0.0595529
5  822  0.22579
5  858  0.0685583
6  410  0.0810418
6  436  0.0813648
6  628  0.294869
6  789  0.0977956
6  798  0.0596037
6  821  0.238852
6  857  0.0300387
7  409  0.0806245
7  435  0.0815047
7  627  0.295637
7  788  0.0986808
7  797  0.0595905
7  820  0.238798
8  434  0.0674296
8  626  0.29527
8  787  0.09783
8  796  0.0471423
8  819  0.178885
9  625  0.295309
9  786  0.0818447
10  393  0.17612
10  624  0.295583
10  783  0.286142
11  392  0.177335
11  623  0.287762
11  782  0.297504
12  622  0.267141
12  781  0.300519
12  817  0.0137237
13  391  0.536369
13  780  0.29884
13  816  0.014623
14  390  0.54971
14  815  0.0129215
15  389  0.552455
16  388  0.552682
16  778  0.350328
17  387  0.5519
17  777  0.359597
18  386  0.551263
18  776  0.359011
19  385  0.549913
19  775  0.356056
20  384  0.546308
20  774  0.323512
21  383  0.526177
22  382  0.516807
24  368  0.520938
24  773  0.418126
25  367  0.549628
25  772  0.432356
26  366  0.551848
26  771  0.432959
27  365  0.551676
27  770  0.432968
28  364  0.426656
28  769  0.432479
29  768  0.431992
30  362  0.505295
30  767  0.432463
31  361  0.49396
31  766  0.432453
32  361  0.0491455
32  619  0.0414239
32  765  0.33555
33  360  0.549949
33  618  0.339643
33  728  0.0578053
34  359  0.549327
34  617  0.340188
34  727  0.0572148
35  358  0.54799
35  616  0.339771
35  726  0.0553845
36  357  0.546976
36  615  0.340372
36  725  0.0507351
37  356  0.525564
37  614  0.337975
41  62  0.0364983
41  338  0.0855565
42  63  0.0276965
42  337  0.0933443
42  619  0.015017
43  60  0.57575
43  492  0.025966
43  617  0.0353786
44  59  0.826933
44  290  0.0100425
44  491  0.037383
44  616  0.0445841
45  58  0.856893
45  289  0.0102763
45  490  0.040139
45  615  0.0469775
46  57  0.884144
46  288  0.0105434
46  489  0.0409035
46  614  0.047629
47  56  0.884219
47  287  0.0105438
47  488  0.0408992
47  613  0.0476305
48  55  0.883932
48  286  0.0105431
48  487  0.0408371
48  612  0.0476239
49  54  0.866348
49  459  0.0402188
49  611  0.0414354
50  284  0.0105365
50  458  0.0405175
50  533  0.0353668
51  283  0.0105392
51  457  0.0426952
51  532  0.04442
52  282  0.0105386
52  456  0.0426979
52  531  0.0444285
53  281  0.0105226
53  455  0.0426967
53  530  0.0444331
54  280  0.0105316
54  453  0.0427555
54  529  0.044432
55  279  0.0103149
55  452  0.0427666
55  527  0.0399791
56  451  0.0427695
56  526  0.0410937
57  450  0.042742
57  525  0.0420631
58  74  0.0306603
58  449  0.0257261
59  73  0.0300442
60  72  0.0261563
61  447  0.0354778
61  613  0.301371
62  70  0.0260267
62  446  0.0357943
62  612  0.305295
63  69  0.0342599
63  81  0.0124139
63  353  0.0110187
63  354  0.022701
63  355  0.0189436
63  445  0.0354995
63  611  0.311532
64  68  0.0212294
64  80  0.013495
64  336  0.581157
64  353  0.0110747
64  610  0.311543
65  79  0.0130933
65  335  0.588607
65  609  0.310317
66  334  0.592646
66  608  0.297893
67  333  0.59701
67  607  0.206672
68  76  0.0184491
68  332  0.598909
69  75  0.0184104
69  331  0.598707
70  74  0.011427
70  293  0.0218985
70  330  0.425548
70  581  0.311995
71  292  0.030491
71  300  0.0290762
71  301  0.188828
71  329  0.258172
71  580  0.315998
72  291  0.0388596
72  299  0.0507182
72  300  0.332595
72  328  0.0576504
72  579  0.316505
73  290  0.0418878
73  298  0.0229616
73  299  0.384033
73  578  0.317696
74  289  0.0421312
74  298  0.388632
74  577  0.317971
75  80  0.025299
75  288  0.0404139
75  296  0.557387
75  576  0.317697
76  295  0.557476
76  575  0.316179
77  294  0.552103
78  293  0.482223
80  287  0.600372
81  286  0.604772
81  520  0.0446294
81  547  0.313616
82  285  0.604857
82  519  0.0499277
82  546  0.316805
83  284  0.60456
83  518  0.0508967
83  545  0.317553
84  283  0.60486
84  517  0.0509425
84  544  0.31768
85  282  0.604683
85  516  0.0509412
85  543  0.3175
86  281  0.429912
86  515  0.0509054
87  281  0.0454609
87  514  0.0508854
88  97  0.282517
88  280  0.0900896
88  502  0.031974
88  513  0.0509144
89  95  0.0151238
89  96  0.262877
89  512  0.048103
90  94  0.0176365
90  95  0.224586
90  109  0.17008
90  112  0.062174
90  277  0.0265926
90  279  0.029869
90  511  0.0386391
91  108  0.180979
91  111  0.0628469
92  98  0.0372431
92  100  0.054924
92  107  0.185017
92  110  0.0608221
93  97  0.0336171
93  99  0.0565359
93  106  0.178703
93  503  0.039759
93  506  0.0271967
94  99  0.0137486
94  106  0.0132868
94  502  0.0420437
94  505  0.0271396
95  104  0.0198147
95  107  0.0700696
95  501  0.0290788
96  104  0.142692
96  106  0.0743692
96  280  0.0205595
97  102  0.0174107
97  103  0.165342
97  105  0.0748355
97  279  0.039603
99  277  0.312478
99  279  0.0102953
102  274  0.447039
102  503  0.0151102
103  273  0.449855
103  502  0.015562
104  272  0.449574
105  271  0.448728
106  112  0.0192956
106  113  0.0313963
106  270  0.353493
111  140  0.0513844
111  503  0.0221644
112  139  0.0542279
112  269  0.454347
112  502  0.0409888
112  503  0.0868942
113  268  0.458697
113  280  0.0103905
113  502  0.0933517
114  137  0.0849435
114  267  0.453939
114  279  0.0120405
114  500  0.370573
115  135  0.12622
115  136  0.0425168
115  266  0.430145
115  278  0.0118765
115  499  0.371069
116  134  0.54764
116  498  0.371134
117  133  0.602712
117  497  0.371425
118  132  0.601329
118  496  0.370157
119  495  0.368714
120  130  0.608128
121  129  0.617487
121  493  0.353305
122  128  0.551823
122  492  0.347721
123  127  0.276223
123  491  0.319452
129  458  0.0191018
130  457  0.360993
131  456  0.360957
132  455  0.356332
133  269  0.0108849
134  268  0.0108814
134  453  0.226655
135  267  0.0109622
135  452  0.369936
136  265  0.471752
136  279  0.0149175
136  451  0.369983
137  264  0.472944
137  278  0.0149232
137  450  0.369979
138  263  0.467401
138  449  0.368604
139  448  0.364661
140  164  0.0140973
141  163  0.0150125
142  162  0.0151857
142  261  0.957083
143  260  0.963195
144  159  0.0340972
144  259  0.965027
145  158  0.0343453
145  258  0.965032
146  157  0.0343409
146  257  0.964471
147  156  0.0343861
147  256  0.964835
148  155  0.0342273
148  255  0.964238
149  154  0.024829
149  254  0.945977
150  250  0.0439992
150  253  0.871413
151  159  0.25184
151  249  0.0561368
151  252  0.550699
152  158  0.254886
152  234  0.0427004
153  233  0.044663
153  249  0.0144609
154  246  0.198746
155  232  0.0453279
155  245  0.200598
156  231  0.0453436
156  244  0.199992
157  230  0.0452531
158  229  0.0448043
158  243  0.0609954
158  246  0.391498
159  245  0.402917
160  244  0.396899
160  245  0.288939
161  225  0.0159819
161  241  0.0876811
161  242  0.0560046
161  244  0.298639
162  224  0.0320891
162  239  0.0207503
162  240  0.0882983
162  243  0.525439
163  223  0.033172
163  238  0.0107276
163  242  0.50326
164  222  0.0316063
164  238  0.546556
164  241  0.323655
165  237  0.670082
165  240  0.225145
166  219  0.0443605
166  236  0.853107
166  239  0.0480391
167  218  0.046637
167  235  0.908441
168  217  0.0466301
168  234  0.908592
168  276  0.0133246
169  216  0.0461253
169  233  0.908239
169  275  0.0236135
170  232  0.908106
170  274  0.0236224
171  214  0.0120213
171  231  0.869727
171  273  0.0236063
172  230  0.671999
172  272  0.0236117
173  211  0.0123772
173  212  0.0904944
173  214  0.0904172
173  225  0.0144904
173  271  0.0236292
174  205  0.0964403
174  208  0.300556
174  213  0.0948544
174  228  0.0203424
174  229  0.0250328
174  270  0.0235704
175  204  0.096712
175  207  0.297231
175  210  0.178819
175  212  0.0892645
175  225  0.0163461
175  269  0.0235856
176  203  0.0963249
176  209  0.368681
176  211  0.071796
176  268  0.0232783
177  202  0.0943649
177  205  0.0159919
177  208  0.428906
177  267  0.0211713
179  206  0.789884
180  202  0.01051
180  205  0.852104
181  204  0.712875
182  203  0.397006
182  204  0.148132
183  203  0.288965
184  202  0.423449
185  200  0.975676
186  199  0.988425
187  198  0.99611
188  197  0.996209
189  196  0.9951
190  195  0.985184
207  265  0.0190539
208  225  0.0111678
208  264  0.0190565
210  221  0.715464
211  220  0.741024
211  221  0.0217719
212  219  0.741107
212  220  0.0212225
213  218  0.744684
213  222  0.0302491
214  221  0.0312467
216  222  0.0201892
216  225  0.015106
216  231  0.0108438
217  221  0.0129211
217  224  0.0139222
217  229  0.0389771
217  230  0.0117896
218  228  0.0389349
218  229  0.0120108
219  226  0.0235822
219  227  0.0297524
220  225  0.0315707
222  229  0.0849388
223  228  0.0559416
227  263  0.012661
228  262  0.0211359
229  261  0.0217785
230  260  0.0217693
231  259  0.0161847
232  259  0.0117532
233  258  0.0173143
234  256  0.0291563
235  249  0.0458092
235  255  0.0291774
236  248  0.0458896
236  254  0.0291444
237  247  0.0459199
237  253  0.0291088
238  246  0.0459632
238  252  0.0290586
239  245  0.043794
239  251  0.0284049
240  244  0.0106828
240  250  0.0243034
262  281  0.192704
263  280  0.223982
264  277  0.0287314
264  279  0.457005
265  276  0.0287478
265  278  0.457183
266  275  0.0288472
266  277  0.457972
267  274  0.0285146
267  276  0.457942
268  275  0.437075
280  445  0.191344
281  444  0.190442
283  442  0.364068
284  441  0.36716
285  440  0.367777
286  439  0.183522
287  438  0.184327
288  437  0.367649
289  436  0.347861
290  434  0.0106927
291  434  0.0166814
293  396  0.187699
294  395  0.300337
295  394  0.370428
296  393  0.371081
296  813  0.010251
297  392  0.370777
297  812  0.0104797
298  391  0.370581
298  811  0.0105209
299  390  0.328357
301  330  0.0107551
303  328  0.78018
304  327  0.999704
305  326  0.99986
306  325  0.999826
307  324  0.999808
308  323  0.999577
309  322  0.999781
310  321  0.992536
311  316  0.011234
311  318  0.0250995
312  317  0.0397126
312  319  0.467227
330  346  0.200441
331  345  0.291526
331  354  0.0636146
331  582  0.0101854
331  805  0.0111311
332  344  0.291603
332  353  0.0639367
332  581  0.0101869
332  804  0.0111343
333  343  0.291954
333  352  0.0615397
333  580  0.0101222
333  803  0.011117
334  342  0.291707
334  384  0.0112152
334  802  0.0110141
335  341  0.290084
335  383  0.0113042
335  801  0.0110259
336  340  0.210751
336  382  0.0113038
337  350  0.229127
337  353  0.0876155
337  355  0.069125
337  356  0.0230591
337  798  0.0111432
338  349  0.272575
338  352  0.0881326
339  348  0.294391
339  351  0.0825554
339  354  0.29143
340  347  0.293886
340  350  0.0828523
340  353  0.293064
340  795  0.0111505
341  346  0.262096
341  349  0.0882685
341  352  0.293169
341  794  0.0111404
342  348  0.0871696
342  351  0.29267
342  793  0.0111313
343  350  0.286729
343  792  0.0111312
344  349  0.217341
344  791  0.0111221
345  790  0.0111255
346  390  0.0212481
346  789  0.0107294
347  389  0.282778
347  788  0.0102634
348  388  0.285597
349  386  0.152566
349  387  0.143894
350  385  0.296803
351  384  0.301525
352  383  0.305565
353  382  0.30588
354  380  0.310178
355  379  0.315282
355  389  0.0645303
356  378  0.315166
356  388  0.0655342
357  387  0.0603808
358  373  0.224304
358  386  0.0539213
359  366  0.162099
359  372  0.23016
360  365  0.162151
360  371  0.230203
361  370  0.225383
361  376  0.0422633
362  375  0.0420245
364  373  0.0364023
365  372  0.0470296
366  371  0.0465714
367  376  0.0395826
367  440  0.0364565
368  375  0.0310987
368  439  0.0365102
369  383  0.0870726
369  438  0.0365308
370  382  0.10266
370  437  0.0365742
371  381  0.615204
371  436  0.0365644
372  380  0.613707
372  435  0.036471
373  379  0.536227
375  394  0.026872
376  393  0.0361654
377  392  0.0362319
378  391  0.0361483
379  390  0.0344603
381  388  0.0358767
382  387  0.0314365
385  562  0.0108057
387  560  0.0206309
388  559  0.0249861
389  558  0.0249929
390  557  0.0249802
391  556  0.024903
391  613  0.0150453
392  560  0.0170708
392  612  0.135649
393  553  0.0110748
393  559  0.024427
393  611  0.252412
394  552  0.011911
394  558  0.0243529
394  610  0.252816
395  432  0.252194
395  608  0.254505
396  407  0.0552226
396  431  0.345263
396  563  0.0187772
396  607  0.2547
397  405  0.024734
397  406  0.064
397  430  0.526661
397  562  0.0229281
397  606  0.255775
398  404  0.0252264
398  405  0.0592479
398  429  0.581775
398  561  0.0229278
398  605  0.255553
399  428  0.582593
399  560  0.0228945
399  604  0.240319
400  427  0.582326
400  559  0.022598
401  426  0.58186
402  425  0.57205
404  421  0.0638697
404  424  0.0122361
405  420  0.0633185
405  421  0.518419
405  503  0.199899
406  420  0.520222
406  502  0.204625
406  871  0.0150863
407  501  0.205055
407  870  0.0152283
408  418  0.592535
408  500  0.102576
408  572  0.0100049
409  417  0.592797
409  500  0.119549
409  571  0.0102431
409  868  0.0293075
410  416  0.585528
410  499  0.221953
410  570  0.0102455
410  867  0.0295801
411  415  0.222901
411  498  0.221573
411  569  0.0100632
411  866  0.0296611
412  497  0.221986
412  504  0.0448276
412  865  0.0295204
413  496  0.221938
413  503  0.0450254
414  495  0.217454
414  502  0.0450323
414  546  0.0102098
414  862  0.101098
415  478  0.0556236
415  490  0.0382531
415  501  0.0435155
415  545  0.0102068
415  861  0.103273
416  436  0.020103
416  448  0.0281231
416  477  0.120562
416  489  0.0399079
416  500  0.0385575
416  544  0.0101891
416  860  0.103929
417  435  0.020034
417  447  0.0146663
417  476  0.118883
417  488  0.03978
417  499  0.0383715
417  859  0.102413
418  447  0.0381157
418  475  0.117098
418  487  0.0392269
418  496  0.0268514
418  858  0.100735
419  446  0.0523383
419  495  0.0271485
419  560  0.023474
420  445  0.0525863
420  473  0.0252708
420  474  0.0708363
420  494  0.0277532
420  559  0.0338513
420  562  0.0124937
420  857  0.0562045
421  432  0.109331
421  473  0.0667696
421  493  0.0274844
421  558  0.0324142
421  561  0.0120147
421  856  0.0561078
422  431  0.175812
422  855  0.0368421
423  430  0.191733
423  441  0.054152
423  855  0.0174202
424  429  0.188937
424  432  0.0102769
424  440  0.0548811
424  854  0.0347368
425  431  0.0108339
425  439  0.0519857
425  853  0.0327764
426  852  0.025055
428  438  0.010242
429  435  0.0275973
429  437  0.0115833
434  472  0.119767
434  483  0.0181655
435  457  0.0247662
435  471  0.162385
435  482  0.0207818
435  539  0.0101618
435  552  0.0327568
435  571  0.0129525
435  851  0.0172653
436  456  0.0247815
436  470  0.162413
436  481  0.0208823
436  538  0.0101966
436  550  0.12958
436  570  0.0129703
436  850  0.0172737
437  455  0.0247811
437  469  0.161855
437  480  0.020016
437  537  0.0101497
437  549  0.155349
437  569  0.0115569
437  849  0.0168493
438  454  0.0218786
438  536  0.0101044
438  548  0.155751
438  568  0.0104853
438  848  0.016127
439  453  0.0171823
439  547  0.15567
439  847  0.0120042
440  546  0.155963
441  466  0.164931
441  545  0.155077
441  875  0.0349999
442  465  0.185418
442  544  0.149488
442  874  0.0474366
443  464  0.187156
443  515  0.0122593
443  873  0.047342
444  463  0.187702
444  514  0.013689
444  872  0.0461935
445  462  0.187998
445  499  0.0150008
445  502  0.0158305
445  513  0.0140012
445  871  0.0432282
446  461  0.187887
446  498  0.0156243
446  512  0.0139717
447  460  0.18105
447  497  0.0156999
447  500  0.169258
447  511  0.0138514
447  753  0.01668
448  458  0.01091
448  496  0.0156624
448  499  0.169528
448  510  0.0138442
448  752  0.0167275
448  862  0.0223458
449  458  0.156628
449  490  0.0563852
449  495  0.011093
449  508  0.0112766
449  751  0.0163922
449  861  0.0232681
450  457  0.192458
450  489  0.0756727
450  497  0.196505
450  504  0.0105968
450  507  0.0112881
450  860  0.0233694
451  456  0.18099
451  488  0.0760187
451  496  0.196739
451  503  0.0106603
451  506  0.0113401
451  859  0.0233697
452  487  0.0760026
452  495  0.196764
452  502  0.0106575
452  505  0.0113285
452  748  0.0152029
452  858  0.0233148
453  486  0.0709072
453  494  0.193269
453  504  0.0111324
453  747  0.0153635
453  854  0.0159039
454  482  0.080885
454  746  0.0153733
454  853  0.0217699
455  481  0.0847196
455  745  0.0153319
455  852  0.0221541
456  480  0.0868057
456  500  0.018024
456  851  0.0220682
457  478  0.0888759
457  499  0.0181154
457  850  0.0220456
458  477  0.0890918
458  489  0.607138
458  497  0.0253134
459  476  0.0890865
459  488  0.592792
459  496  0.0261133
460  475  0.0888195
460  487  0.576567
460  488  0.0428385
460  495  0.0260137
461  472  0.0339312
461  487  0.0599705
462  471  0.0368916
462  473  0.0489888
462  486  0.706006
463  470  0.0267621
463  472  0.0441339
463  485  0.70701
464  484  0.706356
465  483  0.705993
466  482  0.703742
467  481  0.700559
468  479  0.722398
469  478  0.73299
470  477  0.737691
471  476  0.717386
473  613  0.0104266
474  481  0.0111918
474  612  0.0106048
475  480  0.0157139
475  611  0.0106446
476  610  0.0105289
478  489  0.0110879
480  487  0.0444667
481  486  0.0463088
481  500  0.0294108
482  499  0.0297948
483  498  0.0313284
484  497  0.0316319
486  495  0.039078
487  494  0.124445
488  493  0.111109
492  507  0.0101193
493  506  0.0106731
493  613  0.0488078
494  505  0.0106788
494  612  0.0500045
495  504  0.010362
495  611  0.0501784
496  610  0.0500336
498  609  0.0347903
499  608  0.0346359
500  564  0.0182691
500  736  0.0232052
501  563  0.0252001
501  607  0.0598132
501  735  0.0273968
502  540  0.0172399
502  562  0.0266466
502  606  0.0685973
502  734  0.028181
503  539  0.0174621
503  541  0.158072
503  561  0.0266347
503  605  0.0676368
503  733  0.0281789
504  538  0.017596
504  732  0.0280419
505  537  0.0164512
505  540  0.834104
505  559  0.0268441
506  539  0.846021
506  558  0.026847
507  538  0.848695
507  557  0.0261451
508  537  0.840221
509  536  0.771799
510  552  0.0280222
511  534  0.774672
511  551  0.0280773
512  533  0.875118
512  550  0.0280306
513  532  0.884605
513  549  0.0280442
514  531  0.442038
514  548  0.0274686
515  531  0.448095
515  547  0.0243244
516  530  0.943656
517  529  0.943795
518  528  0.943442
519  527  0.94398
520  526  0.938741
521  525  0.357344
531  539  0.0287515
532  538  0.0289201
533  537  0.0110113
541  603  0.411608
542  602  0.416591
543  601  0.417909
544  600  0.417913
544  759  0.0117018
545  599  0.417252
545  758  0.0123506
546  598  0.415762
546  757  0.0124667
546  866  0.0145939
547  756  0.0124669
547  865  0.0145922
548  755  0.0122498
548  864  0.0133228
549  556  0.0102303
549  567  0.0103055
549  570  0.035963
549  592  0.130383
549  595  0.110386
549  748  0.0390552
550  566  0.0107661
550  569  0.0399642
550  571  0.0989266
550  591  0.133831
550  747  0.0438224
551  746  0.0443433
552  570  0.117727
552  592  0.0353666
552  595  0.140836
552  745  0.0444454
553  588  0.172961
553  594  0.143379
553  744  0.0443404
554  568  0.289168
554  587  0.186388
554  593  0.144644
554  743  0.0441723
555  567  0.318025
555  586  0.189224
555  592  0.144242
555  742  0.0436539
556  566  0.341128
556  585  0.189733
556  591  0.13945
557  584  0.181043
558  565  0.4564
559  564  0.441409
559  739  0.0351082
560  738  0.0346891
562  736  0.0243275
563  573  0.0902389
563  577  0.0105808
563  583  0.119474
564  569  0.0212337
564  572  0.108589
564  576  0.018619
564  582  0.125525
564  734  0.0434841
564  857  0.0688133
565  571  0.111489
565  575  0.0175652
565  581  0.123902
565  628  0.0231497
565  733  0.0431908
565  856  0.0690969
566  570  0.0905509
566  577  0.102926
566  627  0.0248066
566  732  0.0427871
567  576  0.106923
567  626  0.0562915
567  854  0.0863625
568  625  0.058752
568  853  0.0865184
569  577  0.12085
569  624  0.0592147
569  852  0.0866043
570  576  0.112461
570  623  0.0591997
570  851  0.0863284
571  622  0.0592396
571  850  0.0862233
572  621  0.0531132
575  826  0.0123285
576  592  0.0131818
576  619  0.0335372
576  825  0.0123589
577  582  0.0324588
577  585  0.12221
577  591  0.0135959
577  618  0.0325128
578  584  0.099142
581  770  0.0249834
581  826  0.0135289
582  595  0.0694796
582  603  0.031406
582  739  0.0379921
582  769  0.0280213
582  825  0.0136021
583  602  0.0304467
583  738  0.0383815
583  768  0.0280311
583  824  0.0135814
584  593  0.212642
584  596  0.0242348
584  604  0.0389683
584  737  0.0384387
584  767  0.028033
584  823  0.0135567
585  592  0.219159
585  595  0.0253193
585  600  0.0285898
585  603  0.042356
585  736  0.0384509
585  766  0.0280154
585  822  0.0135226
586  599  0.024249
586  602  0.0362725
586  735  0.0306632
588  626  0.0116777
589  625  0.0127348
590  624  0.0128939
591  600  0.0104582
591  622  0.0102301
591  729  0.0173653
592  728  0.0191919
594  602  0.0313165
595  601  0.0350436
595  606  0.0110226
595  618  0.0135063
595  874  0.0379365
596  873  0.0379641
597  872  0.0379668
598  603  0.0234097
598  871  0.0380062
599  615  0.159599
599  869  0.0189014
599  870  0.019061
600  614  0.200497
600  868  0.0377751
601  613  0.200543
601  867  0.0377577
602  612  0.199849
603  611  0.194413
603  865  0.0370839
604  864  0.0367706
606  862  0.0300535
607  861  0.024423
610  859  0.0389174
611  858  0.0393399
612  618  0.0115622
612  731  0.019431
612  734  0.0109292
612  857  0.0396368
613  637  0.0101879
613  730  0.0213653
613  733  0.0109847
613  856  0.0395688
614  636  0.010512
614  729  0.0213225
614  732  0.011002
615  635  0.0105608
615  855  0.0169998
616  634  0.0105588
617  633  0.0105892
617  853  0.0364545
618  632  0.0105987
618  852  0.0383101
619  631  0.0103893
619  728  0.0186178
619  851  0.03805
621  722  0.439068
622  721  0.502351
622  851  0.0106718
623  720  0.50204
623  847  0.0498295
623  850  0.0108151
624  719  0.502589
624  846  0.0576022
624  849  0.0140057
625  718  0.47152
625  845  0.0575538
625  848  0.0140054
626  844  0.0575491
626  847  0.0140055
627  733  0.0255621
627  843  0.0575283
627  846  0.0139978
628  715  0.422301
628  732  0.0120325
628  842  0.0574228
628  845  0.0130011
629  714  0.557653
629  731  0.0379613
629  841  0.0561513
630  713  0.558243
630  730  0.0561478
630  840  0.0553438
631  712  0.558251
631  729  0.0564192
632  711  0.558289
632  728  0.0610087
632  798  0.0105346
632  839  0.0338387
633  645  0.0219243
633  710  0.543122
633  727  0.0604732
633  797  0.010269
633  838  0.0337444
633  871  0.0104206
634  644  0.0342452
634  726  0.0585385
634  837  0.0333251
634  870  0.0229776
635  643  0.0358084
635  707  0.427754
635  725  0.0508325
635  836  0.0310134
635  869  0.0257291
636  642  0.0372459
636  706  0.550334
636  719  0.0186723
636  795  0.124093
636  868  0.0258219
637  641  0.0141828
637  705  0.549351
637  718  0.0187047
637  739  0.010988
637  794  0.124809
637  867  0.0249291
638  717  0.0187548
638  738  0.0130093
638  792  0.0978893
638  793  0.0625099
639  704  0.661708
639  716  0.0187766
639  737  0.0135785
639  791  0.172132
639  823  0.0100621
640  703  0.669954
640  715  0.0187601
640  736  0.0136256
640  790  0.173251
640  822  0.0101708
641  702  0.673355
641  789  0.173214
642  649  0.0227583
642  701  0.674491
642  788  0.173241
643  700  0.654265
643  787  0.160124
644  786  0.145293
645  697  0.0452575
646  696  0.0576937
646  698  0.612369
646  816  0.0125636
646  874  0.0117234
647  697  0.538946
647  815  0.0125787
647  873  0.0115527
648  697  0.203408
648  814  0.0125207
649  696  0.291851
650  694  0.859092
650  735  0.0217407
650  812  0.0125632
651  656  0.0112019
651  693  0.878859
651  714  0.0152456
651  734  0.0283516
651  811  0.0125565
651  857  0.0121458
652  692  0.879287
652  711  0.0180139
652  713  0.0152225
652  733  0.0283546
652  810  0.0123967
652  856  0.0121632
653  691  0.878689
653  712  0.0151426
653  732  0.0282849
653  809  0.0123214
654  690  0.876766
654  711  0.013941
654  808  0.0110875
654  854  0.0123868
655  708  0.0234278
655  853  0.0123929
656  664  0.112216
656  689  0.458623
656  707  0.0249333
656  729  0.0275547
656  852  0.0124032
657  663  0.131578
657  688  0.341789
657  706  0.0126171
657  728  0.0262842
657  805  0.0119377
657  851  0.0118372
658  663  0.010216
658  688  0.281906
658  706  0.0653213
658  804  0.0119448
659  686  0.0495428
659  687  0.379711
659  705  0.0779092
660  685  0.0458567
660  686  0.372626
660  704  0.078079
661  685  0.322352
661  703  0.0784092
662  682  0.107607
662  683  0.0140347
662  702  0.0785285
663  681  0.106871
663  701  0.0785821
664  682  0.0189462
664  683  0.0141198
664  684  0.0412228
664  700  0.0780703
665  682  0.0167648
665  683  0.0339178
666  680  0.839933
666  764  0.0177589
667  679  0.887068
667  763  0.018794
668  678  0.887222
668  762  0.0188063
669  677  0.886399
669  696  0.0834826
669  761  0.0187887
670  676  0.883635
670  695  0.0837799
671  675  0.336375
671  694  0.083741
671  758  0.0188284
672  693  0.0837827
672  757  0.0188419
673  692  0.083543
673  756  0.0188454
674  755  0.0188288
675  691  0.0816417
675  754  0.0187555
676  690  0.0816543
676  753  0.0184893
677  689  0.0765542
677  752  0.0179884
678  688  0.0350233
679  684  0.0149809
695  868  0.0101516
696  867  0.0101374
697  823  0.0114394
698  822  0.0126578
699  730  0.0202727
699  784  0.168284
699  821  0.0132941
700  729  0.0203447
700  783  0.168346
700  820  0.0132879
701  728  0.0203233
701  782  0.167897
701  819  0.0132146
701  876  0.0146618
702  727  0.0200779
702  781  0.168001
702  875  0.0190395
703  780  0.166743
703  816  0.0132376
703  874  0.0240189
704  815  0.0132251
704  873  0.0244571
705  814  0.0131941
705  872  0.0261756
706  729  0.015426
706  778  0.0191563
706  813  0.0131395
706  871  0.0265357
707  728  0.0212635
707  776  0.0820817
707  777  0.0159311
707  846  0.0155082
708  727  0.0208563
708  775  0.0887688
708  845  0.0155192
708  870  0.0326776
709  726  0.0163213
709  774  0.0851182
709  844  0.0155339
709  869  0.0347044
710  721  0.152787
710  843  0.0155531
710  868  0.0356888
711  720  0.153236
711  772  0.16369
711  842  0.0155452
711  867  0.0356766
712  719  0.154182
712  761  0.0184298
712  771  0.169685
712  866  0.0286309
713  718  0.143426
713  760  0.0184406
713  770  0.169694
714  759  0.0183547
714  769  0.169604
715  756  0.0565451
715  768  0.100974
716  755  0.0578047
717  754  0.0579514
718  730  0.142567
718  753  0.0575313
719  729  0.156279
719  752  0.0573627
719  772  0.0133056
720  728  0.159197
720  730  0.0323651
720  753  0.0128605
720  771  0.0182337
721  729  0.0326163
721  752  0.0130138
721  770  0.0182332
722  727  0.130592
722  751  0.0134365
722  769  0.0172869
722  875  0.0119279
723  750  0.0128176
723  874  0.0172377
724  873  0.0169836
725  872  0.0141541
726  747  0.0220564
727  746  0.0219799
728  745  0.0218025
729  746  0.0101815
729  753  0.0113677
730  742  0.013777
730  745  0.0115363
730  752  0.0113768
730  763  0.501047
730  862  0.0490624
731  741  0.013719
731  744  0.0117845
731  751  0.011574
731  762  0.575832
731  861  0.0523727
732  761  0.654699
732  860  0.0533392
733  760  0.65509
733  859  0.0533054
734  739  0.0116525
734  742  0.0328524
734  759  0.654582
734  858  0.053181
735  741  0.0322919
736  747  0.016198
736  756  0.646654
736  854  0.0223108
736  856  0.0283171
736  877  0.0128768
737  746  0.0168423
737  755  0.65463
737  853  0.0223644
737  855  0.0279759
737  876  0.0132123
738  745  0.0161146
738  754  0.654241
738  852  0.0223888
738  875  0.0133195
739  753  0.646115
739  851  0.0223251
739  854  0.0285148
739  874  0.0131616
740  853  0.0282549
740  873  0.0128237
741  750  0.0346304
742  747  0.0131046
742  750  0.0404529
742  874  0.0340028
743  750  0.174092
743  873  0.0341724
744  750  0.0249943
744  872  0.0347002
745  753  0.0109182
745  849  0.0921937
746  752  0.0102524
746  848  0.0922609
746  870  0.0354567
747  847  0.0922304
747  869  0.0356851
748  846  0.0915954
748  868  0.0356511
750  759  0.0627484
751  758  0.0717718
752  757  0.066553
752  866  0.0255058
753  759  0.0159685
754  864  0.0338944
755  764  0.0120531
755  863  0.0366329
756  763  0.0127593
756  862  0.0184297
757  762  0.0119019
757  862  0.0929008
758  861  0.111822
759  860  0.112047
760  843  0.143341
761  842  0.143909
761  858  0.112169
762  841  0.161117
762  857  0.113491
763  840  0.161113
763  856  0.113502
764  839  0.153408
764  855  0.0573041
765  812  0.0118207
765  855  0.0562275
766  811  0.0151623
766  854  0.112388
767  810  0.0151566
767  853  0.112083
768  809  0.0150463
768  835  0.0760512
768  852  0.11049
769  808  0.014579
769  834  0.153896
769  851  0.0566789
770  807  0.0126547
770  833  0.160875
770  851  0.0530504
771  832  0.160887
771  850  0.105426
772  831  0.157648
772  849  0.101592
773  830  0.146091
774  793  0.0244382
775  792  0.0267549
775  819  0.0425621
775  828  0.114716
776  791  0.0265905
776  818  0.0686616
776  827  0.122637
776  848  0.0148688
777  790  0.0264912
777  791  0.0190992
777  817  0.0754485
777  826  0.0927882
777  847  0.0173775
778  816  0.0765919
778  846  0.0175943
779  789  0.0674362
779  814  0.0359763
779  815  0.0509656
779  824  0.0401436
780  788  0.0737812
780  790  0.0213407
780  813  0.0615082
780  825  0.128019
781  787  0.0694703
781  789  0.0213495
781  812  0.0594666
781  824  0.128901
782  788  0.020338
782  799  0.0100551
782  822  0.102359
782  823  0.0849502
783  798  0.0149551
783  811  0.0425641
783  814  0.0229087
783  821  0.220521
783  851  0.0144733
784  797  0.0149681
784  813  0.0388213
784  820  0.220618
784  850  0.0144872
785  796  0.0138855
785  810  0.0576921
785  812  0.0360399
785  819  0.220862
786  809  0.0638078
786  818  0.220165
786  848  0.0130069
787  794  0.0110251
787  817  0.217882
787  844  0.0104089
787  847  0.0138718
788  793  0.0118601
788  795  0.0228663
788  807  0.293885
788  816  0.205415
788  843  0.0110307
788  846  0.0139274
789  794  0.0142631
789  806  0.306986
789  842  0.011024
789  845  0.0130786
790  805  0.311254
790  811  0.102132
790  815  0.0220164
790  840  0.0111938
790  874  0.0111313
791  810  0.102016
791  814  0.0217376
791  839  0.0162136
791  873  0.0104195
792  803  0.310545
792  809  0.0912853
792  813  0.0209798
792  838  0.0160448
793  802  0.333794
793  837  0.0147389
794  801  0.335395
794  808  0.0119799
794  814  0.0117707
794  872  0.0664753
795  800  0.327802
795  813  0.0120668
795  871  0.08114
796  806  0.0418061
796  844  0.0671864
796  869  0.142364
796  870  0.0407956
797  805  0.043539
797  807  0.079094
797  814  0.0197258
797  833  0.0257511
797  843  0.0827923
797  868  0.211566
798  813  0.0201581
798  832  0.0257749
798  835  0.0416839
798  842  0.0828064
798  867  0.211585
799  804  0.0417457
799  805  0.0896697
799  808  0.0112902
799  811  0.0142089
799  812  0.0170881
799  831  0.0232055
799  834  0.0450748
799  841  0.0827201
799  866  0.209478
800  804  0.055584
800  807  0.014769
800  810  0.0145411
800  811  0.0168676
800  830  0.0232537
800  833  0.0489722
800  840  0.0823864
800  865  0.205906
801  809  0.0207685
801  829  0.0249017
801  832  0.0488545
802  808  0.0194749
802  828  0.0238333
802  831  0.0480558
802  864  0.0134617
803  830  0.0431599
803  834  0.0226277
804  826  0.0178727
805  825  0.0177999
805  832  0.0655909
805  835  0.0112534
806  814  0.0121114
806  824  0.0135775
806  831  0.0657409
806  834  0.0109378
807  813  0.0170738
807  826  0.119598
808  825  0.120397
808  829  0.190311
809  824  0.129523
809  828  0.214488
809  864  0.0355571
810  823  0.139035
810  827  0.218179
810  863  0.0416205
811  822  0.135278
811  826  0.218547
811  862  0.0419994
812  825  0.122024
812  861  0.0417947
813  821  0.139473
813  824  0.120617
813  860  0.0417417
814  820  0.126387
814  823  0.20827
814  859  0.0403933
815  822  0.166425
815  823  0.0102354
815  858  0.0306474
816  822  0.0248064
818  853  0.0345809
819  852  0.037022
819  869  0.0157309
820  833  0.0112316
820  851  0.0383851
820  868  0.0187361
821  832  0.0112582
821  850  0.0383966
821  867  0.0184344
822  831  0.0112351
822  849  0.0381584
823  830  0.0110644
824  847  0.0346314
824  867  0.0283304
825  841  0.0187247
825  846  0.0347425
825  866  0.332978
826  840  0.0191913
826  865  0.337757
827  839  0.0188794
827  864  0.338679
828  838  0.0170919
828  863  0.335799
830  845  0.0810928
830  862  0.44065
831  844  0.110261
831  861  0.494787
832  843  0.116012
832  860  0.521001
833  842  0.11556
833  859  0.521019
834  858  0.519123
835  840  0.0690681
835  856  0.013257
835  857  0.493434
836  855  0.0248663
837  855  0.052374
838  855  0.0927363
840  852  0.0130028
841  852  0.504918
842  851  0.525514
843  850  0.519069
862  874  0.0579632
863  873  0.0565606
866  871  0.158784
