1  47  0.102069
2  31  0.0268124
2  46  0.135199
3  30  0.02722
3  45  0.1351
4  29  0.0272028
4  44  0.134509
4  77  0.293914
4  79  0.367493
5  76  0.293572
5  78  0.429871
5  102  0.0111618
6  49  0.0100042
6  75  0.278851
6  77  0.451591
6  101  0.0112569
7  39  0.383005
7  48  0.0263482
7  76  0.426632
7  100  0.0108892
8  25  0.036257
8  38  0.454607
8  47  0.033127
8  75  0.361107
8  99  0.0100267
9  24  0.0364226
9  37  0.478664
9  45  0.0101439
9  46  0.0373897
10  23  0.0363794
10  36  0.477996
10  38  0.0426342
10  47  0.0255931
10  73  0.0233437
11  22  0.0356819
11  35  0.46254
11  37  0.0512135
11  45  0.0256374
11  46  0.0307856
12  36  0.0483851
12  39  0.0259415
13  38  0.0278295
13  39  0.0191638
14  38  0.0194932
14  71  0.0384991
15  44  0.0182488
15  70  0.0413655
16  35  0.0111051
16  43  0.017897
16  69  0.0411761
17  34  0.0423313
17  35  0.213341
17  42  0.0110915
17  68  0.040163
18  33  0.0409672
18  34  0.807759
18  67  0.0343327
19  32  0.0416434
19  33  0.827614
20  31  0.041621
20  32  0.827654
20  46  0.0480067
20  65  0.0335877
21  31  0.826224
21  45  0.0488718
21  64  0.0336634
22  29  0.569845
22  44  0.0488306
22  63  0.0335148
23  28  0.523999
23  30  0.166843
23  43  0.0482159
23  62  0.0315877
24  29  0.158467
25  59  0.0321137
26  58  0.0321078
27  39  0.0410533
27  57  0.0308316
28  38  0.0469065
28  55  0.0259763
29  37  0.0472774
29  54  0.0259435
30  36  0.0371177
32  49  0.0252232
32  75  0.0212479
33  48  0.0300123
33  74  0.0213386
34  47  0.0315729
34  73  0.0201388
35  44  0.105926
36  43  0.10176
36  45  0.0619462
37  44  0.0978104
38  43  0.064286
41  50  0.0123049
42  49  0.0123411
45  71  0.0170981
45  74  0.0130282
45  75  0.135402
46  70  0.0198386
46  73  0.0125022
46  74  0.139667
47  69  0.0197714
48  68  0.019336
49  67  0.0160753
52  72  0.794248
53  71  0.905209
54  66  0.0289177
54  70  0.922842
55  69  0.921797
56  65  0.0404839
56  68  0.908106
57  64  0.0634516
57  67  0.880232
58  63  0.147103
58  66  0.798971
80  98  0.956546
81  97  0.989993
82  96  0.990399
83  95  0.990693
84  94  0.988592
85  93  0.732565
86  93  0.0546269
