1  10  0.0886285
1  15  0.0476726
2  14  0.06344
3  8  0.07634
3  13  0.0648123
4  12  0.0591539
5  66  0.0108202
6  65  0.0164635
7  64  0.0160591
8  63  0.0132765
12  66  0.604305
13  65  0.874017
14  64  0.846041
17  62  0.790146
18  61  0.983823
19  60  0.999891
20  59  0.999962
21  58  0.999967
22  57  0.999972
23  56  0.999933
24  55  0.998409
25  54  0.890597
26  53  0.131732
27  53  0.12348
28  52  0.398798
29  51  0.990433
30  50  0.995606
31  49  0.997597
32  48  0.999489
33  47  0.0375333
34  47  0.962353
35  46  0.999312
36  45  0.999928
37  44  0.993394
38  43  0.615266
