1  12  0.0262638
1  18  0.0550904
1  23  0.0326221
2  11  0.030195
2  17  0.0888862
2  22  0.0526922
2  566  0.0317005
3  10  0.0318264
3  16  0.0954723
3  19  0.0676677
3  21  0.0458288
3  132  0.0149361
3  565  0.0381248
4  15  0.0956143
4  18  0.0648657
4  20  0.0325332
4  21  0.310416
4  131  0.012536
4  564  0.0291827
5  14  0.0936421
5  20  0.345915
5  129  0.0115549
6  16  0.0380799
6  19  0.366478
6  128  0.0129997
6  563  0.015762
7  12  0.0649978
7  15  0.0501813
7  16  0.0554875
7  18  0.307525
7  127  0.0120493
8  14  0.044335
8  15  0.107413
8  16  0.0289554
9  14  0.111183
9  15  0.024689
9  16  0.0543852
10  243  0.0321414
11  65  0.0269266
11  212  0.0216041
11  240  0.0331537
11  242  0.041037
11  605  0.0103805
12  64  0.0269575
12  211  0.0216865
12  239  0.0330821
12  241  0.0421815
12  598  0.0118668
12  604  0.010568
13  63  0.0269862
13  210  0.0254613
13  238  0.0310879
13  240  0.0442785
13  597  0.0143938
13  603  0.0106104
14  62  0.0262929
14  209  0.0221556
14  239  0.0429608
14  596  0.013946
14  602  0.0103386
15  208  0.0185553
16  207  0.0190885
16  236  0.0154068
17  234  0.0347056
17  235  0.0156872
18  233  0.0351756
19  58  0.0118815
19  59  0.016842
19  232  0.0350602
19  233  0.0332923
20  58  0.0173868
20  232  0.0311485
24  54  0.060639
24  229  0.0757218
25  53  0.070021
25  225  0.0147205
25  228  0.903252
26  52  0.0703532
26  224  0.0147306
26  227  0.903835
27  51  0.0703724
27  223  0.0147352
27  226  0.903974
28  50  0.070422
28  222  0.0145949
28  225  0.91247
29  49  0.0704242
29  221  0.0145471
29  224  0.912503
30  48  0.0704128
30  220  0.0144646
30  223  0.912466
31  47  0.0606203
31  222  0.912229
32  221  0.905902
33  45  0.0681731
34  44  0.0695091
34  218  0.0130354
35  43  0.0693138
36  42  0.0658305
36  217  0.923489
37  216  0.925429
38  215  0.92594
39  214  0.674939
41  212  0.912316
42  51  0.0128855
42  211  0.913362
43  50  0.0174808
43  210  0.909301
44  49  0.0172336
44  209  0.899413
45  208  0.199381
46  51  0.0101931
46  205  0.0314854
46  208  0.647434
47  204  0.0314663
47  207  0.631651
48  56  0.0142039
48  57  0.0223052
48  203  0.0303161
48  206  0.460507
49  55  0.01095
49  56  0.0244003
49  63  0.325894
49  177  0.0144251
49  206  0.027923
50  58  0.413885
50  62  0.326141
50  176  0.0144472
50  205  0.042507
51  56  0.0178458
51  57  0.422243
51  61  0.327015
51  175  0.0143081
52  56  0.344557
52  60  0.328103
52  174  0.011493
52  212  0.0132852
53  59  0.286709
55  209  0.0127614
56  208  0.0368046
57  207  0.0374774
58  206  0.0191546
59  154  0.0141455
59  203  0.158795
59  206  0.408317
60  153  0.013567
60  202  0.162137
60  205  0.442166
61  201  0.161836
61  204  0.446649
62  152  0.0193506
62  200  0.160248
62  203  0.449482
63  151  0.0193525
63  199  0.160086
63  202  0.449245
64  150  0.0192009
64  180  0.0163502
65  149  0.0184963
65  179  0.0174311
65  196  0.0760486
65  197  0.0404042
65  205  0.0196732
66  195  0.0690801
67  180  0.061592
67  194  0.03692
68  179  0.0661858
68  184  0.037029
68  202  0.0273999
68  205  0.0344438
69  178  0.0583137
69  183  0.0322215
69  201  0.0242716
69  204  0.0300323
71  144  0.0504149
71  150  0.135916
71  180  0.0292209
72  125  0.0210918
72  143  0.0558121
72  149  0.157211
72  179  0.0318142
72  185  0.192163
73  124  0.0215679
73  142  0.0558145
73  148  0.157064
73  149  0.0166673
73  178  0.0308737
73  184  0.200734
73  185  0.277865
74  123  0.0215323
74  141  0.0556364
74  148  0.0188358
74  149  0.0151828
74  184  0.29808
75  148  0.0141613
75  182  0.240497
75  183  0.233782
76  145  0.151871
76  181  0.302932
76  182  0.145074
77  122  0.0128597
77  144  0.151938
77  146  0.0159464
77  180  0.354523
78  143  0.150337
78  179  0.35345
79  120  0.068375
79  144  0.694037
79  180  0.010834
80  119  0.0769769
80  142  0.144757
80  143  0.74738
80  179  0.0117316
81  118  0.0770608
81  141  0.144803
81  142  0.74871
81  178  0.0117517
82  140  0.0731778
83  116  0.079885
83  140  0.825374
84  115  0.0799212
84  139  0.896922
84  176  0.011653
85  114  0.079251
85  138  0.896698
85  175  0.0115889
86  174  0.0111341
88  113  0.0110437
88  135  0.897113
89  134  0.896549
90  112  0.0862036
90  133  0.897246
91  111  0.114085
91  132  0.87315
92  110  0.11402
92  131  0.808822
93  108  0.85805
93  127  0.0151871
94  107  0.965565
94  126  0.0158813
95  106  0.965772
95  125  0.0158027
96  105  0.964834
97  104  0.956574
98  103  0.628385
98  126  0.0114703
99  125  0.0113029
102  120  0.0301935
103  119  0.03305
104  118  0.033618
105  117  0.0336042
106  116  0.0335984
107  115  0.033292
112  127  0.573964
112  128  0.114863
113  126  0.8513
114  125  0.853521
116  123  0.853155
117  122  0.760944
121  142  0.0219615
122  141  0.0221705
123  140  0.0536013
125  138  0.0659276
126  137  0.0659491
127  136  0.0657095
128  135  0.0633269
133  655  0.0233401
134  654  0.023402
135  653  0.0238125
136  652  0.0238159
137  651  0.0238153
138  650  0.0238065
141  646  0.0206374
142  645  0.0219359
143  644  0.0219406
144  643  0.0217415
145  194  0.0769394
145  642  0.0175097
146  182  0.0678396
146  193  0.146411
146  205  0.0231015
147  181  0.141778
147  192  0.053877
147  204  0.039422
148  180  0.153449
148  191  0.0601242
148  203  0.0447436
148  215  0.0145064
149  177  0.0184111
149  190  0.157248
150  176  0.0185418
150  178  0.35544
150  189  0.157154
150  201  0.0581785
150  213  0.015707
151  175  0.0186899
151  177  0.65312
151  188  0.159888
151  200  0.0839262
151  212  0.0161381
152  176  0.653319
152  178  0.0218626
152  187  0.159892
152  199  0.0839424
152  211  0.0161378
153  175  0.641505
153  177  0.0248045
153  186  0.160634
153  198  0.084121
153  210  0.0160631
154  172  0.102562
154  176  0.0247535
154  185  0.15932
154  197  0.0839243
154  209  0.0159621
155  171  0.103094
155  173  0.571951
155  184  0.0500968
155  196  0.0554757
156  172  0.576037
156  184  0.0862081
157  169  0.339338
157  171  0.435874
157  173  0.0317986
157  182  0.0200807
157  183  0.0821326
158  168  0.437463
158  172  0.0335267
159  167  0.437431
159  170  0.368462
159  171  0.0228953
159  181  0.0190942
160  166  0.435784
160  169  0.384053
160  170  0.0120049
161  165  0.373473
161  168  0.397043
161  179  0.134074
162  167  0.274755
162  178  0.093258
164  176  0.14178
165  175  0.142584
166  174  0.120307
172  195  0.0711056
173  194  0.0753443
174  193  0.0774291
175  192  0.0774451
176  190  0.0762226
177  189  0.0795993
178  188  0.0792224
179  186  0.083783
180  185  0.063596
185  200  0.0109561
185  203  0.165701
186  199  0.011021
186  202  0.167008
187  198  0.011568
187  200  0.731531
188  197  0.0115284
188  199  0.731857
189  198  0.737723
190  197  0.736196
191  196  0.578305
211  658  0.0160885
212  657  0.0172091
213  656  0.0201823
214  597  0.0101711
214  655  0.0206252
215  596  0.0101492
215  654  0.0202597
216  638  0.0272474
217  637  0.0296667
218  636  0.0296607
219  635  0.0294792
219  653  0.022989
220  594  0.0125035
220  652  0.0230567
221  593  0.0128392
221  633  0.0289388
221  651  0.0229049
222  592  0.0131472
222  632  0.0297562
222  650  0.0228822
223  591  0.0131052
223  631  0.0363215
224  590  0.0102432
224  608  0.0132923
224  630  0.0363272
225  607  0.0133424
225  629  0.0363242
226  587  0.0175432
226  594  0.0350868
226  628  0.0313287
227  586  0.0177294
227  593  0.0353921
227  627  0.0304012
228  592  0.035418
229  585  0.0575321
229  591  0.0344786
229  597  0.797996
230  584  0.0579608
230  589  0.0341655
230  596  0.798988
231  583  0.0580058
231  588  0.0347426
231  595  0.800319
232  582  0.0581445
232  586  0.0236554
232  587  0.0262852
232  594  0.802791
233  581  0.0583305
233  585  0.0335333
233  586  0.0172215
233  593  0.802611
234  580  0.0574603
234  584  0.0423631
234  592  0.594279
235  579  0.0474882
235  583  0.0419284
236  582  0.0375712
236  590  0.6485
237  589  0.672092
238  588  0.616866
240  579  0.0186311
241  561  0.767914
242  560  0.838597
243  559  0.943339
244  558  0.944098
244  565  0.0195367
245  557  0.943394
245  564  0.0197398
246  556  0.942018
247  555  0.938041
247  563  0.0372106
248  554  0.781757
248  562  0.0373164
249  552  0.0101103
249  553  0.0272324
249  561  0.0373296
250  369  0.896323
250  393  0.0155626
250  551  0.0201819
250  560  0.0373477
251  368  0.904284
251  392  0.0160778
252  366  0.0235527
252  367  0.888305
252  391  0.016252
252  396  0.021031
252  559  0.0384026
253  365  0.041191
253  366  0.868543
253  395  0.0209638
253  558  0.0384049
254  557  0.0381841
256  362  0.909193
256  555  0.0381292
257  361  0.909452
257  554  0.0381627
258  360  0.904055
258  553  0.0357612
261  282  0.131698
261  357  0.864325
262  281  0.131892
262  356  0.86585
263  280  0.131691
263  355  0.86526
264  279  0.132924
264  354  0.865024
265  278  0.132993
265  353  0.864541
266  277  0.158679
266  279  0.389112
266  351  0.0446226
267  276  0.158224
267  278  0.389895
267  349  0.411409
268  275  0.0975352
268  277  0.388174
268  348  0.4104
269  347  0.393864
270  276  0.2544
270  340  0.0104957
270  342  0.330257
271  275  0.0968747
271  341  0.326442
273  339  0.0497813
274  339  0.0157648
275  337  0.350418
275  338  0.0130314
276  336  0.379188
279  333  0.460387
280  332  0.558999
280  345  0.293262
281  331  0.559183
281  344  0.293754
282  330  0.55908
282  342  0.296591
283  329  0.433429
283  341  0.296387
284  305  0.0256587
284  340  0.295935
284  359  0.0335853
284  551  0.0322749
285  302  0.0283734
285  304  0.0253987
285  328  0.0361309
285  333  0.048125
285  358  0.0340206
285  550  0.0326772
286  301  0.0791031
286  303  0.0234607
286  327  0.0309204
286  332  0.0594345
286  357  0.0339215
286  390  0.0471522
286  549  0.0316749
287  300  0.079594
287  301  0.0202527
287  306  0.0185487
287  327  0.0319932
287  331  0.0595039
287  336  0.0211073
287  389  0.0552889
287  548  0.0316443
288  305  0.0184337
288  326  0.0301209
288  328  0.0117727
288  330  0.048815
288  335  0.0201484
288  337  0.200685
288  355  0.0331542
288  388  0.0555467
288  547  0.0315862
289  299  0.102063
289  306  0.411922
289  327  0.0123722
289  329  0.0145614
289  336  0.202674
289  354  0.0326245
289  387  0.0559334
289  546  0.0312564
290  298  0.101382
290  305  0.41028
290  326  0.0122518
290  328  0.0205397
290  334  0.0224781
290  335  0.188832
290  353  0.0321518
290  386  0.0561684
290  545  0.0304855
291  297  0.0972546
291  304  0.410481
291  325  0.0114421
291  334  0.171637
291  352  0.0268502
291  385  0.0578461
291  544  0.0242477
292  296  0.0565613
292  384  0.0609719
293  303  0.636883
293  306  0.0137427
293  331  0.125392
293  383  0.0615328
294  302  0.637072
294  305  0.0137232
294  330  0.127809
294  349  0.0145231
294  382  0.0615311
294  541  0.0117935
295  301  0.598718
295  303  0.0158224
295  329  0.112253
295  348  0.0139165
295  381  0.0607276
295  540  0.0108843
296  302  0.0128549
296  328  0.111423
296  380  0.0349844
297  327  0.102218
299  309  0.036277
299  380  0.0250758
300  308  0.0839349
300  379  0.0281538
301  307  0.0850634
301  342  0.013632
301  361  0.0150291
301  363  0.0215596
301  378  0.0281992
302  306  0.0594867
302  331  0.019661
302  341  0.0138895
302  360  0.016153
302  362  0.0230839
302  377  0.0246572
303  330  0.0205552
303  340  0.0139083
303  359  0.0161428
303  361  0.023081
303  376  0.0244868
304  329  0.0204794
304  339  0.0115228
305  354  0.0142848
305  357  0.0246846
305  360  0.02502
306  353  0.0142997
306  356  0.0247014
306  359  0.0250218
307  324  0.886863
308  323  0.894077
309  322  0.959524
310  321  0.994138
311  320  0.99258
312  319  0.976119
313  318  0.79261
329  352  0.0196671
329  355  0.0197511
329  358  0.0161962
330  336  0.0114405
330  351  0.0259117
330  354  0.0237647
330  357  0.0194845
331  353  0.0236641
331  356  0.0193837
332  349  0.0616601
333  348  0.0692728
333  354  0.0160834
334  347  0.0665389
335  346  0.0555387
336  342  0.0173806
339  352  0.104242
340  351  0.122322
341  349  0.0309261
341  350  0.095229
342  348  0.0856361
343  347  0.0326298
353  360  0.0102535
354  359  0.0100189
360  543  0.0111173
361  542  0.0119413
362  541  0.0119914
363  540  0.0122895
365  379  0.0360067
365  539  0.016099
366  378  0.0361418
366  538  0.0182111
367  376  0.0372684
367  537  0.0182298
368  375  0.0386264
368  536  0.0181815
369  374  0.0372912
369  535  0.0179115
374  554  0.137622
375  553  0.903719
376  552  0.911094
377  551  0.910877
379  490  0.0148907
379  549  0.910159
380  489  0.0151156
380  548  0.910852
381  488  0.0183194
381  547  0.911194
382  487  0.0183528
382  546  0.905804
383  486  0.0183089
383  544  0.730008
384  543  0.726898
384  544  0.0206187
385  542  0.413514
386  542  0.481989
387  469  0.0287629
387  541  0.796629
388  468  0.0323776
389  467  0.0326773
389  539  0.900042
390  466  0.0326728
390  538  0.90058
391  465  0.0312152
391  537  0.900162
392  439  0.339723
392  536  0.539203
393  438  0.81923
393  535  0.0956322
394  437  0.926593
395  436  0.947169
396  435  0.947466
396  657  0.0116903
397  434  0.948537
397  549  0.0253261
397  656  0.0145246
398  548  0.0253449
398  655  0.0152361
399  432  0.94848
399  547  0.0253442
399  654  0.0152459
400  431  0.948301
400  546  0.024804
400  653  0.0152657
401  430  0.935415
401  545  0.018632
402  519  0.0315606
402  652  0.0152869
403  518  0.0316444
403  651  0.0152887
404  426  0.16298
404  517  0.0316477
404  650  0.0152817
405  516  0.0315853
406  515  0.0315639
407  426  0.186616
407  514  0.0315481
408  424  0.709686
408  425  0.239618
408  513  0.0315592
409  423  0.727643
409  424  0.236333
409  512  0.0307659
410  422  0.983995
411  421  0.993035
412  420  0.994423
413  418  0.0543674
413  419  0.852499
423  509  0.0293306
424  508  0.0310699
425  507  0.0310833
426  506  0.0277688
430  504  0.0261298
430  633  0.0138531
431  503  0.0263698
431  632  0.0147465
432  502  0.0248824
432  631  0.0148629
433  630  0.0148636
434  629  0.0148631
435  456  0.0142294
435  628  0.0148606
436  455  0.014231
436  627  0.014857
437  454  0.0141495
437  626  0.0146015
438  452  0.0134683
438  625  0.0132873
439  451  0.0135193
440  450  0.0138535
441  449  0.0135283
441  465  0.109493
442  462  0.138181
442  464  0.803365
443  460  0.0109288
443  461  0.133765
443  463  0.803845
444  459  0.0154666
444  462  0.803663
444  591  0.0126735
445  590  0.0127362
446  458  0.868831
446  589  0.0127175
447  457  0.927789
447  588  0.0127366
448  456  0.94651
448  587  0.0100853
449  455  0.938181
450  454  0.357138
457  490  0.0118957
458  489  0.0119525
459  488  0.0119706
461  487  0.0132655
462  486  0.0132658
463  485  0.0127794
464  480  0.0156998
465  479  0.0165841
465  535  0.818245
466  478  0.0192328
466  534  0.916999
467  477  0.0192348
467  533  0.917638
468  476  0.0160798
468  532  0.917318
469  531  0.91731
470  530  0.913739
471  481  0.0139176
471  529  0.910292
472  480  0.018087
472  528  0.888501
472  543  0.0137673
473  479  0.014245
473  489  0.0153764
473  526  0.281477
473  527  0.384269
473  542  0.0149959
474  488  0.0173414
474  525  0.562994
474  541  0.0150436
475  487  0.0172314
475  490  0.232682
475  524  0.551671
475  540  0.015017
476  489  0.23318
477  488  0.231443
477  523  0.273267
477  538  0.0151436
478  486  0.182048
478  521  0.54473
478  537  0.0153347
479  486  0.0202731
479  520  0.54632
479  536  0.0152794
480  519  0.537463
480  535  0.0149632
482  489  0.0775103
483  488  0.0893973
483  517  0.0413164
484  516  0.0367291
484  526  0.0121722
485  497  0.137927
485  500  0.125464
485  525  0.0131851
486  496  0.164269
486  499  0.179732
486  504  0.10258
486  515  0.049583
486  524  0.0148821
487  498  0.179217
487  503  0.105894
487  514  0.0500407
487  523  0.0149014
488  494  0.110402
488  495  0.0660449
488  496  0.0218116
488  502  0.107084
488  513  0.0486604
488  522  0.0147647
489  501  0.101921
490  498  0.0111937
492  498  0.0866068
493  497  0.036601
493  509  0.0478389
494  508  0.0494289
495  507  0.0476915
496  505  0.0147591
497  504  0.0111694
498  506  0.049232
498  518  0.323477
499  505  0.049196
499  517  0.324507
499  528  0.0635451
500  504  0.0187293
500  516  0.324
500  527  0.251825
501  515  0.318019
501  526  0.350801
502  514  0.317234
502  525  0.37104
503  513  0.302439
503  518  0.0308632
503  524  0.376714
504  517  0.03076
504  523  0.376408
505  511  0.0229554
505  512  0.136499
505  515  0.148929
505  516  0.0159785
505  518  0.0105801
505  522  0.376591
506  514  0.181553
506  517  0.0105746
506  521  0.376361
507  513  0.199963
507  519  0.337703
508  512  0.124115
508  518  0.328642
509  516  0.0763979
510  517  0.0566828
521  542  0.0257935
522  541  0.0275315
523  540  0.0276519
524  539  0.0276512
526  537  0.027403
527  536  0.0276653
528  535  0.0273604
538  549  0.0126527
539  548  0.0127406
540  547  0.0127675
541  546  0.0123724
560  581  0.0100345
562  582  0.0127989
563  580  0.016111
564  580  0.0235177
565  579  0.0458056
565  580  0.0170778
567  578  0.988537
568  577  0.98955
569  576  0.9896
570  575  0.987152
579  586  0.13328
579  587  0.293532
579  594  0.0683743
580  585  0.120494
580  586  0.265409
580  593  0.0684331
581  592  0.0675711
591  621  0.0300769
592  620  0.0480923
593  619  0.0481074
594  618  0.0480878
596  603  0.058468
597  602  0.057129
599  658  0.841575
600  657  0.909906
601  656  0.91143
602  655  0.91266
603  654  0.910715
604  615  0.0507959
605  614  0.0546698
606  613  0.054144
607  651  0.903791
608  650  0.905334
611  647  0.918944
612  646  0.9328
613  645  0.93557
614  644  0.934694
615  643  0.9299
616  642  0.890513
617  641  0.552154
618  631  0.878189
619  630  0.881579
619  635  0.0586092
620  629  0.881411
620  634  0.0589346
621  628  0.784058
621  633  0.0581437
622  632  0.0574682
632  641  0.114763
633  638  0.0398296
633  639  0.124169
633  640  0.237252
634  641  0.0180761
635  640  0.0373068
636  641  0.119807
