3  8  0.0205394
9  972  0.990948
10  971  0.994708
11  970  0.995388
12  969  0.995346
13  968  0.982444
14  967  0.866982
16  965  0.182646
17  946  0.535132
17  964  0.0849544
18  945  0.571467
18  964  0.017988
19  942  0.0356784
19  945  0.0460317
20  941  0.0367183
20  943  0.740484
20  944  0.0245633
20  946  0.156448
21  940  0.0363866
21  942  0.777086
21  945  0.168287
22  941  0.771186
22  944  0.163353
24  940  0.13203
24  942  0.119908
25  939  0.107747
26  938  0.0153617
27  939  0.840653
28  938  0.973494
29  937  0.998962
30  936  0.99933
31  935  0.995207
32  934  0.944282
34  932  0.997472
35  931  0.99851
36  929  0.0576438
36  930  0.923802
37  926  0.0109639
37  928  0.114718
38  925  0.0138413
39  924  0.0135837
39  927  0.797582
39  929  0.0241431
40  926  0.830911
40  928  0.0326007
41  925  0.810247
42  924  0.666503
43  61  0.0126467
43  62  0.0116827
44  60  0.0113167
44  61  0.0114645
44  62  0.0409574
45  925  0.0148806
46  61  0.350226
46  924  0.0159847
47  59  0.635442
47  60  0.176055
47  924  0.0116868
48  58  0.928081
48  923  0.0363074
49  57  0.927544
49  915  0.0112953
49  922  0.0363223
50  56  0.793391
50  914  0.0104302
50  921  0.030602
52  385  0.0502449
53  384  0.0590031
54  383  0.0591161
55  382  0.059124
56  381  0.0590758
57  380  0.0590423
58  379  0.0590078
61  69  0.0214183
62  68  0.0175549
63  67  0.0102059
63  193  0.016997
63  923  0.927912
64  192  0.0171529
64  922  0.928529
65  191  0.0171685
65  921  0.923292
66  190  0.0170293
66  920  0.890329
67  189  0.0165632
67  919  0.7365
68  188  0.0142192
68  916  0.746547
68  920  0.0156157
69  915  0.820217
69  919  0.0196547
70  914  0.590021
70  918  0.0144365
71  372  0.0227962
71  390  0.929041
72  371  0.0230966
72  389  0.933604
73  370  0.0233207
73  388  0.931882
74  185  0.0161825
74  369  0.0232716
74  387  0.931943
75  184  0.0166195
75  368  0.023207
75  386  0.932278
76  183  0.0169484
76  367  0.0229077
76  385  0.931102
77  182  0.017117
77  204  0.0109535
78  184  0.909554
78  203  0.0117292
78  383  0.0225147
79  180  0.0195755
79  183  0.913814
79  201  0.0126284
79  382  0.0224335
80  179  0.0194197
80  182  0.911165
80  200  0.013081
81  178  0.0202043
81  181  0.881599
81  199  0.0131298
82  176  0.957031
83  175  0.959044
84  174  0.965591
85  173  0.965787
86  172  0.965433
87  146  0.440271
87  171  0.438586
88  145  0.705881
89  144  0.810272
89  167  0.0254891
90  143  0.85726
90  166  0.0266819
91  142  0.858407
91  162  0.0483932
92  140  0.432761
92  141  0.429122
92  161  0.0488267
93  139  0.862143
93  160  0.0487746
94  138  0.861701
94  154  0.0768715
95  137  0.862137
95  153  0.115227
96  136  0.857971
96  152  0.122745
97  106  0.0149445
97  109  0.117755
97  151  0.123624
98  106  0.0245367
98  109  0.0486307
98  133  0.0310938
98  150  0.123601
99  107  0.240934
99  149  0.112969
100  106  0.293683
100  109  0.0300083
100  133  0.0214281
101  146  0.101534
102  145  0.123257
103  144  0.126371
104  109  0.011909
104  143  0.126859
105  118  0.0425258
105  142  0.126719
106  112  0.221541
106  117  0.0491176
106  119  0.0370351
107  111  0.0844772
107  116  0.0483193
107  118  0.0222532
107  134  0.252435
107  140  0.0489531
108  133  0.271982
108  139  0.0490229
109  132  0.267637
109  138  0.0315699
112  118  0.0364662
112  130  0.159964
113  117  0.0143611
113  128  0.102398
113  129  0.152045
114  127  0.126743
114  128  0.141419
115  126  0.140413
115  127  0.130233
116  125  0.15139
116  126  0.115065
117  124  0.158278
117  133  0.0117885
117  135  0.0118143
118  131  0.220848
118  132  0.0158694
119  130  0.225438
119  133  0.152457
119  139  0.0530355
120  129  0.219178
120  138  0.054306
121  128  0.191807
121  131  0.423303
121  137  0.0545575
122  130  0.426174
122  136  0.0538419
123  129  0.380032
124  128  0.19028
130  137  0.0161258
131  136  0.0153762
144  170  0.0312898
145  169  0.0797046
146  168  0.13027
147  167  0.14347
148  162  0.0518907
148  166  0.143911
149  161  0.0518594
149  168  0.485166
150  165  0.0136778
150  167  0.577827
151  159  0.0509031
152  165  0.691823
153  162  0.0869449
153  164  0.717818
154  161  0.103628
154  163  0.733632
155  160  0.104549
155  162  0.730269
158  167  0.0276191
159  166  0.0291247
160  165  0.0134069
179  381  0.0108617
180  380  0.0135005
181  379  0.0134991
182  195  0.0112189
182  378  0.0112101
183  194  0.0212932
184  193  0.0210186
190  204  0.0142753
191  203  0.0151324
192  202  0.0172073
192  362  0.0106811
192  384  0.8783
193  201  0.0165034
193  361  0.0107532
193  383  0.878844
194  360  0.0107509
194  382  0.877073
200  381  0.0110759
201  251  0.824432
201  253  0.0806999
201  380  0.011493
202  250  0.824881
202  252  0.0808614
202  379  0.0114888
203  249  0.811248
203  251  0.0906261
203  253  0.0101231
204  248  0.805196
204  250  0.0896776
204  252  0.0101421
205  246  0.0126434
205  249  0.0304951
205  251  0.0112932
205  384  0.0212213
206  247  0.702262
206  250  0.0110689
206  383  0.0212353
207  247  0.0827139
207  382  0.0212163
208  245  0.910866
209  244  0.924246
209  250  0.0176689
210  243  0.923637
210  249  0.0187784
211  242  0.92395
211  248  0.0189342
212  241  0.924216
212  247  0.0189083
213  240  0.874183
214  239  0.677829
215  223  0.0179571
215  226  0.127611
216  221  0.203048
216  222  0.347294
216  225  0.139125
216  237  0.0111824
216  238  0.161475
217  224  0.133688
217  237  0.163228
217  238  0.011804
218  223  0.100812
218  236  0.151889
223  234  0.787573
223  315  0.0142126
224  233  0.79541
224  314  0.0162822
225  232  0.795029
225  313  0.0168357
226  231  0.664102
226  234  0.0115963
226  312  0.0169003
227  234  0.0519002
227  311  0.0168976
228  310  0.016808
230  237  0.0166783
231  236  0.023011
231  247  0.016748
232  246  0.0582763
233  245  0.0583649
234  244  0.0583107
235  243  0.0489402
250  260  0.0129319
251  259  0.0131089
252  258  0.0118948
252  380  0.863428
253  379  0.864024
254  378  0.855004
255  357  0.0108778
255  377  0.761781
256  356  0.0123156
257  355  0.0123961
259  353  0.0103963
259  374  0.9349
260  352  0.0135645
260  373  0.962684
261  351  0.0136048
261  372  0.962944
262  350  0.013603
262  371  0.962986
263  349  0.0134285
263  370  0.955412
264  348  0.0126697
269  303  0.0892943
269  369  0.840203
270  302  0.106999
270  368  0.886413
271  301  0.108404
271  367  0.889927
272  300  0.10834
272  366  0.8895
273  299  0.107568
273  365  0.889982
274  364  0.889893
275  297  0.105842
275  363  0.856092
276  296  0.113874
276  335  0.0661529
276  362  0.693651
277  295  0.114407
277  334  0.120318
278  294  0.114424
278  333  0.0707743
278  359  0.212367
278  360  0.0220323
279  286  0.0155425
279  293  0.113832
279  332  0.0807747
279  334  0.308357
280  285  0.0159338
280  292  0.112262
280  331  0.136086
280  333  0.337335
280  336  0.0158026
280  357  0.236491
280  358  0.0503847
281  332  0.337707
281  335  0.0155562
281  356  0.23741
282  330  0.129465
282  331  0.320949
282  336  0.0111011
282  355  0.237108
282  357  0.0825432
283  293  0.0386627
283  329  0.145983
283  334  0.0402753
283  353  0.0239946
283  354  0.203157
283  356  0.0824253
284  292  0.041759
284  327  0.435752
284  333  0.0503992
284  352  0.0476652
284  355  0.0810055
285  291  0.0387089
285  326  0.441463
285  332  0.0505805
285  353  0.173381
285  354  0.042186
286  325  0.441471
286  331  0.0506415
286  351  0.0365025
286  352  0.196648
287  324  0.441243
287  330  0.0505333
287  350  0.0367863
287  351  0.181388
287  352  0.0172564
288  323  0.411659
288  329  0.0358144
288  354  0.0150027
289  320  0.0516374
289  348  0.0107414
289  353  0.0181084
289  362  0.0104275
290  321  0.16143
290  347  0.0109688
290  352  0.0181422
290  361  0.0147458
291  318  0.646565
291  347  0.0222285
291  351  0.0121775
291  360  0.0147811
292  299  0.0587748
292  317  0.700244
292  346  0.0213274
293  298  0.0427701
293  316  0.699983
294  315  0.698898
295  314  0.691171
296  313  0.639458
298  308  0.0309318
298  337  0.0184301
299  307  0.0321562
299  310  0.125374
299  330  0.0492019
299  336  0.0242719
300  329  0.0575091
300  335  0.0234996
300  339  0.0205318
301  306  0.0296988
301  309  0.57734
301  328  0.0624052
301  334  0.0128315
301  338  0.0227115
302  308  0.468073
302  337  0.0225784
304  332  0.0610234
304  362  0.0120289
305  325  0.10902
305  331  0.067418
305  361  0.0136821
305  367  0.0134475
306  324  0.111193
306  330  0.0675076
306  360  0.0136963
307  323  0.113133
307  329  0.0584564
307  365  0.0645403
308  322  0.114255
308  364  0.0483174
309  321  0.114368
309  327  0.0714813
309  357  0.0103315
310  319  0.0652003
310  320  0.0462455
310  326  0.0734016
310  356  0.0103304
310  362  0.029065
311  318  0.0644602
311  325  0.0733941
311  361  0.0656864
312  318  0.0485219
312  324  0.0727027
312  360  0.0656678
313  317  0.031158
313  323  0.0467765
314  323  0.0132919
315  321  0.0242376
315  322  0.0188051
315  357  0.0637558
316  320  0.0121084
316  353  0.0158567
316  356  0.065364
317  352  0.017503
317  355  0.06546
318  354  0.04705
319  351  0.167139
320  350  0.245854
321  349  0.355208
322  348  0.355229
323  347  0.354683
324  346  0.352769
325  344  0.220213
325  345  0.134722
326  343  0.222875
327  342  0.217345
327  344  0.147097
328  343  0.140753
329  340  0.206518
329  343  0.0117551
330  339  0.215599
330  342  0.160441
331  338  0.213472
331  341  0.161565
332  340  0.158736
333  338  0.0119793
333  339  0.133412
335  361  0.229365
337  359  0.51232
338  358  0.541068
339  357  0.54101
340  356  0.541219
341  355  0.538772
341  358  0.0112026
342  350  0.0121428
342  357  0.0112165
343  349  0.0108269
343  353  0.411374
343  356  0.0109613
344  352  0.542464
344  355  0.0108729
345  351  0.530245
346  350  0.2022
386  913  0.0112115
387  912  0.0124338
388  911  0.0125295
391  909  0.0147046
392  907  0.992324
393  906  0.996923
394  905  0.996179
395  904  0.997046
396  903  0.997031
398  902  0.997088
399  901  0.997085
400  900  0.99651
401  899  0.995764
402  898  0.995853
403  897  0.996692
404  896  0.995482
405  895  0.990694
406  781  0.047673
406  790  0.0248952
406  860  0.409206
406  892  0.0149897
407  780  0.0480368
407  790  0.0885802
407  808  0.0456483
407  859  0.411762
407  891  0.0149812
408  567  0.0151676
408  568  0.0493111
408  779  0.0351325
408  787  0.20634
408  789  0.082079
408  807  0.0620565
408  858  0.335115
408  864  0.0139586
409  566  0.0152877
409  567  0.0491116
409  778  0.0270173
409  786  0.292334
409  788  0.0461066
409  806  0.0620819
409  857  0.261723
409  863  0.015445
410  785  0.294156
410  787  0.0372791
410  805  0.0620373
410  855  0.0163848
410  862  0.0149804
411  565  0.025115
411  776  0.0257638
411  781  0.0176716
411  784  0.292296
411  804  0.061452
411  860  0.0113799
412  536  0.174131
412  539  0.132038
412  775  0.0258498
412  801  0.0243864
412  852  0.302215
413  532  0.0246416
413  535  0.254555
413  538  0.185896
413  774  0.0260147
413  800  0.0310111
413  803  0.0162036
413  851  0.396267
414  531  0.0246628
414  534  0.253832
414  537  0.185986
414  773  0.0259972
414  778  0.020696
414  799  0.0310095
414  802  0.0162419
414  850  0.396912
415  533  0.103339
415  536  0.179
415  772  0.023035
415  798  0.0288594
415  801  0.0151511
415  849  0.396718
416  771  0.0174489
416  848  0.396451
417  528  0.02241
417  530  0.0264904
417  533  0.361105
417  769  0.0116757
417  775  0.0281612
417  847  0.395558
418  527  0.0153425
418  529  0.0269773
418  532  0.45732
418  774  0.0285307
418  800  0.0126667
419  527  0.0403292
419  531  0.458303
419  773  0.0285318
419  799  0.0127144
419  845  0.392434
420  526  0.0470476
420  530  0.458065
420  772  0.0285288
420  798  0.0127042
420  844  0.392337
421  771  0.0266985
421  842  0.150282
422  455  0.503977
422  528  0.0262046
422  769  0.0187838
422  841  0.142679
423  454  0.510236
423  767  0.0305336
423  841  0.205816
424  453  0.564828
424  766  0.0316546
424  840  0.373766
425  452  0.564982
425  765  0.0300626
425  839  0.373926
426  451  0.564812
426  838  0.374059
427  450  0.512922
427  837  0.373015
428  448  0.0148783
428  762  0.0313343
428  836  0.37054
429  448  0.0459035
429  761  0.0325713
429  835  0.344405
430  446  0.0529613
430  760  0.0327757
432  445  0.562324
432  758  0.031953
432  832  0.35257
433  444  0.562846
433  757  0.0319289
433  831  0.352908
434  443  0.517913
434  830  0.247407
435  829  0.198306
440  720  0.256228
441  719  0.258831
442  718  0.259178
443  569  0.0275511
443  717  0.258754
444  568  0.126506
444  716  0.259595
445  567  0.12665
445  715  0.259562
446  566  0.126647
446  714  0.259262
447  565  0.126583
447  713  0.258186
449  542  0.026629
449  638  0.200789
450  530  0.0168456
450  541  0.031827
450  637  0.101896
450  710  0.0122184
451  527  0.0136566
451  529  0.0322907
451  540  0.0325645
451  636  0.116186
451  709  0.0178931
452  528  0.0300186
452  539  0.0310815
452  635  0.225906
452  708  0.0172059
453  526  0.0501493
453  634  0.226051
453  707  0.0158766
454  525  0.0900717
454  538  0.042437
454  568  0.0159154
454  633  0.224067
455  517  0.0128063
455  537  0.0420846
455  538  0.0183437
455  567  0.0159297
455  632  0.217418
456  516  0.0134085
456  525  0.0513262
456  527  0.028387
456  537  0.0184423
456  566  0.0158085
456  629  0.140265
456  840  0.0146189
456  843  0.0108196
457  515  0.0134326
457  522  0.262832
457  540  0.0368508
457  628  0.220697
457  839  0.014632
457  842  0.0108197
458  514  0.0134302
458  521  0.284774
458  523  0.0126236
458  524  0.0122058
458  536  0.0133647
458  539  0.041303
458  627  0.226226
458  838  0.0145936
458  841  0.0107248
459  513  0.0134358
459  520  0.267302
459  522  0.0135491
459  535  0.0145063
459  538  0.0426377
459  626  0.229942
459  837  0.0145943
460  512  0.0128671
460  519  0.245852
460  520  0.336108
460  537  0.0415385
460  625  0.229221
460  807  0.0267314
461  511  0.0122767
461  518  0.181757
461  519  0.409083
461  806  0.0269019
462  518  0.431088
462  623  0.212641
462  805  0.0269854
463  804  0.0270184
464  517  0.693218
464  622  0.243791
464  803  0.0254228
465  516  0.694377
465  621  0.244137
465  802  0.0253175
466  515  0.693526
466  620  0.244071
467  514  0.667944
467  619  0.244
468  618  0.244107
469  512  0.693532
469  535  0.0139849
469  567  0.010896
469  616  0.217135
469  617  0.0176455
469  800  0.0170234
470  511  0.695408
470  534  0.0140003
470  566  0.011039
470  615  0.223241
470  616  0.0111965
470  799  0.0170694
471  510  0.696046
471  533  0.0137049
471  565  0.0111205
471  614  0.229313
471  798  0.017057
472  509  0.6952
472  613  0.170776
473  508  0.694316
473  533  0.026255
473  572  0.0447747
474  507  0.691251
474  532  0.0759581
474  567  0.122625
474  571  0.055353
475  491  0.085661
475  493  0.452419
475  531  0.0761519
475  566  0.124193
475  570  0.0568062
476  490  0.085712
476  492  0.452807
476  530  0.0761514
476  565  0.125045
476  569  0.0567984
477  489  0.0856014
477  491  0.453319
477  504  0.0456988
477  529  0.0760961
477  538  0.0284803
477  564  0.0868851
477  568  0.0500375
478  488  0.0853389
478  490  0.452761
478  528  0.07594
479  488  0.367495
479  494  0.0185859
479  526  0.0218049
479  536  0.110703
480  487  0.423924
480  493  0.02721
480  502  0.124682
480  525  0.021582
480  535  0.149167
480  567  0.0512372
481  489  0.0277988
481  491  0.113516
481  501  0.127897
481  534  0.149221
481  566  0.0514879
482  488  0.0316359
482  490  0.114106
482  500  0.127993
482  533  0.148643
482  565  0.0514718
483  489  0.11498
484  488  0.0836237
484  499  0.12765
485  498  0.127155
486  497  0.120669
487  530  0.0515548
487  533  0.0109905
488  495  0.126404
488  529  0.0532157
488  531  0.145019
489  494  0.113443
489  528  0.0531715
489  530  0.148788
490  527  0.053309
490  529  0.150856
491  526  0.0533051
491  528  0.150867
492  501  0.104657
492  525  0.0500938
492  527  0.157891
493  500  0.102835
493  526  0.157567
495  500  0.0177827
497  506  0.297874
497  514  0.0191521
498  505  0.407077
498  514  0.028089
499  504  0.415321
499  512  0.254712
499  513  0.0226502
500  511  0.267761
500  512  0.0118492
501  510  0.278094
514  520  0.0140399
514  522  0.0598655
515  521  0.0597202
526  534  0.102644
527  533  0.103913
528  532  0.0644841
533  759  0.0137649
533  893  0.0104005
534  758  0.0137712
534  781  0.0187375
534  892  0.0107108
535  757  0.0137605
535  780  0.0189072
535  784  0.0142068
535  891  0.0107177
536  779  0.0129349
536  783  0.0156708
537  583  0.0175063
537  781  0.302095
537  887  0.0115643
538  582  0.0176788
538  780  0.303562
538  886  0.0116357
539  581  0.0139375
539  779  0.217862
539  885  0.01146
540  884  0.0108295
544  561  0.958092
544  789  0.0109006
545  560  0.958499
545  788  0.0109086
546  559  0.958478
546  787  0.0109059
547  558  0.959879
547  786  0.0107083
548  557  0.956242
548  784  0.0105659
550  556  0.0489241
550  561  0.0213041
551  560  0.0213163
552  559  0.021285
553  558  0.0205186
562  612  0.0139087
563  611  0.0172328
563  882  0.0108499
564  610  0.0179729
564  780  0.0119706
564  881  0.0140579
565  609  0.0143232
565  778  0.453872
565  880  0.0142969
566  777  0.45568
566  879  0.0142317
567  776  0.455718
568  577  0.100094
568  775  0.455492
568  852  0.0172603
569  576  0.134248
569  615  0.0110075
569  746  0.016163
569  751  0.335431
569  773  0.0211576
569  774  0.128578
569  823  0.010786
569  851  0.0261557
569  853  0.047883
569  893  0.0144232
570  575  0.132867
570  614  0.0110408
570  745  0.0142764
570  750  0.335446
570  772  0.0421895
570  822  0.0107916
570  852  0.0477498
570  892  0.0147007
571  747  0.0226816
571  849  0.0768699
571  891  0.0142757
572  748  0.0105871
572  848  0.0832708
572  890  0.0115798
573  745  0.59759
573  847  0.083711
574  610  0.0194468
574  744  0.612204
574  846  0.0837963
575  609  0.0458612
575  611  0.0587954
575  743  0.621936
575  845  0.083879
576  610  0.063552
576  742  0.621944
576  844  0.0838768
577  607  0.0595691
577  609  0.0661378
577  741  0.622042
577  843  0.0836887
578  606  0.134964
578  608  0.0572389
578  740  0.619772
578  842  0.0823322
579  605  0.178278
579  739  0.586519
579  841  0.0674008
580  604  0.186208
580  738  0.495582
581  603  0.189738
581  688  0.0500414
581  808  0.0431788
582  602  0.188419
582  687  0.604825
582  736  0.0209757
582  807  0.0828777
583  601  0.0452047
583  602  0.0147018
583  686  0.608137
583  806  0.0829777
584  685  0.550295
584  805  0.0829201
585  603  0.0345555
585  804  0.082331
586  601  0.723856
586  803  0.0760032
587  600  0.908699
587  798  0.0818741
588  599  0.912956
588  797  0.0822389
589  598  0.913401
589  796  0.082282
590  597  0.875012
590  794  0.0403609
590  795  0.0419657
591  793  0.0806457
592  792  0.0802963
593  791  0.0772415
595  790  0.0195244
596  788  0.0555747
597  787  0.0710823
598  786  0.0721293
599  785  0.0710275
600  783  0.0609762
601  782  0.0613759
602  781  0.061383
604  683  0.727452
605  682  0.735219
606  681  0.736749
607  680  0.739368
608  679  0.742316
609  678  0.742835
610  677  0.740139
611  675  0.0375439
611  676  0.701299
612  674  0.0750414
612  675  0.654152
613  673  0.112699
613  674  0.571506
614  671  0.230892
614  672  0.12999
615  670  0.251374
616  670  0.101801
617  665  0.127474
617  670  0.250344
618  664  0.134463
618  668  0.0778539
618  669  0.340568
619  667  0.106687
619  668  0.329716
620  662  0.0996718
620  663  0.0612819
620  666  0.100508
621  661  0.0594387
622  661  0.613567
623  658  0.0256849
623  660  0.664029
624  657  0.0734668
624  659  0.6653
625  656  0.0737472
625  658  0.344116
626  655  0.0739442
626  658  0.322176
627  654  0.0521143
627  657  0.643328
628  656  0.594715
629  655  0.587717
630  653  0.244075
630  654  0.473481
631  652  0.444297
631  653  0.286742
632  651  0.622522
634  649  0.7609
635  648  0.761733
636  647  0.761658
637  646  0.762254
638  645  0.709673
640  711  0.0169294
641  710  0.0180613
641  712  0.200913
642  709  0.0161323
642  711  0.202865
643  710  0.202816
645  679  0.165755
646  678  0.175146
647  677  0.172378
648  676  0.122798
648  679  0.0375449
649  678  0.0393703
652  675  0.210553
653  674  0.237265
654  673  0.25246
655  672  0.257248
656  671  0.257266
657  670  0.257153
658  669  0.244599
658  671  0.0250145
659  670  0.0252209
660  667  0.151772
660  668  0.0268643
661  667  0.0217159
661  668  0.010775
661  669  0.0446423
662  667  0.013938
662  668  0.0415692
663  667  0.0210643
684  710  0.0130131
684  780  0.0109147
685  708  0.292294
686  707  0.327616
687  706  0.335656
688  705  0.336477
688  734  0.508088
689  733  0.254946
690  703  0.34081
690  733  0.36456
691  702  0.34395
691  732  0.620441
692  701  0.342048
692  731  0.619971
693  700  0.318673
693  730  0.62047
694  729  0.620832
695  728  0.622655
696  727  0.620302
698  725  0.593508
699  724  0.608429
700  723  0.596587
701  722  0.584124
702  720  0.307017
702  721  0.289748
703  719  0.616607
704  718  0.623323
705  717  0.623463
706  716  0.621315
707  715  0.607671
709  713  0.0363506
711  780  0.0288561
712  779  0.0922704
713  778  0.106723
714  777  0.106904
715  776  0.108198
716  775  0.108225
717  774  0.108231
718  773  0.108203
719  772  0.0511663
720  771  0.0487497
721  746  0.0492949
721  770  0.105622
721  830  0.0927618
722  745  0.0493546
722  769  0.0986729
722  829  0.119076
723  744  0.0495998
723  767  0.0703514
723  828  0.174994
724  743  0.0497792
724  766  0.0705455
724  768  0.0103551
724  827  0.190992
725  765  0.0656198
725  826  0.187252
726  742  0.0502352
726  760  0.0134667
727  741  0.0502772
727  759  0.0133484
727  766  0.0206808
727  825  0.157346
728  740  0.0418326
728  765  0.0206259
728  824  0.14613
729  764  0.0181863
730  749  0.173284
731  748  0.189708
732  744  0.0320824
732  747  0.20131
732  752  0.0207464
732  760  0.0325271
733  743  0.0371797
733  746  0.20436
733  751  0.0229074
733  759  0.0411617
734  742  0.036911
734  745  0.188581
734  750  0.0229074
734  758  0.0411772
735  749  0.0217523
736  742  0.0136343
736  745  0.0366351
736  757  0.0393013
737  744  0.088661
737  756  0.0387647
738  743  0.0897929
740  754  0.0246232
741  753  0.0259285
742  751  0.0430726
743  750  0.0429429
744  749  0.0197226
746  831  0.0170103
747  830  0.0175944
748  761  0.0365546
748  829  0.0178366
749  760  0.0416343
749  828  0.0178168
750  759  0.0585439
750  773  0.100079
750  823  0.330666
750  827  0.0161393
751  758  0.0576117
751  772  0.100509
751  822  0.331695
752  771  0.096661
752  821  0.330111
752  826  0.0137845
753  770  0.0927603
753  773  0.0254749
753  774  0.0310638
753  820  0.31796
753  825  0.0140268
754  824  0.0130818
757  766  0.0241511
757  768  0.0489535
757  771  0.174949
757  774  0.15955
757  818  0.367669
758  765  0.0185899
758  768  0.0103703
758  770  0.194027
758  773  0.159581
758  817  0.367893
759  769  0.195836
759  772  0.158832
759  816  0.367884
760  766  0.0489589
760  768  0.188819
760  771  0.124836
760  815  0.366842
761  765  0.0188083
761  814  0.331044
762  813  0.242465
762  814  0.0324894
763  783  0.0327719
763  813  0.0644446
764  782  0.0374735
764  812  0.0934922
765  781  0.0381129
765  811  0.0294105
765  812  0.0205932
766  780  0.0384249
766  811  0.019695
767  779  0.0384075
767  809  0.0999544
768  808  0.100237
769  778  0.0482968
769  807  0.0868937
770  777  0.0481488
770  811  0.217994
771  776  0.0316145
771  810  0.2229
772  805  0.0555089
772  809  0.223492
773  804  0.0589503
773  808  0.111893
774  808  0.116106
775  802  0.0380327
775  807  0.23215
776  800  0.0980283
776  806  0.232296
777  799  0.0981707
777  805  0.231953
778  798  0.098142
778  804  0.231338
779  797  0.0871151
779  801  0.167614
780  800  0.219182
780  803  0.0133308
780  807  0.0106759
781  799  0.219193
781  802  0.0134255
781  806  0.0106893
782  805  0.0106194
783  794  0.112142
783  801  0.0161779
784  793  0.122393
784  800  0.0172498
784  813  0.0242593
785  791  0.0114886
785  792  0.0901754
785  797  0.225105
785  812  0.046455
786  790  0.0138476
786  796  0.236192
786  798  0.0150799
786  811  0.0485637
787  795  0.23042
787  797  0.0108781
787  798  0.0154018
787  810  0.0481514
788  794  0.19273
788  797  0.0684731
789  796  0.0762679
789  808  0.0482366
790  807  0.0481731
792  805  0.0479614
793  804  0.048524
794  803  0.0403645
796  802  0.0126903
796  894  0.245832
798  893  0.418031
799  892  0.420055
800  891  0.420017
801  890  0.417716
803  889  0.411381
804  888  0.412727
805  887  0.0274949
806  886  0.0221773
806  887  0.390652
807  886  0.395446
808  885  0.386736
809  884  0.37281
810  864  0.0178077
810  883  0.231599
811  840  0.0585506
811  863  0.0204233
811  882  0.0843703
812  839  0.0583509
812  862  0.0204127
813  836  0.0334418
813  838  0.0520178
813  861  0.0203086
814  835  0.054302
814  860  0.0201866
815  859  0.0198973
816  833  0.566255
816  888  0.023907
816  893  0.0102862
817  832  0.571905
817  887  0.0239224
817  892  0.0103959
818  831  0.572368
818  886  0.0239189
818  891  0.010109
819  830  0.575888
819  885  0.0232634
820  829  0.57668
820  884  0.0206316
821  828  0.575002
821  881  0.0154176
822  827  0.504072
822  880  0.0239117
823  879  0.0239321
824  877  0.0258111
825  876  0.0260263
826  875  0.0260211
827  874  0.0260258
828  873  0.0180316
830  872  0.010871
831  840  0.0135751
831  871  0.0107446
832  839  0.0137041
832  870  0.0104655
832  888  0.0263164
833  838  0.0132843
833  887  0.0264642
834  886  0.0266284
835  883  0.183533
835  885  0.0195324
836  882  0.333746
837  881  0.437041
838  880  0.44702
839  879  0.019701
840  879  0.429043
841  869  0.0201189
841  878  0.45037
842  868  0.0202229
842  877  0.450169
843  876  0.449642
844  853  0.0391934
844  866  0.455753
845  852  0.038742
845  865  0.457264
846  864  0.456926
847  863  0.454571
848  861  0.0340972
849  862  0.0337829
850  860  0.448059
851  859  0.446751
852  858  0.350616
858  868  0.0191667
859  867  0.0248433
859  894  0.0112383
860  866  0.0239238
860  893  0.0110865
864  889  0.0129181
865  888  0.0137758
865  893  0.47086
866  887  0.013745
866  892  0.477421
867  874  0.358296
867  886  0.0136975
867  891  0.477483
868  873  0.209614
868  885  0.0125606
868  890  0.432948
869  874  0.0300642
870  887  0.477705
871  886  0.48104
872  882  0.0112547
872  885  0.481563
873  881  0.0119763
873  884  0.480791
874  880  0.011683
874  883  0.477521
875  882  0.433932
876  880  0.0121541
945  966  0.111315
946  965  0.0950474
947  965  0.0808033
948  964  0.105172
949  964  0.357176
950  963  0.992435
951  962  0.993489
952  961  0.994453
953  960  0.98859
954  959  0.909601
