1  23  0.0531584
1  26  0.387361
2  22  0.0944727
2  25  0.442071
2  189  0.0510162
3  21  0.103182
3  23  0.0206069
3  24  0.492483
3  72  0.0385306
3  138  0.116129
3  188  0.0621593
4  22  0.0561894
4  71  0.0387429
4  137  0.116498
4  187  0.0390633
5  20  0.758848
5  70  0.0385166
5  136  0.116559
5  186  0.0369843
5  187  0.0270216
6  19  0.770082
6  135  0.116482
6  186  0.0307074
7  18  0.770901
7  68  0.0375676
7  134  0.111247
7  184  0.0365524
7  185  0.0292656
8  17  0.772847
8  67  0.0374322
8  133  0.110661
8  183  0.0380421
8  184  0.0257837
9  16  0.65989
9  182  0.0388005
11  130  0.0124727
13  26  0.0161887
13  62  0.0269596
14  25  0.0176381
14  61  0.0302265
14  125  0.0353796
14  127  0.0276434
15  24  0.0309116
15  36  0.0103133
15  60  0.0304315
15  124  0.040806
15  126  0.0291535
16  23  0.0224574
16  59  0.0255445
16  123  0.0422901
17  122  0.0424111
18  37  0.0282675
18  121  0.0310786
18  178  0.0131485
19  36  0.0364194
19  123  0.0395966
19  177  0.0155435
20  35  0.0362122
20  36  0.0104285
20  176  0.0161388
21  121  0.0532986
21  175  0.0109876
22  34  0.0617981
22  120  0.0812327
23  33  0.0657885
23  119  0.0863382
23  167  0.0361371
24  32  0.0689811
24  118  0.0869374
24  166  0.0389834
24  172  0.016212
24  186  0.0112402
25  31  0.064635
25  117  0.0872668
25  126  0.027761
25  165  0.0235441
25  171  0.0187425
26  30  0.0448631
26  116  0.0811373
26  125  0.0278305
26  170  0.0180797
27  124  0.0276082
28  123  0.0257559
30  120  0.0270407
30  164  0.040225
31  61  0.0126509
31  64  0.0158542
31  113  0.018549
31  119  0.0285458
31  163  0.052081
31  178  0.0227103
31  186  0.188407
32  39  0.0150685
32  60  0.0134865
32  63  0.0206412
32  112  0.019506
32  162  0.05455
32  177  0.026018
32  184  0.16278
32  185  0.30575
33  41  0.0112026
33  45  0.0151674
33  62  0.0175892
33  72  0.026756
33  117  0.0892242
33  161  0.0538273
33  176  0.0264257
33  183  0.167101
33  184  0.298793
34  61  0.0149705
34  71  0.0177666
34  116  0.0923096
34  160  0.0497127
34  175  0.0232028
34  182  0.164974
35  44  0.0284428
35  71  0.025859
35  115  0.0934159
35  181  0.120875
35  182  0.0318041
36  43  0.0368427
36  70  0.0367672
36  114  0.0923809
36  181  0.205651
37  42  0.0269017
37  69  0.0349725
37  177  0.0458177
38  154  0.0431279
38  177  0.0342788
39  153  0.046014
39  172  0.1021
39  175  0.389863
40  57  0.0439633
40  63  0.0135032
40  65  0.0414346
40  66  0.0104343
40  152  0.045936
40  171  0.161446
40  174  0.4343
41  56  0.0440182
41  151  0.0459351
41  170  0.1617
41  173  0.434289
42  55  0.0439467
42  61  0.0235177
42  64  0.163611
42  125  0.0100442
42  150  0.0324318
42  169  0.120819
42  172  0.42652
43  54  0.0440147
43  60  0.035505
43  63  0.295782
43  124  0.0218713
43  171  0.410603
44  53  0.0398984
44  59  0.0312621
44  62  0.286959
44  123  0.0227725
45  122  0.0228583
45  170  0.205123
47  59  0.0295835
48  58  0.0242256
48  59  0.600902
49  57  0.0124757
49  58  0.850081
50  57  0.93168
51  56  0.943985
59  167  0.0194466
60  121  0.0318787
60  166  0.0212171
61  120  0.0321233
62  71  0.0471432
62  119  0.0321655
62  167  0.0351601
63  70  0.0512989
63  118  0.0320468
63  166  0.0363763
64  69  0.0318376
65  170  0.0187645
66  115  0.0286153
66  116  0.0102032
66  169  0.0138902
67  114  0.0160541
68  114  0.513368
68  147  0.0287028
68  170  0.041154
69  113  0.538331
69  146  0.0294961
69  169  0.0424171
70  112  0.535162
70  145  0.0295501
71  144  0.0295258
72  143  0.0293273
72  166  0.17022
73  111  0.777583
73  165  0.181969
74  110  0.789354
74  164  0.181885
75  109  0.805357
75  163  0.181638
76  108  0.810412
76  162  0.181511
77  107  0.817249
77  161  0.173184
78  106  0.81538
79  137  0.0344048
80  136  0.0385518
81  106  0.0281484
81  135  0.0384059
82  105  0.076676
82  134  0.0341773
83  101  0.0198898
84  100  0.023051
84  103  0.80447
84  105  0.0278848
84  132  0.0359411
85  99  0.0230309
85  102  0.883477
85  104  0.0306347
85  131  0.03664
86  101  0.878978
86  103  0.029457
86  130  0.0362645
87  98  0.0245133
87  129  0.0311094
88  97  0.0249543
88  99  0.958284
89  96  0.0236848
89  98  0.964151
90  95  0.0198005
90  97  0.963514
91  96  0.781877
106  123  0.0291927
107  122  0.032247
108  121  0.0322605
109  120  0.0322431
110  119  0.0322897
110  137  0.151555
111  118  0.0314303
111  136  0.16867
112  135  0.178974
112  210  0.0108825
113  134  0.179002
113  209  0.0110675
114  133  0.179044
114  208  0.0110301
115  132  0.16636
117  166  0.475572
118  131  0.138004
118  165  0.62726
119  130  0.138145
119  164  0.627184
120  127  0.0410971
120  129  0.129806
120  163  0.627076
121  126  0.0471358
121  162  0.627702
122  161  0.622383
123  160  0.537119
125  154  0.142339
126  135  0.224519
126  153  0.152563
127  134  0.188313
127  152  0.148378
130  137  0.155015
130  149  0.0127904
130  150  0.0125867
131  136  0.166821
132  148  0.194956
133  147  0.206217
134  146  0.206314
135  145  0.119964
136  144  0.033066
136  145  0.116634
137  144  0.203408
138  143  0.236549
139  159  0.718874
140  158  0.719142
141  157  0.719056
142  156  0.720062
143  155  0.719697
145  153  0.702346
146  152  0.551571
150  157  0.0102467
151  156  0.0110285
151  176  0.0102736
152  175  0.0102679
153  174  0.0102899
154  173  0.0102175
155  172  0.0102035
165  170  0.0762602
170  188  0.0143795
171  186  0.312137
172  184  0.0324499
172  185  0.381545
173  183  0.0484681
173  184  0.381817
174  182  0.0489299
175  183  0.471757
176  181  0.0269552
176  182  0.470085
177  181  0.178967
187  211  0.858855
188  210  0.885114
189  209  0.88645
190  207  0.553981
190  208  0.443836
191  206  0.998126
192  205  0.998269
193  204  0.999362
194  203  0.998461
195  202  0.83165
