1  140  0.266653
2  139  0.384977
2  346  0.120842
3  138  0.414095
3  345  0.171447
3  414  0.295827
4  137  0.413841
4  344  0.171466
4  413  0.347757
5  136  0.411956
5  343  0.171496
5  412  0.35713
6  342  0.16915
6  411  0.35698
6  442  0.0159805
7  410  0.356907
7  441  0.0170004
8  340  0.162314
8  409  0.356869
8  440  0.0170261
9  339  0.160686
9  408  0.313936
10  338  0.140625
11  131  0.17889
11  435  0.0219298
12  31  0.0142768
12  130  0.19112
12  434  0.0225307
13  30  0.0138614
13  129  0.178393
13  405  0.0311802
13  433  0.0225505
14  27  0.0214925
14  404  0.0322058
14  432  0.02256
15  26  0.0213105
15  28  0.0131564
15  32  0.0678093
15  127  0.0238523
15  143  0.034285
15  340  0.0178019
15  353  0.0280055
15  430  0.023293
16  24  0.0219405
16  27  0.0133286
16  31  0.0730588
16  142  0.0365528
16  339  0.0339171
16  352  0.0301285
16  400  0.0101655
16  403  0.0322038
16  429  0.0233168
17  23  0.0179491
17  30  0.0698607
17  141  0.0307641
17  338  0.0344252
17  402  0.0319924
17  428  0.0229061
18  123  0.207183
18  140  0.0232086
18  337  0.0303957
18  401  0.0286487
18  427  0.0214661
19  122  0.226466
19  344  0.0124762
20  27  0.0413644
20  36  0.0549532
20  121  0.227464
20  343  0.0154953
21  26  0.0258367
21  28  0.0540795
21  32  0.0105521
21  35  0.0565522
21  120  0.223772
21  341  0.0187937
21  353  0.0114453
22  27  0.0570985
22  31  0.0113667
22  34  0.0566789
22  118  0.16821
22  121  0.0275758
22  340  0.0265872
22  352  0.0122563
23  33  0.0555653
23  116  0.206068
23  118  0.014127
23  120  0.0280252
23  339  0.0236745
24  52  0.0118812
24  115  0.22568
24  117  0.0147457
24  119  0.0284392
24  324  0.308461
24  361  0.0672457
24  366  0.0148657
25  31  0.0377295
25  51  0.0120632
25  114  0.225833
25  116  0.0146568
25  118  0.0283839
25  323  0.308452
25  360  0.0672542
25  365  0.0149395
26  30  0.0144827
26  50  0.0120567
26  113  0.225899
27  49  0.0120086
27  112  0.224972
27  115  0.0287982
27  138  0.0112777
28  48  0.0114834
28  111  0.213135
28  137  0.0112394
28  141  0.399175
29  140  0.460077
30  42  0.011519
30  139  0.485693
31  41  0.0123708
31  108  0.0553095
31  109  0.0579746
31  110  0.0269339
31  112  0.040046
31  138  0.493236
32  40  0.0122732
32  108  0.0613103
32  109  0.0321111
32  110  0.0143561
32  111  0.0406251
32  137  0.491733
33  39  0.0107527
33  108  0.028851
33  109  0.0170576
33  110  0.0433036
33  135  0.608287
34  108  0.0145383
34  109  0.0429533
34  134  0.627203
35  108  0.0431354
35  133  0.627573
36  106  0.238789
36  132  0.627305
36  345  0.0102569
37  105  0.238961
37  131  0.615886
37  344  0.0102812
38  100  0.0101324
38  104  0.216573
38  128  0.0104097
38  130  0.465979
38  343  0.0101769
39  99  0.0161016
39  103  0.210567
39  127  0.0162554
39  128  0.0286823
39  342  0.0100377
40  98  0.0181729
40  102  0.228306
40  126  0.0177373
40  127  0.0280876
40  128  0.147762
41  97  0.0187423
41  101  0.212169
41  123  0.0100938
41  125  0.015456
41  126  0.0261963
41  127  0.149502
42  96  0.0190128
42  135  0.0145573
43  95  0.0190436
43  106  0.429237
43  134  0.0162732
44  94  0.0188132
44  105  0.426647
44  133  0.0138557
45  93  0.0162668
45  122  0.0159259
46  100  0.311238
46  103  0.513293
46  121  0.0170744
46  343  0.0140548
47  92  0.0115457
47  99  0.316337
47  102  0.517472
47  120  0.0125457
47  342  0.0140474
48  80  0.0265892
48  91  0.0116941
48  92  0.0113216
48  98  0.317542
48  101  0.518955
48  341  0.0140641
49  79  0.0287525
49  90  0.0117201
49  91  0.0116025
49  97  0.317389
49  100  0.519989
49  121  0.0309752
49  340  0.014066
50  78  0.0131939
50  90  0.0109536
50  99  0.510947
50  120  0.031091
50  339  0.012419
51  77  0.0133012
51  93  0.0385572
51  119  0.0309097
51  324  0.0101404
52  76  0.0287802
52  91  0.864635
52  118  0.0303931
52  323  0.0100975
53  75  0.0285719
53  90  0.866919
53  116  0.0187399
54  74  0.0186789
54  84  0.0103941
54  88  0.900362
54  89  0.0380122
55  83  0.0102923
55  87  0.938553
56  86  0.940383
57  85  0.936323
58  83  0.92335
59  81  0.0249102
59  82  0.909175
59  84  0.0108151
60  80  0.243687
61  79  0.243025
61  80  0.613231
62  78  0.027438
62  79  0.626246
62  80  0.0578939
63  76  0.0259695
63  78  0.630225
63  79  0.0600202
64  75  0.0261956
64  76  0.867966
64  78  0.0574112
65  75  0.866643
65  76  0.0136505
66  73  0.538727
66  74  0.319992
67  72  0.459104
68  76  0.0221685
69  75  0.0232592
69  76  0.0130067
70  75  0.0105959
83  119  0.0410478
84  118  0.041085
85  117  0.0427538
86  116  0.0427257
87  115  0.0432548
88  114  0.0429546
90  112  0.0212622
90  113  0.0228325
91  106  0.0222369
91  111  0.0207431
91  112  0.0232194
92  105  0.0224039
92  110  0.020359
92  111  0.0229299
93  104  0.0204076
94  103  0.020081
95  102  0.0209022
96  101  0.0180124
96  107  0.0403322
96  139  0.013246
97  106  0.0434918
97  138  0.0141492
98  105  0.0341398
98  137  0.0139385
99  135  0.0103493
100  134  0.0112342
102  135  0.0116826
103  132  0.0182714
103  134  0.0126952
103  336  0.0107159
104  119  0.0105228
104  131  0.0184902
104  132  0.0410315
104  335  0.0108177
105  334  0.010884
106  116  0.0158749
106  130  0.120952
106  333  0.0108898
107  115  0.0220201
107  129  0.258235
107  332  0.0108422
108  114  0.0199309
108  125  0.0708492
108  126  0.139649
108  128  0.267682
108  331  0.0107474
109  124  0.086498
109  125  0.176393
109  126  0.011383
109  127  0.269285
109  330  0.0104066
110  123  0.0863056
110  124  0.184553
110  125  0.0117274
110  126  0.267719
111  123  0.18819
111  125  0.229255
112  121  0.379258
113  120  0.380741
113  123  0.210983
114  119  0.378787
114  122  0.234364
115  121  0.233886
116  324  0.0119359
117  323  0.0119291
118  137  0.0128893
119  136  0.0170659
120  135  0.0172037
121  134  0.0170594
141  215  0.0102715
142  214  0.0196259
144  212  0.989584
145  211  0.991294
146  210  0.991974
147  209  0.990977
148  208  0.985836
149  207  0.987217
150  205  0.99216
151  204  0.991143
152  203  0.991879
153  202  0.992698
154  201  0.992687
155  200  0.992034
156  199  0.991444
157  194  0.173595
157  198  0.797435
158  193  0.245921
158  197  0.398563
159  192  0.188557
159  195  0.0859595
160  190  0.0932201
160  192  0.233085
160  195  0.537168
161  189  0.0786509
161  191  0.293228
161  194  0.51312
162  190  0.275833
162  192  0.0824974
163  190  0.0460722
163  192  0.133471
164  190  0.0142771
165  188  0.949385
165  190  0.0241152
166  187  0.954671
166  188  0.0340508
167  186  0.954526
167  187  0.0341352
168  186  0.0341078
169  184  0.970904
169  185  0.0254331
170  183  0.981387
170  184  0.0152432
171  182  0.989049
172  181  0.982752
173  180  0.934912
174  179  0.649846
214  322  0.503059
214  455  0.432649
215  321  0.516893
215  454  0.435792
216  320  0.522952
216  364  0.0122113
216  453  0.437162
217  319  0.522989
217  363  0.0122419
217  452  0.43716
218  318  0.52292
218  362  0.0122382
218  451  0.435723
219  317  0.395594
220  317  0.0439113
221  255  0.655808
221  256  0.0817189
221  316  0.0851765
221  322  0.0184868
221  448  0.0323935
222  254  0.645818
222  321  0.0211206
223  253  0.597053
223  254  0.269484
223  320  0.0215585
224  253  0.369073
224  319  0.0215511
225  251  0.0229923
225  252  0.411531
225  318  0.0214448
226  317  0.0188043
227  249  0.0690625
227  250  0.803086
228  248  0.0742917
228  249  0.914824
229  247  0.0757503
229  248  0.919377
230  246  0.0759981
230  247  0.703047
231  245  0.0413766
232  245  0.737466
233  244  0.988252
234  243  0.988474
235  242  0.915983
236  241  0.495353
256  315  0.405851
257  314  0.203337
258  314  0.327876
259  313  0.557108
259  447  0.303111
259  448  0.121507
260  312  0.557439
260  446  0.304644
260  447  0.121742
261  311  0.558333
261  445  0.303039
262  310  0.558281
262  444  0.299642
262  445  0.123386
263  309  0.548152
263  444  0.12521
264  308  0.519311
264  440  0.0115006
264  442  0.135513
264  443  0.11902
265  307  0.394603
265  439  0.0239922
265  441  0.104151
266  438  0.0241708
267  291  0.183832
267  296  0.0162266
267  307  0.124635
267  417  0.181122
267  437  0.023409
268  289  0.254423
268  295  0.0162227
268  306  0.133522
268  416  0.181498
268  436  0.0233598
269  294  0.014617
269  305  0.117051
270  287  0.359119
270  291  0.0632427
270  417  0.0148657
271  286  0.437698
271  289  0.0152587
271  290  0.0584113
271  416  0.0138601
272  285  0.443079
272  288  0.0183412
272  413  0.380315
273  284  0.443705
273  412  0.429758
274  283  0.437765
274  286  0.0779063
274  411  0.430324
275  282  0.357826
275  285  0.0844989
275  410  0.430661
276  280  0.0115168
276  284  0.0848469
276  295  0.014302
276  409  0.430954
277  283  0.0768872
277  294  0.0148507
277  408  0.429875
278  293  0.0154266
278  407  0.413711
279  292  0.0154613
280  291  0.0153698
280  405  0.107315
281  289  0.0112711
281  404  0.398742
282  403  0.295861
282  406  0.0290286
283  402  0.0345213
283  405  0.0315599
285  403  0.122543
286  402  0.371803
287  401  0.415247
288  400  0.424318
289  399  0.4273
290  398  0.427137
291  397  0.421474
292  303  0.700169
292  381  0.118718
293  302  0.700576
293  380  0.124882
293  395  0.0794912
294  301  0.700497
294  379  0.125734
294  393  0.0979615
295  300  0.696944
295  378  0.126575
295  392  0.100818
295  394  0.0108621
296  377  0.12664
296  391  0.100773
297  307  0.0133803
297  309  0.222232
297  390  0.0107341
297  392  0.0110621
298  306  0.0134102
298  308  0.229241
298  391  0.0110572
299  307  0.254563
300  306  0.25353
301  305  0.106381
305  393  0.133692
306  378  0.0103342
306  392  0.18319
307  377  0.0104144
307  391  0.183244
308  376  0.0102405
308  389  0.106419
308  390  0.0913099
309  388  0.200022
310  387  0.214779
310  388  0.0120271
311  386  0.214247
311  387  0.0120945
312  370  0.0356418
312  375  0.380694
313  369  0.0357054
313  374  0.387555
314  368  0.0356826
314  373  0.390922
315  367  0.0356955
315  372  0.391379
316  366  0.0355455
316  370  0.0108064
316  371  0.346111
317  365  0.0326643
318  364  0.0146268
318  369  0.393297
319  368  0.393926
320  367  0.393852
321  365  0.397292
322  364  0.423013
323  361  0.108138
323  363  0.425258
324  360  0.108379
324  362  0.425089
325  336  0.96139
326  335  0.969305
327  334  0.972058
328  333  0.962608
338  352  0.358839
338  353  0.0199174
339  351  0.634336
340  350  0.63517
340  351  0.0511494
341  349  0.63586
341  350  0.0503558
342  348  0.632598
342  349  0.0463391
343  347  0.498074
343  348  0.0374861
346  405  0.012778
347  404  0.0137797
347  450  0.147739
348  449  0.14827
349  420  0.0119911
349  448  0.0624714
350  401  0.0140135
350  419  0.0155579
350  447  0.0623139
351  400  0.0141822
351  418  0.0168101
351  446  0.148383
352  359  0.0128993
352  399  0.0136331
352  417  0.0168612
352  445  0.130765
353  415  0.0120266
354  414  0.0150777
355  413  0.0165204
356  415  0.0160685
357  414  0.0200573
358  410  0.096345
358  413  0.0218772
359  400  0.0125148
359  409  0.103287
359  412  0.0222692
360  399  0.0135032
360  410  0.0240058
361  409  0.0242239
362  398  0.0222707
362  405  0.454785
363  397  0.0330758
363  404  0.473774
364  396  0.0335647
364  403  0.474731
365  395  0.0315784
365  402  0.474102
366  400  0.487564
367  393  0.0230126
367  399  0.503542
368  392  0.0355324
368  398  0.503597
369  391  0.0350337
369  397  0.504285
370  396  0.503687
371  391  0.135531
372  390  0.457562
372  392  0.0373209
372  394  0.0520552
373  389  0.51179
373  393  0.0364318
374  387  0.058778
374  388  0.538215
375  386  0.0645086
375  387  0.536472
376  385  0.2464
376  386  0.534861
378  384  0.428254
378  385  0.0206469
379  383  0.214911
379  384  0.0129437
384  395  0.100706
385  394  0.115478
385  395  0.0107984
386  393  0.115057
386  394  0.0119848
387  392  0.112239
387  393  0.011733
412  444  0.0498208
412  445  0.0110797
413  443  0.0333755
414  442  0.0170759
414  443  0.135924
415  442  0.623903
416  441  0.747829
417  440  0.754818
418  439  0.899744
419  438  0.458535
420  438  0.465241
421  435  0.0231341
421  437  0.917704
422  434  0.0234138
422  436  0.917323
423  433  0.0130873
423  435  0.707695
424  433  0.48384
424  435  0.201105
425  432  0.484896
425  434  0.399068
426  431  0.223577
426  433  0.309293
427  433  0.0102977
443  452  0.392716
444  451  0.399109
445  450  0.398498
446  454  0.0100206
447  453  0.0101068
