2  362  0.0898959
3  27  0.0105766
3  361  0.0996217
4  360  0.0838541
5  359  0.0528069
6  358  0.0233289
7  27  0.932348
8  26  0.91712
11  23  0.966295
12  22  0.970994
13  21  0.934899
28  360  0.676197
28  361  0.0108892
29  359  0.866985
30  358  0.944112
31  357  0.984989
32  356  0.987913
33  355  0.982288
34  342  0.0102929
35  341  0.0129332
36  340  0.980953
37  339  0.988103
38  338  0.988775
39  336  0.258567
40  335  0.0900253
41  335  0.888647
42  334  0.986793
43  333  0.987334
45  331  0.936769
46  330  0.936406
47  59  0.0307826
47  62  0.111179
47  65  0.0579448
47  329  0.667377
48  58  0.329101
48  61  0.453843
48  64  0.186621
49  57  0.328881
49  60  0.453658
49  63  0.185287
50  56  0.248951
51  59  0.454223
52  58  0.411433
52  60  0.176382
53  59  0.172074
63  331  0.0545042
64  330  0.0548715
66  328  0.996297
67  327  0.997603
68  326  0.99719
69  325  0.997762
70  324  0.997779
71  323  0.996758
72  322  0.994906
74  320  0.856865
75  265  0.0473594
75  319  0.489461
76  264  0.0522473
76  321  0.010748
77  263  0.0517828
77  319  0.393148
78  262  0.0512541
78  318  0.862134
79  261  0.035497
79  317  0.934266
80  316  0.941991
81  259  0.050996
81  315  0.942328
82  258  0.0510749
82  314  0.901097
83  257  0.0447553
83  314  0.0411773
84  93  0.0390326
84  313  0.939363
85  92  0.0389755
85  312  0.939319
86  91  0.0294912
86  311  0.932315
87  310  0.787416
88  307  0.0153662
89  308  0.461299
90  246  0.0139598
90  281  0.484521
90  308  0.106579
91  245  0.0142737
91  280  0.603691
91  307  0.12066
92  244  0.0142753
92  278  0.934456
93  243  0.0142679
93  277  0.94112
94  255  0.0338316
94  276  0.941437
95  254  0.0338264
95  275  0.941089
97  273  0.377982
98  272  0.902731
99  252  0.0285118
99  271  0.905555
100  251  0.0271596
100  270  0.681459
101  228  0.102347
102  227  0.109916
102  249  0.014674
103  226  0.112783
103  248  0.0139747
103  267  0.0445276
105  225  0.691735
105  256  0.0675052
106  224  0.818249
106  245  0.0491237
106  255  0.0810539
107  223  0.56397
107  244  0.0492763
107  254  0.0808795
108  221  0.0120679
108  223  0.278334
108  243  0.0492466
108  253  0.0787903
109  222  0.571195
110  251  0.0187029
111  220  0.979865
112  219  0.9821
113  218  0.981728
114  217  0.982282
115  216  0.982167
116  215  0.96792
117  214  0.805633
121  166  0.0153954
121  211  0.0217012
121  212  0.0194839
122  165  0.0152727
123  164  0.0142887
123  166  0.19719
124  165  0.197117
125  164  0.192846
127  164  0.0108133
127  211  0.0112197
128  163  0.0136935
128  210  0.0112542
129  160  0.981392
130  159  0.993212
131  158  0.994319
132  157  0.994436
133  156  0.994138
135  154  0.978667
136  153  0.977105
138  150  0.804698
139  149  0.992301
140  148  0.992345
141  146  0.131534
141  147  0.705028
142  146  0.410075
161  209  0.0211866
162  209  0.0147547
163  211  0.0112129
164  206  0.594198
165  205  0.745889
166  204  0.759768
167  203  0.760669
168  201  0.463088
168  202  0.391967
169  200  0.843417
170  183  0.0121864
170  199  0.847647
170  211  0.0258219
170  245  0.0101087
171  182  0.0127474
171  198  0.840744
171  210  0.024899
171  244  0.0101175
172  180  0.0293575
172  243  0.0101089
173  179  0.0252468
178  187  0.0254562
178  195  0.889196
178  207  0.0130178
179  186  0.024603
179  194  0.895389
179  206  0.0129494
180  193  0.894023
180  212  0.010211
182  191  0.899029
182  203  0.0105985
182  211  0.0104654
183  190  0.751161
183  202  0.0105852
183  210  0.0104222
186  203  0.0102168
189  200  0.0635
190  199  0.0692579
191  198  0.068415
198  220  0.0140937
199  207  0.0190893
199  219  0.0141007
200  206  0.0186684
200  218  0.0140549
201  217  0.0129997
203  213  0.0123832
204  212  0.0135468
207  212  0.0133933
221  241  0.0447659
222  240  0.0446943
223  241  0.0476699
224  238  0.0157952
224  240  0.0474161
224  252  0.0134188
225  251  0.0133803
226  249  0.0251054
227  237  0.0295445
227  248  0.0269253
228  236  0.0279041
228  247  0.0271669
229  246  0.0271568
230  244  0.0286625
230  269  0.0132969
231  238  0.0164829
231  243  0.0277429
231  252  0.0106334
238  274  0.0160686
239  260  0.714929
239  273  0.0160592
240  259  0.804303
240  272  0.0160485
241  258  0.803233
241  271  0.0160465
244  255  0.816527
245  254  0.814162
245  258  0.0108542
246  252  0.0104549
246  253  0.637996
258  270  0.0832163
259  269  0.0969745
260  268  0.0946276
272  318  0.0451135
273  317  0.0555006
274  316  0.0570156
275  315  0.0571543
276  314  0.0571543
277  313  0.0571097
278  312  0.0558125
280  309  0.0125106
280  310  0.0197721
280  311  0.0112184
281  304  0.207491
281  309  0.0143485
282  303  0.997463
283  302  0.998508
284  301  0.998365
285  300  0.998594
286  299  0.996825
287  298  0.996945
288  297  0.996597
289  296  0.965658
291  295  0.0493994
341  354  0.977089
342  353  0.98118
343  352  0.978804
344  351  0.944417
345  350  0.511742
