1  908  0.0810447
1  931  0.154623
2  877  0.014644
2  907  0.101098
2  923  0.132047
2  928  0.0218284
2  930  0.189733
3  876  0.0177625
3  906  0.10683
3  922  0.372501
3  927  0.0441113
3  929  0.196128
4  875  0.0170873
4  921  0.3715
5  869  0.0152546
5  919  0.201053
5  920  0.193921
5  926  0.161066
6  909  0.0248719
6  918  0.370072
6  925  0.177349
7  908  0.0204244
7  917  0.26699
8  866  0.898556
9  865  0.980107
10  864  0.992859
11  863  0.971794
13  861  0.97176
14  860  0.993263
15  859  0.993294
17  857  0.994219
18  856  0.995036
20  854  0.998859
21  853  0.999423
22  852  0.999238
23  851  0.998756
24  55  0.967443
25  54  0.999362
26  53  0.999765
27  52  0.999883
28  51  0.998453
29  50  0.995265
30  49  0.991572
31  48  0.968522
33  46  0.984939
34  45  0.981779
35  44  0.867824
55  831  0.0301019
56  826  0.566519
56  830  0.118665
57  825  0.825331
57  829  0.143514
58  824  0.82498
58  828  0.139876
59  823  0.823944
60  822  0.822061
60  826  0.112507
60  830  0.0173607
61  821  0.80087
61  825  0.114576
61  829  0.0208529
62  824  0.0986251
62  828  0.0188505
67  93  0.308227
67  821  0.0150783
68  93  0.0101516
69  90  0.939372
70  89  0.950588
71  88  0.950946
72  87  0.996488
73  86  0.996972
74  85  0.997558
75  84  0.994594
76  82  0.121088
76  83  0.727678
77  81  0.0476225
88  827  0.0466391
89  826  0.0474615
90  825  0.0503607
91  824  0.0587592
92  823  0.0690973
93  822  0.0706784
96  820  0.985298
97  819  0.999736
98  818  0.999349
99  817  0.999886
100  816  0.986916
102  814  0.974561
103  813  0.994807
105  812  0.999758
106  811  0.999835
107  810  0.999894
108  809  0.997745
110  808  0.0590444
111  804  0.0526887
112  803  0.0268346
113  803  0.954469
114  802  0.992539
115  801  0.988014
116  800  0.969222
117  784  0.0584897
117  799  0.901142
118  783  0.221455
118  785  0.052016
118  798  0.663002
119  778  0.0513973
119  782  0.220761
119  784  0.118009
119  797  0.416537
120  777  0.124099
120  781  0.19304
120  783  0.158425
121  776  0.117648
122  250  0.0159537
122  708  0.0388703
123  249  0.0181775
123  707  0.041809
123  733  0.719898
123  796  0.0205177
124  706  0.0416964
124  732  0.733867
124  795  0.0205104
125  244  0.122852
125  247  0.0203604
125  731  0.733657
126  243  0.180112
126  246  0.0369996
126  703  0.011952
126  704  0.0163279
126  730  0.733945
127  242  0.180174
127  245  0.0370121
127  702  0.0119674
127  703  0.0222753
127  729  0.73142
128  241  0.180092
128  244  0.0369951
128  700  0.0143721
129  240  0.180162
129  243  0.0370077
129  699  0.0201451
129  726  0.723237
130  239  0.178827
130  242  0.0367776
130  698  0.0188583
130  699  0.0169325
130  725  0.72492
131  238  0.161907
131  697  0.0158257
131  698  0.0156027
131  724  0.716611
132  722  0.177443
132  723  0.439241
133  200  0.290222
133  721  0.353759
134  199  0.298885
134  700  0.0122514
134  720  0.330227
135  141  0.0215489
135  198  0.363666
135  219  0.0207785
135  699  0.0158641
135  719  0.170354
136  197  0.363325
136  218  0.0211906
136  698  0.0155521
137  196  0.359501
137  217  0.0194003
137  697  0.0111584
137  717  0.0281633
138  195  0.332657
138  716  0.0268914
139  215  0.0210374
140  191  0.747379
140  192  0.0102634
140  214  0.0227439
140  721  0.0168878
141  190  0.798004
141  213  0.0228118
141  718  0.0110619
141  720  0.0271074
142  189  0.82033
142  212  0.0226995
142  717  0.0116944
142  719  0.0487269
143  187  0.387732
143  188  0.458545
143  211  0.0226248
143  716  0.0117275
143  718  0.0488334
144  186  0.751281
144  717  0.043295
145  185  0.752153
145  186  0.0101926
145  715  0.0478284
146  714  0.0478248
147  184  0.837171
147  713  0.0478064
148  183  0.836813
148  712  0.0467247
149  182  0.833674
149  711  0.0400944
150  178  0.012513
150  181  0.818219
150  709  0.0177666
151  180  0.636128
151  708  0.0174898
152  176  0.870245
152  707  0.0150711
153  175  0.999437
154  174  0.999737
155  173  0.995659
156  172  0.903025
158  170  0.979422
159  169  0.999428
160  168  0.998789
161  167  0.893058
162  166  0.446884
176  704  0.0207403
177  207  0.0118993
177  703  0.0479875
178  206  0.0118964
178  702  0.0479211
179  701  0.046318
180  700  0.0403771
180  718  0.0403897
181  204  0.0174876
181  717  0.0566225
182  203  0.0185592
182  716  0.0607321
183  715  0.0686781
184  201  0.0731028
184  714  0.0687489
185  200  0.0732468
185  713  0.0688728
186  199  0.0729754
186  712  0.0266477
187  198  0.0725841
187  711  0.0263016
188  196  0.0318579
188  197  0.0406807
188  710  0.0684222
189  195  0.0625413
190  239  0.0284404
190  708  0.0415805
191  238  0.0319888
192  237  0.146992
193  236  0.191341
193  705  0.283131
194  235  0.191334
194  704  0.283347
195  234  0.190687
195  703  0.282255
195  719  0.0185928
196  210  0.0380602
196  233  0.135959
196  701  0.0368445
196  718  0.0133159
197  209  0.135758
197  700  0.0365512
197  701  0.0497877
198  208  0.142611
198  231  0.0366201
198  716  0.0254414
199  207  0.146575
199  230  0.0204931
199  699  0.325375
199  715  0.0274945
200  206  0.145629
200  230  0.0195418
200  698  0.20478
200  714  0.0274045
201  205  0.118285
201  229  0.0294169
201  713  0.0273162
202  228  0.0289245
202  696  0.771294
203  695  0.772885
204  223  0.0122692
204  694  0.773204
205  222  0.01466
205  693  0.774125
206  221  0.0145775
206  224  0.0221563
206  692  0.773315
207  223  0.0223192
207  691  0.773551
208  219  0.0160629
208  222  0.0203903
208  689  0.298972
208  690  0.468494
209  218  0.01651
209  687  0.0157417
209  688  0.594158
210  217  0.0152653
210  686  0.0194212
210  687  0.542083
211  216  0.012064
211  230  0.145185
211  684  0.269148
211  686  0.504628
212  229  0.145278
212  683  0.269876
212  685  0.504982
213  228  0.145029
213  684  0.499784
214  681  0.523045
215  226  0.0179663
215  227  0.104491
215  680  0.733625
216  225  0.0242544
216  226  0.104605
216  679  0.763159
217  224  0.0241344
217  225  0.111987
217  678  0.768624
218  223  0.018239
218  224  0.113199
218  677  0.772514
219  223  0.0972274
219  676  0.773845
220  233  0.0169325
220  675  0.773333
221  232  0.0191894
221  659  0.0547295
221  674  0.504221
222  231  0.0200147
222  349  0.0341965
222  376  0.0189519
222  658  0.0674183
223  230  0.0192247
223  239  0.0117319
223  347  0.43352
223  348  0.0200999
223  375  0.0196483
223  672  0.167146
224  238  0.0119719
224  346  0.463929
224  671  0.158599
225  237  0.0123424
225  345  0.47615
225  373  0.0207723
225  468  0.037498
225  670  0.0874496
226  236  0.0123742
226  291  0.0536562
226  313  0.0133417
226  344  0.501138
226  354  0.0725835
226  372  0.0226885
226  467  0.0421347
227  234  0.0129617
227  290  0.052171
227  304  0.017694
227  312  0.0133449
227  343  0.310389
227  353  0.0726506
227  371  0.0226902
227  466  0.042144
228  233  0.0125364
228  303  0.0177438
228  311  0.0133339
228  352  0.0726505
228  465  0.0421241
229  301  0.0181193
229  341  0.517217
229  350  0.0728878
229  369  0.0228015
229  464  0.0153945
230  300  0.0188473
230  340  0.51757
230  349  0.0729043
230  368  0.0228021
230  400  0.0265181
231  299  0.0186076
231  339  0.516351
231  348  0.0638798
231  367  0.0217508
231  399  0.04209
232  259  0.136826
232  338  0.514332
232  366  0.0109177
232  398  0.0420888
233  258  0.182488
233  298  0.025449
233  337  0.508977
233  397  0.0421218
234  257  0.182504
234  297  0.0254949
234  336  0.50723
234  396  0.0421451
235  256  0.121805
235  296  0.0255929
235  395  0.0420937
236  295  0.0255097
236  394  0.0420077
237  254  0.479296
237  294  0.0161386
238  248  0.0200616
238  253  0.564507
239  247  0.0208753
239  252  0.604027
240  247  0.0110842
240  251  0.605031
241  250  0.605049
242  249  0.578283
242  252  0.0162398
243  247  0.0301699
243  251  0.0167105
244  250  0.0166739
245  249  0.0121185
245  796  0.158772
246  795  0.15941
247  312  0.0164999
247  794  0.153359
248  310  0.0992716
249  309  0.112963
249  393  0.0387534
249  794  0.0158912
250  308  0.113064
250  392  0.0388101
251  307  0.113097
251  391  0.0390338
251  793  0.180218
251  794  0.0312319
252  306  0.113255
252  390  0.0390486
252  792  0.181605
252  793  0.0313292
253  389  0.0390302
253  791  0.181518
253  792  0.0312012
254  388  0.0360302
254  790  0.195799
254  791  0.0168741
255  303  0.117157
255  789  0.209852
256  291  0.0955638
256  302  0.120732
256  313  0.389902
256  354  0.0245355
256  788  0.158184
257  290  0.0952902
257  301  0.121853
257  312  0.390811
257  353  0.0245576
257  787  0.152831
258  300  0.121856
258  311  0.390792
258  352  0.0245456
259  299  0.0907115
259  310  0.278091
259  785  0.0393277
259  786  0.0409702
260  289  0.449987
260  307  0.0101884
260  310  0.0470629
260  785  0.0386187
261  288  0.665954
261  298  0.0174895
261  306  0.0107641
261  309  0.0935626
261  783  0.117508
262  287  0.677263
262  305  0.0100381
262  308  0.0918308
262  782  0.117835
263  286  0.675853
263  307  0.0752332
263  781  0.11677
264  285  0.672757
264  287  0.0178752
264  780  0.103716
265  286  0.0211891
266  284  0.87795
266  285  0.0111071
266  778  0.0584078
267  283  0.932682
267  777  0.0629359
268  282  0.932337
268  776  0.0621377
269  281  0.930689
269  775  0.0526
270  280  0.926333
271  279  0.914525
271  283  0.041753
272  282  0.0419089
273  277  0.0150139
273  278  0.0394505
273  281  0.0418519
274  280  0.0389597
286  300  0.0116927
287  299  0.0165764
288  297  0.242088
289  296  0.3115
290  295  0.326687
290  365  0.0197501
291  364  0.0198449
292  346  0.101531
293  307  0.0602736
293  345  0.128884
293  674  0.0434752
294  306  0.0697933
294  307  0.113913
294  344  0.142473
294  375  0.0127399
294  673  0.0638513
294  749  0.0122978
294  788  0.0528207
295  306  0.128046
295  343  0.142389
295  374  0.0127535
295  672  0.0639034
295  787  0.0528574
296  342  0.142727
296  373  0.0127458
296  671  0.0638064
296  747  0.0393605
296  786  0.0488405
297  304  0.314248
297  341  0.143053
297  372  0.0126064
297  670  0.0635866
297  746  0.0480408
297  749  0.0155813
297  785  0.02523
298  303  0.311545
298  340  0.142969
298  669  0.0636434
298  745  0.0480232
299  338  0.125322
299  370  0.0122093
299  668  0.0289247
300  337  0.126332
300  369  0.012291
300  667  0.0282013
300  746  0.0974054
300  749  0.015576
301  336  0.126058
301  368  0.0122423
301  666  0.0610345
301  745  0.0968947
303  312  0.162257
303  341  0.0136617
303  746  0.0348304
304  311  0.162916
304  340  0.0136332
304  660  0.0204179
304  742  0.136393
304  745  0.0348387
305  310  0.101036
305  659  0.0203828
305  741  0.137833
305  744  0.0333897
306  658  0.0202199
306  669  0.0122165
306  739  0.205533
307  338  0.0101954
307  668  0.0120757
307  738  0.211928
308  337  0.0116257
308  667  0.0120642
308  737  0.213132
309  336  0.0116768
309  666  0.0120014
309  736  0.213483
310  338  0.0352433
310  735  0.213708
311  337  0.0459974
311  734  0.215232
312  336  0.0458978
312  733  0.215249
313  336  0.0118207
313  732  0.215252
314  731  0.214864
315  334  0.758233
315  344  0.0196614
315  730  0.213083
316  333  0.761225
316  343  0.0220508
316  729  0.209479
317  332  0.760947
317  342  0.0520916
317  728  0.168874
318  331  0.764652
318  341  0.211048
319  330  0.766766
319  340  0.211489
320  329  0.762736
320  339  0.211039
321  338  0.205279
322  327  0.437525
322  328  0.164534
322  333  0.0532284
322  337  0.140126
323  332  0.0548401
324  331  0.0475293
324  332  0.0298421
324  335  0.0132617
325  331  0.0326363
325  332  0.0142605
326  330  0.0192974
330  339  0.0100992
339  668  0.0161408
340  667  0.0167281
341  666  0.0167452
342  662  0.0158121
343  661  0.0199383
344  660  0.0201732
345  662  0.0459164
345  723  0.143918
346  661  0.0624617
346  722  0.198563
347  660  0.0639308
347  669  0.0584292
347  721  0.202343
348  658  0.144816
348  668  0.0857777
348  720  0.202376
349  657  0.155249
349  667  0.0859465
349  719  0.20158
350  655  0.544846
350  666  0.0858117
350  718  0.201465
351  654  0.605336
351  665  0.027899
351  717  0.0839167
352  363  0.219931
352  653  0.641062
353  362  0.220247
353  652  0.641194
354  361  0.21337
354  651  0.64118
355  650  0.638604
356  649  0.631413
358  382  0.0514556
358  647  0.0556196
359  381  0.0577606
359  667  0.0108843
359  670  0.0259803
360  376  0.417707
360  646  0.077961
360  666  0.0108484
360  669  0.0534629
361  375  0.436527
361  378  0.0192884
361  379  0.0832227
361  645  0.0686685
362  374  0.436459
362  378  0.136137
362  667  0.0585883
363  376  0.245719
363  666  0.0602063
364  372  0.43428
364  375  0.265357
364  665  0.0609223
365  371  0.412148
365  374  0.265198
365  664  0.0613441
365  715  0.0454717
366  373  0.202069
366  663  0.0606549
366  714  0.0456448
366  717  0.0963199
367  713  0.0456717
367  716  0.128083
368  715  0.131037
369  660  0.0600601
369  712  0.0440957
370  659  0.0600035
370  711  0.0414517
370  714  0.134349
371  658  0.0594753
371  713  0.134809
372  712  0.134725
373  656  0.0514503
374  655  0.0504935
374  707  0.178587
375  706  0.178759
376  705  0.178634
376  715  0.0162039
377  704  0.17241
377  714  0.0162092
378  385  0.0127884
378  713  0.0161871
379  712  0.0156753
381  709  0.0147595
382  702  0.155149
382  708  0.016054
383  623  0.0500493
383  647  0.0953573
383  701  0.168845
383  707  0.0151306
384  622  0.0605164
384  646  0.1117
384  700  0.172925
384  706  0.0150158
385  621  0.0632579
385  645  0.121595
385  648  0.0797912
385  672  0.0118208
385  699  0.173796
385  705  0.016016
386  620  0.0627499
386  671  0.0118668
386  698  0.170472
386  704  0.0147865
387  619  0.0539541
387  670  0.0107403
387  697  0.121883
388  616  0.0509882
389  615  0.0534012
389  644  0.595791
390  643  0.61106
390  652  0.0149019
390  669  0.0399665
390  692  0.0242983
391  613  0.0599318
391  628  0.0150057
391  642  0.611275
391  646  0.0212896
391  651  0.0153071
391  668  0.0411403
391  691  0.0243868
392  466  0.016437
392  481  0.0151819
392  612  0.0604576
392  627  0.0165235
392  641  0.609273
392  645  0.022627
392  650  0.0150717
392  667  0.0415905
392  690  0.0224235
393  465  0.016518
393  480  0.0151958
393  611  0.0592941
393  626  0.0165188
393  640  0.608632
393  644  0.0225114
393  649  0.0150798
393  666  0.0416004
394  428  0.38107
394  435  0.036023
394  479  0.0152341
394  639  0.414828
394  648  0.0104925
394  689  0.0201837
395  427  0.381636
395  434  0.0362548
395  478  0.0152293
395  637  0.351241
395  688  0.0198769
396  426  0.382003
396  433  0.0357522
396  477  0.0152268
396  636  0.353066
396  637  0.0291111
396  687  0.0192311
397  425  0.379901
397  432  0.0337603
397  476  0.0145799
398  424  0.247069
398  635  0.412576
398  686  0.0186724
399  634  0.415028
399  685  0.0187869
400  428  0.10485
400  621  0.0107238
400  633  0.412793
400  684  0.013537
401  427  0.103312
401  620  0.0105735
401  632  0.406074
402  631  0.324546
404  424  0.607211
405  423  0.895899
406  422  0.910356
406  628  0.0234122
407  421  0.910692
407  626  0.0771131
408  420  0.910119
408  625  0.0780108
409  419  0.889026
409  623  0.027256
409  624  0.0528931
410  622  0.053451
410  623  0.027745
411  417  0.791625
411  621  0.0786043
412  416  0.302778
412  620  0.0772621
413  619  0.0559203
414  421  0.0514094
415  420  0.0528479
416  616  0.0195426
417  615  0.0220758
418  614  0.0209989
420  613  0.0183757
421  612  0.0170813
422  618  0.055396
423  617  0.055621
424  616  0.0559576
426  615  0.213217
427  614  0.213672
428  613  0.213499
430  441  0.0131608
431  440  0.0146934
432  439  0.0153117
433  438  0.0143644
433  617  0.0135088
433  662  0.0128275
433  678  0.0171141
434  616  0.018408
434  629  0.130637
434  661  0.0137688
434  677  0.0202483
435  615  0.0184656
435  628  0.143611
435  643  0.0160552
435  660  0.0137476
435  676  0.0205015
436  642  0.016141
436  643  0.010349
436  675  0.0204345
437  626  0.148574
438  461  0.404312
438  462  0.015934
438  625  0.195538
438  639  0.013919
439  460  0.54964
439  624  0.194147
439  638  0.0141432
440  459  0.594558
440  623  0.191809
441  458  0.609134
441  622  0.190252
442  457  0.61921
442  621  0.186217
442  636  0.181932
443  456  0.61949
443  620  0.178278
443  635  0.182492
444  455  0.619846
444  634  0.18232
445  454  0.622574
445  618  0.0994739
445  633  0.182712
446  453  0.5948
446  632  0.179347
447  452  0.497149
447  631  0.130237
449  551  0.0227438
450  550  0.108454
451  549  0.374672
452  548  0.374696
453  547  0.374935
454  546  0.375419
455  545  0.375438
456  544  0.374806
457  543  0.371924
458  542  0.329767
460  542  0.0226764
461  541  0.0664656
461  614  0.0538908
462  613  0.0661489
463  539  0.401722
463  611  0.321383
464  538  0.414731
464  610  0.375192
464  694  0.0726796
465  537  0.417714
465  609  0.386271
465  693  0.101692
466  536  0.417706
466  608  0.386883
466  692  0.101711
467  535  0.417315
467  607  0.386765
467  691  0.101629
468  534  0.257581
468  606  0.33581
469  495  0.402324
469  557  0.269663
469  558  0.0530675
469  689  0.0665108
469  699  0.0100521
470  494  0.40547
470  556  0.337078
470  557  0.0360714
470  688  0.0665779
470  698  0.0100428
471  493  0.405723
471  555  0.367415
471  556  0.0182443
471  674  0.0484879
471  687  0.0661511
472  481  0.0118071
472  492  0.406419
472  554  0.389603
472  673  0.0597042
472  686  0.0663093
473  480  0.0118131
473  491  0.406366
473  553  0.389968
473  685  0.0663172
474  479  0.0117566
474  552  0.38994
474  672  0.138173
474  684  0.0292864
475  489  0.405176
475  551  0.380613
475  671  0.157637
476  488  0.404923
476  670  0.161554
477  487  0.401535
477  548  0.385072
477  669  0.16024
478  484  0.0128163
478  547  0.394393
479  483  0.0128006
479  546  0.394839
479  668  0.16959
480  545  0.394851
480  667  0.171061
481  544  0.393863
481  666  0.171247
482  665  0.171812
483  664  0.171993
484  542  0.0149554
484  663  0.171528
485  662  0.163955
486  541  0.378186
486  658  0.0215528
486  661  0.131504
487  540  0.3954
487  657  0.157155
487  693  0.0103697
488  539  0.394765
488  656  0.164083
489  538  0.394362
489  655  0.0566589
490  537  0.380423
490  654  0.0572935
490  690  0.0102024
491  537  0.0152836
491  653  0.164799
491  689  0.0100427
492  535  0.357471
492  536  0.0297534
492  652  0.164099
493  534  0.190111
493  535  0.0252091
493  651  0.148534
494  533  0.0898141
496  508  0.639295
496  649  0.148113
497  507  0.722056
497  648  0.157454
498  506  0.705892
498  647  0.155847
499  505  0.618416
499  646  0.144921
507  535  0.0368337
507  536  0.0157203
509  534  0.414368
510  533  0.781739
511  532  0.949456
512  531  0.968606
513  530  0.971975
514  529  0.973686
515  528  0.973645
517  527  0.971339
518  526  0.96496
526  654  0.0106387
527  653  0.011681
528  652  0.0117195
529  651  0.0117194
530  650  0.0116566
531  649  0.0109314
535  645  0.0321353
536  645  0.126818
537  643  0.0359068
537  644  0.127083
539  641  0.173286
540  640  0.192916
541  639  0.196747
542  638  0.197281
543  636  0.085507
543  637  0.130585
544  635  0.0879994
544  636  0.128522
545  634  0.216652
546  633  0.21678
547  632  0.215756
548  631  0.215379
550  630  0.409063
551  614  0.14864
551  629  0.410479
552  613  0.177291
552  628  0.411027
553  612  0.179712
553  627  0.410892
554  611  0.179664
554  626  0.410467
555  610  0.169487
558  608  0.12711
559  607  0.126978
560  609  0.0397801
561  605  0.0261936
561  606  0.0122647
561  608  0.0430624
562  604  0.023817
562  607  0.0439929
563  605  0.15722
563  606  0.0320522
564  604  0.175201
565  603  0.172507
566  602  0.154196
567  604  0.365577
568  603  0.370926
571  600  0.6305
572  599  0.941341
573  598  0.988512
574  597  0.988521
575  596  0.982135
576  595  0.932694
582  594  0.971286
583  593  0.999336
584  592  0.999337
585  591  0.987564
586  590  0.776112
600  625  0.352861
601  624  0.394885
602  623  0.410215
603  622  0.415194
604  621  0.417068
605  620  0.4144
606  619  0.411715
607  618  0.406878
609  616  0.0206489
609  617  0.0112535
615  672  0.0155702
616  671  0.0157973
617  659  0.0151565
617  670  0.0158558
618  658  0.0162616
618  669  0.0158822
620  656  0.0227009
621  655  0.0234393
621  666  0.0146
622  654  0.0230067
622  665  0.0114333
625  651  0.0221068
626  650  0.0226685
626  653  0.119563
627  649  0.0227083
627  652  0.119985
628  648  0.0225556
629  650  0.126377
630  649  0.126108
632  647  0.16742
633  646  0.171246
634  645  0.171844
635  644  0.171467
636  643  0.168989
637  642  0.122679
655  664  0.113788
655  696  0.020394
656  663  0.113057
656  695  0.0208315
657  662  0.109052
657  694  0.0209664
658  673  0.120471
658  693  0.0208658
659  692  0.0128584
660  672  0.430072
661  671  0.433037
662  670  0.43304
663  669  0.428367
664  668  0.163349
672  683  0.0280353
673  682  0.0370889
673  683  0.011282
673  692  0.0462127
674  682  0.0110275
674  691  0.055974
675  690  0.103299
676  689  0.103356
677  688  0.102503
678  687  0.100931
679  686  0.0863299
702  722  0.010231
703  721  0.0107138
704  722  0.28991
705  721  0.312
707  719  0.478032
708  718  0.487709
709  717  0.489341
710  716  0.480073
710  796  0.0451005
711  795  0.0453324
712  794  0.0455909
713  793  0.0452952
716  792  0.0116588
718  790  0.0432794
719  789  0.0473912
720  788  0.0474798
721  787  0.0474804
722  786  0.0473121
723  785  0.0452398
724  784  0.0370054
725  733  0.0163326
726  732  0.0166297
727  780  0.0174887
728  779  0.0196602
729  778  0.019546
733  751  0.0125636
734  750  0.0205211
734  778  0.44845
734  795  0.0174662
735  749  0.0111893
735  777  0.452869
735  783  0.0181339
735  794  0.0177805
736  749  0.755056
737  748  0.773787
738  747  0.780761
739  746  0.782804
740  745  0.774593
749  778  0.0477548
750  777  0.0499401
751  774  0.971254
752  773  0.985525
753  772  0.998902
754  771  0.998946
755  770  0.998468
756  769  0.993588
757  768  0.807892
759  766  0.971645
760  765  0.966292
786  797  0.507451
787  796  0.697858
788  795  0.700026
789  794  0.612633
832  850  0.993664
833  849  0.997562
834  848  0.997057
835  847  0.997475
836  846  0.977591
837  845  0.898607
839  843  0.0247023
839  844  0.0823762
867  914  0.516865
868  913  0.508573
871  901  0.0207064
871  910  0.596002
871  915  0.0101967
871  923  0.0154784
871  925  0.0121729
872  900  0.020861
872  909  0.60679
872  914  0.0103722
872  923  0.0349677
872  928  0.0367791
873  899  0.0207281
873  906  0.012033
873  908  0.593157
873  912  0.0107428
873  921  0.0326442
873  922  0.03718
873  924  0.0105352
873  927  0.0432995
874  898  0.0205315
874  905  0.0118981
874  907  0.549855
874  920  0.0760338
874  926  0.0352606
875  897  0.0182582
875  919  0.0824125
875  925  0.0248791
875  926  0.0102885
876  909  0.0144291
876  918  0.082885
876  925  0.0177417
877  904  0.0213473
877  908  0.0133892
877  917  0.0320124
878  904  0.0240711
880  894  0.0193129
881  893  0.0204445
881  901  0.969578
882  892  0.0202741
882  900  0.974864
883  899  0.975462
884  898  0.97441
885  897  0.972403
886  896  0.973871
887  895  0.970977
906  914  0.0173679
907  913  0.014175
908  918  0.0107238
908  930  0.0101956
909  917  0.0685076
910  916  0.0952731
910  929  0.221736
911  915  0.0774194
911  928  0.227345
913  926  0.221911
915  924  0.409584
916  923  0.403814
923  929  0.125407
924  928  0.101863
