1  478  0.581796
2  302  0.0275339
2  477  0.663565
2  479  0.0295448
3  301  0.0333019
3  476  0.736773
3  478  0.0331869
4  300  0.0333003
4  475  0.736319
4  477  0.0332523
5  299  0.0267373
6  473  0.0240549
7  378  0.0173668
7  472  0.0139211
8  377  0.0198626
8  473  0.037547
9  376  0.0206618
9  472  0.0434879
9  478  0.0352715
10  24  0.01358
10  375  0.0208746
10  471  0.0440502
10  477  0.0379786
11  23  0.015614
11  39  0.0163077
11  324  0.0432937
11  374  0.0192792
11  451  0.142523
11  476  0.0357066
12  22  0.0154651
12  38  0.0162996
12  322  0.778924
12  450  0.142772
13  21  0.0115063
13  37  0.0157707
13  321  0.783191
13  449  0.142763
14  34  0.01952
14  320  0.78552
14  448  0.14291
15  33  0.0198809
15  319  0.785659
15  447  0.076234
16  32  0.0191079
16  318  0.785209
16  447  0.0386285
17  317  0.783125
17  446  0.0578739
18  316  0.782123
18  445  0.0535171
19  28  0.0180075
19  315  0.778216
19  444  0.0529884
20  27  0.0191666
20  314  0.734643
21  26  0.0188263
21  67  0.045291
21  313  0.523442
21  443  0.0837978
22  50  0.02333
22  66  0.0566531
22  307  0.134051
22  442  0.0851674
23  34  0.0328131
23  49  0.0238554
23  64  0.0650347
23  66  0.0360657
23  69  0.0238064
23  306  0.134227
23  441  0.0851874
24  33  0.0354982
24  38  0.0197504
24  39  0.190488
24  63  0.0610582
24  65  0.03687
24  68  0.0371889
24  70  0.116591
24  305  0.129722
24  310  0.0113122
24  430  0.0611079
24  440  0.0789415
25  32  0.0338741
25  37  0.0205877
25  38  0.190684
25  45  0.0305857
25  62  0.0534942
25  63  0.0839726
25  68  0.0179953
25  304  0.126701
25  429  0.0612074
25  439  0.072306
26  31  0.0310189
26  36  0.0206824
26  37  0.186309
26  44  0.0309314
26  62  0.0905938
26  63  0.0227573
26  68  0.133567
26  301  0.0385597
26  308  0.0112945
26  428  0.0611186
27  35  0.0297315
27  43  0.0302266
27  61  0.0967561
27  66  0.102206
27  67  0.0828009
27  300  0.0385858
27  302  0.0664791
27  307  0.0109153
27  427  0.0571088
27  438  0.0133523
28  42  0.0265086
28  60  0.0831883
28  65  0.162899
28  299  0.0349607
29  34  0.0571069
29  64  0.162487
29  300  0.0364735
29  367  0.0173559
30  61  0.0143986
30  298  0.0471144
30  366  0.0177796
31  297  0.0487884
31  365  0.0180678
32  59  0.387124
32  296  0.0489252
32  364  0.0185631
33  58  0.397231
33  295  0.0487433
33  363  0.0186477
34  52  0.033671
34  57  0.428108
34  294  0.0209865
34  362  0.0184803
35  51  0.0324051
35  56  0.425981
35  361  0.0181422
36  55  0.390578
36  360  0.0142489
38  50  0.643543
39  49  0.656194
40  48  0.655168
40  54  0.011102
41  47  0.621981
41  53  0.0109196
41  397  0.0114695
42  46  0.311831
42  396  0.0130483
43  51  0.0196082
43  395  0.0315413
44  50  0.0282627
44  307  0.0710997
44  394  0.0335301
45  49  0.0175985
45  306  0.0721106
45  393  0.0335593
46  305  0.0688433
46  392  0.033513
47  312  0.0148904
47  391  0.0334778
48  302  0.0667434
48  311  0.0167183
48  390  0.0334318
49  301  0.0672066
49  310  0.0153067
49  389  0.0331242
50  68  0.0669827
50  388  0.0210618
51  67  0.0674694
51  290  0.0297223
51  296  0.347676
52  66  0.0675361
52  289  0.031654
52  295  0.373758
53  65  0.0622622
53  288  0.0295514
53  294  0.38296
54  64  0.0358783
54  293  0.384111
55  285  0.0294775
55  292  0.384049
56  284  0.0331521
56  290  0.208453
56  291  0.192667
57  64  0.0282532
57  283  0.033297
57  289  0.401275
58  63  0.0329756
58  288  0.398483
58  426  0.0624352
59  287  0.379935
59  425  0.0627944
60  279  0.0364348
60  424  0.0635334
61  278  0.0387765
61  285  0.374079
61  423  0.063894
62  277  0.0389859
62  284  0.400602
62  422  0.0640467
63  276  0.0398531
63  283  0.401242
63  421  0.0640565
64  275  0.0401609
64  281  0.0217517
64  420  0.0631288
64  428  0.017026
65  274  0.0400429
65  280  0.0194248
65  282  0.26328
65  416  0.0179218
65  419  0.0481521
65  427  0.0172418
66  281  0.262913
66  350  0.0105219
66  415  0.0444846
66  426  0.017651
67  273  0.0373735
67  278  0.0121499
67  349  0.0125005
67  414  0.0420398
67  425  0.0175972
68  272  0.0450766
68  277  0.0117195
68  279  0.380859
68  348  0.0128263
68  424  0.0171119
68  477  0.0101211
69  271  0.0463676
69  278  0.383712
69  310  0.199721
69  347  0.0128184
69  411  0.0722839
69  476  0.0107106
70  270  0.0463635
70  277  0.384231
70  309  0.199937
70  346  0.0128257
70  410  0.075922
70  475  0.010706
71  269  0.0420423
71  308  0.19994
71  310  0.220051
71  345  0.011657
71  409  0.0988431
72  276  0.389849
72  307  0.199658
72  309  0.220464
72  344  0.0115937
72  408  0.0989699
73  267  0.0478784
73  275  0.434842
73  308  0.22048
73  407  0.099029
74  266  0.048069
74  274  0.217769
74  307  0.22012
74  406  0.0990323
75  265  0.0481359
75  274  0.504751
75  306  0.101521
75  405  0.0990188
76  264  0.048061
76  273  0.811633
76  305  0.018354
76  404  0.0979941
77  263  0.0479553
77  272  0.824748
77  403  0.0974705
78  262  0.0406902
78  271  0.858434
78  301  0.0122834
79  258  0.0249891
79  270  0.858472
79  300  0.0122955
79  402  0.0162204
80  257  0.0250968
80  269  0.854709
80  299  0.0121754
80  382  0.0240986
81  256  0.0248685
81  268  0.844674
81  381  0.0547565
82  210  0.099685
82  294  0.0114811
82  380  0.0596579
83  245  0.102633
83  293  0.0126958
83  379  0.0611591
84  208  0.39
84  228  0.01499
84  244  0.133918
84  246  0.0642975
84  292  0.0129092
84  378  0.0611246
85  207  0.18557
85  227  0.0150564
85  243  0.10025
85  245  0.0453699
85  291  0.0129239
86  206  0.401684
86  226  0.0150775
86  242  0.0218348
86  290  0.0129394
87  205  0.887564
87  225  0.015072
87  289  0.0129433
87  375  0.0622829
88  204  0.8956
88  288  0.0110326
88  374  0.0624277
89  203  0.895353
89  373  0.062352
90  202  0.894125
90  372  0.0622204
91  154  0.0105566
91  201  0.895006
91  371  0.0622795
92  153  0.0118414
92  194  0.0124554
92  200  0.893671
92  370  0.0619089
93  152  0.0119732
93  193  0.0128627
93  199  0.8923
93  369  0.0611942
94  120  0.0149345
94  151  0.0127151
94  192  0.0133091
94  329  0.0171895
95  125  0.373771
95  150  0.012552
95  191  0.0131043
95  198  0.0135854
95  328  0.0185153
96  124  0.462603
96  149  0.0110126
96  190  0.0121981
96  197  0.0124523
96  327  0.0189964
97  123  0.473794
97  326  0.0187065
98  122  0.469946
99  121  0.412586
100  116  0.914727
101  115  0.930235
101  323  0.0286132
102  114  0.93515
102  322  0.0330257
102  359  0.0138393
103  113  0.935177
103  321  0.0330406
103  358  0.0138465
104  112  0.935064
104  320  0.0330399
104  357  0.0138368
105  111  0.908151
105  319  0.0330578
106  318  0.0329419
107  317  0.0311385
108  311  0.0137135
108  316  0.0181411
109  267  0.0125901
109  310  0.0181178
110  196  0.0119948
110  266  0.0126806
111  195  0.0120662
111  265  0.0126808
111  309  0.0126391
112  194  0.0120562
112  264  0.0126558
112  308  0.0222179
113  193  0.0120106
113  263  0.0126295
113  307  0.0222192
114  258  0.0125689
114  306  0.0222189
115  257  0.012699
115  305  0.0221994
116  256  0.0127276
116  304  0.0221975
117  189  0.0412509
117  255  0.0127019
117  303  0.0221034
118  188  0.0415051
119  145  0.0333442
119  187  0.0415021
119  196  0.0537946
119  253  0.0101914
120  144  0.0337597
120  186  0.0414923
120  195  0.0543018
120  252  0.0102097
121  143  0.0337036
121  185  0.0385864
121  194  0.0458216
122  130  0.0144023
122  142  0.0318913
122  184  0.0363553
122  192  0.0341449
123  129  0.0125405
123  191  0.0316465
123  211  0.0114271
124  210  0.0116942
125  209  0.01165
126  208  0.0114117
127  138  0.0749954
128  137  0.0838401
129  136  0.086229
130  135  0.0775779
130  145  0.030964
130  196  0.638093
130  206  0.0147559
131  144  0.0309894
131  195  0.641411
131  196  0.178175
131  205  0.0150215
132  143  0.0260592
132  204  0.0152116
133  194  0.827525
133  203  0.0150845
134  193  0.832542
134  202  0.0140709
135  140  0.0179321
135  192  0.840211
136  191  0.80461
137  190  0.655434
137  191  0.0306402
138  189  0.040586
138  190  0.0594394
140  188  0.0170401
140  189  0.876646
141  187  0.0167747
141  188  0.904253
142  186  0.0166309
142  187  0.90511
143  186  0.347422
144  185  0.355566
145  184  0.912335
146  183  0.880762
147  183  0.0102304
147  185  0.0114716
148  181  0.421353
148  184  0.0138541
149  183  0.0141839
150  179  0.586589
150  181  0.371487
150  301  0.0175177
151  178  0.586688
151  180  0.372838
151  300  0.0175201
152  177  0.582657
152  179  0.368005
153  178  0.367354
154  176  0.57617
154  177  0.335614
155  174  0.0147586
155  175  0.596986
155  282  0.0256186
156  173  0.0103386
156  176  0.0140394
156  281  0.030553
157  173  0.926052
158  172  0.933004
158  279  0.0309523
159  278  0.0310439
160  168  0.0133981
160  171  0.925709
160  277  0.0309794
161  167  0.0133684
161  170  0.925106
161  276  0.0309138
162  166  0.0105172
162  169  0.876642
162  275  0.0154926
163  169  0.0469047
163  275  0.0167363
164  168  0.0661849
164  274  0.0322234
165  273  0.0321809
166  272  0.0321967
168  271  0.0324622
169  270  0.0324638
170  269  0.0324445
171  176  0.0112641
171  268  0.0324564
172  267  0.0324374
173  266  0.0313991
175  203  0.0110825
176  196  0.0157308
176  202  0.0136567
177  195  0.0159486
177  201  0.0137585
178  194  0.0159401
178  200  0.0137092
179  193  0.0159526
179  199  0.0137053
180  192  0.0155301
183  190  0.0109253
183  197  0.012092
184  189  0.0114117
184  196  0.0125355
185  195  0.0121316
186  194  0.0115857
187  192  0.0118874
191  200  0.0110173
192  199  0.0118451
199  251  0.0119692
200  250  0.0119838
201  249  0.011988
202  248  0.0119994
202  260  0.0111377
203  259  0.0139125
204  258  0.0141504
204  263  0.012759
205  246  0.0100444
205  257  0.0145127
205  262  0.0151525
206  256  0.0144985
206  261  0.0102546
207  244  0.0195686
207  246  0.041868
207  260  0.0101993
208  243  0.0177056
208  245  0.0397207
208  259  0.0125987
209  259  0.0141014
210  245  0.0108886
210  258  0.0191343
211  257  0.0228059
212  244  0.342823
212  246  0.0787162
212  256  0.0222465
213  242  0.5781
213  243  0.181802
213  245  0.0740898
214  241  0.862085
214  244  0.0684128
215  240  0.864633
216  239  0.809918
217  238  0.722216
217  239  0.114907
218  238  0.167063
219  237  0.20599
220  237  0.0803256
221  236  0.0977266
222  234  0.899892
222  235  0.0672228
223  233  0.937143
223  234  0.0336569
224  232  0.970694
225  231  0.964453
226  230  0.367152
232  267  0.017533
233  266  0.0175808
234  265  0.0175875
235  263  0.0185447
236  262  0.0191837
238  261  0.0198403
239  260  0.0201187
240  259  0.020511
241  258  0.0205327
242  257  0.0198756
243  349  0.0162128
244  255  0.012936
244  258  0.0108504
244  348  0.0175167
245  254  0.0129227
245  257  0.011144
245  347  0.0175394
246  253  0.0125378
246  255  0.078717
246  346  0.0175433
247  254  0.0884349
247  267  0.855252
247  345  0.0161522
248  253  0.0888965
248  266  0.857088
248  344  0.0161511
249  265  0.856377
249  343  0.0139746
250  264  0.856644
251  263  0.857357
252  262  0.854194
252  325  0.0125333
253  260  0.0152438
253  261  0.803321
253  324  0.0160335
254  259  0.0278698
254  323  0.0160635
255  322  0.0155233
257  320  0.0138318
258  319  0.0208367
259  318  0.0209242
260  317  0.0209477
261  316  0.0210045
262  315  0.021021
263  314  0.0208127
264  313  0.0206973
265  312  0.0191516
269  311  0.0289541
270  310  0.0381262
271  309  0.0381393
272  308  0.0381345
272  312  0.0273066
273  307  0.0380576
273  311  0.0302037
274  304  0.0217984
274  310  0.0333625
275  303  0.0218281
275  306  0.320627
275  309  0.0333682
276  305  0.410724
276  308  0.0333662
276  325  0.0142218
277  304  0.423229
277  324  0.0198157
278  303  0.307281
278  306  0.0327948
278  323  0.0198812
279  305  0.0370442
279  322  0.0199798
280  301  0.451792
280  304  0.0379687
280  321  0.0199806
281  300  0.452654
281  303  0.0379162
281  320  0.0199794
282  299  0.408273
283  301  0.0267963
283  319  0.020113
284  299  0.0777579
284  318  0.020096
285  296  0.13068
285  297  0.0699467
285  298  0.161967
285  317  0.0198722
286  295  0.130824
286  296  0.0828505
286  297  0.229923
286  316  0.0192951
287  295  0.0810151
287  296  0.239916
287  315  0.0153163
288  295  0.228242
289  294  0.0218246
291  314  0.0168643
292  313  0.0198654
293  312  0.0200505
294  311  0.0200541
295  310  0.019987
295  352  0.0142287
296  351  0.0144199
297  350  0.0147805
298  312  0.0998236
298  349  0.0149002
299  309  0.0195813
299  311  0.114983
300  308  0.0429229
300  310  0.119947
301  307  0.0422628
301  309  0.119416
301  346  0.0148944
303  308  0.0507449
303  310  0.0122424
303  476  0.0344606
304  309  0.0119233
304  475  0.0344771
305  323  0.0123302
305  474  0.0342395
306  322  0.0172327
306  473  0.0305086
307  321  0.0172422
307  409  0.0104036
307  472  0.024174
308  320  0.0172375
308  408  0.0106002
308  471  0.0265258
309  319  0.0164363
309  407  0.0296933
310  406  0.0289064
311  318  0.0113976
313  380  0.0454289
314  379  0.0705952
315  378  0.0851057
316  377  0.0894064
317  376  0.0904251
318  375  0.0757473
320  373  0.0746874
321  372  0.0978248
322  371  0.0985255
323  345  0.0184454
323  370  0.0994858
323  472  0.455552
324  344  0.0205293
324  369  0.0994987
324  471  0.556971
325  343  0.0203821
325  368  0.0736214
325  470  0.543812
326  342  0.0181799
326  367  0.0640253
326  469  0.506667
326  474  0.0647466
327  473  0.0714713
328  447  0.0111943
328  472  0.0696011
329  363  0.0494969
329  408  0.253184
329  446  0.0144735
329  468  0.0117271
329  471  0.0618085
330  362  0.0620756
330  407  0.560222
330  467  0.0221733
331  340  0.0535424
331  406  0.560415
331  442  0.158378
331  466  0.0216835
332  339  0.0534247
332  354  0.0167233
332  360  0.122465
332  405  0.555101
332  441  0.159656
332  465  0.0216156
333  338  0.046715
333  352  0.207199
333  353  0.0491753
333  359  0.138738
333  404  0.0488959
333  440  0.160904
333  464  0.0112574
334  351  0.208201
334  352  0.0535679
334  358  0.138328
334  378  0.191159
334  439  0.160796
335  350  0.207761
335  351  0.0491206
335  377  0.199355
336  345  0.170129
336  349  0.196197
336  350  0.0128081
336  356  0.0383584
336  376  0.199832
337  344  0.194358
337  348  0.193
337  375  0.199562
338  343  0.197925
338  354  0.111597
339  352  0.0189323
339  353  0.326202
339  436  0.160453
340  351  0.019019
340  352  0.348772
340  435  0.160597
341  350  0.0192118
341  351  0.346309
341  434  0.141299
342  349  0.0166945
342  350  0.339559
342  433  0.118693
342  434  0.0192137
343  349  0.291313
343  432  0.0872309
343  433  0.0378472
344  411  0.0176615
344  432  0.0566775
345  410  0.0178896
345  431  0.0755755
346  409  0.0201163
346  428  0.0171497
346  430  0.0743259
346  460  0.0100477
347  408  0.0201395
347  427  0.0172523
347  459  0.0100703
348  407  0.0201247
348  426  0.0169059
348  458  0.0100727
349  406  0.0188245
351  401  0.0774542
352  400  0.0822456
352  417  0.0106417
352  424  0.0104373
352  456  0.0172253
353  399  0.0802272
353  416  0.0112026
353  455  0.0177297
354  374  0.0471041
354  377  0.274857
354  378  0.0108885
354  415  0.0113641
354  454  0.017873
355  373  0.0296707
355  376  0.329068
355  414  0.0110323
355  453  0.017602
356  372  0.0149995
356  375  0.342076
356  396  0.0446341
356  421  0.0139774
356  452  0.0162319
357  373  0.242113
357  374  0.375868
357  395  0.0771282
357  420  0.0200264
357  451  0.0100447
358  372  0.665769
358  394  0.0786857
358  419  0.0199912
359  369  0.0133735
359  371  0.667672
359  393  0.0786695
359  418  0.0199138
360  370  0.664778
360  392  0.0637958
361  368  0.797396
362  367  0.81477
362  390  0.0782992
363  389  0.0786847
364  388  0.0761378
365  385  0.0537792
366  384  0.0620642
367  383  0.0634067
367  385  0.0178791
368  382  0.0633399
368  384  0.0183344
369  381  0.061936
369  383  0.0184534
369  414  0.0197521
370  379  0.0419691
370  413  0.0278802
371  378  0.0410255
371  381  0.0177471
371  412  0.0316407
372  377  0.0384219
372  380  0.0178449
372  411  0.0318201
373  379  0.0163073
373  410  0.0244834
374  408  0.0380452
375  407  0.0442127
376  406  0.0295355
377  405  0.0148525
377  406  0.0265662
378  405  0.0716892
379  404  0.547966
380  401  0.0188787
380  403  0.636144
381  400  0.020008
381  402  0.74394
382  399  0.0198944
382  401  0.779875
383  400  0.787609
383  471  0.0163934
384  398  0.310541
384  399  0.524864
384  470  0.0169479
385  397  0.581016
385  398  0.263169
385  469  0.0171175
386  396  0.844582
386  468  0.017107
387  395  0.843683
388  394  0.834765
389  393  0.318249
389  441  0.0138926
389  465  0.0111816
390  440  0.0149427
390  464  0.0112146
391  463  0.011235
393  437  0.0157227
394  436  0.0159267
394  460  0.0112604
395  459  0.0111289
396  435  0.0421527
397  434  0.0451731
398  433  0.0462582
399  432  0.046351
400  430  0.0175068
402  429  0.190743
403  428  0.207296
404  427  0.208331
405  426  0.211104
406  425  0.211335
407  424  0.211385
408  423  0.211048
409  421  0.212302
409  468  0.566659
410  420  0.221404
410  467  0.637485
411  419  0.220864
411  466  0.637552
412  418  0.216647
412  465  0.637777
413  464  0.63724
414  463  0.637482
415  462  0.637818
416  461  0.632803
417  430  0.0428935
417  460  0.617397
418  429  0.0452773
418  436  0.0301739
418  458  0.014299
419  428  0.0452262
419  435  0.0302983
419  458  0.571671
420  456  0.0226857
420  457  0.559915
421  426  0.0484302
421  433  0.054339
421  454  0.444034
422  432  0.0705996
422  453  0.446982
423  431  0.0731692
423  452  0.446784
423  455  0.0817546
424  430  0.0717688
424  451  0.437505
424  454  0.0824033
426  448  0.056978
427  447  0.054042
427  449  0.18501
428  448  0.189488
430  448  0.233215
431  447  0.241296
432  445  0.39967
432  446  0.170837
433  444  0.495394
433  445  0.0996333
434  443  0.571705
434  444  0.0296746
435  442  0.600638
435  457  0.0252377
436  441  0.558988
436  442  0.0124988
436  456  0.0669352
437  455  0.0671722
437  459  0.013287
438  454  0.0669542
438  458  0.0356869
439  457  0.0357028
440  456  0.0356594
441  451  0.0833357
442  450  0.0835354
442  454  0.0175712
443  449  0.065596
443  453  0.0168025
447  468  0.081167
448  467  0.148419
450  466  0.170745
451  465  0.173715
452  464  0.178026
453  463  0.178512
454  462  0.178636
455  461  0.176505
456  460  0.138726
457  478  0.129973
458  477  0.133564
459  476  0.144148
460  475  0.144158
461  474  0.143993
462  473  0.143882
463  472  0.143844
464  471  0.136265
