2  7  0.0235404
2  13  0.0971813
3  12  0.237292
4  11  0.186344
9  24  0.0331772
10  23  0.0418326
10  454  0.068419
11  22  0.0456833
11  453  0.0461753
12  21  0.0459254
12  115  0.0522569
13  114  0.0652669
13  451  0.448748
14  450  0.449091
14  454  0.0476375
15  112  0.108814
15  449  0.448779
15  453  0.0506486
16  93  0.269763
16  111  0.256023
16  448  0.344317
17  92  0.271964
17  110  0.255781
17  446  0.0124863
18  91  0.272339
18  109  0.224477
18  445  0.0122963
18  446  0.0146727
19  90  0.277021
20  89  0.277608
20  107  0.254201
20  444  0.318883
21  88  0.275898
21  106  0.259618
21  443  0.326097
22  105  0.259063
22  442  0.310439
23  87  0.0123989
23  104  0.251693
24  87  0.235806
25  86  0.256093
25  437  0.206357
25  453  0.0311299
26  85  0.255754
26  436  0.0494103
26  452  0.031703
27  72  0.0110486
27  84  0.258105
27  102  0.257161
27  435  0.0229473
27  451  0.0263413
28  71  0.0110407
28  83  0.254819
28  101  0.256665
28  106  0.0151314
28  434  0.180548
28  439  0.0683202
28  450  0.0151377
28  451  0.0218063
29  105  0.0151996
29  433  0.201302
29  438  0.0694183
29  450  0.0271737
30  82  0.0462584
30  100  0.0367031
30  104  0.0151253
30  437  0.069356
30  449  0.0288371
31  86  0.130581
31  431  0.206384
31  436  0.0677183
32  85  0.13252
32  98  0.0471133
32  100  0.205653
32  430  0.207477
33  68  0.0169742
33  83  0.010307
33  84  0.13274
33  97  0.0479787
33  99  0.254532
33  101  0.0100076
33  429  0.206646
34  67  0.0171302
34  82  0.0123332
34  96  0.0479571
34  98  0.256289
34  100  0.0100617
34  428  0.206054
35  64  0.014118
35  66  0.0142901
35  68  0.0129347
35  83  0.135921
35  95  0.0153121
35  97  0.256938
35  99  0.010034
35  410  0.105949
36  67  0.0129651
36  82  0.13613
36  96  0.256772
36  98  0.0100305
36  409  0.106138
36  427  0.030604
37  62  0.89706
37  408  0.0923381
38  61  0.904062
38  407  0.0903409
39  60  0.906126
39  406  0.0846345
40  59  0.997435
41  58  0.998413
42  57  0.998361
43  56  0.970318
45  53  0.996181
46  52  0.990061
47  51  0.376885
60  405  0.0713066
61  404  0.0694358
62  400  0.0106294
63  399  0.0102374
64  401  0.042661
67  78  0.496714
67  93  0.0468038
67  429  0.0111992
67  432  0.0215276
68  77  0.497562
68  397  0.0990008
68  428  0.0111994
68  431  0.0215638
69  76  0.494879
69  91  0.272265
69  396  0.0992977
69  424  0.0157041
69  427  0.0109441
69  430  0.0216224
70  75  0.306518
70  90  0.270588
70  395  0.0992487
70  423  0.0163178
71  394  0.0992849
71  422  0.0163565
71  428  0.0205536
72  393  0.0988029
72  421  0.0163267
72  427  0.0205246
73  87  0.342957
73  379  0.0534353
73  426  0.0124275
74  86  0.354188
74  378  0.0902547
74  424  0.0100508
75  85  0.35369
75  377  0.0906366
76  84  0.355489
76  307  0.0151831
76  376  0.0906077
77  83  0.355083
77  306  0.0151904
78  82  0.28818
79  304  0.108997
80  303  0.116263
80  373  0.100962
81  302  0.0534082
81  372  0.101134
82  301  0.0537318
82  371  0.10136
83  300  0.116407
83  370  0.101437
84  298  0.116724
84  369  0.101432
85  297  0.118196
85  368  0.101262
86  296  0.118126
86  367  0.101069
87  295  0.109855
87  365  0.0103543
87  366  0.0827759
88  316  0.0653464
88  364  0.0202744
89  315  0.0656076
89  333  0.0163572
90  292  0.0325228
90  314  0.0664775
90  332  0.023971
90  440  0.0394564
90  449  0.011265
91  313  0.0669221
91  331  0.0258501
91  439  0.0545855
91  448  0.0975245
92  290  0.018878
92  312  0.0668612
92  330  0.0243128
92  438  0.0545972
92  447  0.0982009
93  311  0.0663859
93  437  0.0546186
93  446  0.0986324
94  121  0.400811
94  310  0.0656751
94  436  0.0544931
94  445  0.0988695
95  120  0.406908
95  328  0.0284816
96  119  0.408426
96  131  0.0112339
96  145  0.0232614
96  309  0.0242903
96  327  0.033735
96  432  0.0430813
96  443  0.0795139
97  118  0.408683
97  144  0.0232972
97  308  0.0245354
97  431  0.0426093
98  117  0.408021
98  130  0.020775
98  143  0.0232953
98  326  0.0377283
98  441  0.0989693
99  142  0.0229302
99  325  0.0377073
99  430  0.0418794
99  440  0.099114
100  116  0.401658
100  128  0.0427248
100  141  0.016122
100  324  0.0372001
100  429  0.0435268
100  432  0.0145909
100  439  0.0955743
101  115  0.386144
101  127  0.0428205
101  428  0.043485
101  431  0.0147047
101  437  0.0953654
102  126  0.042801
102  320  0.0628566
102  427  0.0250847
102  430  0.0145584
102  436  0.0951327
103  112  0.013531
103  115  0.0117189
103  139  0.0211853
103  319  0.0716334
103  426  0.0180588
104  111  0.0204026
104  114  0.519591
104  124  0.0312581
104  138  0.0318911
104  223  0.01151
104  318  0.0743427
105  110  0.0126476
105  113  0.523597
105  122  0.011924
105  123  0.028668
105  137  0.0318858
105  222  0.0115208
105  317  0.0742887
106  112  0.519247
106  121  0.0145345
106  136  0.0318332
106  221  0.0115252
106  316  0.0741392
107  120  0.0136858
107  122  0.0746352
107  220  0.011497
107  315  0.0173803
108  121  0.0782126
108  134  0.0141869
108  219  0.0115006
109  218  0.0107393
110  119  0.101714
110  312  0.0170391
111  118  0.104138
111  132  0.0219656
111  311  0.0171742
112  117  0.0984818
112  130  0.0124595
112  131  0.0216133
112  448  0.0507003
112  451  0.0964771
113  129  0.013332
113  309  0.0169715
113  447  0.0504207
113  450  0.0976494
114  308  0.0169556
114  446  0.0485804
114  449  0.098488
115  128  0.11671
115  432  0.139579
115  448  0.0883183
116  127  0.116859
116  431  0.139798
116  446  0.0937503
117  126  0.116405
117  430  0.139792
117  445  0.0937546
118  124  0.0135454
118  125  0.0808622
118  429  0.136399
118  444  0.0738995
119  428  0.133137
120  442  0.076564
121  318  0.101809
121  441  0.0776482
122  287  0.204654
123  286  0.230591
123  454  0.354481
124  285  0.236194
124  315  0.204892
124  453  0.382491
125  284  0.236227
125  314  0.205397
125  452  0.382754
126  283  0.236402
126  313  0.205654
126  451  0.38303
127  282  0.2364
127  312  0.205369
127  450  0.382422
128  281  0.235902
128  311  0.205298
128  449  0.380254
129  280  0.160447
129  310  0.0593257
130  245  0.0176414
130  253  0.0698572
130  279  0.108364
130  280  0.0184095
130  445  0.0131695
130  446  0.385215
131  244  0.0178588
131  252  0.163756
131  279  0.0184201
131  308  0.199375
131  445  0.399216
132  243  0.0101291
132  251  0.185199
132  307  0.159197
132  443  0.123028
132  444  0.314883
133  138  0.0294583
133  250  0.197051
133  306  0.110715
133  307  0.0904143
133  442  0.126493
133  443  0.31205
134  145  0.0100229
134  241  0.0101603
134  249  0.197111
134  306  0.131213
134  441  0.440309
135  144  0.010311
135  248  0.193074
135  305  0.171496
135  440  0.444753
136  439  0.445079
137  246  0.152369
137  438  0.444655
138  245  0.154737
138  302  0.22449
138  437  0.441352
139  246  0.0216446
139  301  0.223652
140  245  0.0228107
140  300  0.22195
140  303  0.0863301
140  436  0.0996268
141  244  0.0143256
141  247  0.0154804
141  302  0.0867871
142  246  0.017417
142  299  0.0130151
142  301  0.0871851
142  433  0.0184878
142  434  0.0394571
143  165  0.0268536
143  245  0.0175378
143  298  0.0128238
143  300  0.0871321
143  430  0.167194
144  164  0.0279059
144  229  0.327625
144  286  0.0190067
144  429  0.167866
144  432  0.17022
145  163  0.0279071
145  228  0.327903
145  285  0.0238709
145  428  0.167469
145  431  0.170562
146  162  0.0106494
146  227  0.323282
146  284  0.0238238
146  427  0.150082
146  430  0.169665
147  161  0.0106519
147  283  0.0234366
147  307  0.0228587
147  429  0.1649
148  160  0.0279143
148  223  0.913259
148  282  0.0156908
148  306  0.0227399
149  159  0.0146004
149  222  0.919567
149  281  0.0135333
149  305  0.02267
150  221  0.929858
150  304  0.0226794
151  157  0.0120487
151  158  0.0145394
151  220  0.936246
151  303  0.0226362
152  157  0.0142189
152  219  0.936385
152  302  0.0225603
153  218  0.931222
154  217  0.932554
155  215  0.953748
156  214  0.953959
157  182  0.0120121
157  213  0.942411
158  181  0.0122322
158  211  0.0139364
158  212  0.93506
159  210  0.913405
159  211  0.0219277
160  209  0.923727
161  178  0.372604
161  207  0.107358
162  177  0.860389
162  206  0.104782
163  176  0.861128
163  205  0.10481
164  175  0.861073
164  204  0.104765
165  174  0.858649
165  203  0.0809958
166  173  0.852473
167  172  0.773676
168  199  0.0295936
169  198  0.0299384
169  201  0.0531117
170  197  0.02502
170  200  0.0534746
171  196  0.014106
171  198  0.0447248
171  199  0.0271628
171  436  0.0104406
172  197  0.0778714
172  435  0.0121564
173  196  0.0883149
174  195  0.103888
175  194  0.105109
175  432  0.0274944
176  193  0.105113
176  431  0.027516
177  192  0.105101
177  430  0.0275135
178  185  0.161767
178  191  0.102777
178  429  0.0269384
179  184  0.141823
181  190  0.0950706
181  428  0.0270861
182  189  0.0979594
182  427  0.0279973
183  426  0.0280036
184  425  0.0280174
185  424  0.0280315
186  423  0.0240707
187  207  0.0130518
187  422  0.0233375
188  207  0.332156
188  421  0.0187591
189  206  0.840007
190  205  0.8407
190  208  0.0519042
191  204  0.840669
191  207  0.0520936
192  203  0.839524
192  206  0.0529844
193  202  0.841182
193  205  0.052986
194  201  0.838979
194  204  0.0529404
195  200  0.550872
195  203  0.0471068
207  420  0.0186401
208  419  0.0186462
209  418  0.0167809
211  416  0.0122753
222  246  0.0165478
223  245  0.0180365
225  244  0.217611
225  304  0.0887719
226  243  0.277109
227  242  0.292131
228  241  0.29994
228  301  0.360289
229  240  0.299956
229  300  0.370799
230  239  0.301446
230  299  0.64952
231  238  0.301508
231  298  0.670744
232  237  0.27335
232  297  0.685811
233  296  0.683764
234  291  0.0159842
235  290  0.0197733
235  293  0.597156
236  289  0.0202506
236  292  0.664203
237  288  0.0202372
237  291  0.666483
238  287  0.0196168
238  290  0.650105
239  289  0.580208
240  286  0.396719
240  287  0.0481992
241  285  0.411158
241  288  0.0546576
242  284  0.205734
242  285  0.209516
243  284  0.482575
244  283  0.700081
245  282  0.700233
246  281  0.552802
249  280  0.774157
250  279  0.788461
251  278  0.791095
252  274  0.0221671
252  277  0.797817
253  273  0.0614336
253  276  0.790675
254  271  0.147323
254  272  0.0314445
254  275  0.780493
255  270  0.216909
255  274  0.758824
256  269  0.233518
256  273  0.743092
257  268  0.266309
257  269  0.0118991
258  267  0.277787
259  266  0.280005
259  271  0.0244416
260  265  0.266137
261  269  0.636514
262  268  0.599272
281  339  0.0139022
282  338  0.0139359
283  337  0.0139585
284  336  0.0139504
286  333  0.0149734
287  332  0.0149773
287  440  0.0186007
288  331  0.0150062
288  439  0.0685464
289  330  0.0136254
289  438  0.0685668
290  437  0.0669339
290  440  0.0278222
291  439  0.0349028
292  435  0.0638127
292  438  0.0348914
293  437  0.0345543
294  305  0.0163929
294  436  0.0322952
295  304  0.0292346
296  303  0.0302278
296  431  0.12641
297  302  0.0269775
297  430  0.127363
298  429  0.127709
299  428  0.124162
301  426  0.12358
305  423  0.612191
306  422  0.656574
307  421  0.658926
308  329  0.019089
308  420  0.674042
309  328  0.0234331
309  419  0.673481
310  327  0.0251153
310  418  0.674407
311  326  0.0251198
311  417  0.674446
312  325  0.0246261
312  416  0.673948
313  415  0.673251
314  323  0.019802
314  386  0.0153912
314  392  0.0102867
315  322  0.0243619
315  385  0.0208379
315  391  0.0116102
315  392  0.0361502
315  414  0.150723
316  321  0.0238016
316  391  0.0401715
316  413  0.14995
317  365  0.0135931
317  390  0.0391821
318  364  0.0171295
318  382  0.594466
319  363  0.0152742
319  381  0.597529
320  380  0.598316
320  410  0.0117636
320  429  0.0131344
321  379  0.597209
321  409  0.0117869
321  427  0.16645
322  342  0.0124598
322  378  0.562684
322  384  0.0201412
322  398  0.0110077
322  426  0.177445
323  341  0.016544
323  373  0.0107465
323  377  0.378428
323  383  0.0236705
323  397  0.0133029
323  425  0.182863
324  340  0.0170783
324  364  0.0203866
324  373  0.199124
324  382  0.0238625
324  396  0.0181396
324  424  0.185699
325  363  0.0197365
325  371  0.349347
325  374  0.0201762
325  381  0.0233862
325  395  0.0208394
325  423  0.185618
326  338  0.0182793
326  370  0.357649
326  373  0.0210806
326  379  0.0227101
326  394  0.0208894
326  422  0.1857
327  337  0.0183269
327  364  0.0133695
327  369  0.357288
327  378  0.0227443
327  393  0.0208592
327  421  0.185534
328  336  0.0157912
328  360  0.0170826
328  363  0.0141843
328  374  0.0260096
328  385  0.128507
328  392  0.0146689
329  373  0.0270091
329  384  0.179903
330  358  0.182861
330  372  0.0227348
330  383  0.193225
331  357  0.197018
331  369  0.01046
331  373  0.0654824
331  382  0.194244
332  356  0.180575
332  381  0.191468
333  356  0.0131389
333  371  0.128582
334  354  0.0691102
334  370  0.13377
334  379  0.191953
335  354  0.355053
335  369  0.133288
335  378  0.192111
336  353  0.365512
336  377  0.189092
337  351  0.456866
337  352  0.244724
337  366  0.0267157
337  367  0.0353933
337  368  0.0103112
337  376  0.17289
338  345  0.092094
338  350  0.625966
338  351  0.122455
338  365  0.0725909
338  366  0.0178218
339  344  0.0912172
339  349  0.748464
339  364  0.0999645
340  348  0.748609
340  363  0.100218
340  367  0.021094
341  347  0.606849
341  362  0.0991195
341  366  0.0227067
342  361  0.0880166
342  365  0.0228095
343  364  0.0228094
344  359  0.0149759
344  363  0.0153636
345  357  0.139897
346  356  0.143985
346  371  0.0201157
346  374  0.0516893
347  355  0.144801
347  370  0.0216763
347  373  0.045125
348  354  0.144584
348  369  0.0223959
349  368  0.0205242
349  371  0.0392881
350  370  0.073828
351  369  0.073767
351  370  0.0345088
352  364  0.25015
352  369  0.0358895
353  363  0.253146
354  362  0.252632
354  366  0.0595449
354  367  0.0397664
355  361  0.249075
355  365  0.0739565
355  366  0.0347617
356  364  0.0533264
357  363  0.0334984
357  366  0.0362086
357  367  0.108545
357  391  0.0172871
358  362  0.0453056
358  365  0.0482292
358  366  0.103463
358  390  0.0173432
359  364  0.0505363
359  389  0.0170786
360  388  0.0162593
362  378  0.0111412
363  377  0.0337707
364  368  0.0114614
364  376  0.0489445
364  385  0.0179457
365  375  0.0459433
365  384  0.0183065
366  383  0.0183747
367  373  0.0168399
367  382  0.0103458
368  373  0.0252375
368  382  0.010082
368  419  0.0177886
369  376  0.0336273
369  381  0.0182975
369  418  0.0211106
370  376  0.0121827
370  380  0.0183738
370  417  0.0210558
371  379  0.016609
371  416  0.0156168
372  381  0.0237489
373  380  0.0266444
374  379  0.0201709
378  391  0.0101456
381  388  0.0104346
382  391  0.0856584
383  390  0.0674769
390  416  0.0327027
391  415  0.034654
392  412  0.108852
392  415  0.0808991
393  411  0.163194
393  414  0.686255
394  410  0.163388
394  413  0.688071
395  409  0.163113
395  412  0.687931
396  408  0.161572
396  411  0.688338
397  405  0.0180357
397  410  0.682996
398  404  0.0166365
400  405  0.688935
400  408  0.0182676
411  424  0.108329
412  423  0.111498
413  422  0.113365
414  421  0.113249
415  420  0.104963
424  435  0.025348
425  434  0.0268754
426  433  0.0271788
427  432  0.0264654
