2  14  0.0791066
2  22  0.064285
3  13  0.0949742
4  20  0.158219
4  563  0.0100035
4  592  0.0207918
5  19  0.158775
5  562  0.0100688
5  591  0.0210135
6  18  0.15863
6  590  0.0173293
7  13  0.0101564
7  17  0.154402
16  595  0.712299
17  594  0.767064
18  593  0.76715
19  36  0.0235756
19  563  0.0172154
19  592  0.766802
20  35  0.0235904
20  562  0.01735
20  591  0.766369
21  34  0.0239314
21  561  0.0250379
21  565  0.0152976
21  590  0.494531
22  33  0.0236204
22  558  0.0547623
22  589  0.179473
23  557  0.0606127
23  558  0.0414619
24  556  0.0618398
24  557  0.0439791
25  488  0.187913
25  555  0.0611935
25  556  0.0442015
26  31  0.0237134
26  88  0.105978
26  294  0.01985
26  487  0.216217
26  555  0.0429984
26  564  0.0292254
26  565  0.380329
27  87  0.106069
27  293  0.0249947
27  486  0.216185
27  563  0.0290507
27  564  0.376615
28  292  0.0274824
28  485  0.204667
28  552  0.0317309
29  291  0.028134
29  504  0.17039
29  552  0.031253
30  83  0.376218
30  103  0.0790386
30  290  0.0283603
30  503  0.183298
30  550  0.203518
31  82  0.377802
31  102  0.080481
31  289  0.0283332
31  502  0.183226
31  549  0.204318
31  562  0.078328
32  81  0.377218
32  101  0.0806847
32  240  0.0156968
32  548  0.204398
32  561  0.0809467
33  80  0.37776
33  100  0.0806556
33  239  0.0169126
33  500  0.179279
33  547  0.204316
33  560  0.0808686
34  79  0.37784
34  99  0.0806014
34  238  0.0170074
34  499  0.180257
34  546  0.204254
34  559  0.0807508
35  59  0.0160593
35  61  0.0496231
35  78  0.368135
35  98  0.0266266
35  219  0.0857291
35  498  0.179942
35  545  0.174894
36  58  0.0160781
36  60  0.0499635
36  77  0.367965
36  218  0.0858373
36  497  0.179677
37  48  0.0178748
37  49  0.332726
37  59  0.0265824
37  96  0.0138134
37  217  0.0859461
37  494  0.0466178
37  495  0.0542531
37  496  0.0389367
37  543  0.0875105
37  544  0.0290968
38  47  0.0302477
38  48  0.330494
38  56  0.0137396
38  95  0.0129799
38  216  0.0856473
38  493  0.0882904
38  494  0.0428436
38  496  0.0142549
39  46  0.0374029
39  47  0.328181
39  55  0.0136741
39  56  0.0264306
39  75  0.0831664
39  215  0.0843335
39  492  0.103597
39  493  0.0287386
39  495  0.0185864
39  541  0.153515
40  46  0.323411
40  49  0.0926963
40  55  0.0281577
40  74  0.0829309
40  491  0.10331
40  492  0.0282414
40  494  0.0177023
40  540  0.152784
41  48  0.0914435
41  54  0.0271742
41  73  0.0782467
41  493  0.0159037
42  47  0.0758674
42  278  0.052083
43  52  0.0195289
43  277  0.0607435
44  51  0.0196867
44  276  0.0710092
45  52  0.0393571
45  275  0.0731232
46  51  0.046186
46  274  0.0730123
47  71  0.0325591
47  236  0.0104492
48  58  0.0214603
48  70  0.0352361
48  235  0.0143812
48  271  0.0758245
48  490  0.122868
49  57  0.0358681
49  69  0.0364827
49  234  0.0163505
49  270  0.0790166
49  489  0.239223
50  56  0.0359133
50  68  0.0368443
50  213  0.0492966
50  233  0.0163435
50  269  0.0789976
50  488  0.244495
51  55  0.0282927
51  59  0.0311133
51  67  0.036804
51  74  0.0829265
51  75  0.0155993
51  167  0.018812
51  212  0.0562347
51  232  0.0163311
51  268  0.0789933
51  487  0.245403
52  58  0.0305535
52  66  0.025403
52  166  0.0202629
52  211  0.0577365
52  554  0.0103622
53  57  0.0117031
53  165  0.0204014
53  210  0.057784
53  266  0.0704417
53  553  0.0103931
54  64  0.0363158
54  71  0.305389
54  164  0.0153138
54  229  0.0156754
54  484  0.248652
55  63  0.0365416
55  70  0.323854
55  161  0.0174254
55  228  0.0157812
55  264  0.0591885
55  483  0.24951
56  69  0.123673
56  89  0.0247735
56  160  0.0175482
56  482  0.249385
57  68  0.124245
57  88  0.0319995
57  159  0.017502
57  208  0.0670891
57  226  0.0143419
57  262  0.0787389
57  481  0.249515
57  544  0.0107537
58  67  0.324581
58  87  0.0320115
58  158  0.015137
58  207  0.0671537
58  225  0.0142738
58  261  0.0787591
58  480  0.249484
58  543  0.0108481
59  66  0.321326
59  86  0.0318004
59  206  0.0671148
59  260  0.0787403
59  479  0.249106
59  529  0.0375586
59  542  0.0108177
60  65  0.186521
60  98  0.0674216
60  116  0.014824
60  126  0.014557
60  162  0.0139833
60  171  0.0709363
60  259  0.0786237
60  528  0.0501004
61  83  0.0822493
61  99  0.015169
61  115  0.0147463
61  125  0.014557
61  161  0.0143895
61  170  0.070731
61  258  0.0785154
61  527  0.0501496
62  82  0.0823071
62  97  0.183732
62  124  0.0135096
62  160  0.014371
62  223  0.0849002
62  526  0.0498597
63  81  0.0512615
63  96  0.231627
63  123  0.0107329
63  159  0.0142164
63  222  0.105887
63  525  0.0489225
64  81  0.0107226
64  95  0.231618
64  122  0.0103868
64  221  0.105886
65  79  0.179689
65  94  0.231209
65  220  0.105846
66  78  0.279146
66  93  0.23106
66  219  0.10585
67  77  0.279242
67  92  0.230162
67  218  0.1057
68  76  0.279452
68  89  0.232833
69  75  0.279592
69  88  0.263675
69  216  0.0458795
70  74  0.173169
70  87  0.263707
70  215  0.0635965
71  213  0.0640882
72  212  0.0641215
73  84  0.268086
73  211  0.0644369
74  83  0.272415
74  210  0.0583718
75  82  0.271748
76  81  0.237813
76  209  0.0132843
77  171  0.0158062
77  207  0.038746
78  170  0.0158361
78  206  0.0411039
79  169  0.0162231
79  171  0.0216178
81  170  0.0277573
81  524  0.0236269
82  132  0.0224044
82  168  0.0355698
82  169  0.0849421
82  523  0.0489104
83  131  0.0224342
83  156  0.0100669
83  167  0.0358612
83  168  0.0842539
83  522  0.0489357
84  130  0.0221555
84  155  0.0100581
84  521  0.0481537
85  129  0.0189415
86  104  0.304087
86  476  0.0767432
86  563  0.030547
87  103  0.304267
87  475  0.0767897
87  562  0.0302069
88  102  0.30404
88  474  0.076757
88  559  0.0115346
89  473  0.0658173
89  517  0.0595537
89  558  0.0104624
90  438  0.0301151
90  516  0.0725131
91  99  0.32586
91  437  0.0324159
91  471  0.0228088
91  515  0.0748205
91  562  0.035759
92  98  0.329901
92  215  0.0232555
92  436  0.033074
92  472  0.0107329
92  514  0.0727416
92  561  0.0419299
92  563  0.106438
93  97  0.125612
93  214  0.0233044
93  435  0.032984
93  471  0.0106778
93  513  0.0712421
93  560  0.0374802
93  562  0.0344259
94  212  0.0133366
94  213  0.0121238
94  434  0.0314773
94  555  0.0168471
95  211  0.0259101
95  433  0.0170323
95  440  0.0348427
95  554  0.0190708
95  560  0.111236
96  210  0.026175
96  431  0.0196292
96  439  0.0452164
96  553  0.0191927
96  559  0.113505
97  209  0.0224275
97  438  0.0453348
97  558  0.0812496
98  437  0.045346
99  116  0.0140199
99  117  0.0255035
99  119  0.0106991
99  436  0.0418141
99  512  0.288347
100  118  0.0102301
100  511  0.289098
101  115  0.0770949
101  170  0.0154744
101  298  0.0314367
101  435  0.0157866
101  474  0.0197655
101  510  0.289241
102  114  0.123364
102  151  0.0231698
102  168  0.0126537
102  169  0.027998
102  208  0.0553048
102  297  0.0319974
102  473  0.0203545
102  509  0.288976
103  113  0.123449
103  150  0.0232256
103  167  0.0128969
103  168  0.0276649
103  207  0.0555174
103  472  0.0211533
103  508  0.289797
104  112  0.11863
104  149  0.0231834
104  206  0.0555697
104  295  0.034121
104  471  0.0211492
104  507  0.289782
105  294  0.0344172
105  470  0.0126298
105  506  0.240028
106  293  0.0345592
107  292  0.0347813
108  145  0.0221949
108  162  0.254054
108  291  0.0349255
109  144  0.0234586
109  161  0.273152
109  290  0.0349741
109  483  0.49251
110  160  0.273199
110  289  0.0346396
110  482  0.49463
111  159  0.272519
111  288  0.0321578
111  481  0.495569
112  126  0.0241681
112  140  0.0315591
112  158  0.260887
112  287  0.0128601
112  480  0.495505
113  125  0.0243978
113  139  0.0316256
113  479  0.492755
114  124  0.0243938
114  127  0.377289
114  138  0.0316276
115  123  0.0229391
115  126  0.434659
115  137  0.0313418
115  476  0.369967
116  121  0.0122866
116  125  0.434695
116  136  0.0303045
116  475  0.371403
117  124  0.418375
117  474  0.370919
118  551  0.0266384
119  550  0.0290163
120  477  0.0662239
120  549  0.0290542
121  472  0.362847
121  476  0.0831836
121  548  0.0293655
122  134  0.033485
122  471  0.259215
122  475  0.0831499
122  547  0.0293612
123  133  0.0338462
123  471  0.0237014
123  474  0.0832041
123  546  0.0293675
124  132  0.0340917
124  469  0.346363
124  470  0.0223733
124  473  0.0831547
124  545  0.0206022
125  131  0.029834
125  468  0.346675
125  469  0.022312
125  472  0.0832655
125  543  0.0168177
125  544  0.0121126
126  471  0.0831547
126  542  0.0252093
127  467  0.406036
127  470  0.0254809
127  541  0.0122119
128  466  0.408423
129  465  0.407842
130  464  0.408101
131  463  0.400469
133  156  0.552162
133  286  0.383968
134  155  0.555353
134  285  0.384951
135  154  0.55576
135  284  0.387868
136  153  0.556591
136  283  0.388634
137  282  0.388607
138  151  0.568174
138  281  0.385498
139  150  0.568235
139  280  0.386165
140  149  0.565947
140  279  0.385971
141  278  0.103769
142  243  0.139406
142  247  0.0719592
143  242  0.138945
143  246  0.0722307
145  241  0.20833
146  240  0.217111
147  239  0.219375
147  242  0.0441904
147  244  0.038581
148  238  0.219383
148  241  0.0448504
148  243  0.0405075
149  219  0.0173828
149  240  0.0273354
150  218  0.0171658
151  234  0.0296312
151  238  0.0222572
151  241  0.0308405
152  162  0.0135038
152  233  0.0206335
152  240  0.0302023
153  161  0.0145237
153  238  0.0368287
153  448  0.0111286
154  160  0.0114762
154  236  0.0201213
154  237  0.0325149
154  447  0.0149228
155  235  0.0262041
155  236  0.0254958
155  244  0.0100179
155  446  0.015967
156  234  0.0293955
156  243  0.0106056
156  445  0.0160981
157  443  0.0319996
158  218  0.0426283
158  311  0.0164319
158  442  0.0323036
158  475  0.142699
159  218  0.0158569
159  310  0.0169888
159  441  0.032362
159  474  0.147185
160  216  0.253751
160  309  0.0173236
160  473  0.147707
161  215  0.393027
161  308  0.0172359
161  472  0.147764
162  214  0.39378
162  471  0.146602
163  213  0.39192
163  470  0.0986913
164  212  0.38051
164  470  0.0171382
165  468  0.0182022
165  469  0.0334817
166  444  0.120093
167  210  0.0847865
167  439  0.0119077
167  443  0.12824
168  210  0.0138195
168  442  0.128339
169  437  0.0298656
169  441  0.127696
170  207  0.632377
170  436  0.0316642
170  472  0.0101177
171  206  0.635834
171  435  0.0316745
171  439  0.0199439
171  471  0.0101387
172  204  0.841615
172  434  0.0220846
172  438  0.0188337
173  203  0.875706
173  433  0.0166742
173  437  0.0180432
174  436  0.0164319
175  201  0.930239
175  435  0.0115737
176  200  0.962527
177  199  0.966129
178  198  0.967017
179  197  0.966256
180  196  0.964776
181  194  0.0490237
181  195  0.913815
182  193  0.0982881
182  194  0.462924
182  476  0.0111307
183  192  0.145193
183  475  0.0111369
184  190  0.0993287
184  192  0.806302
184  474  0.0111316
185  191  0.734105
193  465  0.0206646
194  464  0.0256534
195  463  0.0276552
196  462  0.0291082
197  461  0.0292007
198  460  0.0292305
199  459  0.0278295
206  312  0.0636554
206  476  0.0133167
207  311  0.064993
207  475  0.0133228
208  310  0.0650277
208  474  0.0133003
210  222  0.0112364
210  307  0.113264
211  221  0.0109656
211  306  0.114547
211  434  0.0220616
212  305  0.114478
212  433  0.024776
213  304  0.114207
213  432  0.0258103
214  303  0.111361
215  300  0.0113226
215  302  0.0981183
215  431  0.0846085
215  439  0.0903015
216  235  0.0671507
216  244  0.0133627
216  299  0.020774
216  430  0.0849063
217  234  0.0819385
217  243  0.0157828
217  298  0.021444
217  300  0.0656481
217  302  0.0128799
217  429  0.0848832
217  437  0.136847
218  232  0.116332
218  233  0.0517324
218  297  0.021938
218  301  0.0420349
218  436  0.150487
219  241  0.0364572
219  296  0.0218183
219  298  0.117786
219  300  0.0421041
219  435  0.150504
220  230  0.261725
220  240  0.0372727
220  297  0.118537
220  434  0.140592
220  555  0.0264314
221  229  0.315209
221  235  0.0252095
221  239  0.0374032
221  296  0.118392
221  299  0.0959146
221  425  0.0150866
221  432  0.0419936
221  433  0.065225
221  554  0.0364829
222  228  0.317875
222  234  0.026629
222  238  0.0370944
222  295  0.118284
222  298  0.102021
222  424  0.0157915
222  431  0.0836313
222  553  0.0372371
223  227  0.121031
223  233  0.022264
223  292  0.0458526
223  294  0.0947273
223  297  0.0584392
223  552  0.0330357
224  291  0.110243
224  293  0.0313755
224  297  0.101513
225  290  0.130603
225  296  0.148286
225  298  0.0239464
225  550  0.0166163
226  234  0.0131365
226  243  0.0218643
226  247  0.0209331
226  256  0.0175344
226  289  0.129965
226  290  0.0108083
226  295  0.147632
226  296  0.0660264
226  549  0.0164578
227  242  0.0221054
227  246  0.0207983
227  255  0.0179069
227  289  0.0107545
227  295  0.0239735
228  254  0.0178482
228  288  0.0127023
228  293  0.0253369
228  294  0.0912435
228  533  0.017807
229  240  0.037093
229  287  0.0113242
229  292  0.0357422
229  293  0.134422
229  532  0.0212618
230  239  0.0345296
230  243  0.0154117
230  245  0.0572303
230  531  0.0227546
231  238  0.0261334
231  239  0.111212
231  242  0.0201578
231  244  0.0726067
231  530  0.0230629
232  238  0.124646
232  241  0.0205652
232  243  0.0737586
232  290  0.206249
232  296  0.0197393
232  529  0.0230172
233  237  0.0524069
233  238  0.0106378
233  242  0.0722388
233  289  0.206104
234  288  0.206483
234  294  0.0105672
235  240  0.0362868
235  287  0.182156
235  293  0.0235589
236  285  0.130081
236  292  0.0231094
237  284  0.131968
237  287  0.0225336
237  291  0.0200679
238  283  0.134312
238  286  0.0586101
238  288  0.0252659
239  285  0.0567848
239  287  0.0252235
240  289  0.0471097
241  283  0.0405689
241  285  0.0250518
241  288  0.235697
242  281  0.1741
242  284  0.0402123
242  287  0.236025
243  280  0.184111
243  283  0.042408
243  286  0.236619
244  285  0.23199
245  284  0.190298
246  281  0.031744
247  252  0.0147595
247  278  0.710584
247  280  0.0312895
248  277  0.850351
249  276  0.880275
249  279  0.0149673
250  275  0.880265
250  278  0.01462
251  274  0.868148
252  276  0.016315
253  272  0.295409
253  273  0.0155609
253  275  0.0165155
254  270  0.888205
254  274  0.0161843
255  269  0.891483
255  273  0.0154384
256  267  0.0312463
256  268  0.87625
257  266  0.840072
258  265  0.839887
258  267  0.0727374
259  264  0.803119
259  266  0.073861
260  265  0.0728918
277  530  0.0142787
278  529  0.0198658
279  528  0.0592967
280  527  0.0593143
281  526  0.0590378
282  476  0.0126345
282  525  0.0586319
283  475  0.0126243
283  524  0.0585474
284  433  0.0119536
284  474  0.0122931
285  432  0.0140988
286  431  0.0144261
286  471  0.0110744
287  430  0.0144258
287  461  0.210806
288  429  0.0144044
288  460  0.231579
289  459  0.234954
289  468  0.158099
289  541  0.0169326
290  458  0.234493
290  467  0.159819
290  540  0.0169409
291  457  0.13609
291  466  0.158509
291  539  0.0139861
292  465  0.140439
293  461  0.143821
293  464  0.0845814
294  457  0.0833723
294  460  0.188215
294  463  0.0530174
295  313  0.0381643
295  456  0.186872
295  459  0.276833
295  564  0.0246571
296  312  0.039139
296  455  0.187155
296  458  0.27722
296  563  0.025186
297  311  0.0380737
297  426  0.0181456
297  454  0.186853
297  457  0.277049
297  562  0.0253374
298  453  0.182898
298  456  0.276846
298  561  0.0244129
299  309  0.0475424
299  314  0.0153716
300  308  0.0483677
300  312  0.0839162
300  313  0.0215536
300  423  0.374021
300  455  0.26826
301  311  0.0833892
301  422  0.391182
302  307  0.0373124
302  312  0.0287987
302  421  0.417129
302  453  0.278304
303  310  0.0173929
303  311  0.0256582
303  420  0.416965
303  452  0.280289
304  309  0.0141249
304  419  0.415613
304  451  0.279167
305  418  0.412093
305  450  0.279137
306  417  0.41294
306  449  0.200303
307  415  0.418003
307  448  0.195539
307  449  0.0799021
308  414  0.418105
308  448  0.0810903
309  413  0.417891
309  446  0.193956
309  447  0.0696602
309  457  0.0204385
310  319  0.0142561
310  412  0.418127
310  456  0.0363483
311  318  0.0126926
311  411  0.417985
311  444  0.254345
311  455  0.0364213
312  410  0.416391
312  443  0.261585
313  408  0.142906
313  442  0.261299
314  335  0.297242
314  441  0.257484
314  452  0.201461
315  334  0.417352
315  451  0.273356
316  333  0.417452
316  450  0.281022
317  332  0.416299
317  439  0.106755
317  449  0.282842
318  331  0.40755
318  439  0.0476203
318  448  0.281802
319  437  0.263313
320  329  0.33534
320  436  0.269672
321  435  0.269698
321  445  0.305149
322  434  0.268923
322  444  0.307146
323  433  0.255832
323  443  0.307243
324  442  0.307911
325  431  0.225144
325  441  0.307972
326  430  0.225823
326  432  0.0387482
326  440  0.307815
327  429  0.20899
327  431  0.0402175
327  439  0.307825
328  438  0.251958
329  414  0.237249
329  429  0.0612504
329  437  0.124433
330  413  0.317944
330  428  0.0908531
331  412  0.340892
332  411  0.340692
333  410  0.332464
333  425  0.219758
334  408  0.19155
334  424  0.222062
335  407  0.141462
335  423  0.221145
336  404  0.688433
336  422  0.22062
337  403  0.772995
337  421  0.220761
338  402  0.773069
338  420  0.220652
339  401  0.773516
339  416  0.0192369
339  419  0.109455
340  400  0.773276
340  415  0.023051
341  397  0.0151399
341  398  0.0239994
341  399  0.685162
341  414  0.0199874
341  417  0.0361755
342  395  0.0412382
342  396  0.0526306
342  416  0.0341609
343  393  0.816057
343  395  0.0303483
343  396  0.0110332
344  392  0.900729
344  394  0.0169336
345  391  0.99444
346  390  0.994305
347  389  0.993751
348  388  0.994865
349  387  0.99714
350  386  0.996485
351  385  0.996185
352  384  0.997206
353  383  0.994378
354  382  0.9745
355  375  0.97575
356  374  0.978243
357  373  0.978468
358  371  0.99027
359  370  0.997216
360  369  0.996832
361  368  0.992594
362  367  0.805445
392  418  0.0414844
393  417  0.0595743
394  416  0.0778307
395  414  0.0319375
395  415  0.0788746
396  413  0.0453988
396  414  0.0762756
397  412  0.048271
400  411  0.221744
401  410  0.223273
402  409  0.223783
403  408  0.220546
408  423  0.0105936
409  422  0.0110154
410  421  0.0111464
411  420  0.0107399
415  421  0.0310591
415  436  0.0864435
416  420  0.0118405
416  435  0.0866247
417  434  0.0863475
418  433  0.0842808
419  432  0.0774868
419  437  0.0647046
420  436  0.192576
421  429  0.0387148
421  431  0.0300315
421  435  0.192634
422  434  0.191594
423  428  0.0399829
423  433  0.188783
427  558  0.028143
428  557  0.0304442
429  556  0.0315154
430  555  0.0316476
433  444  0.0423158
433  552  0.0386827
434  443  0.0444905
434  551  0.0395111
436  441  0.05122
436  549  0.0408925
437  548  0.0452595
438  547  0.0429455
440  470  0.0781937
441  469  0.137615
441  545  0.0550337
442  468  0.137814
442  544  0.0550882
443  467  0.137814
443  543  0.0550887
444  466  0.135311
444  542  0.0549953
445  541  0.0535092
448  456  0.0505386
448  459  0.218988
448  468  0.0713377
449  455  0.0503667
449  458  0.219206
449  467  0.0725798
450  454  0.0191782
450  457  0.158871
450  466  0.0725749
451  465  0.0684914
453  463  0.0678656
454  462  0.0598473
455  460  0.0167196
462  535  0.0335837
463  534  0.0385187
464  533  0.0385918
465  532  0.0355028
467  529  0.0218427
468  529  0.0487753
469  527  0.142339
470  526  0.14563
471  525  0.147942
472  483  0.0136339
472  524  0.147687
473  482  0.0143123
474  481  0.0145529
474  522  0.165689
474  523  0.021927
475  480  0.0143434
475  521  0.167634
475  522  0.021682
476  520  0.189187
477  519  0.17933
478  518  0.144916
479  491  0.219088
480  490  0.223392
481  489  0.229161
482  488  0.226481
483  487  0.17801
489  564  0.0137762
489  565  0.0238694
490  504  0.536077
490  563  0.0113269
490  564  0.0127311
491  503  0.568436
491  562  0.0107606
492  502  0.58122
493  501  0.580172
494  500  0.577781
495  499  0.495149
496  515  0.0881173
497  514  0.206798
498  513  0.207009
499  512  0.207186
500  511  0.205353
502  509  0.125814
503  508  0.200669
506  529  0.0295547
506  596  0.104593
507  528  0.0506489
507  563  0.196044
507  595  0.119836
508  527  0.0506666
508  562  0.188178
508  594  0.120375
509  526  0.0506353
509  562  0.0440005
509  593  0.106916
510  525  0.0506123
510  561  0.409103
510  592  0.0145549
511  524  0.0422159
511  560  0.409856
512  559  0.410152
513  521  0.0247517
513  558  0.391344
514  520  0.027516
514  559  0.0287684
514  562  0.0254623
515  519  0.0105008
515  556  0.0483101
515  557  0.134933
515  558  0.0281055
515  561  0.0427183
516  560  0.0424039
517  559  0.0387334
518  554  0.609384
519  553  0.29838
520  552  0.334573
521  551  0.668783
522  550  0.669451
523  549  0.669412
524  548  0.667741
525  546  0.538083
527  543  0.662912
527  544  0.0101583
528  542  0.675242
529  541  0.653855
531  538  0.0285276
532  537  0.0268257
540  550  0.0261521
541  549  0.0263157
542  548  0.0253874
553  561  0.0178932
561  594  0.0103974
562  592  0.154524
563  591  0.145681
564  591  0.0146693
566  589  0.747902
567  588  0.978962
568  587  0.983833
569  586  0.986326
570  584  0.996703
571  583  0.996806
572  582  0.996803
573  581  0.996914
574  580  0.992224
