1  857  0.0235736
2  659  0.0669721
2  851  0.119623
2  856  0.0378577
2  859  0.0717483
3  367  0.337316
3  658  0.178218
3  849  0.0422905
3  850  0.142144
3  855  0.0406568
3  858  0.11648
4  366  0.338744
4  657  0.178322
4  848  0.116732
4  849  0.0761233
4  857  0.111161
5  365  0.340086
5  527  0.116944
5  650  0.0116921
5  656  0.178267
5  847  0.186954
5  856  0.0413009
6  364  0.34045
6  526  0.129936
6  649  0.01297
6  655  0.178326
6  846  0.188021
7  363  0.340375
7  525  0.13011
7  654  0.178167
8  59  0.0123392
8  361  0.269197
8  523  0.0258751
8  524  0.103277
8  535  0.0891008
8  622  0.0419173
8  626  0.0319806
8  653  0.0453692
8  844  0.207547
9  58  0.0123346
9  360  0.269082
9  522  0.0505102
9  534  0.0891525
9  615  0.0994752
9  621  0.0420376
9  624  0.0406031
9  625  0.0160082
9  843  0.207498
10  521  0.0367268
10  533  0.0888269
10  614  0.103064
10  620  0.041977
10  623  0.0655802
11  57  0.0232244
11  59  0.185238
11  521  0.03692
11  523  0.0540546
11  532  0.0872099
11  613  0.103518
11  619  0.0416865
11  622  0.0679714
12  56  0.0223371
12  58  0.0763746
12  520  0.0575479
12  522  0.0543996
12  612  0.0962805
12  621  0.0679178
13  519  0.0572765
13  521  0.0542517
13  530  0.0715248
13  620  0.063235
14  56  0.156681
14  58  0.0100546
14  60  0.0100926
14  518  0.0545268
14  520  0.053259
14  529  0.074424
15  57  0.0255709
15  59  0.0121106
15  517  0.0315775
15  519  0.0466551
15  618  0.0754332
16  617  0.107386
17  51  0.041089
17  53  0.128758
17  54  0.401833
17  526  0.140179
17  616  0.108605
18  50  0.0411965
18  52  0.129752
18  53  0.404029
18  54  0.0221375
18  525  0.140614
18  615  0.108534
19  26  0.0395207
19  49  0.0344585
19  523  0.0122459
19  524  0.112193
19  614  0.0354427
20  25  0.0372431
20  50  0.0169914
20  51  0.5694
20  52  0.130589
20  522  0.0231698
21  50  0.570346
21  51  0.143861
21  522  0.0127615
22  47  0.0106008
22  48  0.0829548
22  50  0.14242
23  49  0.124263
24  46  0.80653
25  45  0.821861
26  44  0.823151
27  43  0.823154
27  526  0.162001
28  42  0.821923
28  525  0.163344
29  524  0.164242
30  523  0.164249
31  522  0.164233
32  39  0.0320681
32  521  0.159934
33  40  0.702161
33  520  0.157294
34  39  0.702808
34  519  0.135843
38  47  0.121473
38  51  0.018399
39  46  0.128843
39  50  0.0242488
40  45  0.0846451
40  49  0.0222367
48  521  0.0168207
49  520  0.0194149
50  519  0.0178614
52  517  0.404417
53  516  0.429699
54  515  0.43201
55  514  0.432722
56  361  0.0236849
56  513  0.433104
56  840  0.211649
57  360  0.0236882
57  512  0.432951
57  839  0.211751
58  361  0.412722
58  838  0.21187
59  360  0.410624
59  837  0.21185
60  836  0.175923
62  358  0.984095
63  357  0.989796
64  356  0.98969
65  355  0.990233
66  354  0.990204
67  353  0.988535
69  347  0.194848
70  347  0.357963
71  345  0.305559
71  346  0.304172
71  348  0.0273139
71  351  0.0679382
72  344  0.907359
72  350  0.0638306
73  343  0.932349
73  349  0.0535949
74  342  0.989949
75  341  0.990104
76  340  0.988631
77  339  0.989852
78  338  0.99007
79  337  0.987941
80  336  0.109549
84  336  0.878642
85  335  0.987849
86  334  0.990483
87  333  0.991219
88  332  0.991187
89  331  0.974251
90  330  0.785122
91  104  0.0345895
91  330  0.012418
92  103  0.0395481
92  324  0.0102751
92  329  0.0170371
93  104  0.0279325
93  308  0.0832528
93  323  0.0102079
94  307  0.0882691
94  322  0.0101156
95  306  0.08111
96  101  0.712761
96  329  0.0402268
97  328  0.0419924
98  327  0.0414371
99  321  0.0184044
99  326  0.0344666
100  320  0.0191226
101  319  0.0191616
102  308  0.0204901
102  318  0.0148268
105  305  0.934322
106  304  0.944495
107  303  0.965864
108  302  0.979265
109  301  0.98334
110  300  0.982802
111  295  0.0494706
111  299  0.934475
112  294  0.0840917
112  298  0.893576
113  122  0.0245636
113  130  0.123195
113  293  0.138022
114  121  0.0300725
114  129  0.14727
114  132  0.0224863
114  292  0.144657
114  297  0.275622
115  120  0.0285289
115  128  0.0754765
115  131  0.0225328
115  291  0.144081
115  294  0.0797149
115  296  0.274677
116  128  0.694716
116  294  0.0774296
117  127  0.948134
118  126  0.946971
119  125  0.774901
120  124  0.450352
124  296  0.0124078
125  295  0.0183658
126  294  0.0187124
128  292  0.073942
129  291  0.074117
130  290  0.0729659
131  284  0.0289273
131  292  0.693829
132  283  0.0305076
132  291  0.692099
133  282  0.0304805
134  281  0.0233595
134  287  0.0363794
134  288  0.137414
134  289  0.457571
135  286  0.0412803
135  287  0.169541
135  288  0.469976
136  144  0.033044
137  143  0.0265352
138  284  0.885175
139  282  0.012708
139  283  0.936667
140  281  0.0128656
140  282  0.936688
141  281  0.894507
142  280  0.378938
145  279  0.989939
146  278  0.996318
147  277  0.99876
148  276  0.999643
149  275  0.999783
150  274  0.999778
151  273  0.999182
153  272  0.995149
154  271  0.994837
155  269  0.217484
155  270  0.356609
156  248  0.0370352
156  268  0.211938
158  246  0.816145
159  245  0.976682
160  244  0.989643
161  243  0.985272
162  242  0.932822
163  241  0.664216
164  231  0.977171
165  230  0.994889
166  229  0.996569
167  228  0.998789
168  227  0.999878
169  226  0.999847
170  224  0.0898432
170  225  0.905658
171  223  0.17972
173  222  0.923388
174  221  0.927521
174  223  0.072106
175  220  0.927535
175  222  0.0722902
176  219  0.927066
176  221  0.0720585
177  218  0.926641
177  220  0.0720572
178  195  0.891147
178  219  0.0697494
179  194  0.893791
180  193  0.882818
180  217  0.0694226
181  192  0.800946
181  216  0.0688143
182  215  0.0587702
183  190  0.476052
184  190  0.0338599
184  194  0.0116486
184  213  0.0214299
185  189  0.0286289
185  193  0.0115577
185  212  0.0261709
186  192  0.0105494
186  195  0.0767591
187  194  0.0725379
196  211  0.970566
197  210  0.977625
198  209  0.977127
200  208  0.982663
201  207  0.978381
202  206  0.410518
233  241  0.236162
234  240  0.534769
235  239  0.203711
249  266  0.926138
250  265  0.998611
251  264  0.381312
252  263  0.382
253  262  0.999725
254  261  0.996933
255  260  0.690271
301  321  0.0100599
304  317  0.0281737
305  316  0.028238
305  329  0.0173906
306  315  0.0282552
306  328  0.201294
306  329  0.539931
307  327  0.202981
307  328  0.595827
308  326  0.193
308  327  0.590911
309  326  0.583259
310  324  0.904935
311  323  0.950792
312  322  0.954837
313  321  0.952772
314  320  0.947966
315  319  0.688815
345  350  0.0284236
360  832  0.208723
361  831  0.208693
363  511  0.442468
364  510  0.443017
364  828  0.202158
365  509  0.441585
365  827  0.20485
366  508  0.170586
366  826  0.201128
367  508  0.159272
367  825  0.199532
368  506  0.180535
368  507  0.155672
368  826  0.274879
368  860  0.0117523
369  490  0.0377623
369  505  0.182235
369  506  0.137996
369  825  0.0918251
369  859  0.0133796
370  489  0.344699
370  504  0.097671
370  824  0.271712
370  858  0.0139838
371  488  0.355056
371  503  0.0809662
371  823  0.522646
371  857  0.0116468
372  487  0.359681
372  502  0.0728993
372  822  0.529472
373  408  0.0200453
373  486  0.362116
373  821  0.52694
374  403  0.0318677
374  407  0.0211824
374  481  0.0120102
374  485  0.362103
374  820  0.520831
375  402  0.0330443
375  406  0.0212037
375  480  0.0121807
375  484  0.361717
375  501  0.0108265
375  816  0.0280153
376  401  0.0328253
376  405  0.0211727
376  500  0.0107684
376  815  0.0203642
377  404  0.0207096
377  482  0.0273937
377  483  0.0149317
377  499  0.0103033
377  817  0.0628745
378  399  0.115495
378  403  0.01322
378  481  0.0255144
378  482  0.0141699
378  816  0.0611262
378  817  0.0105841
379  398  0.976206
380  397  0.977693
380  481  0.016107
381  396  0.978111
381  480  0.0160979
382  395  0.995254
383  394  0.962196
384  394  0.0309891
385  391  0.155631
385  392  0.0262327
385  393  0.699115
386  390  0.0594528
386  392  0.597607
396  478  0.0191742
397  477  0.0197004
398  476  0.0207893
399  475  0.203864
399  814  0.547898
400  474  0.203992
400  481  0.161535
400  813  0.548864
401  473  0.203602
401  480  0.0622165
401  812  0.548731
402  472  0.201484
402  479  0.0630887
402  495  0.0132386
403  478  0.163016
403  494  0.0132678
403  810  0.549132
404  477  0.160434
404  809  0.548973
405  442  0.127685
405  476  0.151962
405  493  0.0165245
405  808  0.548973
406  441  0.253665
406  475  0.108197
406  492  0.0200953
406  807  0.549351
407  440  0.256043
407  491  0.0201146
407  806  0.548078
408  438  0.0140613
408  439  0.217336
408  473  0.0486022
408  490  0.0200674
408  805  0.510458
409  477  0.0100253
409  488  0.0204142
409  500  0.014841
410  434  0.0139155
410  436  0.322369
410  476  0.0131421
410  487  0.0204671
410  499  0.0152607
410  501  0.0183441
410  790  0.0240495
411  433  0.0157451
411  435  0.332944
411  472  0.0133859
411  475  0.0139211
411  486  0.020377
411  500  0.0175251
411  788  0.186079
411  789  0.0188938
412  432  0.015552
412  434  0.326567
412  471  0.0134275
412  474  0.0139695
412  481  0.0238026
412  485  0.0198899
412  499  0.0167017
412  727  0.080761
412  787  0.194553
413  432  0.0660204
413  470  0.013044
413  473  0.013506
413  480  0.0107256
413  484  0.0185843
413  498  0.0137158
413  726  0.0409166
413  784  0.0211142
414  431  0.0672577
414  433  0.139271
414  472  0.0103431
414  479  0.0365536
414  725  0.357697
414  783  0.0249881
415  429  0.0643667
415  431  0.176276
415  468  0.0108343
415  478  0.0550382
415  601  0.0115996
415  724  0.529298
416  428  0.0647226
416  467  0.0101942
416  477  0.0549099
416  600  0.011597
416  723  0.530513
417  427  0.0648195
417  430  0.315045
417  476  0.0544604
417  599  0.0115801
417  722  0.531038
418  426  0.0636193
418  429  0.375099
418  448  0.022589
418  721  0.530903
419  425  0.0577885
419  428  0.375099
419  447  0.0231566
419  720  0.530521
420  427  0.37186
420  446  0.0234844
420  719  0.528161
421  445  0.02335
421  680  0.0360663
422  444  0.0230752
422  679  0.04028
422  680  0.159627
423  443  0.0224757
423  678  0.0409564
423  679  0.134555
425  677  0.435636
426  676  0.50285
427  675  0.51604
428  437  0.0264966
429  436  0.0270336
429  673  0.505389
430  435  0.0269277
430  475  0.0464578
430  670  0.0227517
430  672  0.377567
431  474  0.0464769
431  669  0.022932
432  472  0.0441213
432  668  0.0229347
432  670  0.507463
433  471  0.0442484
433  667  0.0228613
433  669  0.507856
434  472  0.0121052
434  668  0.507629
435  442  0.0342928
435  469  0.0173582
435  471  0.0120525
435  667  0.507219
436  441  0.0524012
436  468  0.0150805
437  467  0.014111
440  446  0.0184207
440  604  0.0749303
441  445  0.0114775
441  446  0.0163983
441  603  0.0769141
441  664  0.319994
442  472  0.0647107
442  601  0.0772066
442  602  0.0268045
442  663  0.330902
443  600  0.0781296
443  662  0.169688
444  662  0.163451
445  468  0.417065
445  598  0.115729
445  661  0.324283
446  467  0.419432
446  597  0.115604
446  660  0.322177
447  466  0.430923
447  589  0.0357267
447  596  0.09176
447  604  0.04528
447  659  0.246548
448  465  0.433037
448  588  0.128673
448  603  0.216328
448  659  0.0139383
449  464  0.419884
449  587  0.130599
449  602  0.219383
449  662  0.0110734
450  463  0.419235
450  586  0.122418
450  601  0.218532
450  607  0.0106802
450  661  0.0125223
451  461  0.43259
451  583  0.480848
451  600  0.0333032
451  660  0.0124578
452  460  0.42931
452  582  0.485069
452  599  0.0331052
452  659  0.0124506
453  581  0.488545
454  579  0.0521298
454  580  0.466272
455  578  0.0763043
455  579  0.439533
456  577  0.0837955
457  576  0.0494578
459  576  0.443148
460  575  0.530692
461  574  0.530939
462  573  0.530386
463  572  0.529083
464  571  0.52087
467  569  0.495804
468  568  0.522446
469  663  0.0113467
470  566  0.528718
470  662  0.0113391
471  565  0.530749
472  564  0.529442
474  523  0.010421
474  560  0.525242
475  522  0.0105029
475  559  0.525435
476  521  0.0105035
476  558  0.525205
478  556  0.524385
479  518  0.0106912
479  555  0.208424
480  517  0.0110887
480  554  0.193536
481  516  0.0109505
481  553  0.504901
482  552  0.447541
483  552  0.0406083
483  554  0.022255
484  495  0.234091
484  553  0.0237679
485  494  0.234345
485  550  0.324102
485  552  0.0282869
486  493  0.23418
486  549  0.326023
486  551  0.032338
487  492  0.204905
487  504  0.0243074
487  550  0.0319956
488  505  0.0236738
488  548  0.124009
488  549  0.0198804
489  547  0.126511
490  503  0.500956
490  546  0.0932922
491  502  0.648765
491  545  0.062282
492  501  0.653839
492  543  0.0251713
492  545  0.0165418
493  500  0.652347
493  503  0.0103344
493  541  0.0333546
493  544  0.0326602
494  499  0.619364
494  502  0.0138952
494  540  0.0333598
494  543  0.0323954
495  501  0.0135148
495  539  0.0331931
496  515  0.066232
496  538  0.010556
496  541  0.0180084
497  514  0.0332893
498  514  0.1116
499  513  0.172151
500  512  0.172071
500  551  0.016998
501  511  0.17561
501  550  0.0343195
502  510  0.173122
503  548  0.0368991
504  508  0.0466967
504  547  0.037629
505  546  0.0365728
508  550  0.0157614
509  548  0.221233
510  547  0.238567
511  545  0.345911
512  544  0.372974
513  543  0.372993
514  542  0.371549
516  540  0.492526
517  539  0.50226
518  538  0.500807
519  537  0.497815
521  536  0.530356
522  535  0.54003
523  534  0.538595
525  532  0.53871
526  531  0.52632
530  611  0.346767
531  610  0.366235
532  609  0.366478
533  608  0.366282
534  607  0.36648
535  606  0.36628
538  646  0.0476438
539  645  0.0891375
540  583  0.360352
540  644  0.0892662
541  582  0.364905
541  643  0.0892663
542  581  0.284662
542  642  0.0890758
543  550  0.0942001
543  581  0.0877035
543  641  0.0891591
544  549  0.0942531
544  579  0.130445
544  580  0.24122
544  640  0.0892494
545  639  0.0873134
546  578  0.393852
546  638  0.0656626
547  577  0.464897
548  576  0.464915
549  575  0.465215
550  574  0.465179
551  573  0.45897
552  569  0.0117765
552  572  0.453066
553  568  0.0148411
553  571  0.450291
554  570  0.432868
555  566  0.0472259
556  565  0.0668492
557  564  0.0448807
557  567  0.0607517
557  568  0.199862
557  569  0.0198769
558  564  0.0103887
558  567  0.21561
558  568  0.0230708
559  565  0.256953
559  566  0.0819764
560  564  0.212886
560  567  0.0165562
561  566  0.0120454
580  628  0.088463
581  627  0.0890006
582  626  0.0891514
583  625  0.0888273
585  600  0.0243792
586  599  0.0281452
586  604  0.468758
587  595  0.0719578
587  599  0.076834
587  603  0.180175
588  594  0.0923272
588  598  0.214991
588  602  0.182094
589  594  0.0128318
589  597  0.207104
589  601  0.47167
589  658  0.0109882
590  600  0.359579
590  657  0.0103837
593  600  0.0205054
594  599  0.0429649
597  604  0.0316705
598  603  0.0284021
599  657  0.0172699
600  656  0.0283954
601  609  0.0106017
601  655  0.0287499
602  608  0.0106261
602  654  0.0110751
602  664  0.0106984
603  653  0.0109649
603  663  0.0229035
604  652  0.0285765
604  663  0.0408055
605  623  0.105797
605  662  0.0413121
606  622  0.12276
606  660  0.0441366
606  661  0.0350032
606  663  0.0312232
607  621  0.122781
607  659  0.0503242
608  620  0.121545
608  662  0.0576076
609  619  0.117926
609  658  0.0118763
609  661  0.068048
610  618  0.112833
610  658  0.34554
610  660  0.0674813
611  617  0.103771
611  657  0.347466
613  655  0.524426
613  852  0.124588
614  654  0.201938
614  851  0.125092
615  653  0.213689
615  850  0.125016
616  652  0.6392
616  849  0.0578103
617  651  0.63977
618  650  0.640638
618  847  0.124198
619  649  0.641161
619  846  0.125063
620  648  0.636052
620  845  0.125004
621  844  0.12507
622  646  0.0289373
622  843  0.125015
623  646  0.557552
623  842  0.108108
624  645  0.723031
624  661  0.0354765
624  789  0.0691297
625  644  0.72606
625  660  0.0355706
625  788  0.0692044
625  840  0.0189866
626  643  0.685311
626  659  0.0355574
626  787  0.0691891
626  839  0.018976
627  642  0.500173
627  786  0.0515511
628  640  0.0127283
628  643  0.140919
629  642  0.29067
630  641  0.777722
630  723  0.0537466
631  640  0.808827
631  722  0.0636566
632  639  0.76119
632  721  0.0637826
633  720  0.0597717
635  677  0.0600792
636  676  0.0721608
637  675  0.075303
638  674  0.0752864
639  673  0.0752513
640  672  0.0729285
641  671  0.0497962
642  669  0.0231929
642  671  0.0220617
643  668  0.0233655
643  670  0.0441338
644  655  0.0455589
644  667  0.0230751
644  669  0.0400351
645  654  0.0471296
645  664  0.0223909
645  667  0.0219258
645  859  0.0330162
646  653  0.0385845
646  663  0.0229723
646  858  0.0432561
647  662  0.0212493
647  857  0.0423606
649  658  0.0226625
649  663  0.026632
649  855  0.0347738
650  657  0.0178116
650  662  0.0237791
652  852  0.129301
653  851  0.130594
654  661  0.0317052
654  850  0.131687
655  660  0.0292232
655  849  0.131498
656  848  0.131693
657  796  0.0107202
657  847  0.131785
658  795  0.01164
658  846  0.131734
659  668  0.0279841
659  794  0.0118936
659  814  0.0192179
659  832  0.05746
659  844  0.036612
660  667  0.0270252
660  793  0.0118445
660  831  0.0300464
660  843  0.0207299
661  813  0.0626792
661  831  0.0373441
661  843  0.0538341
662  791  0.0119666
662  812  0.0738387
662  830  0.0649859
662  842  0.0702673
662  860  0.0729269
663  790  0.012063
663  811  0.0739825
663  829  0.0650098
663  841  0.0686674
663  859  0.078474
664  789  0.0116906
664  810  0.0740415
664  828  0.0614756
664  840  0.0152688
664  858  0.0778616
665  809  0.0705472
665  827  0.0453427
665  857  0.0736978
666  824  0.062519
667  806  0.0664269
667  823  0.0725908
667  840  0.140919
668  805  0.068928
668  822  0.0733648
668  839  0.151361
669  788  0.0316557
669  804  0.0548054
669  821  0.0732087
669  838  0.152424
669  844  0.0117269
670  787  0.0321289
670  820  0.0731384
670  837  0.152366
670  843  0.0116997
671  786  0.031174
671  836  0.119958
672  785  0.0261102
672  798  0.142456
672  835  0.0624061
673  797  0.196468
674  796  0.196563
674  817  0.0364148
675  795  0.196582
675  816  0.0368932
675  829  0.0109549
676  794  0.159443
676  815  0.0286357
676  828  0.0102541
678  725  0.025063
679  721  0.158654
679  724  0.0393694
679  783  0.0119726
679  789  0.0116525
680  720  0.158776
680  723  0.0390654
680  782  0.0113636
681  718  0.919699
681  721  0.0597163
682  717  0.920977
682  720  0.059719
683  716  0.921748
683  719  0.0593235
684  715  0.913306
686  713  0.852719
687  712  0.85832
687  715  0.0742274
688  714  0.0974551
689  713  0.107933
690  709  0.493894
690  712  0.108358
692  708  0.972502
693  707  0.986399
694  706  0.989247
695  705  0.944357
719  789  0.0200569
720  791  0.0304129
721  787  0.0279276
721  790  0.0323894
722  783  0.0362871
722  786  0.0292999
722  789  0.0314542
722  836  0.0185382
723  785  0.0277624
723  835  0.024127
723  853  0.0144713
724  787  0.0228097
724  834  0.0275327
724  852  0.0193727
725  781  0.365265
725  833  0.0250837
725  851  0.0193635
726  780  0.606894
726  804  0.206109
726  832  0.0224449
726  850  0.0193387
727  779  0.673118
727  803  0.206314
727  849  0.0187344
728  778  0.674545
728  802  0.198602
728  848  0.0186228
729  777  0.668733
729  800  0.0118921
729  847  0.0180432
730  776  0.655981
730  799  0.0118185
730  800  0.115658
730  846  0.0167119
731  775  0.621877
731  776  0.013834
731  799  0.129707
732  774  0.384168
732  775  0.0186481
732  776  0.0125834
732  798  0.119798
734  774  0.440395
735  773  0.995557
736  772  0.997816
737  771  0.996588
738  770  0.998541
739  769  0.998588
740  768  0.996301
741  767  0.995801
742  766  0.997748
743  765  0.989674
744  762  0.152641
744  764  0.844354
745  761  0.276061
745  763  0.680542
746  760  0.748113
746  761  0.0102128
747  759  0.767578
749  757  0.409446
750  756  0.218542
751  756  0.726211
777  797  0.269134
778  796  0.269496
779  795  0.268905
780  793  0.0324684
781  827  0.0227285
782  791  0.246381
782  812  0.028062
782  826  0.0386318
783  790  0.253542
783  811  0.0296087
783  825  0.0397937
784  824  0.0396724
785  809  0.0349351
785  823  0.0394492
786  808  0.0404915
786  822  0.0232379
787  807  0.0417677
787  814  0.0276527
787  821  0.0188252
787  832  0.0129637
788  813  0.0277116
788  820  0.0342832
788  831  0.0129389
789  805  0.0735063
789  811  0.0329301
790  803  0.0691107
790  804  0.224709
790  810  0.0331454
791  802  0.0360611
791  809  0.031438
792  802  0.321528
793  801  0.38502
793  806  0.0324069
794  800  0.369994
794  805  0.0336497
795  804  0.0342327
795  824  0.0128544
796  823  0.0132734
797  822  0.0133433
798  821  0.0131429
801  843  0.0121469
802  817  0.0329739
802  835  0.028618
802  842  0.0137995
803  816  0.0356628
803  834  0.0347314
803  841  0.0106265
804  841  0.084231
805  814  0.0580297
805  832  0.0862467
805  840  0.0980179
806  813  0.0564695
806  831  0.0862379
806  839  0.0980348
807  829  0.0807069
807  837  0.103076
808  827  0.0501317
808  828  0.041772
808  836  0.108101
809  826  0.0924279
809  835  0.108515
810  825  0.0932214
810  834  0.108556
811  824  0.0734063
812  823  0.0689031
812  824  0.0175921
813  821  0.0562204
813  823  0.0223696
813  832  0.117064
814  820  0.0564705
814  822  0.0313017
814  831  0.117391
814  852  0.0440449
815  819  0.0237488
815  820  0.021124
815  830  0.116357
815  851  0.0451489
816  850  0.0455566
817  828  0.104553
817  849  0.0449132
818  827  0.0980539
818  848  0.0376811
820  857  0.01564
821  833  0.0309782
821  856  0.0257713
822  832  0.0390323
822  855  0.0278122
823  831  0.0381785
823  854  0.027478
824  830  0.0318895
824  853  0.0240021
825  858  0.016097
826  857  0.0160162
827  852  0.208622
827  856  0.0108488
827  860  0.016584
828  851  0.289106
828  859  0.0182844
829  850  0.306864
829  858  0.0195346
830  849  0.302738
830  857  0.0193452
831  838  0.0128756
831  848  0.23038
832  837  0.0126944
832  846  0.0148724
832  852  0.013133
833  848  0.03039
834  850  0.0154826
835  849  0.0134805
836  845  0.454708
837  844  0.492094
838  843  0.492097
841  850  0.0365715
842  849  0.0317285
843  848  0.0240541
847  862  0.0494915
848  861  0.057323
849  860  0.0609914
850  859  0.0616457
852  858  0.0499621
853  857  0.0190422
