1  273  0.174513
2  31  0.0255598
2  33  0.0128379
2  209  0.0540917
2  272  0.240814
2  275  0.180839
3  208  0.0662762
3  271  0.297394
3  274  0.186017
4  29  0.342955
4  207  0.0661866
4  270  0.29438
4  273  0.188838
5  28  0.362023
5  206  0.0661374
5  269  0.29417
5  272  0.205472
6  27  0.364708
6  29  0.179193
6  48  0.0195855
6  267  0.0112726
6  270  0.0219274
7  28  0.192381
7  47  0.0234784
7  74  0.0102749
7  150  0.0204829
7  266  0.0112173
7  269  0.021959
8  26  0.818335
8  46  0.016886
8  73  0.0115655
8  149  0.0238918
8  151  0.0369488
8  207  0.0102665
9  25  0.827255
9  72  0.011566
9  148  0.0238917
9  150  0.037035
9  206  0.0103847
10  24  0.825942
10  45  0.0167966
10  71  0.0114518
10  147  0.0204097
10  149  0.0368325
10  205  0.0102473
11  23  0.685864
11  44  0.0165414
11  70  0.0109424
11  148  0.0322146
13  42  0.0160353
14  21  0.661921
14  22  0.0817474
14  33  0.0611843
14  41  0.0162948
15  20  0.613902
15  21  0.0775518
15  32  0.0612146
15  40  0.0150122
17  30  0.0550205
18  53  0.0182973
19  28  0.0857287
19  52  0.0207771
20  27  0.0866199
20  51  0.0215712
21  26  0.0839482
21  50  0.0175142
22  49  0.0177135
23  48  0.0218009
24  47  0.0218017
25  46  0.0193708
25  149  0.0101637
26  148  0.0101225
31  39  0.0150541
31  147  0.0287473
31  271  0.0336001
32  38  0.0154458
32  141  0.0103496
32  146  0.0285913
32  270  0.0315929
33  51  0.0187191
33  140  0.0103792
33  271  0.0169566
34  50  0.0194605
34  51  0.129529
34  270  0.0149711
35  49  0.0188806
35  50  0.143314
35  51  0.0296477
36  48  0.0157378
36  49  0.146213
36  50  0.0326212
36  274  0.0159993
37  48  0.147489
37  49  0.0296822
37  141  0.0164343
37  273  0.0173187
38  47  0.0992576
38  121  0.0986259
39  47  0.102707
39  120  0.13646
39  139  0.0965961
39  272  0.083127
40  45  0.0689906
40  46  0.18278
40  119  0.167776
40  138  0.118518
40  271  0.289313
41  45  0.113275
41  118  0.167993
41  137  0.118519
41  270  0.290082
42  117  0.16779
42  136  0.110531
42  275  0.015519
43  116  0.0847549
43  274  0.0170981
44  116  0.0832435
44  132  0.0147526
44  267  0.307526
44  273  0.0172672
45  115  0.16629
45  266  0.31135
45  272  0.0114338
46  114  0.166129
46  130  0.12592
46  265  0.31111
46  272  0.0103493
47  113  0.0134754
47  129  0.132036
47  271  0.0180987
48  128  0.129818
49  127  0.126902
50  126  0.122383
51  67  0.0183269
51  125  0.105828
51  269  0.0377444
52  66  0.0505891
52  268  0.327286
53  65  0.0506604
53  95  0.144002
53  267  0.327725
54  64  0.0507128
54  94  0.156217
54  211  0.300175
54  266  0.327411
55  63  0.0502688
55  93  0.156297
55  121  0.133388
55  210  0.302173
55  265  0.326946
56  92  0.156146
56  120  0.134346
56  209  0.302906
56  264  0.284048
57  91  0.109658
57  119  0.143098
57  208  0.304762
58  89  0.0240664
58  91  0.0463686
58  118  0.143118
58  207  0.303136
59  88  0.0241076
59  90  0.0923976
59  117  0.143036
59  206  0.282663
60  89  0.092304
60  116  0.143017
61  87  0.156008
61  115  0.142972
61  210  0.316568
62  86  0.156226
62  114  0.104487
62  209  0.317972
63  85  0.155576
63  113  0.0237452
63  205  0.0613914
63  208  0.318504
64  84  0.154033
64  112  0.0456699
64  205  0.0243904
64  207  0.315823
65  111  0.0330245
65  203  0.306657
65  204  0.0126171
65  206  0.159538
66  83  0.146432
66  202  0.370261
66  206  0.108482
67  73  0.0125016
67  82  0.143762
67  95  0.106824
67  99  0.0395437
67  154  0.0621533
67  201  0.355277
67  205  0.102551
68  72  0.0101486
68  94  0.112681
68  98  0.0395583
68  153  0.0628727
68  200  0.297572
68  211  0.022523
69  79  0.0369431
69  93  0.112702
69  97  0.039531
69  157  0.129868
69  200  0.0604663
69  202  0.113732
69  210  0.0227403
70  78  0.0554667
70  80  0.131098
70  151  0.0700775
70  156  0.175716
70  199  0.115769
70  201  0.1162
70  208  0.0148434
71  77  0.0553758
71  79  0.131532
71  150  0.0701145
71  155  0.175735
71  157  0.0312255
71  200  0.116064
71  202  0.0482257
72  76  0.0343049
72  78  0.131812
72  91  0.124388
72  149  0.0700303
72  154  0.175945
72  156  0.100968
72  197  0.112439
72  199  0.035959
72  201  0.0483107
72  207  0.0428731
73  77  0.10698
73  90  0.124589
73  148  0.0700147
73  153  0.175902
73  155  0.101009
73  196  0.17527
73  200  0.0483023
73  206  0.0435321
74  89  0.124597
74  147  0.0511119
74  152  0.148465
74  154  0.101096
74  195  0.173664
74  199  0.0338832
74  205  0.0484691
75  88  0.125538
75  145  0.0145036
75  153  0.0762454
75  158  0.0928672
75  194  0.154783
75  203  0.0414436
75  204  0.024264
76  87  0.125188
76  150  0.129097
76  157  0.10065
76  193  0.152736
76  202  0.0684277
77  84  0.046369
77  85  0.0101454
77  91  0.0217622
77  143  0.0201405
77  149  0.129835
77  151  0.147613
77  156  0.252191
77  201  0.0697306
78  83  0.0670494
78  90  0.0217699
78  142  0.0313123
78  148  0.129803
78  150  0.147851
78  155  0.252314
78  200  0.0697306
79  89  0.0216556
79  91  0.0763823
79  147  0.0948206
79  149  0.147726
79  154  0.252337
79  199  0.0694787
80  87  0.0115277
80  90  0.0764498
80  148  0.147251
80  153  0.252005
81  88  0.216677
81  131  0.0147744
82  87  0.228904
82  130  0.0166599
82  150  0.217613
82  196  0.0703648
83  129  0.0176204
83  149  0.221017
83  151  0.0164481
83  195  0.0705659
84  128  0.0164244
84  148  0.159372
84  150  0.0140953
84  194  0.0705249
85  142  0.070428
85  148  0.0271046
85  193  0.0704829
86  141  0.0705742
86  146  0.0298635
87  140  0.0703223
87  147  0.213243
87  162  0.0561425
88  146  0.21388
88  161  0.0541081
89  144  0.331454
89  145  0.108595
89  160  0.0263192
90  143  0.494187
91  142  0.496599
92  141  0.488526
93  119  0.166418
93  138  0.04752
93  140  0.451476
94  118  0.229612
94  137  0.050969
95  117  0.226583
95  136  0.0475606
95  139  0.0116113
96  116  0.159522
97  113  0.79756
98  112  0.950908
99  111  0.955028
100  110  0.995222
101  109  0.994211
102  108  0.805508
113  139  0.0507443
114  129  0.0148459
114  138  0.299021
115  129  0.0266282
115  137  0.298772
116  128  0.0251975
116  133  0.0326689
116  136  0.25724
117  132  0.0748395
119  124  0.164104
119  130  0.310834
120  129  0.341265
120  138  0.0717361
121  137  0.0675602
124  129  0.0120152
127  274  0.16176
128  273  0.176915
129  272  0.180802
130  271  0.182425
131  270  0.181746
132  269  0.168804
136  143  0.0134288
136  267  0.172645
137  142  0.0128755
137  266  0.188928
138  265  0.188912
140  210  0.150834
141  209  0.15145
142  208  0.150232
146  158  0.0682058
147  157  0.0720509
148  156  0.0728449
148  207  0.227048
149  155  0.0727157
149  206  0.228046
150  154  0.0450405
150  205  0.227411
152  203  0.0241875
152  204  0.0182486
154  202  0.305053
155  201  0.388789
156  200  0.388929
157  199  0.485457
158  198  0.474276
159  197  0.357888
159  198  0.012338
160  197  0.0196944
161  194  0.199691
162  193  0.224655
162  196  0.345468
163  192  0.228174
163  195  0.374536
164  191  0.169932
165  191  0.04681
166  189  0.0103428
166  190  0.0919734
166  192  0.625605
166  199  0.124298
167  191  0.593259
167  198  0.124453
168  191  0.0439832
168  197  0.124391
169  189  0.754944
169  190  0.0880701
170  188  0.773646
170  189  0.0868335
170  195  0.124826
171  187  0.86793
171  194  0.12479
172  186  0.868464
172  193  0.124302
173  185  0.867313
174  184  0.85229
174  189  0.124214
175  188  0.126112
176  182  0.0594973
176  187  0.126376
177  186  0.126087
210  268  0.0122708
211  267  0.0119235
211  268  0.0249949
212  267  0.0249545
214  262  0.979904
215  261  0.99509
216  260  0.998511
217  259  0.998526
218  258  0.989476
219  257  0.867989
221  255  0.978857
222  254  0.99771
223  253  0.997803
225  252  0.988718
226  251  0.987673
228  249  0.912081
229  248  0.993933
230  247  0.995552
232  245  0.9986
233  244  0.999724
234  242  0.0365748
234  243  0.951678
235  241  0.0714411
