5  688  0.925944
6  687  0.998111
7  686  0.998849
8  685  0.997857
11  160  0.0220534
11  682  0.0562151
12  159  0.0219259
12  681  0.0104495
13  602  0.372614
14  157  0.0234997
14  601  0.932242
15  156  0.021565
15  600  0.930846
16  155  0.0213738
16  599  0.816668
17  134  0.0105265
17  154  0.0217878
18  133  0.0105566
18  597  0.919151
19  132  0.0108954
19  152  0.0159651
19  596  0.937869
20  131  0.0105294
20  151  0.0224103
20  595  0.937588
21  128  0.115992
21  152  0.0357076
21  593  0.402469
22  127  0.141525
22  151  0.0425275
22  592  0.402024
23  125  0.908968
23  126  0.0732193
24  124  0.98373
25  123  0.984356
26  122  0.985358
27  121  0.985959
28  120  0.985624
29  119  0.986203
30  118  0.985863
31  81  0.0277944
31  91  0.0124143
31  101  0.756727
31  117  0.170478
32  80  0.0297948
32  90  0.0113634
32  100  0.781908
33  99  0.776991
34  98  0.745586
35  77  0.222603
35  97  0.640201
36  76  0.953494
36  96  0.0356109
37  75  0.961351
38  74  0.958095
39  72  0.0180794
39  73  0.941117
40  69  0.364564
40  71  0.0215349
41  68  0.182962
41  72  0.144652
42  68  0.803656
43  67  0.990828
44  66  0.991793
45  65  0.991278
46  64  0.992072
47  63  0.992092
48  62  0.992088
49  60  0.991142
50  59  0.989228
51  58  0.921098
75  91  0.0119834
77  90  0.551031
78  89  0.926032
79  88  0.925641
80  87  0.699813
83  102  0.010158
85  100  0.0173249
86  99  0.0205173
87  98  0.0210616
88  97  0.0207925
96  105  0.010131
97  104  0.0107918
102  115  0.719521
103  114  0.955726
104  113  0.965094
105  112  0.966047
106  111  0.845386
126  588  0.557222
127  153  0.0623601
127  587  0.582068
128  586  0.520406
129  151  0.159626
129  585  0.0695255
130  150  0.390124
130  536  0.0141326
130  584  0.127223
131  149  0.391067
131  535  0.0141931
131  583  0.572806
132  148  0.391057
132  534  0.014191
132  582  0.572288
133  147  0.390549
133  513  0.015734
133  533  0.0363182
133  581  0.0182209
134  146  0.322986
134  512  0.0159689
135  143  0.230492
135  511  0.0160823
135  532  0.464269
136  142  0.240924
136  510  0.0161027
136  531  0.567482
137  143  0.0159532
137  509  0.0160747
137  530  0.568226
138  146  0.0144712
138  508  0.0160244
138  529  0.568254
139  145  0.0298646
139  507  0.0157161
139  528  0.568126
140  144  0.0113833
142  525  0.118841
143  522  0.45253
143  524  0.0939665
144  521  0.54411
144  523  0.0174016
145  520  0.566232
146  519  0.561598
147  518  0.560188
148  188  0.0514543
148  496  0.509551
148  517  0.0224584
148  683  0.0117022
149  187  0.0514917
149  495  0.509758
149  516  0.022337
149  682  0.0116985
150  186  0.0518614
150  494  0.509742
151  185  0.0516932
151  493  0.509603
151  513  0.0124335
151  587  0.0367569
151  680  0.0135663
152  492  0.0104276
152  512  0.0125283
152  586  0.0135361
152  679  0.0135582
153  492  0.499153
153  585  0.013779
153  586  0.0426176
153  678  0.0135667
154  491  0.509026
154  585  0.0189429
154  677  0.0135583
155  183  0.0517854
155  490  0.509221
155  584  0.267636
156  182  0.0534612
156  489  0.508169
156  507  0.0206868
156  581  0.0296236
156  583  0.332297
157  181  0.0534877
157  488  0.507762
157  506  0.0209266
157  580  0.0306658
157  582  0.33237
157  675  0.0130569
158  180  0.053658
158  486  0.406235
158  505  0.0209262
158  579  0.0311496
158  580  0.337619
159  178  0.165844
159  485  0.34126
159  504  0.0209054
159  579  0.337205
159  673  0.0131329
160  177  0.323589
160  484  0.227393
160  503  0.0180085
160  577  0.0361027
160  578  0.334338
160  672  0.0138195
161  172  0.0191657
161  176  0.345494
161  483  0.0747532
161  576  0.0412888
161  577  0.329508
161  671  0.0141742
161  683  0.0246317
162  171  0.0191388
162  175  0.341488
162  575  0.369306
162  670  0.0141697
162  682  0.0246965
163  170  0.0181996
163  574  0.36934
163  669  0.0141687
163  681  0.0246969
164  172  0.119419
164  174  0.29555
164  194  0.0182965
164  496  0.0241277
164  573  0.37091
164  668  0.0141775
164  680  0.0247259
165  171  0.115248
165  173  0.196877
165  193  0.0183159
165  495  0.0242121
165  572  0.370918
165  667  0.013669
165  679  0.0247249
166  171  0.0507994
166  173  0.113657
166  192  0.0183177
166  494  0.0242196
166  571  0.370888
166  666  0.0131173
166  678  0.0247229
167  172  0.210594
167  174  0.0580044
167  191  0.0181365
167  493  0.0243897
167  570  0.365463
167  676  0.0246028
168  173  0.0567189
168  180  0.031331
168  190  0.0174949
168  492  0.0243613
168  569  0.364001
168  675  0.0246031
169  179  0.0462326
169  674  0.0243091
170  178  0.0484119
170  491  0.0106464
170  543  0.116547
170  673  0.0205404
171  177  0.0467523
171  489  0.0248037
171  490  0.0103617
171  542  0.141098
171  668  0.0214018
172  488  0.0368082
172  541  0.14105
172  565  0.111844
172  667  0.0218214
173  182  0.128078
173  487  0.038112
174  180  0.0108903
174  181  0.125795
174  486  0.0379508
174  565  0.0170902
174  665  0.0230127
175  664  0.0234402
176  663  0.0234808
177  662  0.0233753
178  661  0.0173792
179  266  0.0105137
179  485  0.0239063
180  265  0.0105741
180  483  0.465436
180  484  0.0208048
181  188  0.0213646
181  264  0.010543
181  482  0.536914
181  483  0.010409
181  542  0.212606
182  187  0.0214567
182  263  0.0104212
182  481  0.547569
182  541  0.215651
183  262  0.0100215
183  480  0.546985
183  539  0.143115
183  540  0.183413
184  479  0.547339
184  538  0.191847
184  539  0.15043
185  478  0.547729
185  537  0.273399
185  538  0.0753232
186  477  0.52938
186  536  0.349242
187  345  0.527562
187  535  0.349258
188  344  0.527946
188  534  0.349322
189  252  0.012408
189  343  0.526259
189  443  0.0109673
189  533  0.347215
190  251  0.0152808
190  338  0.0159407
190  341  0.0210958
190  342  0.487677
190  442  0.0119579
190  517  0.0326951
190  532  0.341917
191  250  0.0152903
191  339  0.225439
191  441  0.0119589
191  516  0.0326885
191  531  0.341338
192  249  0.0152988
192  337  0.727388
192  338  0.159644
192  341  0.0140091
192  440  0.0119622
192  530  0.0130393
193  248  0.0152726
193  336  0.811272
193  337  0.0798442
193  439  0.0119452
193  517  0.0163051
194  247  0.0152838
194  335  0.891133
194  339  0.0270412
194  438  0.0119417
194  516  0.0163383
195  246  0.0129701
195  334  0.890956
195  338  0.0289669
195  466  0.0133063
195  515  0.016323
196  245  0.010613
196  333  0.888523
196  337  0.0289703
196  465  0.0133285
196  514  0.0163647
197  332  0.889458
197  336  0.0289652
197  464  0.0132761
197  513  0.0163594
198  331  0.887389
198  335  0.0285297
198  463  0.0123718
198  512  0.0161857
199  333  0.0237369
199  511  0.0139794
200  330  0.879068
200  332  0.023772
201  329  0.876345
201  331  0.0220663
202  328  0.847068
203  308  0.0988775
203  327  0.575674
204  219  0.0107116
204  307  0.896439
204  457  0.0119263
205  218  0.0108069
205  306  0.917275
205  456  0.011981
206  240  0.0107979
206  305  0.920802
206  455  0.0120118
206  487  0.0237626
207  216  0.0130501
207  239  0.01079
207  304  0.919853
207  454  0.0120204
207  486  0.0237914
208  215  0.0137468
208  290  0.248603
208  485  0.0237797
209  214  0.0138681
209  289  0.911141
209  453  0.0122774
209  484  0.0237943
210  234  0.0211134
210  288  0.911814
210  452  0.0122756
210  483  0.023794
211  233  0.0213904
211  287  0.91103
211  482  0.023774
212  232  0.0208289
212  286  0.845759
212  481  0.0230061
213  449  0.0122044
214  230  0.0104255
214  262  0.080768
214  282  0.0109776
214  448  0.0123306
215  257  0.0102701
215  447  0.0102438
216  229  0.912775
216  234  0.0449757
216  256  0.0136171
217  228  0.914262
217  233  0.0451016
217  255  0.0133091
218  227  0.913282
218  232  0.0450126
218  254  0.013336
219  226  0.888621
219  231  0.0440906
219  253  0.0133285
220  252  0.0123326
230  284  0.540762
230  436  0.0561288
231  282  0.030499
231  283  0.522683
231  435  0.0561574
232  281  0.0450403
232  434  0.0561344
233  282  0.0318007
233  283  0.0373924
233  433  0.0561605
234  282  0.0405043
234  432  0.056155
235  255  0.0476573
235  278  0.3651
235  281  0.0327964
235  431  0.052249
236  254  0.0597174
236  277  0.417674
236  430  0.0368785
237  254  0.0763627
237  259  0.0104423
237  276  0.245482
238  246  0.0595582
238  249  0.0150442
238  252  0.128332
238  253  0.100075
238  258  0.0103761
239  245  0.05955
239  248  0.0151224
239  251  0.277647
239  274  0.589617
240  244  0.0483308
240  247  0.0151664
240  250  0.27919
240  273  0.592433
241  246  0.0143178
241  249  0.279644
241  256  0.0107747
241  272  0.202895
242  248  0.263815
242  255  0.0107682
242  272  0.396018
243  247  0.153178
243  254  0.0104452
243  271  0.600164
244  270  0.601828
245  269  0.601612
246  268  0.601264
247  429  0.0518871
248  266  0.570927
248  428  0.0519451
249  427  0.0520384
250  264  0.595152
250  426  0.0518011
251  263  0.590777
252  262  0.33465
252  424  0.0520516
253  262  0.151845
253  423  0.052417
254  422  0.0523595
255  421  0.0523038
256  276  0.0101443
256  420  0.0522254
263  270  0.0132325
263  284  0.30018
263  398  0.0573319
264  269  0.013222
264  283  0.301214
264  397  0.0575581
265  282  0.301905
265  396  0.0575821
266  281  0.301698
266  395  0.0575517
267  280  0.301518
267  394  0.0575826
268  279  0.285653
268  393  0.0575825
269  278  0.271129
269  392  0.0575714
270  276  0.153232
270  391  0.0559256
271  388  0.0222475
272  285  0.0150381
272  387  0.0417635
273  284  0.0182509
273  386  0.0429415
274  283  0.0155224
274  385  0.0427588
275  281  0.0108767
275  293  0.0101237
276  292  0.0239662
277  291  0.0238122
278  290  0.0186575
278  540  0.0100924
279  539  0.0121371
280  538  0.0122832
281  290  0.0155577
281  537  0.0122633
282  287  0.0211373
282  289  0.0207912
282  536  0.0122877
283  288  0.0168765
283  535  0.0122886
284  534  0.0122884
285  533  0.0122589
286  532  0.0122097
287  531  0.0120576
290  300  0.588888
291  299  0.878508
292  298  0.897408
292  385  0.0135839
293  384  0.0301845
294  383  0.0418883
295  382  0.0433266
296  381  0.0440415
297  380  0.0438589
298  303  0.0116352
298  379  0.0432167
304  330  0.0479527
304  528  0.0120774
305  527  0.0120823
306  526  0.0120321
307  327  0.071518
307  525  0.0117427
308  326  0.821083
309  325  0.984428
310  324  0.987872
311  323  0.988787
312  322  0.987251
313  321  0.985883
314  320  0.984154
315  319  0.843426
335  372  0.0562872
336  371  0.0563149
337  370  0.0563163
338  369  0.0563071
339  368  0.0497505
339  507  0.225529
339  525  0.0155482
341  361  0.046784
341  506  0.398568
342  360  0.0470069
342  505  0.405538
343  359  0.0469381
343  504  0.405528
344  358  0.0466662
344  503  0.405803
345  354  0.0121678
345  502  0.405803
346  353  0.0121069
346  501  0.405476
347  352  0.0105109
347  355  0.0175193
347  500  0.404685
348  354  0.0148132
348  499  0.404054
349  498  0.40384
350  469  0.35722
350  497  0.403503
351  468  0.47527
351  471  0.0109792
351  472  0.0157728
351  496  0.394847
352  467  0.475149
352  470  0.0142037
352  471  0.0142737
353  469  0.0159552
353  485  0.325087
354  466  0.505987
354  468  0.0154681
354  484  0.395902
355  465  0.506261
355  467  0.0125018
355  483  0.395993
356  464  0.506084
356  466  0.0123231
356  482  0.395757
358  463  0.0613109
358  478  0.0453372
358  481  0.0282836
359  460  0.0616764
360  459  0.0651174
360  475  0.229381
360  477  0.0874966
361  458  0.0650768
361  461  0.453003
361  474  0.355774
362  460  0.453768
362  473  0.399556
363  459  0.452446
363  472  0.406029
364  471  0.402926
365  470  0.352176
366  456  0.50289
367  455  0.509151
368  454  0.510595
369  453  0.375121
369  466  0.412709
370  452  0.36989
370  465  0.413987
371  379  0.126945
371  449  0.149395
371  451  0.149263
371  464  0.413976
372  378  0.125962
372  448  0.186772
372  463  0.412994
373  402  0.0116851
373  447  0.160924
373  449  0.0301998
374  401  0.155336
374  446  0.07714
374  448  0.0143537
374  462  0.047228
375  400  0.178652
375  448  0.0369543
376  447  0.0276318
376  460  0.0627996
377  399  0.353057
378  398  0.358495
378  458  0.377452
379  396  0.184312
379  397  0.184307
379  457  0.3785
380  395  0.358487
380  456  0.245457
381  394  0.358662
381  453  0.551373
382  393  0.355794
382  452  0.558305
383  451  0.560108
384  450  0.55791
385  392  0.332003
385  449  0.560567
386  391  0.324391
386  448  0.561129
387  447  0.498633
388  401  0.193422
388  445  0.0366849
388  446  0.263025
389  400  0.268868
389  444  0.0252507
389  445  0.113655
390  443  0.0796799
391  398  0.442554
391  442  0.104193
392  397  0.44253
392  441  0.104026
393  400  0.0150816
393  406  0.0318269
394  399  0.0141301
394  405  0.0998151
395  404  0.10021
396  403  0.0993236
397  402  0.057661
399  419  0.0477742
399  453  0.0104723
400  418  0.0477949
400  452  0.010475
401  417  0.0464812
401  451  0.0102911
402  445  0.718098
403  444  0.831551
404  443  0.833278
405  442  0.834137
406  411  0.013026
406  414  0.0254733
406  440  0.909906
407  413  0.0193156
407  439  0.922436
408  438  0.91955
410  437  0.100394
411  435  0.932687
412  434  0.939056
413  433  0.938618
414  432  0.939969
415  431  0.93815
416  430  0.902696
418  428  0.939432
419  427  0.940398
420  426  0.934278
421  425  0.355665
439  479  0.0100897
440  478  0.0110951
441  464  0.0103897
441  477  0.0109914
442  463  0.0104714
443  462  0.0104664
444  461  0.0104648
444  472  0.0205789
445  471  0.0226448
446  470  0.0230295
447  469  0.0232207
448  468  0.0232183
454  464  0.0233653
455  463  0.0234153
456  462  0.0246518
457  461  0.0197222
470  480  0.0144457
471  479  0.0174038
472  478  0.017497
486  493  0.363908
486  656  0.0165524
487  492  0.361333
487  494  0.0370019
487  655  0.0166574
488  493  0.0383645
488  654  0.0166328
489  653  0.0166577
490  652  0.016663
490  662  0.0151517
491  651  0.0166507
491  661  0.0159218
492  650  0.0166566
492  660  0.0162842
493  649  0.0166183
493  658  0.0170884
494  536  0.0142402
494  657  0.0178024
495  535  0.0142578
495  656  0.0178043
496  534  0.0142575
496  655  0.0178021
497  533  0.0137504
497  654  0.0146631
498  532  0.0118542
500  519  0.0279207
501  518  0.0313192
502  517  0.551184
503  516  0.551547
504  515  0.552907
505  514  0.553422
506  513  0.520429
507  520  0.0720432
508  519  0.0743234
509  518  0.0744592
510  517  0.0781971
511  516  0.0567696
515  529  0.191404
516  528  0.263376
517  527  0.263397
518  525  0.294385
519  524  0.292442
525  652  0.0180896
526  651  0.0182263
527  650  0.0182598
528  649  0.0182508
530  551  0.0293057
531  550  0.0354487
532  549  0.0354305
533  548  0.0354367
534  547  0.0354841
534  581  0.532923
535  546  0.0353797
535  580  0.568455
536  541  0.0154672
536  544  0.0170444
536  579  0.57151
537  578  0.572839
538  577  0.57278
539  576  0.567791
540  574  0.49285
541  547  0.0153679
541  570  0.0555866
541  573  0.494028
542  546  0.0124802
542  569  0.0556516
542  572  0.493292
543  557  0.0104044
544  550  0.117292
544  556  0.0106422
544  564  0.566788
544  570  0.0261332
545  563  0.598817
546  550  0.016756
546  555  0.0110366
546  562  0.61112
546  570  0.0838949
547  554  0.0109159
547  561  0.613998
547  565  0.0424694
547  569  0.083379
548  560  0.613442
548  563  0.0883367
548  564  0.0288944
549  559  0.613576
549  562  0.126935
549  563  0.0145925
550  558  0.613553
550  561  0.144041
551  557  0.524833
551  560  0.143884
552  559  0.143715
553  558  0.133898
553  571  0.168801
553  640  0.0354915
554  570  0.181856
554  639  0.0374567
555  569  0.181869
555  638  0.0374588
556  568  0.181721
556  637  0.0374572
557  567  0.174963
557  635  0.0186921
557  636  0.0187521
558  634  0.0373945
559  565  0.0131014
559  566  0.0144293
559  633  0.0373543
560  565  0.0129384
560  632  0.0373132
561  631  0.0371418
563  629  0.0350981
564  628  0.0366684
565  570  0.0310338
565  627  0.0368125
566  616  0.0137236
566  626  0.0296683
567  615  0.0405383
568  614  0.0438411
569  613  0.0438576
570  612  0.0438573
571  610  0.0410449
572  609  0.0422034
573  608  0.0429429
574  607  0.038504
578  602  0.0418827
579  601  0.0426459
581  597  0.0437279
582  596  0.046369
583  595  0.0443412
585  594  0.353351
586  593  0.356377
587  592  0.36121
602  683  0.526087
603  682  0.524277
604  681  0.253418
607  681  0.625644
608  680  0.947188
609  679  0.951023
610  678  0.951014
611  677  0.950464
612  676  0.950735
613  675  0.944882
615  670  0.0100452
615  673  0.19587
616  670  0.0827878
616  673  0.0953564
617  669  0.0878521
617  672  0.0927885
618  667  0.114712
618  670  0.0182668
619  666  0.127989
619  667  0.0195132
620  665  0.128297
620  666  0.0176042
620  667  0.802839
621  663  0.132021
621  665  0.0142821
621  666  0.807612
622  662  0.133793
622  665  0.80944
623  661  0.133716
623  664  0.80964
624  662  0.0223127
624  663  0.784803
625  660  0.936686
626  659  0.94646
627  658  0.943046
629  654  0.936152
630  653  0.953266
631  652  0.95444
632  651  0.953943
633  650  0.954449
634  649  0.951917
637  645  0.0326573
638  644  0.024777
639  646  0.898867
640  645  0.879841
