1  29  0.0222272
1  41  0.0613034
2  28  0.0360479
2  40  0.104425
2  89  0.0226715
3  25  0.186112
3  27  0.0379695
3  39  0.117094
3  73  0.242886
3  88  0.0244022
4  24  0.185535
4  26  0.035507
4  38  0.11216
4  72  0.243283
5  23  0.162594
5  71  0.241326
5  88  0.0436966
6  70  0.237363
6  84  0.0188657
6  87  0.0463804
7  84  0.0641122
8  22  0.422175
8  34  0.12904
9  21  0.519412
9  33  0.147718
9  69  0.0264184
9  82  0.19871
10  20  0.519561
10  32  0.147559
10  33  0.0659402
10  68  0.0286169
10  81  0.198604
11  19  0.518344
11  22  0.0109961
11  67  0.0275898
11  80  0.18223
12  18  0.496431
12  21  0.013306
12  31  0.460182
13  17  0.18908
13  20  0.0127388
13  30  0.463903
14  29  0.463312
15  28  0.461616
16  27  0.447098
19  24  0.0260599
19  25  0.0121725
23  86  0.03499
24  85  0.0423145
25  84  0.0428838
26  90  0.0189159
27  80  0.0237316
27  89  0.0377551
28  79  0.0262011
28  88  0.0396213
29  78  0.024642
29  87  0.0310362
30  67  0.0107897
30  87  0.0163347
31  87  0.0114413
32  65  0.0714312
32  76  0.213748
32  85  0.0876189
33  64  0.0772945
33  75  0.228458
33  84  0.0965095
34  63  0.0767076
34  74  0.210797
34  83  0.0837737
35  45  0.0867992
35  62  0.0698915
35  72  0.150321
36  44  0.0947067
36  71  0.152662
36  88  0.0585423
37  43  0.0959652
37  60  0.0467059
37  67  0.0202191
37  70  0.153731
37  87  0.063083
38  65  0.168296
38  76  0.0636429
38  85  0.0420033
38  86  0.0325163
39  60  0.0168992
39  64  0.182288
39  67  0.0657137
39  75  0.0681913
39  84  0.0715175
40  59  0.0137097
40  63  0.178295
40  66  0.0663774
40  74  0.0583626
40  79  0.0116932
40  83  0.0609778
41  65  0.0656675
41  76  0.0391981
41  78  0.0149749
42  64  0.0610583
42  75  0.0424898
42  77  0.0150064
42  80  0.0305614
43  58  0.64209
43  73  0.0230106
43  74  0.0385505
43  79  0.0368686
44  57  0.644645
44  78  0.0368289
45  56  0.646196
45  77  0.0342197
46  55  0.647987
46  61  0.0178397
46  71  0.287455
47  54  0.647452
47  60  0.0178682
47  70  0.302707
47  75  0.0283156
48  53  0.577394
48  59  0.0178446
48  69  0.303578
48  74  0.0284792
49  58  0.0176323
49  68  0.303903
49  73  0.0282784
50  67  0.30386
51  66  0.295079
51  71  0.0275015
52  64  0.156036
52  70  0.0276615
54  61  0.27933
54  68  0.0284115
55  60  0.275918
55  64  0.0221374
55  67  0.0284131
56  63  0.020594
56  66  0.0274665
57  62  0.0149828
58  64  0.0250629
59  89  0.0970478
60  68  0.178971
60  88  0.116378
61  67  0.178433
61  87  0.11711
62  86  0.116654
63  85  0.114232
65  83  0.100327
66  89  0.026919
67  81  0.0486249
67  82  0.0509059
67  88  0.0308896
68  87  0.0310516
69  80  0.106984
69  86  0.0264825
70  79  0.111113
71  78  0.109138
71  86  0.011723
72  77  0.0794149
72  85  0.0279178
73  84  0.0308339
75  82  0.0257833
79  89  0.113181
80  88  0.12333
81  87  0.118924
