2  17  0.143099
3  9  0.0113281
3  16  0.184116
3  134  0.210038
4  15  0.183269
4  133  0.210616
5  14  0.180961
5  132  0.210079
6  13  0.151445
6  131  0.210484
7  130  0.210631
8  129  0.188961
10  139  0.545525
11  138  0.588126
12  137  0.585153
13  136  0.558867
15  127  0.0183731
16  126  0.019378
17  125  0.0189294
17  132  0.519672
18  131  0.608556
19  67  0.0335001
19  130  0.616041
20  66  0.0340238
20  122  0.0168216
21  28  0.0104118
21  65  0.0332198
21  68  0.0990226
21  121  0.0136846
21  128  0.771825
22  31  0.0176583
22  64  0.0319202
22  67  0.0436587
22  127  0.775459
23  30  0.0187276
23  62  0.014274
23  66  0.0431546
23  67  0.0795418
23  126  0.774476
24  66  0.0439208
25  59  0.0378866
25  65  0.0861491
25  124  0.494128
25  125  0.0102008
26  58  0.0380634
26  64  0.123102
27  57  0.0381425
27  63  0.12398
27  123  0.547984
28  56  0.0381024
28  62  0.118724
28  122  0.53176
29  122  0.195188
30  54  0.0385497
30  61  0.103357
30  121  0.682473
31  53  0.0385993
31  60  0.0554682
31  120  0.34151
32  52  0.0385692
32  60  0.0650335
32  120  0.468538
33  51  0.0385557
33  57  0.0102869
33  59  0.114002
33  119  0.832115
34  50  0.0250762
34  56  0.0103503
34  58  0.113992
34  118  0.832171
35  55  0.0103371
35  57  0.113651
35  117  0.832036
36  56  0.113284
36  116  0.830872
37  52  0.0103183
37  53  0.0440546
37  90  0.0373487
38  52  0.051561
38  81  0.0145513
38  89  0.0478152
39  50  0.144671
39  80  0.0174513
39  88  0.0503832
39  113  0.557179
40  49  0.161654
40  62  0.0915071
40  79  0.01748
40  87  0.0503771
40  112  0.557903
41  48  0.166472
41  61  0.114702
41  78  0.0167961
42  47  0.0966023
42  77  0.0161784
42  110  0.189844
43  76  0.0132309
43  109  0.192636
46  58  0.21215
46  106  0.557
47  57  0.219911
47  63  0.0317378
47  105  0.560665
48  56  0.22066
48  62  0.034089
48  104  0.56115
49  55  0.221446
49  61  0.0334789
49  103  0.561051
50  54  0.137167
50  59  0.0351901
50  102  0.560447
51  58  0.0354296
51  101  0.559259
54  98  0.0243
55  98  0.531348
56  97  0.561332
57  96  0.561149
58  95  0.5614
59  94  0.561015
60  93  0.418582
61  93  0.0153654
62  85  0.0191118
62  89  0.0133132
62  91  0.4321
64  84  0.0337024
65  83  0.0368674
65  86  0.721536
66  82  0.0408366
66  85  0.769805
67  81  0.0408708
67  84  0.76985
68  80  0.0409424
68  83  0.768189
69  79  0.0397863
69  140  0.131519
70  78  0.0343162
70  81  0.767003
70  139  0.148077
71  80  0.772189
71  138  0.149574
72  79  0.732097
72  136  0.0352817
72  137  0.113033
73  78  0.531811
73  135  0.0638064
74  135  0.0145503
75  133  0.137045
76  132  0.152965
77  131  0.15525
78  130  0.155624
79  129  0.158815
80  128  0.158831
81  127  0.158622
82  126  0.157953
83  95  0.0130133
83  125  0.0611057
84  94  0.013028
85  93  0.0150951
86  92  0.015265
87  91  0.0121466
87  115  0.349109
88  114  0.349642
89  112  0.0133275
89  113  0.321365
90  111  0.0222748
90  112  0.155558
90  113  0.0163992
91  112  0.0350808
92  109  0.265006
92  110  0.0808356
92  111  0.026573
93  108  0.413305
94  107  0.425297
95  106  0.425408
96  105  0.425283
97  104  0.425229
98  103  0.399917
107  113  0.0111555
116  123  0.0935859
116  124  0.0124586
117  122  0.110719
