1  325  0.0165959
1  336  0.0378733
2  324  0.0187201
2  335  0.0381227
2  359  0.020557
3  323  0.0180388
3  334  0.0382405
3  357  0.539766
3  358  0.0403905
4  322  0.0181837
4  333  0.0382159
4  356  0.540177
4  357  0.0431405
5  321  0.0191555
5  332  0.0366331
5  360  0.0507554
6  320  0.0167701
6  359  0.0728847
7  358  0.0710063
9  328  0.0306704
9  355  0.832796
9  356  0.0284443
10  316  0.0205628
10  327  0.0306307
10  354  0.918308
11  315  0.0167399
11  326  0.0227377
11  353  0.917621
12  312  0.0263724
12  352  0.919285
13  311  0.031999
13  313  0.0159606
13  351  0.918805
14  310  0.031639
14  312  0.0212612
14  350  0.918447
16  310  0.0590391
17  309  0.491445
18  308  0.604997
19  307  0.614051
20  306  0.61306
22  304  0.614448
23  45  0.376947
23  303  0.619615
24  44  0.377449
24  302  0.618935
25  43  0.377813
25  301  0.620182
26  42  0.377967
26  300  0.619977
27  41  0.378577
27  299  0.620129
28  40  0.376643
28  298  0.310402
29  39  0.374158
29  298  0.309268
30  37  0.0946503
30  38  0.266358
30  297  0.617933
31  36  0.175559
31  296  0.618831
32  37  0.0126364
32  295  0.614995
34  293  0.559031
35  292  0.587264
36  291  0.588848
36  294  0.0255695
37  290  0.583813
37  293  0.0257119
38  289  0.481236
38  292  0.0255574
39  287  0.0140221
39  291  0.0239636
40  287  0.090567
42  284  0.0890355
43  128  0.0786985
43  283  0.0935596
44  127  0.5986
45  126  0.601851
46  125  0.607318
46  348  0.24662
47  56  0.0125478
47  124  0.610176
47  347  0.3401
48  123  0.489259
48  346  0.339986
49  345  0.339889
50  121  0.548199
50  344  0.263348
51  120  0.608128
52  119  0.609185
52  317  0.0103813
52  318  0.0590175
53  118  0.610481
53  316  0.0114132
53  317  0.0708308
54  117  0.610519
54  315  0.011871
54  316  0.0717373
55  116  0.426389
56  61  0.0109749
56  315  0.0669712
57  314  0.0623691
60  113  0.0284467
60  312  0.0815698
61  70  0.0686145
61  89  0.0219557
61  112  0.0249084
61  130  0.0239615
61  285  0.0410259
61  311  0.0820802
62  69  0.0473843
62  88  0.0207654
62  129  0.0217297
62  284  0.0420292
63  128  0.0179063
63  283  0.042091
63  310  0.0803857
64  309  0.0818769
65  128  0.017207
65  308  0.081842
65  317  0.011483
66  86  0.0407966
66  127  0.274188
66  307  0.0814782
66  316  0.0116589
67  85  0.0426681
67  126  0.285346
67  306  0.0813607
67  315  0.0116605
68  84  0.0453247
68  125  0.289479
68  304  0.0116017
68  314  0.0115892
69  83  0.0454537
69  87  0.0705622
69  124  0.290316
69  303  0.0112946
69  313  0.0114321
70  82  0.045145
70  85  0.247126
70  86  0.0353106
70  123  0.290146
70  312  0.0112069
71  84  0.854214
72  83  0.937174
73  81  0.0360227
73  82  0.93578
74  80  0.0376934
74  81  0.900184
76  80  0.0247243
85  115  0.655009
86  114  0.754169
86  299  0.0780323
87  113  0.75222
87  298  0.0781563
88  297  0.0777759
89  113  0.0123333
89  296  0.0771995
90  111  0.961794
90  266  0.0128638
91  110  0.973695
91  265  0.0128752
92  109  0.973528
92  264  0.0128562
93  108  0.958474
93  226  0.0119019
94  225  0.0119077
95  107  0.0248061
96  105  0.831341
97  104  0.823966
97  105  0.0120757
98  103  0.627171
104  161  0.0158821
105  160  0.0190356
106  159  0.0192955
107  158  0.0191353
109  156  0.0195527
110  155  0.0195745
111  154  0.0151013
114  275  0.0230131
115  151  0.0133599
115  274  0.0231409
116  150  0.0153174
116  273  0.0227593
117  149  0.0150459
120  269  0.019672
121  143  0.0167724
121  268  0.0224993
121  290  0.0282458
122  142  0.0181469
122  267  0.0226738
122  289  0.0306974
123  141  0.0179918
123  266  0.022112
123  288  0.0303331
124  265  0.0220923
125  137  0.0202048
125  264  0.0145692
126  136  0.0508354
126  286  0.0259464
127  135  0.0513176
127  285  0.0258471
128  134  0.0515448
128  282  0.61506
128  343  0.172704
129  133  0.0319308
129  281  0.692859
129  342  0.174306
130  280  0.694047
130  341  0.174263
131  279  0.688013
133  277  0.691573
134  143  0.0169707
134  276  0.692299
135  142  0.0155443
135  143  0.161274
135  275  0.692414
136  142  0.163607
136  274  0.69174
137  141  0.102371
137  149  0.617875
137  174  0.0107249
138  148  0.616112
139  147  0.603501
140  171  0.0125445
141  170  0.0128201
141  221  0.0109268
142  149  0.0430513
142  169  0.010413
142  220  0.0113745
142  343  0.0534708
143  149  0.0151666
143  219  0.0112702
143  342  0.0536422
144  341  0.0491403
148  339  0.197046
149  338  0.233123
150  337  0.233622
151  172  0.0182487
151  266  0.0131984
151  336  0.233457
152  160  0.0120874
152  171  0.0183525
152  265  0.0132112
152  268  0.622531
152  335  0.230926
153  159  0.0123249
153  170  0.0183959
153  264  0.0134744
153  267  0.663332
153  329  0.0245311
154  169  0.0169313
154  263  0.0134
154  266  0.667238
154  328  0.0255077
154  333  0.210105
155  262  0.0134113
155  265  0.667157
155  327  0.0255128
155  332  0.208147
156  261  0.0133922
156  264  0.657609
156  326  0.0255087
157  260  0.0103795
157  263  0.233601
157  325  0.0237412
158  224  0.030874
159  165  0.0149851
159  169  0.252605
159  223  0.0351872
160  168  0.246877
160  222  0.0346621
160  322  0.0121098
161  167  0.215856
165  227  0.21638
166  172  0.0263786
166  184  0.0346441
166  226  0.412768
167  171  0.0100533
167  183  0.0347083
167  193  0.0108288
167  213  0.0434621
167  225  0.395159
167  317  0.0241791
168  182  0.0347522
168  192  0.011181
168  212  0.0502932
168  316  0.0246811
169  181  0.034559
169  191  0.0114416
169  211  0.0511336
169  315  0.0249589
170  180  0.0202236
170  190  0.0114733
170  210  0.0175524
170  223  0.56038
170  314  0.0250113
171  189  0.0106866
171  210  0.0381686
171  222  0.564207
171  313  0.0250265
172  209  0.0559318
172  221  0.564495
172  312  0.0249946
173  186  0.0238131
173  208  0.0618357
173  220  0.538803
173  311  0.0198262
173  330  0.213316
174  185  0.0238822
174  207  0.0618332
174  310  0.0197975
174  329  0.216223
175  184  0.0237072
175  186  0.0452915
175  206  0.0157313
175  216  0.273785
175  218  0.0263267
175  219  0.0687195
175  266  0.0145754
175  328  0.216482
176  185  0.0449196
176  215  0.272361
176  265  0.0143406
176  327  0.147363
177  264  0.0139723
177  307  0.0129036
177  326  0.0781378
177  327  0.0759999
178  215  0.0502878
178  306  0.0129313
178  326  0.145136
179  325  0.213829
180  187  0.0118127
180  213  0.0927159
180  214  0.0414417
180  324  0.212768
181  186  0.013703
181  323  0.209665
182  322  0.189979
183  210  0.782683
184  209  0.81136
184  227  0.0229824
185  208  0.823393
185  226  0.0771097
186  207  0.81972
186  225  0.0772857
187  224  0.075357
189  205  0.839156
190  204  0.902178
190  221  0.0757647
191  203  0.902594
191  220  0.0800623
192  202  0.90441
192  219  0.0800155
193  201  0.892704
193  218  0.0767526
194  200  0.779481
198  210  0.0647518
199  209  0.065664
200  206  0.0102505
200  208  0.0676942
201  207  0.048503
209  216  0.0325399
210  215  0.0325258
211  303  0.0114787
212  302  0.0113673
212  314  0.0181662
213  313  0.0184505
214  300  0.0127795
215  226  0.0153592
215  299  0.0135096
215  311  0.239843
216  225  0.0153458
216  298  0.0134882
216  310  0.240006
217  309  0.244772
218  308  0.246271
219  275  0.0105915
219  307  0.246548
220  274  0.0106655
220  306  0.246496
221  305  0.22174
222  275  0.0175401
223  274  0.024362
224  273  0.0239959
225  266  0.0306424
225  299  0.0969609
225  301  0.0134676
226  264  0.0858527
226  265  0.0153345
226  267  0.0731328
226  298  0.0956916
227  263  0.530223
227  266  0.14595
228  262  0.801128
228  265  0.145993
229  261  0.807939
229  264  0.146074
230  260  0.800451
230  263  0.144393
232  258  0.974703
233  257  0.984006
234  256  0.984449
235  255  0.987634
236  254  0.985636
237  253  0.864185
239  251  0.934568
240  250  0.908294
241  249  0.821371
241  250  0.0806883
242  249  0.116829
243  248  0.128349
265  297  0.0374083
265  299  0.0178671
266  296  0.0383561
266  298  0.0178784
267  295  0.0389758
267  297  0.016091
274  288  0.0845713
274  297  0.0604011
275  287  0.0849082
276  286  0.0854206
276  295  0.208442
277  285  0.0853662
277  294  0.209539
278  284  0.0795826
278  293  0.209706
279  283  0.0462181
279  292  0.209211
280  291  0.122197
282  289  0.214188
283  288  0.231559
294  307  0.0157959
295  306  0.0160416
296  305  0.0165318
298  311  0.0120138
299  310  0.0120522
301  307  0.0103726
309  348  0.0153371
310  330  0.403437
310  347  0.0436
310  349  0.0394444
311  329  0.409246
311  346  0.0435064
312  328  0.410282
312  347  0.0914951
313  320  0.0421963
313  327  0.293443
313  346  0.0830948
314  319  0.0534964
314  326  0.239542
314  345  0.0184651
315  325  0.24729
315  343  0.0295528
315  344  0.0182743
316  323  0.0290673
316  342  0.0297037
316  343  0.0812526
317  322  0.0258195
317  323  0.0576772
318  322  0.0315801
321  339  0.0616578
322  338  0.0662141
325  335  0.116884
326  334  0.124676
326  343  0.153038
326  356  0.0121132
327  333  0.124547
327  342  0.154585
327  355  0.0124444
328  332  0.10108
328  341  0.154588
328  354  0.0161089
329  340  0.152562
330  338  0.0156546
330  353  0.0177071
331  338  0.119688
331  352  0.0177849
332  337  0.0745772
332  339  0.0118314
332  347  0.408076
332  351  0.0177821
333  338  0.011565
333  346  0.408533
333  350  0.0176135
334  345  0.4078
335  344  0.368868
336  341  0.013818
338  347  0.0185152
339  346  0.0183801
340  345  0.0139441
341  355  0.0312749
342  354  0.0355093
343  353  0.0355423
344  352  0.0354217
345  351  0.0335914
