1  238  0.03363
2  12  0.0123783
2  194  0.144889
2  237  0.0858504
2  247  0.161531
2  254  0.112663
2  257  0.0281812
3  11  0.0192703
3  193  0.193651
3  236  0.100406
3  246  0.195532
3  253  0.1487
3  255  0.0174909
3  256  0.0307351
4  10  0.0198529
4  180  0.488033
4  182  0.0795305
4  192  0.190228
4  235  0.0834544
4  245  0.0490255
4  255  0.0275347
5  9  0.0161171
5  179  0.489204
5  181  0.130307
5  191  0.188993
6  178  0.483005
6  180  0.214465
6  182  0.0245919
6  190  0.0738516
6  253  0.0122148
7  179  0.195689
7  181  0.0232485
7  233  0.0288363
8  179  0.0396592
8  181  0.11718
8  232  0.0288774
9  178  0.0590125
9  180  0.14659
9  231  0.0231286
10  174  0.019737
10  179  0.1463
11  174  0.937815
12  173  0.967155
13  172  0.968992
14  171  0.96751
15  170  0.974348
16  169  0.974176
17  168  0.974278
18  166  0.168086
18  167  0.557962
19  165  0.335139
20  164  0.333198
20  165  0.625175
20  248  0.0107155
21  87  0.119906
21  164  0.140478
21  247  0.0110272
22  86  0.310278
22  163  0.0853624
22  246  0.0110938
23  85  0.310529
23  162  0.568954
23  245  0.0109327
24  84  0.310522
24  161  0.62546
25  83  0.309034
25  160  0.21387
26  82  0.309051
27  81  0.215852
27  88  0.667002
28  66  0.259187
28  87  0.667219
29  65  0.306894
29  86  0.641022
30  61  0.0195208
30  64  0.322583
30  85  0.159554
31  61  0.221737
31  63  0.325815
32  60  0.211215
32  62  0.320089
35  59  0.874967
36  58  0.992762
37  57  0.993001
38  56  0.99425
39  55  0.995043
40  53  0.020217
40  54  0.976189
41  52  0.979145
42  51  0.979096
42  52  0.0170213
43  50  0.942344
43  51  0.0169931
44  50  0.0116336
62  85  0.507556
63  84  0.656897
64  83  0.663813
65  82  0.662795
66  81  0.716497
67  80  0.717086
69  78  0.866536
70  77  0.94865
70  80  0.0163796
71  76  0.946628
71  79  0.0237361
72  78  0.0172516
87  163  0.0131306
89  162  0.265677
90  161  0.330358
91  160  0.690833
92  159  0.986722
93  158  0.985457
94  157  0.981766
96  153  0.274568
96  154  0.0163015
96  155  0.0569703
96  156  0.0108573
97  153  0.0255876
97  154  0.0438131
98  151  0.976143
99  150  0.999644
100  149  0.999482
101  148  0.999938
102  147  0.999644
103  146  0.99997
104  145  0.999911
105  143  0.332817
105  144  0.665356
106  142  0.665438
106  143  0.332881
107  141  0.999922
108  140  0.99996
109  139  0.999403
110  138  0.999808
111  137  0.694582
113  135  0.989921
114  134  0.989754
115  133  0.989401
116  131  0.99219
117  130  0.990707
118  129  0.805526
120  127  0.837519
121  126  0.46113
171  196  0.0180674
172  195  0.0182482
173  194  0.0183451
174  193  0.0182608
179  192  0.0714789
179  246  0.014299
180  191  0.0720921
181  190  0.101946
181  192  0.033338
181  245  0.517733
182  189  0.104417
182  191  0.0340293
182  244  0.547518
183  190  0.0585757
183  243  0.557233
184  189  0.0529163
184  242  0.557626
185  241  0.556792
186  240  0.516328
187  200  0.0100643
187  239  0.456894
187  240  0.0373412
188  199  0.0137301
188  238  0.351016
188  239  0.0720571
189  198  0.0171798
189  199  0.0129946
189  238  0.106634
190  201  0.0242428
190  203  0.14987
190  237  0.139711
191  196  0.0294925
191  197  0.0522655
191  200  0.0286541
191  202  0.195875
191  213  0.0330634
191  236  0.131962
192  212  0.0348872
192  233  0.0162045
193  211  0.0349613
193  232  0.0161391
194  199  0.0152553
194  200  0.0210427
194  210  0.0353393
195  209  0.0348561
196  208  0.0310565
197  250  0.0336209
198  249  0.0281817
199  248  0.025484
200  247  0.0186114
202  250  0.0195762
204  233  0.0608438
205  232  0.0586949
205  233  0.810924
206  232  0.819657
206  233  0.0135966
207  232  0.013729
208  230  0.945352
208  231  0.0106327
209  229  0.954068
210  228  0.958684
211  227  0.960727
212  226  0.96087
214  225  0.981764
215  224  0.981793
216  223  0.981591
217  222  0.923304
223  235  0.0154092
224  234  0.0156609
225  233  0.0155078
226  232  0.0142763
226  233  0.0101815
227  232  0.0101445
236  241  0.012062
236  250  0.0239505
238  249  0.214198
239  248  0.241751
240  247  0.259901
241  246  0.264806
247  256  0.0191808
248  255  0.0227566
249  256  0.0269903
250  255  0.0296274
