1  991  0.0110659
2  7  0.0106181
2  564  0.0516424
2  990  0.0118913
2  992  0.0108682
3  563  0.0843879
7  164  0.322951
8  163  0.362089
8  561  0.571255
9  162  0.362559
9  383  0.0201205
9  560  0.579169
10  161  0.362633
10  382  0.0283726
10  559  0.581833
11  160  0.362616
11  381  0.0283775
11  558  0.581842
12  159  0.351574
12  380  0.0283567
12  557  0.58103
13  158  0.296464
13  379  0.028322
13  556  0.577569
14  153  0.0142793
14  378  0.0282467
14  555  0.571348
15  152  0.014416
15  154  0.333841
15  377  0.0279739
15  554  0.549076
16  151  0.0112384
16  153  0.335201
17  27  0.0184503
17  152  0.272291
17  374  0.011826
18  26  0.024092
18  130  0.0140425
18  373  0.0149576
18  554  0.0266568
19  25  0.0248891
19  85  0.0234331
19  101  0.0299243
19  129  0.0204591
19  150  0.352667
19  372  0.0155707
19  553  0.390524
20  84  0.023469
20  100  0.0299428
20  128  0.0204684
20  149  0.35291
20  371  0.0154715
20  552  0.391636
21  83  0.0234531
21  99  0.0298773
21  127  0.0204649
21  148  0.3524
21  370  0.0153436
21  551  0.391171
22  126  0.0186877
24  95  0.0105864
24  145  0.227244
25  81  0.0321071
25  94  0.0113994
25  123  0.0107546
25  144  0.231103
25  541  0.0144763
26  80  0.0320242
26  143  0.221104
26  540  0.0144087
27  78  0.0427018
27  142  0.18351
27  539  0.0128436
28  77  0.0446363
28  91  0.0501012
28  94  0.0128888
28  147  0.0407574
28  376  0.0152934
28  544  0.358988
29  76  0.044815
29  90  0.0515482
29  129  0.0641232
29  138  0.0121335
29  141  0.0932945
29  146  0.0419741
29  375  0.0157375
29  537  0.0106492
29  543  0.424514
30  75  0.0341765
30  92  0.0528664
30  128  0.0641206
30  137  0.0130136
30  140  0.0747386
30  374  0.0157316
30  536  0.0137086
30  542  0.429698
31  73  0.0100435
31  91  0.0571014
31  127  0.064142
31  136  0.013087
31  144  0.0426467
31  373  0.0157218
31  535  0.0136543
31  541  0.429785
32  126  0.0530585
32  143  0.0425425
32  540  0.385147
33  142  0.0377599
33  539  0.298519
34  89  0.310188
35  88  0.435904
35  140  0.0386371
36  87  0.470616
36  139  0.050882
37  86  0.587771
37  138  0.0499804
38  85  0.608296
38  103  0.0530035
38  129  0.0173287
38  133  0.0173972
39  84  0.608313
39  102  0.0529271
39  128  0.0173221
39  132  0.0168249
39  135  0.0214072
39  136  0.0546584
40  75  0.0231002
40  83  0.306616
40  127  0.0132427
40  134  0.0228168
40  135  0.0547587
41  74  0.0326251
41  82  0.302478
41  134  0.055839
41  254  0.0161767
42  73  0.0331889
42  81  0.602759
42  132  0.0923573
42  253  0.0184151
43  54  0.85445
43  131  0.0995034
43  252  0.019129
44  53  0.85915
44  130  0.0994728
44  251  0.0191162
45  52  0.860578
45  59  0.0104088
45  129  0.0992413
45  250  0.0190194
46  51  0.624497
46  58  0.0103746
47  57  0.0102848
48  56  0.0100268
48  126  0.0937165
49  125  0.0940497
50  124  0.0937393
51  123  0.0913187
51  178  0.0179605
52  122  0.0875169
52  177  0.0192341
53  176  0.0192425
54  121  0.0408147
54  175  0.0192521
55  74  0.557009
55  120  0.037737
55  174  0.0191432
56  72  0.0115745
56  73  0.63566
56  74  0.0107104
56  125  0.0551798
56  173  0.0190228
57  71  0.012793
57  72  0.696255
57  73  0.0102047
57  75  0.0199877
57  124  0.0271414
57  172  0.0187995
58  70  0.0127644
58  71  0.716823
58  74  0.0276391
58  123  0.0318362
58  125  0.0145054
58  171  0.0175184
59  69  0.0133308
59  70  0.719601
59  73  0.0281897
59  118  0.0293529
59  122  0.0703279
59  124  0.0157756
60  69  0.515579
60  71  0.010685
60  72  0.0187969
60  121  0.0706953
60  123  0.0145021
61  69  0.0469812
61  70  0.0165612
61  116  0.0380214
61  120  0.0713678
61  122  0.0145929
61  168  0.0153173
62  67  0.56986
62  68  0.0345307
62  115  0.036428
62  119  0.0692833
63  121  0.0162378
64  69  0.0117283
64  70  0.0101853
64  113  0.0141581
64  118  0.0669815
64  120  0.0183042
65  117  0.0605757
65  119  0.0164968
66  117  0.0149499
67  82  0.0100729
67  99  0.0142472
67  113  0.0304017
67  116  0.0193974
68  98  0.0142325
68  112  0.0304567
68  116  0.0312402
69  97  0.0139666
69  110  0.0453816
69  111  0.0155581
69  115  0.0628322
70  79  0.0134384
70  96  0.0139438
70  109  0.0614852
70  114  0.0622131
71  78  0.0105471
71  95  0.0137774
71  108  0.0615429
71  111  0.0538305
72  107  0.0595877
72  110  0.0884299
73  109  0.091765
74  108  0.0913606
75  107  0.0840879
76  102  0.226172
77  101  0.311913
78  100  0.311783
79  99  0.315001
80  98  0.314995
81  97  0.236736
82  96  0.15824
82  97  0.0968441
83  95  0.0795175
83  96  0.175484
84  95  0.253827
85  94  0.332569
86  93  0.319951
87  538  0.129438
88  537  0.131585
88  543  0.0465231
89  536  0.136286
89  542  0.070036
90  535  0.136917
90  541  0.0752666
91  538  0.0323799
91  540  0.0859575
92  537  0.0263755
92  539  0.0859622
92  540  0.0127431
93  539  0.0177015
94  138  0.14975
94  372  0.0159406
94  537  0.120733
94  538  0.0243864
95  122  0.140937
95  137  0.16305
95  371  0.0159423
95  536  0.215786
96  121  0.200933
96  136  0.164707
96  370  0.0159664
96  535  0.217518
97  120  0.201606
97  135  0.164209
97  369  0.01597
97  534  0.217296
98  119  0.20169
98  368  0.0130513
99  115  0.129036
99  131  0.0146824
99  133  0.0477211
99  546  0.0122848
100  114  0.129201
100  117  0.195307
100  131  0.0910849
100  133  0.111899
100  166  0.0373323
100  545  0.0123151
101  113  0.128703
101  116  0.200791
101  132  0.111993
101  165  0.0374473
101  544  0.0123115
102  114  0.0197645
102  115  0.182764
102  129  0.241946
102  131  0.0260339
102  164  0.0383483
102  553  0.0223057
103  113  0.0361019
103  121  0.0143049
103  128  0.259162
103  163  0.03859
103  552  0.0222619
104  113  0.15725
104  120  0.0143739
104  127  0.259225
104  162  0.0385999
104  551  0.0221576
105  119  0.0123125
105  126  0.125256
105  161  0.0385137
105  538  0.116792
106  110  0.0215031
106  111  0.0146318
106  126  0.135394
106  537  0.117234
107  124  0.0505409
107  125  0.20119
107  156  0.03592
107  536  0.117123
108  123  0.058679
108  124  0.200814
108  155  0.0409433
108  535  0.116616
109  116  0.0126322
109  122  0.0599394
109  123  0.201081
109  154  0.0412991
109  534  0.115931
110  121  0.0550664
110  122  0.196604
111  120  0.0540204
111  121  0.0719401
111  152  0.0384101
112  119  0.0487938
112  151  0.0424077
113  119  0.151783
113  129  0.0279851
113  133  0.0594521
113  150  0.0426577
114  118  0.141398
114  121  0.0423389
114  122  0.022651
114  128  0.0280053
114  132  0.0297576
114  149  0.0425123
115  120  0.0381905
115  121  0.0224327
115  127  0.0279957
115  132  0.0386642
115  148  0.0422995
116  126  0.0277943
116  131  0.112044
116  133  0.12211
117  125  0.0273447
117  130  0.11241
117  132  0.122123
118  129  0.112624
118  131  0.122722
119  128  0.108406
119  130  0.122633
120  129  0.121819
121  126  0.0932826
123  533  0.235616
124  532  0.236297
125  531  0.236345
126  530  0.235974
127  529  0.213337
128  528  0.213755
129  527  0.235415
130  525  0.090075
131  147  0.0817165
132  145  0.0376569
132  146  0.0869833
132  523  0.181966
133  144  0.127354
133  522  0.222582
134  143  0.126904
134  521  0.22106
135  142  0.126175
135  520  0.215742
135  533  0.341955
136  141  0.121284
136  146  0.0186237
136  532  0.342468
137  145  0.0186169
137  531  0.342282
138  144  0.0178991
138  519  0.134451
138  530  0.341954
139  518  0.210272
139  529  0.341703
140  517  0.221542
140  528  0.34142
141  516  0.222609
141  527  0.340536
142  515  0.216157
143  514  0.191721
144  524  0.0190275
145  203  0.0293591
145  512  0.0710227
145  514  0.0159644
146  202  0.0317332
146  513  0.100685
146  522  0.0166212
147  201  0.0389718
148  200  0.0194785
148  511  0.538991
149  199  0.0195192
149  510  0.543133
150  198  0.038905
150  509  0.546011
151  197  0.0382846
151  508  0.545692
152  196  0.0341861
152  507  0.545854
153  158  0.0120314
153  506  0.542867
154  201  0.0162632
154  505  0.521525
155  200  0.0183181
156  199  0.0181211
159  200  0.0221376
160  194  0.0845067
160  196  0.149321
160  199  0.0305792
160  221  0.0448122
161  193  0.0848336
161  198  0.0311943
161  219  0.0862079
161  220  0.0446515
162  192  0.0810472
162  195  0.40638
162  196  0.0151063
162  218  0.0724334
163  194  0.409891
163  195  0.0134394
163  217  0.0726954
164  193  0.396601
164  216  0.0724612
164  992  0.0143538
165  192  0.396065
165  215  0.0698078
165  988  0.290447
165  991  0.0481729
166  190  0.587291
166  987  0.290918
166  990  0.0493306
167  189  0.59381
167  986  0.289617
167  989  0.047681
168  188  0.597624
168  985  0.286001
168  988  0.0425027
169  187  0.597694
169  983  0.0170178
169  984  0.18561
169  988  0.0136571
170  186  0.594449
170  987  0.0180483
171  185  0.468646
171  982  0.0480142
171  986  0.0144521
172  185  0.0264649
172  981  0.0317491
173  183  0.0281514
173  982  0.116018
174  183  0.523945
174  751  0.0469633
174  981  0.139316
175  182  0.609048
175  252  0.0158658
175  750  0.0639271
175  850  0.0125762
175  969  0.0444132
175  980  0.14223
176  181  0.603782
176  251  0.0158827
176  849  0.0112705
176  968  0.044422
177  250  0.0158149
177  749  0.0838034
177  967  0.0468817
177  978  0.11362
177  979  0.021163
178  748  0.0840563
178  966  0.0460847
178  977  0.100123
179  747  0.0838838
179  965  0.0356076
180  746  0.0840834
180  848  0.141537
180  960  0.0106783
181  247  0.0363062
181  745  0.0842069
181  847  0.162436
181  959  0.0120664
181  975  0.0812639
182  246  0.0363491
182  744  0.0842066
182  846  0.162427
182  958  0.0120628
182  974  0.0817867
183  245  0.0362732
183  743  0.0839408
183  973  0.0817442
184  244  0.0363104
184  742  0.0835214
184  972  0.0817338
185  243  0.0356497
185  843  0.159213
185  971  0.0700961
186  242  0.0275724
186  693  0.0941423
186  842  0.246802
187  692  0.111265
187  841  0.247098
188  237  0.0381792
188  691  0.112053
188  840  0.247194
189  236  0.0385308
189  690  0.111829
189  839  0.247099
190  235  0.0387012
190  689  0.111902
190  838  0.247314
191  213  0.0265356
191  234  0.0386868
191  687  0.0711075
191  837  0.247179
192  212  0.0345066
192  233  0.0385619
192  686  0.0712841
192  836  0.247056
193  209  0.0107623
193  211  0.0361345
193  232  0.0378482
193  684  0.0835033
193  685  0.0359723
193  835  0.247081
194  208  0.0117299
194  683  0.119641
194  834  0.245592
195  207  0.0110728
195  208  0.0584621
195  220  0.0247351
195  228  0.0398109
195  682  0.119706
195  829  0.120813
195  833  0.125365
196  207  0.0596281
196  219  0.114927
196  227  0.0400633
196  681  0.119717
196  828  0.240608
197  206  0.0583057
197  218  0.115851
197  226  0.0413842
197  680  0.119652
197  827  0.243123
198  217  0.115811
198  679  0.119716
198  826  0.243392
199  204  0.0396665
199  216  0.105276
199  224  0.0444049
199  678  0.119549
199  825  0.243077
200  223  0.0453605
200  677  0.119318
200  824  0.242889
201  222  0.0454691
201  502  0.0222011
201  676  0.119118
201  823  0.242723
202  211  0.0149735
202  215  0.0961732
202  221  0.0467923
202  501  0.024976
202  526  0.0126896
202  674  0.0898348
203  210  0.0139616
203  214  0.0913256
203  500  0.0249587
203  525  0.0126413
203  673  0.0892218
203  821  0.210362
204  209  0.0101481
204  213  0.0853962
204  218  0.327261
204  499  0.0249415
204  521  0.0101926
205  213  0.0155617
205  217  0.372418
205  498  0.0249718
205  520  0.011279
205  523  0.0148889
205  668  0.0617992
205  671  0.0193317
205  819  0.213168
206  212  0.0205916
206  216  0.37268
206  497  0.0249605
206  519  0.0112662
206  522  0.0146137
206  667  0.0625351
206  818  0.215078
207  211  0.0162184
207  215  0.372607
207  496  0.0249584
207  521  0.0216485
207  666  0.0600247
207  669  0.029306
207  721  0.0271778
207  817  0.213834
208  214  0.350273
208  495  0.0237406
208  520  0.0387997
208  666  0.0146257
208  668  0.0291242
208  720  0.0275423
208  816  0.209558
209  519  0.0367436
209  664  0.0573545
209  665  0.0178108
209  667  0.025905
209  719  0.0275371
209  815  0.196481
210  493  0.0188709
210  663  0.0573744
210  664  0.0203749
210  718  0.0275519
210  812  0.017972
210  814  0.164161
211  492  0.0189153
211  662  0.0571272
211  663  0.0205312
211  717  0.0275291
211  811  0.022672
211  814  0.0117734
212  517  0.0919827
212  661  0.024318
213  229  0.0108326
213  516  0.124524
213  811  0.0141609
214  228  0.012081
214  515  0.148393
214  809  0.189489
215  227  0.0132021
215  514  0.150211
215  808  0.199714
216  226  0.0133066
216  807  0.1999
217  225  0.0133143
217  513  0.171154
217  806  0.199984
218  224  0.0128798
218  512  0.171526
218  805  0.199438
219  511  0.171985
219  804  0.198174
220  503  0.528009
220  510  0.171865
220  803  0.133756
221  502  0.670953
221  509  0.170838
222  501  0.925794
223  500  0.925385
224  499  0.9252
225  498  0.926737
226  497  0.926532
227  232  0.0116778
227  496  0.927006
228  495  0.926478
229  494  0.877
232  393  0.0128812
233  392  0.0131004
233  395  0.81737
234  394  0.819742
234  400  0.0319877
235  393  0.819844
235  399  0.0340951
236  391  0.617637
236  398  0.0341486
237  247  0.0450153
237  385  0.0891317
237  390  0.616037
237  392  0.0469619
237  397  0.0341124
238  384  0.0906571
238  389  0.568016
238  391  0.0436387
238  396  0.0308392
239  245  0.127356
239  246  0.132249
239  383  0.092438
240  244  0.0799415
240  245  0.133484
240  381  0.090992
241  380  0.0894105
241  387  0.0514257
242  379  0.0848464
242  386  0.054149
242  387  0.0108262
243  378  0.0225017
244  252  0.0708713
244  384  0.0907124
244  385  0.0270675
245  250  0.340978
245  384  0.0241854
245  385  0.134412
246  382  0.250228
246  384  0.136124
247  381  0.250932
247  383  0.137012
249  384  0.01245
250  379  0.0132454
250  383  0.0148132
251  384  0.20158
252  381  0.0113668
252  383  0.240617
253  382  0.231508
253  385  0.107682
253  392  0.0127856
254  384  0.104091
254  391  0.0114078
255  310  0.914822
255  383  0.06867
256  309  0.971223
257  308  0.988092
258  307  0.98997
259  306  0.981949
261  304  0.967835
262  303  0.973711
263  304  0.0157729
264  302  0.987794
264  303  0.0119539
265  301  0.991985
266  300  0.995994
267  299  0.999956
268  298  0.999926
269  297  0.999196
270  296  0.998702
271  295  0.999972
272  294  0.999988
273  293  0.999986
274  292  0.999766
275  286  0.0127885
275  291  0.958893
276  283  0.0139606
276  285  0.0258905
277  284  0.0204648
277  289  0.0911117
277  290  0.0200782
278  287  0.0114877
279  288  0.684198
280  287  0.499032
281  288  0.0181986
282  287  0.0109346
283  288  0.0161179
311  378  0.857487
312  377  0.938817
313  376  0.945469
314  363  0.0147358
314  375  0.945219
315  374  0.938138
316  373  0.897349
318  360  0.687861
319  359  0.949785
320  358  0.968928
321  357  0.915987
322  356  0.913752
322  357  0.0641652
323  356  0.0646577
324  354  0.987277
325  353  0.992061
326  352  0.969512
328  350  0.994073
329  349  0.994147
330  348  0.994434
331  347  0.993667
333  346  0.999206
334  345  0.999278
335  344  0.998957
336  343  0.995217
361  373  0.0446051
362  372  0.865429
363  369  0.0104984
363  371  0.858006
364  372  0.058168
365  369  0.159039
365  370  0.014129
365  371  0.0508601
373  385  0.012243
374  384  0.0122556
375  383  0.0122588
376  382  0.01178
379  392  0.0210974
380  391  0.0211083
381  390  0.0206916
383  395  0.0346365
384  394  0.0349735
385  393  0.034852
396  493  0.814595
397  404  0.0119658
397  492  0.898979
398  403  0.0124847
398  491  0.899496
399  490  0.899939
400  489  0.85583
405  487  0.621215
406  991  0.0285414
407  486  0.94242
407  990  0.0309573
408  485  0.946217
408  989  0.0310421
409  484  0.94628
409  988  0.0311349
410  483  0.945746
410  987  0.0311188
411  482  0.945235
411  986  0.0310987
412  481  0.945516
412  985  0.0311255
413  984  0.0307344
414  479  0.0659265
414  983  0.0258111
415  478  0.943727
416  477  0.945893
417  476  0.935647
417  538  0.0276802
418  537  0.0279225
419  474  0.393589
419  536  0.0279526
420  472  0.942727
420  535  0.0279696
421  471  0.360839
421  534  0.0279192
422  470  0.363008
422  533  0.0279287
423  469  0.946231
423  532  0.0276131
424  468  0.946241
424  528  0.0225935
425  467  0.945171
425  527  0.0278191
426  526  0.0278749
427  465  0.833163
427  525  0.0278266
428  464  0.842409
428  465  0.0364828
428  524  0.0278573
429  463  0.796026
429  464  0.0909768
429  523  0.0264079
430  463  0.1199
431  459  0.103763
431  461  0.161822
431  462  0.147602
432  458  0.103947
432  460  0.16095
432  461  0.141531
436  456  0.949555
436  510  0.0142017
437  455  0.949882
437  509  0.0142331
438  453  0.962925
439  452  0.965222
440  451  0.970199
440  514  0.0134221
441  450  0.969988
441  513  0.0135719
442  449  0.927645
445  510  0.0172971
446  509  0.0173544
447  508  0.0173357
448  507  0.0172227
450  505  0.0123366
455  503  0.0402475
456  502  0.0420184
457  501  0.0427694
458  500  0.0427306
459  499  0.0425446
460  498  0.0416722
462  494  0.0351682
463  493  0.042448
464  492  0.0427751
465  491  0.0429994
466  490  0.0431253
469  487  0.0457522
470  486  0.0457444
471  485  0.0461972
472  484  0.0462004
473  483  0.0461408
474  482  0.0385418
502  507  0.166747
502  720  0.0101729
505  716  0.220038
506  715  0.221081
507  714  0.221232
508  713  0.145287
509  713  0.0834527
510  712  0.228995
511  522  0.0173852
511  711  0.229067
512  521  0.0349607
512  710  0.228862
513  520  0.0391288
513  709  0.228345
514  526  0.28638
514  708  0.219526
515  525  0.287356
515  707  0.199351
516  524  0.285531
516  666  0.246724
517  522  0.0179979
517  665  0.245559
518  664  0.235879
520  662  0.0780332
520  663  0.0456872
521  662  0.0456467
522  660  0.352758
523  659  0.354392
524  658  0.354568
525  656  0.364203
526  655  0.365513
526  811  0.0101668
527  654  0.364134
527  810  0.0103868
528  653  0.341491
528  809  0.0103776
529  808  0.010291
530  651  0.330758
530  807  0.0102933
531  650  0.369118
532  649  0.370153
532  806  0.010043
533  648  0.370142
533  805  0.0101905
534  647  0.368419
534  804  0.0103268
535  646  0.36406
535  803  0.0103152
537  551  0.0470836
537  557  0.0117437
538  550  0.0631682
538  551  0.011866
538  556  0.0123133
539  548  0.0315764
539  549  0.0577723
539  550  0.0119873
540  547  0.0446511
540  548  0.0514624
540  549  0.0115928
540  556  0.0103255
540  557  0.139045
541  546  0.0507871
542  555  0.258931
543  554  0.271358
544  553  0.432758
545  552  0.433441
546  551  0.403541
550  980  0.0106507
551  979  0.0105019
552  559  0.0207232
552  642  0.0132256
552  644  0.0781206
552  978  0.0103476
553  558  0.0208158
553  641  0.0132358
553  643  0.0782275
553  976  0.0152192
554  640  0.0133426
554  642  0.0798354
554  975  0.0151979
555  639  0.013158
555  641  0.0797406
555  974  0.0150898
556  640  0.0792536
556  644  0.0248674
558  636  0.042856
558  638  0.0155396
558  642  0.0804798
558  644  0.170366
558  969  0.0168964
559  634  0.0658522
559  637  0.0280567
559  641  0.0805848
559  643  0.170568
559  968  0.0169242
560  633  0.0664551
560  636  0.0263727
560  640  0.0804922
560  642  0.169544
560  967  0.016972
561  631  0.0913182
562  569  0.0186207
562  630  0.0916343
562  638  0.0788191
562  640  0.165238
562  969  0.0447893
562  977  0.0101477
562  988  0.140233
562  991  0.0564298
563  568  0.0185161
563  629  0.0916484
563  637  0.0802063
563  639  0.165138
563  964  0.0173311
563  968  0.0448219
563  976  0.0129006
563  987  0.140409
563  990  0.0577831
564  628  0.0913249
564  636  0.0768381
564  638  0.122632
564  963  0.0121426
564  967  0.045036
564  975  0.0114238
564  986  0.0715236
564  989  0.0374672
565  627  0.0909479
565  638  0.0110863
565  965  0.0249988
565  966  0.023343
565  991  0.278674
566  615  0.0146388
566  626  0.0844266
566  637  0.0107959
566  961  0.0144157
566  964  0.0465731
566  987  0.0344907
566  990  0.299591
567  614  0.0196517
567  782  0.0100369
567  960  0.0189082
567  963  0.0469379
567  986  0.0447649
567  989  0.304432
568  606  0.0215476
568  609  0.0452163
568  613  0.0213248
568  618  0.015857
568  624  0.0269473
568  636  0.0365379
568  638  0.0136494
568  781  0.0101068
568  959  0.0189972
568  962  0.0472104
568  969  0.177437
568  985  0.0409305
568  988  0.30499
569  574  0.0310453
569  605  0.0215005
569  607  0.0309601
569  608  0.0326715
569  612  0.0178773
569  617  0.0158679
569  623  0.0604941
569  634  0.116967
569  637  0.0146082
569  780  0.0101066
569  958  0.0189883
569  961  0.047157
569  968  0.177536
569  987  0.304748
570  577  0.0113122
570  606  0.0510643
570  633  0.112198
570  636  0.0140406
570  930  0.0281374
570  967  0.186752
570  983  0.0510135
570  985  0.0514153
570  986  0.132603
571  621  0.0321456
571  929  0.0267486
571  966  0.180355
571  982  0.0502402
571  984  0.0490856
572  965  0.126584
572  981  0.039438
572  982  0.0127019
572  984  0.0156429
573  614  0.0196664
573  981  0.0133232
573  984  0.0749438
574  603  0.579019
574  613  0.0225556
574  618  0.0132618
574  980  0.0119631
574  983  0.0890315
575  602  0.630636
575  982  0.0812532
576  601  0.667471
577  600  0.670703
577  612  0.117814
578  599  0.607189
578  611  0.131764
579  598  0.604461
579  610  0.135508
579  675  0.0174233
580  597  0.804256
580  609  0.136485
580  674  0.0222574
581  596  0.804758
581  673  0.0222625
582  595  0.805371
582  607  0.136485
582  672  0.0222833
583  594  0.729675
583  606  0.136571
583  671  0.0221915
584  605  0.136338
585  592  0.81666
585  669  0.0222281
586  591  0.768856
586  603  0.109764
586  668  0.0222829
587  667  0.0220434
588  602  0.100925
589  601  0.101682
589  665  0.0127331
590  600  0.101853
590  601  0.0459512
590  664  0.021757
591  599  0.102251
591  600  0.0473039
591  663  0.0217928
592  598  0.0989957
592  599  0.0468982
592  662  0.0217247
593  598  0.0272146
595  660  0.0105139
596  659  0.0105401
597  658  0.0105145
598  980  0.135228
599  979  0.135979
600  652  0.0141629
600  978  0.135955
601  651  0.0179418
601  977  0.133133
602  616  0.0174676
602  650  0.0175679
602  976  0.10092
603  649  0.0159225
603  964  0.0109455
604  614  0.0477283
604  631  0.0345506
604  963  0.305905
604  966  0.0215687
604  978  0.0135802
604  980  0.0636865
605  613  0.0676716
605  630  0.0338636
605  644  0.0253177
605  925  0.0426101
605  962  0.351813
605  965  0.0634759
605  977  0.0132346
605  979  0.0618405
605  991  0.0149415
606  612  0.0674737
606  615  0.0108468
606  629  0.0338084
606  643  0.026133
606  924  0.0427525
606  961  0.35206
606  964  0.0771808
606  976  0.0154945
606  990  0.0153659
607  614  0.013435
607  625  0.0137584
607  628  0.0266366
607  642  0.0262471
607  774  0.010196
607  923  0.043
607  960  0.351673
607  963  0.0932254
607  978  0.0605198
607  989  0.0155569
608  613  0.0148237
608  618  0.0105082
608  624  0.0149792
608  627  0.0204931
608  640  0.0312941
608  773  0.0101973
608  922  0.0430012
608  959  0.352319
608  962  0.0956211
608  977  0.0602535
608  988  0.0156687
609  617  0.0105162
609  623  0.0151285
609  639  0.0319994
609  772  0.0101957
609  921  0.0429956
609  958  0.352077
609  961  0.0956284
609  976  0.060597
609  987  0.0156674
610  638  0.0318086
610  920  0.0305484
610  960  0.0469633
610  986  0.0114886
611  680  0.234796
611  960  0.0465109
611  963  0.0327096
612  618  0.0760904
612  624  0.0127752
612  633  0.0335905
612  636  0.0132114
612  679  0.269578
612  879  0.0113524
612  919  0.0122433
612  959  0.0911632
612  962  0.037895
613  617  0.0617912
613  623  0.0136645
613  634  0.0397106
613  678  0.269537
613  878  0.0113642
613  958  0.0911569
613  961  0.0377843
614  622  0.0127613
614  632  0.185844
614  677  0.212283
614  877  0.0115606
614  957  0.084883
615  631  0.377271
615  633  0.0158128
615  876  0.0117575
615  930  0.027136
615  956  0.0468437
616  929  0.0257834
616  960  0.0153238
616  963  0.0246589
617  630  0.555316
617  925  0.0137612
617  955  0.0417978
617  959  0.0195345
617  962  0.0284571
618  629  0.557865
618  874  0.0696507
618  924  0.0137762
618  954  0.0417407
618  958  0.0192879
618  961  0.0284577
619  625  0.011473
619  628  0.570081
619  633  0.0172152
619  817  0.0128713
619  873  0.101267
619  960  0.0231224
620  627  0.562055
620  816  0.0127764
620  872  0.101287
620  952  0.0329052
621  626  0.533665
621  632  0.0255685
621  815  0.0113694
621  871  0.101313
621  951  0.0304683
621  957  0.0875453
622  631  0.0284013
622  774  0.0114643
622  804  0.0226559
622  870  0.100934
622  950  0.0241259
622  956  0.104425
623  630  0.0282833
623  773  0.0116526
623  803  0.0231325
623  869  0.10091
623  955  0.104654
624  629  0.0163551
624  802  0.0231552
624  868  0.100797
624  948  0.0227733
624  954  0.104574
625  772  0.0115276
625  801  0.0231732
625  867  0.100505
625  947  0.0220774
625  953  0.10467
626  771  0.0127445
626  800  0.0230963
626  952  0.104098
627  770  0.0128495
627  951  0.101653
628  769  0.0128545
628  798  0.0239116
628  843  0.0273819
628  949  0.0742953
629  797  0.0307828
629  842  0.0847715
630  796  0.0307871
630  841  0.0847944
630  947  0.106267
631  766  0.010371
631  795  0.0307797
631  840  0.0847184
631  946  0.106604
632  765  0.0104989
632  794  0.0243569
632  945  0.106433
633  676  0.0144246
633  764  0.0105042
633  944  0.106211
634  674  0.424158
635  673  0.424592
636  672  0.424865
637  671  0.422074
638  768  0.113267
639  669  0.192616
639  670  0.197432
639  767  0.134169
640  766  0.135032
641  668  0.395467
641  765  0.134988
642  716  0.0106239
642  764  0.134983
643  666  0.424918
643  715  0.148436
644  665  0.424895
644  714  0.152505
645  713  0.152645
646  663  0.434863
646  712  0.152738
647  662  0.435017
647  711  0.152731
648  661  0.433587
648  710  0.152395
649  660  0.430827
649  709  0.152636
650  708  0.150491
651  658  0.0736906
651  659  0.228964
652  658  0.220146
652  706  0.132223
653  657  0.101634
653  705  0.134687
654  704  0.117791
657  667  0.0127812
657  675  0.0985975
658  666  0.0163267
658  674  0.119018
659  673  0.119036
660  665  0.0113374
660  672  0.117571
662  669  0.0319647
662  670  0.0927487
662  671  0.029367
663  668  0.028855
663  669  0.0904174
663  670  0.0284279
668  703  0.109188
669  703  0.0824881
670  701  0.279329
671  700  0.28271
672  699  0.283718
673  697  0.144916
673  698  0.141858
674  696  0.286971
675  695  0.286978
675  963  0.0156197
676  694  0.287205
676  940  0.113919
676  962  0.0172301
677  693  0.285608
677  939  0.113875
677  960  0.0630277
678  702  0.094004
678  938  0.113933
678  959  0.0822482
679  691  0.281326
679  701  0.0940468
679  937  0.113838
679  958  0.0822758
680  690  0.280117
680  700  0.0914287
680  936  0.0746805
680  957  0.0829954
681  689  0.268633
681  695  0.0373613
681  699  0.0587022
681  956  0.0565087
682  694  0.0903151
682  934  0.113731
682  955  0.0282649
682  956  0.300453
683  687  0.064442
683  693  0.094879
683  933  0.113973
683  955  0.329374
684  692  0.0963743
684  932  0.114131
684  954  0.357629
685  691  0.0930726
685  931  0.113825
685  953  0.357637
686  927  0.0945161
686  952  0.357176
687  926  0.105013
687  951  0.356678
688  925  0.106051
688  950  0.356904
689  924  0.105977
689  949  0.356176
690  774  0.0253206
690  923  0.0654572
691  773  0.0253143
691  870  0.100823
691  922  0.0145513
692  771  0.0296013
692  869  0.111661
693  770  0.0300308
693  868  0.111987
693  948  0.0125832
694  769  0.0304597
694  867  0.11202
694  947  0.0154386
695  768  0.0300758
695  866  0.109398
695  968  0.0113421
696  741  0.0766626
696  767  0.0261244
696  865  0.0909691
696  967  0.0282702
697  740  0.0812748
697  966  0.0282872
698  739  0.0822685
698  765  0.0271071
698  965  0.0282857
699  738  0.0825812
699  764  0.027545
699  775  0.313359
699  849  0.0137105
699  864  0.0783954
699  964  0.0283117
700  737  0.0428565
700  763  0.0252602
700  774  0.327958
700  848  0.0145282
700  863  0.08944
700  963  0.027942
701  737  0.044228
701  762  0.0215982
701  773  0.327978
701  847  0.0146413
701  862  0.0894715
701  962  0.027987
702  736  0.0839278
702  772  0.327679
702  846  0.0146365
702  861  0.0894383
702  961  0.0279725
703  735  0.0628656
703  771  0.244915
703  860  0.05244
703  960  0.014448
704  715  0.0105184
704  735  0.0184425
705  714  0.0108533
705  734  0.0229502
706  713  0.0107754
707  732  0.109254
708  731  0.116713
708  770  0.304546
708  841  0.0157184
709  730  0.117292
709  769  0.313661
709  840  0.0589253
710  729  0.0447699
710  768  0.313322
710  839  0.0592797
711  728  0.0447721
711  767  0.0142449
711  790  0.0102054
711  838  0.0586789
712  727  0.117295
712  767  0.337316
712  789  0.0102013
712  837  0.0584559
713  726  0.115954
713  788  0.0102188
713  836  0.0585016
714  725  0.105908
714  787  0.0101884
714  835  0.0585053
715  724  0.0595946
715  764  0.359957
715  834  0.05674
716  722  0.0159687
716  763  0.540395
717  722  0.0929253
717  762  0.54492
717  832  0.0271215
718  761  0.538909
719  832  0.0261342
720  758  0.0774448
720  759  0.490338
720  831  0.0272497
721  757  0.0779934
721  758  0.490539
721  829  0.0479888
722  756  0.0783711
722  757  0.489946
722  801  0.2317
722  828  0.0482389
723  753  0.0151356
723  755  0.0674722
723  800  0.240465
723  827  0.0479092
724  752  0.0153237
724  755  0.452181
724  799  0.241992
724  826  0.0478904
725  754  0.358076
725  798  0.074651
725  825  0.043317
727  796  0.245433
727  823  0.0132952
728  754  0.127961
728  795  0.0940319
729  750  0.411537
729  753  0.196795
729  794  0.0982867
730  749  0.412247
730  752  0.197407
730  793  0.250661
731  748  0.400151
731  751  0.194953
732  747  0.363265
732  748  0.0114455
733  746  0.180041
733  747  0.0211024
733  749  0.183249
733  790  0.267011
734  746  0.0292558
734  748  0.176024
734  789  0.267012
735  788  0.266706
736  745  0.602144
736  787  0.265232
736  844  0.0141726
737  744  0.601172
737  786  0.264069
737  843  0.0141989
738  842  0.0142554
739  785  0.0578508
739  841  0.0122173
740  784  0.0553017
740  785  0.0826527
740  840  0.0121031
741  783  0.0562369
741  784  0.175441
741  839  0.0142295
742  838  0.0142505
743  782  0.24921
743  837  0.01421
744  781  0.258146
744  835  0.0137841
745  780  0.25652
745  834  0.0137356
746  760  0.0484053
746  833  0.013016
747  759  0.0243571
747  760  0.0234731
748  758  0.0267107
748  759  0.0269066
748  760  0.174107
748  830  0.010321
749  757  0.0579111
749  758  0.0290502
749  759  0.189979
749  829  0.0107452
750  756  0.0573859
750  757  0.028824
750  758  0.190032
751  756  0.0154933
751  757  0.176067
751  824  0.0413042
752  756  0.0673398
752  757  0.0163342
752  823  0.0443094
753  822  0.0443358
754  821  0.0441958
756  820  0.0446841
756  981  0.0541812
757  819  0.0446867
757  980  0.0803761
758  979  0.0805119
759  817  0.045138
759  978  0.0805504
760  816  0.0451156
760  977  0.0786877
761  815  0.0450751
761  976  0.0539529
762  814  0.0448826
763  780  0.0143304
764  779  0.284467
765  778  0.285069
765  811  0.030591
766  777  0.285544
766  810  0.0309034
766  962  0.0722932
767  776  0.275881
767  809  0.0291267
767  961  0.0724592
768  960  0.071633
769  774  0.116624
769  790  0.0674914
769  838  0.0894038
769  885  0.0452033
769  959  0.0659288
770  789  0.0675725
770  837  0.0895665
770  884  0.0459859
771  788  0.0675821
771  836  0.0896264
771  883  0.0462609
772  787  0.0676308
772  835  0.0897491
772  882  0.0464585
772  955  0.0641171
773  786  0.0636948
773  834  0.0896983
773  881  0.0465018
773  954  0.0686378
774  783  0.0118679
774  833  0.0871925
774  880  0.0465005
774  953  0.0681784
775  782  0.0100381
775  832  0.0503287
775  879  0.0461312
775  952  0.0559876
776  832  0.0104376
777  783  0.0244766
777  828  0.0277223
777  831  0.0157753
777  878  0.0158075
777  946  0.456456
778  827  0.0274303
778  945  0.460994
779  877  0.0464689
779  944  0.461478
780  787  0.0216416
780  826  0.0343514
780  832  0.0276776
780  876  0.0465541
780  943  0.461167
781  786  0.0212944
781  825  0.0346063
781  831  0.0311734
781  875  0.0465552
781  942  0.461588
782  824  0.0294857
782  830  0.0308336
782  874  0.0464474
782  941  0.461251
783  873  0.0464032
783  940  0.461327
784  872  0.044009
784  939  0.437605
785  800  0.028029
785  827  0.0475536
785  848  0.0142985
785  938  0.392856
785  939  0.021749
786  799  0.0321239
786  826  0.0512982
786  847  0.0163497
786  850  0.016816
786  938  0.0433099
787  798  0.0321336
787  825  0.0512901
787  846  0.0163486
787  849  0.0168195
787  936  0.287347
787  937  0.0644116
788  845  0.0108289
788  848  0.0112075
789  796  0.0144779
789  809  0.0222526
789  823  0.0105992
789  824  0.0288057
790  795  0.0325383
790  808  0.0241843
790  822  0.0228171
790  823  0.0287814
791  807  0.0121859
791  821  0.0190204
792  807  0.0591991
792  855  0.0152158
792  882  0.114106
793  806  0.0745414
793  829  0.0154547
793  854  0.0173569
793  881  0.122879
793  936  0.135623
794  805  0.0744651
794  853  0.017333
794  880  0.122485
794  883  0.0215702
794  935  0.14749
795  804  0.0754471
795  820  0.0721644
795  879  0.122765
795  882  0.0272901
795  934  0.148172
796  803  0.0711752
796  819  0.0738909
796  826  0.0156668
796  852  0.144631
796  933  0.147745
797  818  0.0739585
797  825  0.0156517
797  851  0.15293
797  877  0.123541
797  880  0.0376175
797  932  0.147044
798  817  0.0702696
798  850  0.159679
798  876  0.125044
798  879  0.173418
799  814  0.0239903
799  849  0.159441
799  875  0.125012
799  878  0.174689
800  813  0.0241986
800  874  0.124712
800  877  0.174412
801  847  0.0246475
801  873  0.124397
801  876  0.174781
802  872  0.117281
803  823  0.0589976
803  875  0.174998
804  811  0.302877
804  822  0.0606359
804  874  0.176241
805  810  0.341956
805  820  0.0897116
805  870  0.0575845
805  873  0.175943
806  819  0.0912463
806  869  0.0576629
806  872  0.17566
807  818  0.0925853
807  868  0.054055
807  871  0.175716
808  817  0.0941892
808  850  0.0101023
808  870  0.173568
809  816  0.0690879
810  867  0.0110735
811  817  0.0110356
811  850  0.101063
813  845  0.0365587
813  848  0.249467
814  844  0.0401882
814  847  0.273998
814  870  0.026101
815  845  0.0434259
816  868  0.0350898
817  843  0.416042
817  867  0.0359481
818  842  0.546438
819  841  0.546617
820  840  0.546896
821  839  0.546799
822  838  0.54621
823  837  0.250854
825  835  0.547745
826  834  0.547356
827  833  0.491554
828  832  0.0344205
828  870  0.0147433
829  869  0.014702
831  865  0.0189541
832  864  0.0191145
833  863  0.0193763
834  862  0.019385
835  861  0.0193816
836  860  0.0189278
837  859  0.0122346
841  852  0.0480639
842  851  0.0482164
842  856  0.0332671
843  850  0.170993
843  855  0.035416
843  882  0.0189827
843  969  0.0195166
844  849  0.169419
844  854  0.0355595
844  881  0.0214024
844  968  0.0193376
845  853  0.0355068
845  880  0.0214757
845  970  0.0124141
846  852  0.0355679
846  879  0.022057
846  969  0.0239169
847  851  0.0288682
847  867  0.0187509
847  878  0.0220605
847  968  0.0237701
848  866  0.0190109
848  877  0.0220244
849  865  0.0177687
849  876  0.0220766
849  965  0.0311728
849  977  0.0142638
850  864  0.0173605
850  875  0.0219817
850  964  0.0335374
850  976  0.0181331
851  865  0.494799
851  962  0.193566
852  861  0.0158064
852  864  0.496717
852  961  0.195263
853  860  0.0143271
853  863  0.501362
853  934  0.13009
853  960  0.195185
854  862  0.501534
854  933  0.130184
854  959  0.195525
855  861  0.450563
855  931  0.0688529
855  932  0.0659583
855  958  0.189928
856  860  0.0314159
856  930  0.329859
857  929  0.326142
859  927  0.310521
860  926  0.342871
861  925  0.343902
862  924  0.343522
864  922  0.343618
865  921  0.344001
866  920  0.343648
867  873  0.027662
867  919  0.341121
868  872  0.0106011
870  915  0.0851443
871  914  0.0848566
873  912  0.0889894
873  915  0.253101
873  921  0.0296958
873  964  0.0174365
874  911  0.0990157
874  914  0.265354
874  920  0.0330823
874  923  0.0636261
874  963  0.0247476
875  910  0.100224
875  913  0.269682
875  916  0.0385681
875  919  0.0340824
875  922  0.0643503
875  925  0.0530202
875  962  0.0258787
876  909  0.100227
876  912  0.269689
876  915  0.0387024
876  921  0.0642916
876  924  0.0531339
876  961  0.0258846
877  908  0.100029
877  911  0.269271
877  914  0.0386855
877  920  0.0335961
877  923  0.0536144
877  960  0.0258435
878  907  0.100207
878  910  0.269758
878  913  0.0387718
878  916  0.108042
878  922  0.0536006
878  959  0.025889
879  906  0.100144
879  909  0.269741
879  912  0.0387703
879  915  0.115101
879  921  0.0535834
879  958  0.0258765
880  889  0.10405
880  908  0.265425
880  911  0.0386602
880  914  0.117118
880  920  0.053172
880  930  0.161659
881  888  0.103965
881  907  0.265877
881  910  0.0386446
881  913  0.118716
881  919  0.0531508
881  929  0.161952
882  887  0.0786781
882  906  0.265502
882  909  0.0286675
882  912  0.1186
882  918  0.0498261
882  928  0.1622
883  905  0.263558
883  908  0.0162253
883  911  0.113668
883  927  0.161781
884  904  0.256581
884  926  0.160915
885  906  0.0120165
885  909  0.129136
885  915  0.0333593
885  924  0.160566
886  902  0.0164042
886  903  0.0414508
886  905  0.0120821
886  908  0.154747
886  914  0.0340434
886  923  0.160722
886  934  0.166639
886  956  0.0687046
887  902  0.0412842
887  907  0.165217
887  913  0.0341408
887  922  0.160685
887  933  0.166773
887  955  0.0689113
888  906  0.164238
888  912  0.0189976
888  921  0.156401
888  932  0.166773
888  954  0.0689119
889  900  0.0577326
889  912  0.0153992
889  931  0.166673
889  953  0.0688168
890  899  0.057594
890  903  0.752039
890  911  0.0306599
891  898  0.0558632
891  902  0.885681
891  910  0.0307519
892  901  0.886776
892  909  0.0299629
893  900  0.883838
895  906  0.0301877
896  905  0.0304354
897  904  0.0294947
903  928  0.0469426
904  927  0.108474
904  952  0.0522025
905  917  0.0458562
905  926  0.118734
905  951  0.0652541
906  916  0.0551842
906  919  0.033228
906  925  0.121715
906  950  0.0679
907  915  0.0549962
907  924  0.121644
907  949  0.0679825
908  917  0.0989309
908  926  0.016948
908  948  0.0678085
909  916  0.127472
909  922  0.113516
909  925  0.0214523
910  915  0.126224
910  921  0.113209
910  924  0.0214497
910  946  0.0632107
911  926  0.0203282
911  944  0.0611572
912  919  0.0466602
912  922  0.0231642
912  925  0.027378
912  943  0.0706084
913  921  0.023111
913  924  0.0273758
913  942  0.0730786
914  941  0.0732512
915  922  0.0296789
915  940  0.0732022
916  921  0.0293265
917  939  0.053838
918  938  0.0540034
919  936  0.0293896
919  937  0.05177
920  935  0.0320884
920  936  0.0454325
921  933  0.067756
921  934  0.0165102
922  932  0.0851821
923  931  0.0851127
924  930  0.0744901
931  956  0.330733
932  955  0.332518
933  954  0.332532
934  953  0.332535
935  952  0.331334
936  950  0.0194937
937  950  0.0129336
938  948  0.0489201
938  949  0.268293
939  947  0.0508224
939  948  0.27952
940  946  0.0511514
940  947  0.276093
941  945  0.0199685
963  976  0.0605928
964  975  0.446464
964  979  0.0384825
965  974  0.446968
966  973  0.452379
967  972  0.453381
967  976  0.0989146
968  975  0.140894
969  974  0.140883
970  985  0.243053
971  984  0.243956
971  986  0.0110335
972  983  0.244439
972  985  0.0129876
973  982  0.230981
973  984  0.0129743
974  980  0.0152899
974  981  0.195897
974  983  0.0127038
