2  7  0.0158394
2  242  0.0387091
2  244  0.0118907
2  275  0.0161709
2  281  0.0183384
2  295  0.0108132
3  26  0.0143674
3  207  0.0699563
3  238  0.011507
3  240  0.0413619
3  241  0.0506481
3  243  0.0236921
3  274  0.0191671
3  280  0.024215
3  283  0.0108068
3  294  0.0115354
3  304  0.0429774
3  417  0.107605
4  25  0.0143412
4  206  0.0662222
4  239  0.0396519
4  303  0.0427568
4  416  0.105729
5  24  0.013082
5  302  0.0354996
5  415  0.0828039
6  204  0.0205118
7  203  0.0169362
7  204  0.0516219
8  21  0.0175794
8  203  0.0569649
8  204  0.0185009
9  20  0.0191906
9  203  0.020416
9  418  0.0116212
10  19  0.0194302
10  201  0.654254
10  241  0.0475291
10  283  0.0129063
10  294  0.0286121
10  417  0.0130195
11  18  0.0142179
11  200  0.653809
11  240  0.0461779
11  274  0.152492
11  282  0.0126528
11  293  0.0281499
12  199  0.397931
12  273  0.152983
13  272  0.104335
14  198  0.0322298
14  199  0.524801
15  198  0.831589
16  197  0.900721
17  196  0.466589
18  195  0.0192891
18  196  0.442339
19  195  0.882058
20  193  0.0143122
20  194  0.887255
21  193  0.425231
23  191  0.546274
24  190  0.278724
25  190  0.639888
26  189  0.940256
27  188  0.946482
28  187  0.947463
28  304  0.0202131
29  303  0.0202473
30  186  0.935625
31  185  0.935319
31  302  0.0329682
32  184  0.94734
32  301  0.0393936
33  183  0.948417
33  300  0.0418046
34  182  0.95155
34  299  0.0424353
35  181  0.952329
35  298  0.042512
36  180  0.949582
36  297  0.0416349
37  179  0.919819
39  294  0.0426499
40  176  0.951412
40  293  0.042709
41  175  0.951245
41  292  0.0425246
42  174  0.951483
42  291  0.0305049
43  173  0.945067
43  291  0.0106998
44  172  0.788243
44  290  0.0187337
45  169  0.630698
46  169  0.0109361
46  288  0.0441241
47  167  0.918422
47  169  0.0223134
47  287  0.0452142
48  166  0.92026
48  167  0.0225656
48  286  0.0452168
49  165  0.919731
49  166  0.0224644
49  285  0.0450875
50  164  0.410549
51  139  0.680734
52  138  0.983497
53  137  0.986943
54  136  0.988752
55  135  0.988574
56  134  0.98087
58  126  0.982518
59  125  0.98535
60  124  0.984237
61  123  0.958623
63  121  0.990752
64  120  0.997982
65  119  0.997489
66  118  0.996758
67  117  0.997486
68  116  0.997982
69  115  0.997313
70  114  0.996253
71  103  0.724115
72  101  0.0409099
72  102  0.904935
73  100  0.042742
73  101  0.903183
73  110  0.0330542
74  109  0.03298
75  99  0.818982
75  100  0.121116
75  108  0.0309552
76  98  0.825388
76  99  0.119406
77  97  0.936992
77  103  0.0146602
77  106  0.0173107
78  96  0.932763
78  102  0.0154464
80  94  0.937422
80  101  0.0115161
81  93  0.940376
82  91  0.0141436
82  92  0.927313
82  99  0.0346927
83  90  0.0239439
83  91  0.905746
83  98  0.0352004
84  89  0.0274976
84  97  0.035029
85  90  0.0163174
85  96  0.0345524
88  95  0.0366146
89  94  0.0356919
107  113  0.856265
108  112  0.326526
127  131  0.0140514
139  226  0.0160056
139  283  0.029596
140  164  0.0120442
140  225  0.0160822
140  282  0.0297131
141  224  0.0160825
141  281  0.0296636
142  163  0.942841
142  223  0.0160933
142  280  0.0292225
143  162  0.94668
143  222  0.0151197
143  279  0.0259981
144  161  0.955536
145  160  0.959622
146  159  0.95927
147  158  0.937625
148  217  0.020237
149  156  0.89998
149  216  0.0209
150  215  0.0208827
151  214  0.0207827
152  213  0.0201958
153  212  0.0179625
155  210  0.0191961
156  209  0.021493
156  274  0.0101048
157  208  0.0215012
157  273  0.0101065
159  207  0.0265429
160  206  0.0266711
161  205  0.0267537
162  204  0.0234829
164  202  0.0292865
165  201  0.0309955
166  200  0.0309956
167  187  0.0120275
168  186  0.0120473
168  198  0.0310644
169  185  0.0110044
169  197  0.0311292
170  196  0.0297705
171  195  0.0296612
173  182  0.0109328
173  194  0.0212411
174  181  0.0111857
174  193  0.0212441
175  191  0.0278126
176  190  0.0281845
180  188  0.0288088
181  187  0.0286342
189  201  0.0153339
190  200  0.0155195
191  199  0.0155066
192  198  0.0153887
200  286  0.0114308
201  285  0.0115154
205  218  0.017888
206  217  0.0305702
206  245  0.0180631
206  299  0.0361459
206  420  0.0242855
207  216  0.0316983
207  244  0.0190292
207  298  0.037901
207  419  0.0290218
208  235  0.883721
208  243  0.0183624
209  214  0.0340898
209  234  0.884343
209  419  0.0310252
210  233  0.886798
210  241  0.0192862
210  418  0.0319201
211  232  0.885102
211  240  0.019259
211  417  0.0320931
212  231  0.757079
212  239  0.0164751
212  416  0.0316341
213  228  0.018739
213  415  0.0256211
214  226  0.0225601
215  228  0.208309
216  223  0.0146089
216  225  0.0519002
216  226  0.073775
216  232  0.0110049
217  228  0.095354
217  231  0.0109552
218  224  0.0102526
218  227  0.092645
218  299  0.0305203
219  298  0.0328041
220  297  0.0314934
221  296  0.0262837
234  274  0.0555392
235  273  0.0555531
236  272  0.0454744
236  416  0.0240743
237  415  0.0300962
238  244  0.0254498
238  414  0.0316952
239  245  0.0184661
239  288  0.0595061
240  244  0.0170322
240  286  0.0169892
240  287  0.0640593
241  285  0.0172142
241  286  0.0640127
241  419  0.0736106
242  415  0.0179678
242  418  0.0696269
243  285  0.0166976
243  298  0.047758
243  414  0.0226114
243  419  0.0571302
244  274  0.0236115
244  297  0.0464244
244  304  0.0924652
244  417  0.122007
244  418  0.0280026
245  296  0.042218
245  303  0.0915942
245  416  0.112443
246  302  0.0765808
246  415  0.0826254
246  416  0.050564
247  415  0.06204
248  273  0.0197427
248  298  0.0170792
248  414  0.0693374
249  271  0.975691
250  270  0.978386
251  269  0.986869
252  268  0.992097
253  267  0.992091
254  266  0.991687
255  265  0.991025
256  264  0.824418
272  281  0.0461314
273  280  0.0656245
274  419  0.0202685
275  418  0.0170068
278  416  0.0204048
279  415  0.0271319
280  285  0.0131623
280  298  0.0389192
280  414  0.0299599
280  419  0.0297403
281  297  0.0371375
281  418  0.0204757
283  298  0.0751163
283  419  0.152383
284  297  0.0725549
284  418  0.147229
285  294  0.578374
285  296  0.0558487
285  417  0.123119
286  293  0.575827
286  294  0.195459
286  416  0.0242346
287  293  0.185999
287  415  0.0122164
298  304  0.0118363
298  417  0.158568
299  416  0.157318
300  415  0.111152
304  414  0.605999
305  413  0.981482
306  412  0.98294
307  411  0.98347
308  410  0.984542
309  409  0.984969
311  407  0.985834
312  406  0.985855
313  405  0.984661
314  403  0.374917
315  402  0.374403
315  404  0.609822
316  401  0.37468
316  403  0.60977
317  395  0.0103771
317  400  0.326128
317  402  0.546979
318  328  0.096741
318  394  0.0339196
318  401  0.495144
319  327  0.138376
319  393  0.0366379
319  397  0.253032
319  399  0.245977
319  400  0.0861997
320  326  0.123798
320  392  0.0347359
320  396  0.250581
320  398  0.229934
321  325  0.0619617
321  395  0.195061
321  398  0.0666105
323  396  0.0589073
324  392  0.0228444
324  395  0.0636392
325  391  0.0161988
325  394  0.0468339
330  402  0.0228333
331  401  0.0296578
332  400  0.0235044
333  402  0.0226778
334  401  0.0294402
335  400  0.0232166
337  356  0.913437
338  355  0.985304
339  354  0.986323
340  353  0.987793
341  352  0.977686
343  349  0.601501
344  348  0.231819
358  390  0.838718
359  389  0.961442
360  388  0.995817
361  387  0.998839
362  386  0.999901
363  385  0.999734
364  384  0.99479
365  382  0.993287
366  381  0.997007
367  380  0.999928
368  379  0.999968
369  378  0.999593
370  377  0.998006
371  376  0.655087
