4  39  0.0105393
5  38  0.0114629
5  889  0.184871
6  37  0.0117219
6  888  0.198918
7  36  0.011534
8  13  0.0299029
13  31  0.0131589
14  30  0.0162695
15  29  0.017236
15  95  0.0112272
15  889  0.41191
16  28  0.0174646
16  94  0.0115763
16  888  0.44336
16  891  0.0178338
17  103  0.203516
17  887  0.357531
17  890  0.0155073
18  99  0.467001
18  102  0.424203
19  25  0.015345
19  91  0.0122124
19  98  0.473677
19  101  0.423665
20  90  0.0121935
20  97  0.479671
20  888  0.0108419
20  891  0.0323656
21  96  0.479171
21  890  0.0338336
22  95  0.479102
22  98  0.416293
22  889  0.033964
23  94  0.475669
23  97  0.422851
23  888  0.0336301
24  93  0.470105
24  96  0.422868
25  94  0.423511
26  93  0.163039
26  103  0.0354836
27  33  0.013825
27  91  0.0809929
27  92  0.304016
27  102  0.0519777
28  66  0.117839
28  91  0.575811
28  101  0.0519014
29  65  0.134967
29  90  0.49709
30  64  0.15015
30  65  0.530054
31  63  0.0935129
31  64  0.702362
32  63  0.716794
32  97  0.0533344
33  61  0.87294
33  96  0.053433
34  60  0.875416
34  91  0.012318
34  95  0.0532186
35  59  0.876328
35  90  0.0123197
35  94  0.0532066
36  58  0.873513
36  93  0.0467975
37  53  0.0579991
37  57  0.821737
37  92  0.0130878
38  52  0.0995273
38  55  0.0425362
38  64  0.0607105
39  52  0.131168
39  55  0.0488343
39  63  0.0695758
40  50  0.808593
40  51  0.0747366
40  62  0.0775547
41  49  0.879689
41  61  0.0775592
42  48  0.879122
42  50  0.0165135
42  60  0.0774939
43  47  0.713506
43  49  0.0164396
43  59  0.0775399
44  58  0.0696445
47  56  0.0679306
48  55  0.075678
49  54  0.0616262
52  98  0.0164638
53  97  0.0200508
54  96  0.020121
57  93  0.0237141
58  92  0.0246979
59  91  0.0249325
60  90  0.0247796
61  89  0.0240647
62  88  0.0240005
63  87  0.0199456
64  86  0.0124922
66  85  0.0140013
66  90  0.161127
67  84  0.0139732
67  89  0.972419
68  88  0.973075
69  83  0.0122989
69  87  0.979099
70  86  0.978758
71  82  0.0137708
71  85  0.978907
72  81  0.0138717
72  84  0.979572
73  83  0.92223
74  79  0.0373646
103  889  0.0469811
104  888  0.0525031
105  886  0.986908
106  885  0.987996
107  884  0.986766
108  883  0.986094
109  882  0.986111
110  881  0.987035
111  880  0.988085
112  879  0.986808
113  878  0.986823
114  877  0.986169
115  876  0.982476
117  874  0.848099
118  153  0.0127251
118  872  0.146742
118  873  0.750396
119  148  0.010176
119  152  0.0290013
119  788  0.0100148
119  871  0.214777
119  872  0.551557
120  147  0.0110927
120  151  0.0384933
120  787  0.0134487
120  870  0.280417
121  146  0.0102052
121  148  0.247708
121  150  0.0356125
122  147  0.287373
122  149  0.0302885
122  788  0.147571
123  144  0.0227522
123  146  0.313608
123  148  0.0225014
123  787  0.17202
124  143  0.0404649
124  145  0.327652
124  784  0.11664
124  786  0.193549
125  142  0.0250538
125  144  0.308907
125  146  0.0172814
125  783  0.117858
126  782  0.107111
127  140  0.0157066
127  783  0.145106
128  139  0.0332265
128  142  0.393565
129  138  0.0253632
129  141  0.41958
129  781  0.518966
130  140  0.419088
130  780  0.520322
131  136  0.0233135
131  139  0.389542
131  779  0.520043
132  138  0.073504
132  778  0.520249
133  777  0.509386
136  774  0.519974
137  773  0.519848
138  772  0.519017
139  771  0.518959
140  770  0.519299
141  768  0.513905
142  767  0.51331
143  766  0.513123
144  595  0.0427887
144  764  0.417798
145  594  0.042814
145  763  0.41768
145  870  0.0984131
146  545  0.0204656
146  593  0.0420827
146  761  0.193481
146  869  0.107023
147  544  0.0476812
147  760  0.192661
147  868  0.111427
148  543  0.0476432
148  867  0.105559
149  542  0.0461478
149  546  0.0225558
150  545  0.0305314
150  869  0.134233
151  544  0.0413838
151  864  0.013306
151  868  0.153708
152  537  0.0485352
152  543  0.037763
152  864  0.188543
152  867  0.141655
153  536  0.0432663
153  542  0.0193302
153  549  0.142261
153  553  0.0246728
153  863  0.280316
153  864  0.0255168
154  535  0.044507
154  542  0.0312147
154  548  0.142386
154  552  0.0246751
154  590  0.201104
154  863  0.0466476
155  534  0.0515092
155  541  0.0515683
155  547  0.142269
155  551  0.0246634
155  589  0.205445
155  861  0.429089
155  862  0.0238466
156  540  0.046906
156  545  0.0370488
156  546  0.072299
156  588  0.206836
156  860  0.461263
157  456  0.126866
157  543  0.0111026
157  544  0.0739539
157  859  0.461393
158  455  0.127464
158  542  0.0125324
158  543  0.0719724
158  858  0.459916
159  454  0.12756
159  538  0.117783
159  541  0.0101925
159  585  0.20269
159  857  0.431189
160  453  0.113325
160  537  0.133881
160  584  0.205613
160  856  0.14784
161  452  0.098474
161  453  0.0167177
161  536  0.140077
161  583  0.205959
162  452  0.0311301
162  535  0.141262
162  582  0.206568
162  856  0.294528
163  451  0.0453677
163  534  0.141508
163  581  0.206084
163  855  0.453387
164  449  0.0922277
164  450  0.0331194
164  533  0.140743
164  580  0.188109
164  854  0.460322
165  216  0.0113199
165  448  0.108546
165  449  0.0202381
165  532  0.140157
165  558  0.060903
165  579  0.13341
165  853  0.460571
166  215  0.111904
166  447  0.121301
166  531  0.137691
166  557  0.121014
166  852  0.461326
167  214  0.154947
167  446  0.121476
167  556  0.121125
167  851  0.461836
168  213  0.155038
168  445  0.12045
168  555  0.121102
168  850  0.461318
169  212  0.142099
169  554  0.105795
169  849  0.395241
170  444  0.0175535
170  455  0.0427535
171  208  0.0214372
171  443  0.0169846
171  454  0.0604861
172  453  0.0624574
172  583  0.288205
173  438  0.0433751
173  444  0.0190156
173  452  0.0624539
173  582  0.382677
174  205  0.286863
174  207  0.0142553
174  229  0.0373114
174  316  0.013163
174  349  0.0318803
174  437  0.0438491
174  443  0.0210809
174  451  0.0595353
174  581  0.402465
175  195  0.0102964
175  204  0.292153
175  205  0.0327272
175  228  0.0375841
175  315  0.0134158
175  348  0.0327229
175  436  0.0438266
175  442  0.0210257
175  580  0.402491
176  194  0.0108326
176  204  0.0359874
176  227  0.0373773
176  314  0.0139225
176  347  0.0328247
176  435  0.0422711
176  441  0.0179125
176  579  0.349736
177  193  0.0111874
177  202  0.708194
177  203  0.0551115
177  226  0.0351574
177  313  0.0140888
177  346  0.0330014
177  434  0.0332154
178  192  0.011183
178  201  0.723052
178  202  0.0501202
178  203  0.0162085
178  312  0.0140771
178  345  0.0330015
179  199  0.0438539
179  200  0.693449
179  311  0.0130093
179  344  0.0329622
179  432  0.0118157
180  198  0.0751791
180  202  0.0465927
180  343  0.0329373
181  189  0.0111247
181  198  0.587916
181  201  0.048544
181  342  0.0321025
182  197  0.588083
182  200  0.0478972
182  341  0.0297708
182  403  0.0226672
183  402  0.0285313
184  195  0.912398
184  401  0.0285544
185  194  0.92228
185  400  0.0283794
186  193  0.925544
186  399  0.0278339
187  192  0.870272
191  398  0.0330754
192  397  0.03346
193  396  0.0334817
194  395  0.0334172
195  394  0.0332292
201  219  0.0698797
202  217  0.122934
202  413  0.015478
203  216  0.396429
203  412  0.0200061
204  215  0.402233
204  411  0.0207871
205  214  0.403856
205  410  0.0213521
205  425  0.0133346
205  573  0.187891
206  211  0.178567
206  213  0.400659
206  409  0.0213537
206  424  0.013728
206  572  0.188676
207  408  0.0212483
207  423  0.0137497
207  571  0.188089
208  407  0.0198709
208  422  0.0132777
208  570  0.177953
209  418  0.0101345
210  417  0.0110265
211  248  0.0172647
211  278  0.0108465
211  553  0.0596276
211  847  0.0179601
212  277  0.0109873
212  453  0.0130311
212  846  0.0179579
213  246  0.208592
213  276  0.0109473
213  414  0.0193367
213  452  0.014991
213  552  0.140462
213  845  0.0177249
214  245  0.208271
214  413  0.0195909
214  451  0.015273
214  551  0.141381
214  844  0.0177271
215  244  0.207819
215  450  0.0134083
215  550  0.142307
215  843  0.0152002
216  243  0.104414
216  273  0.0109172
216  549  0.144789
217  243  0.237101
217  272  0.0106569
217  410  0.020119
217  548  0.144792
217  573  0.321169
218  242  0.342085
218  270  0.0100602
218  409  0.0201349
218  547  0.144213
218  572  0.322391
219  241  0.343681
219  408  0.0201392
219  544  0.124461
219  546  0.0208858
219  571  0.3226
220  240  0.343425
220  407  0.0187621
220  543  0.130142
220  545  0.0148347
220  570  0.313027
221  239  0.343124
221  392  0.032272
221  542  0.14003
222  238  0.343179
222  391  0.0347258
222  541  0.140807
222  568  0.157239
223  236  0.0307906
223  237  0.292481
223  248  0.367606
223  390  0.0369624
223  540  0.138157
224  235  0.0586573
224  247  0.369942
224  389  0.036301
224  539  0.135684
225  236  0.106379
225  246  0.371095
226  245  0.370278
226  340  0.0337731
226  385  0.0366931
227  339  0.034525
227  384  0.0366809
228  236  0.0143974
228  237  0.0159181
228  241  0.378117
228  338  0.0346711
228  383  0.0365768
228  537  0.0956107
229  236  0.0170227
229  240  0.378777
229  337  0.034828
229  382  0.034663
229  536  0.124775
230  239  0.379734
230  336  0.0335162
230  381  0.0300326
230  444  0.0189366
230  535  0.128571
231  238  0.371517
231  443  0.0200311
231  534  0.129511
232  442  0.0175931
232  533  0.123063
233  331  0.0549699
233  454  0.0105203
233  532  0.106727
234  330  0.0663354
234  453  0.0232504
235  329  0.0676207
235  452  0.024487
236  328  0.0679354
236  451  0.0243994
237  303  0.0116673
237  327  0.067933
238  326  0.0593722
239  302  0.199
240  301  0.246501
241  300  0.251351
242  299  0.251411
243  298  0.251623
244  297  0.25119
244  447  0.134494
245  296  0.251632
245  446  0.134645
246  295  0.251552
246  445  0.134647
247  294  0.187462
247  444  0.13444
248  258  0.0127057
248  261  0.0215874
248  443  0.134065
248  568  0.162312
249  257  0.0116032
249  260  0.0188915
249  567  0.174097
250  566  0.170301
250  567  0.113055
251  565  0.160565
251  566  0.124587
251  567  0.151542
252  264  0.0470974
252  564  0.111103
252  565  0.127273
252  566  0.164988
253  263  0.0514259
253  264  0.0223692
253  438  0.0227125
253  564  0.130613
253  565  0.160036
254  262  0.0437179
254  437  0.0123758
254  563  0.0674663
255  261  0.0295679
255  262  0.171739
255  290  0.015932
255  437  0.0640745
255  563  0.44829
256  261  0.193501
256  289  0.0179067
256  436  0.0764568
256  562  0.524981
257  403  0.026438
257  435  0.0765355
257  561  0.525778
258  402  0.0336114
258  434  0.0825015
258  560  0.526086
259  286  0.0182787
259  401  0.0336146
259  433  0.0824893
259  559  0.526084
260  285  0.0182547
260  400  0.0334943
260  432  0.0692389
260  558  0.524926
261  284  0.0181506
261  333  0.0226393
261  399  0.0332107
261  557  0.51956
262  294  0.202586
262  332  0.0226053
263  293  0.238081
263  331  0.0123151
264  292  0.247776
264  293  0.0138467
264  331  0.0138851
264  554  0.0157898
265  291  0.125061
265  330  0.024362
266  291  0.483706
266  329  0.02448
266  438  0.052723
267  290  0.634548
267  328  0.0234296
267  398  0.0333715
267  437  0.0585072
268  289  0.634782
268  327  0.0221709
268  397  0.0337951
268  401  0.0132602
268  436  0.0585832
269  280  0.0142996
269  288  0.634439
269  396  0.0338015
269  400  0.0134936
269  435  0.0585718
270  279  0.0148641
270  287  0.516912
270  330  0.0157922
270  394  0.0113634
270  395  0.0192499
270  399  0.0134366
270  402  0.0175354
270  434  0.0500801
271  287  0.0901935
271  291  0.118637
271  329  0.0180953
271  392  0.011124
272  286  0.134374
272  290  0.126864
272  328  0.0185601
272  391  0.0103941
272  401  0.0348967
273  280  0.0920237
273  283  0.418665
273  289  0.126957
273  327  0.0186054
273  391  0.0244666
273  400  0.0352591
274  279  0.0902319
274  282  0.409052
274  284  0.0914494
274  326  0.0175
274  390  0.0252868
274  399  0.0351569
275  287  0.131929
276  280  0.0257552
276  283  0.0853508
276  286  0.133332
276  398  0.0307458
276  429  0.0115508
277  285  0.120167
277  386  0.0389847
277  397  0.0255037
277  428  0.0103334
278  283  0.0413869
278  385  0.0403613
278  396  0.0252345
278  401  0.0251986
279  283  0.0132276
279  303  0.01034
279  400  0.026053
280  383  0.0452479
280  394  0.0143498
280  399  0.026107
281  382  0.0450798
281  392  0.0301375
282  300  0.0626649
282  318  0.0207295
282  391  0.0303706
282  398  0.0253689
283  299  0.0687726
283  317  0.0216981
283  380  0.0484902
283  390  0.0257683
284  298  0.0695197
284  316  0.0216867
284  379  0.0485668
284  385  0.0293434
284  396  0.0275368
285  297  0.0695656
285  378  0.048544
285  384  0.0294588
285  395  0.0276197
286  296  0.0696004
286  377  0.0484842
286  383  0.0294303
286  394  0.0276559
287  295  0.066946
287  376  0.0485568
287  393  0.0276086
288  294  0.0389885
288  313  0.0102028
288  375  0.0484577
288  382  0.0280306
288  392  0.0272282
289  313  0.0278681
289  373  0.0279122
289  381  0.0290495
290  312  0.0281109
290  372  0.0279015
290  380  0.0308087
290  390  0.0266421
291  311  0.0270906
291  371  0.0271276
291  379  0.0311671
291  389  0.0250794
292  378  0.031102
293  377  0.0310917
293  387  0.010842
294  376  0.0310597
294  386  0.0110257
295  308  0.0706447
295  375  0.0305241
295  402  0.0106794
295  552  0.141532
295  556  0.359055
296  303  0.0295169
296  307  0.0707325
296  401  0.0106687
296  551  0.146508
296  555  0.36013
297  302  0.0277158
297  306  0.0417948
297  550  0.146389
297  554  0.35881
298  305  0.0364181
298  342  0.0172195
298  549  0.143817
298  553  0.351495
299  304  0.0626814
299  341  0.0201652
300  383  0.0151289
300  408  0.0262048
300  548  0.0225056
300  552  0.040219
301  339  0.0344806
301  382  0.0153171
301  407  0.0238466
301  546  0.133738
302  338  0.0428254
302  381  0.0153612
302  545  0.135031
303  324  0.0675692
303  337  0.0541282
303  375  0.0211669
303  380  0.0155147
303  408  0.2473
303  423  0.0132004
303  456  0.108851
303  544  0.135455
304  323  0.0679793
304  336  0.0536049
304  407  0.246984
304  422  0.0132347
304  455  0.10897
304  543  0.124113
305  314  0.0207691
305  322  0.0675563
305  334  0.0536383
305  374  0.121186
305  406  0.239564
305  421  0.013316
305  448  0.0784017
305  454  0.108359
305  550  0.033828
306  313  0.0249851
306  321  0.0669523
306  333  0.0586714
306  373  0.196958
306  420  0.0133224
306  447  0.0968073
306  453  0.0976126
306  549  0.0341421
307  312  0.0222926
307  317  0.0781787
307  332  0.0583732
307  333  0.0128799
307  372  0.197118
307  402  0.243989
307  446  0.0968351
307  452  0.0980396
307  548  0.0341117
308  316  0.0792509
308  371  0.196927
308  401  0.244216
308  445  0.0965736
308  451  0.108139
308  547  0.0339498
309  315  0.0677927
309  331  0.339723
309  370  0.0163922
309  400  0.24181
309  450  0.0913127
309  454  0.0129517
310  330  0.407156
310  453  0.0151354
311  329  0.415305
311  414  0.012914
311  452  0.0153836
312  328  0.417536
312  397  0.246968
312  413  0.0131578
312  451  0.0153637
313  327  0.417487
313  396  0.247015
313  412  0.0131601
314  395  0.244388
314  411  0.0113371
315  325  0.0997982
315  326  0.350088
315  373  0.0124125
315  394  0.236672
315  447  0.112981
315  549  0.0182696
316  324  0.090591
316  325  0.35012
316  372  0.0124276
316  392  0.13593
316  446  0.113309
316  548  0.0182967
317  327  0.0704628
317  371  0.0124179
317  391  0.13595
317  409  0.0133357
317  445  0.113261
317  547  0.0182249
318  324  0.330006
318  326  0.0796261
318  390  0.106261
318  408  0.0132733
318  444  0.103911
318  544  0.0159176
319  323  0.125817
319  330  0.012011
319  407  0.0124064
319  543  0.0166589
320  329  0.0136408
320  542  0.0178966
321  327  0.0121536
321  328  0.0138582
321  439  0.0585898
321  541  0.017989
322  387  0.0168203
322  438  0.0589812
322  540  0.0166892
323  386  0.0182326
323  440  0.0151927
323  539  0.0121571
324  385  0.01798
324  437  0.107425
324  439  0.0157215
325  436  0.108399
325  437  0.0172227
326  344  0.081136
326  435  0.109174
326  436  0.0172396
327  343  0.115304
327  373  0.010179
327  434  0.100493
327  447  0.0243898
328  342  0.115399
328  372  0.010185
328  390  0.135193
328  434  0.0288613
328  446  0.0244053
329  341  0.115097
329  389  0.137309
329  432  0.0853219
329  433  0.0374982
329  445  0.0237034
330  340  0.114543
330  388  0.139331
330  431  0.0834025
330  432  0.0306165
331  339  0.110884
331  387  0.140121
332  341  0.0108169
332  370  0.217801
332  386  0.140308
332  430  0.109295
332  440  0.175593
333  340  0.0112154
333  369  0.242329
333  385  0.140313
333  429  0.110365
333  439  0.18648
334  368  0.243387
334  384  0.0935928
334  438  0.186569
335  367  0.242353
335  437  0.186648
336  355  0.0170034
336  366  0.241544
336  430  0.0181623
336  436  0.185467
337  354  0.0186572
337  364  0.246635
337  429  0.0194559
337  435  0.183875
338  352  0.0316683
338  363  0.248551
338  404  0.276847
339  351  0.0374162
339  362  0.249831
339  403  0.363693
340  350  0.0389348
340  402  0.394815
341  360  0.333114
342  349  0.0408906
342  359  0.338754
342  401  0.427322
343  348  0.0401106
343  358  0.338527
343  400  0.431812
344  399  0.438608
345  359  0.0103139
345  397  0.089195
345  398  0.353903
346  358  0.0103097
346  385  0.0514836
346  396  0.174007
346  397  0.26901
347  382  0.0262589
347  384  0.0509418
347  395  0.258166
348  353  0.389564
348  381  0.0404074
348  383  0.0458838
348  394  0.257377
348  395  0.0506317
349  380  0.062277
349  382  0.0182745
349  392  0.145824
349  394  0.0760397
350  379  0.0627562
350  391  0.147042
351  360  0.0125093
351  378  0.0585422
352  377  0.0439999
352  392  0.172549
353  358  0.361365
353  391  0.185996
354  383  0.0115531
354  390  0.183824
355  382  0.0102692
357  382  0.0403786
357  387  0.0278029
358  381  0.0623371
359  380  0.124332
359  390  0.0100509
360  379  0.0444841
361  378  0.0442003
361  383  0.528713
362  377  0.123562
362  382  0.531802
363  381  0.532678
364  375  0.199952
364  380  0.533773
365  374  0.201064
365  379  0.0984516
366  373  0.20147
366  378  0.0626432
367  372  0.197456
367  377  0.500156
368  376  0.532322
369  375  0.520136
374  542  0.0503231
375  541  0.0877067
376  540  0.0880256
377  539  0.0862399
378  538  0.0714173
379  535  0.0496955
379  537  0.0334404
380  534  0.0577971
381  533  0.0544114
382  532  0.0446224
383  534  0.0173628
384  533  0.0152159
385  456  0.118293
386  455  0.118464
387  454  0.118441
388  453  0.118376
389  452  0.118338
390  451  0.118206
391  399  0.0671097
392  398  0.0586744
397  411  0.0153414
397  447  0.0224782
398  410  0.0212359
398  446  0.0228274
399  409  0.0219659
399  445  0.0231286
400  408  0.0218083
400  411  0.0110235
400  444  0.0205602
400  447  0.0709317
401  407  0.0165104
401  410  0.0117205
401  446  0.0709929
402  409  0.0116028
402  442  0.0187782
402  445  0.0709932
402  568  0.0128355
403  444  0.0695929
403  567  0.0129345
404  566  0.0129239
405  418  0.0123235
405  565  0.0129344
406  417  0.0141527
406  564  0.0129558
407  416  0.0174946
407  427  0.438063
407  440  0.0690317
407  563  0.0129817
408  415  0.0177262
408  426  0.465307
408  439  0.0722495
408  562  0.0129872
409  414  0.0165078
409  425  0.471329
409  438  0.0722443
409  552  0.308966
409  560  0.0119053
410  424  0.450835
410  437  0.0721751
410  551  0.310089
410  559  0.0119058
411  424  0.0209168
411  436  0.0636607
411  550  0.309978
411  558  0.0118995
412  423  0.521587
412  447  0.0179512
412  549  0.310204
412  557  0.0119051
413  422  0.526316
413  425  0.0143917
413  446  0.0179884
413  548  0.31017
413  556  0.0118866
414  421  0.528068
414  424  0.0144821
414  445  0.0178049
414  547  0.111902
414  555  0.0114022
415  420  0.502046
415  423  0.0159937
415  444  0.013942
415  546  0.105914
416  422  0.0145865
416  545  0.302172
417  440  0.0511232
418  439  0.057142
419  438  0.0600247
419  542  0.302512
420  437  0.0602964
420  439  0.0190284
420  541  0.303988
421  438  0.0191736
421  540  0.290516
422  436  0.0792112
422  437  0.0131885
422  539  0.232478
423  435  0.16049
424  434  0.23431
424  535  0.119157
425  433  0.233792
425  534  0.123818
429  456  0.220959
430  455  0.218634
432  453  0.18804
433  452  0.230664
434  451  0.231203
436  447  0.290633
437  446  0.290811
438  445  0.260469
439  444  0.0492812
442  456  0.0146363
443  455  0.0145918
444  454  0.0145737
448  537  0.0156528
449  536  0.0175319
450  535  0.0178584
452  533  0.018008
453  532  0.0161673
457  529  0.994449
458  528  0.995681
459  527  0.997718
460  526  0.997423
462  524  0.998185
463  523  0.998448
464  522  0.97904
465  521  0.978675
466  519  0.996697
467  518  0.99685
468  517  0.99736
470  516  0.967554
471  515  0.968268
472  514  0.999504
473  513  0.999562
474  512  0.998999
475  511  0.999425
476  510  0.998262
478  508  0.0368883
478  509  0.0512568
480  508  0.119001
482  506  0.972825
483  505  0.975511
484  507  0.0100375
485  506  0.0100532
487  501  0.998636
488  500  0.999025
489  499  0.999009
490  497  0.999138
491  496  0.996351
530  542  0.0113427
531  541  0.0137475
531  547  0.0300614
532  540  0.0116284
532  546  0.034162
533  545  0.034689
534  544  0.0345296
542  842  0.0170857
543  841  0.0212525
544  840  0.0215866
545  758  0.0352273
545  839  0.0222974
546  757  0.0642303
546  838  0.022388
547  756  0.0900601
547  837  0.0225343
548  755  0.0900774
548  836  0.0225349
549  754  0.0900588
549  835  0.0224423
550  753  0.0847996
551  746  0.0214739
551  756  0.139695
552  745  0.0223069
552  755  0.13977
553  744  0.0223096
553  751  0.03826
553  754  0.13974
553  831  0.0221049
554  750  0.0322074
554  753  0.120647
554  830  0.0224179
555  743  0.0191349
555  756  0.0489232
555  829  0.02244
556  742  0.0190966
556  751  0.0214989
556  755  0.0489704
556  828  0.0223631
557  606  0.224384
557  754  0.0489008
558  605  0.231269
558  753  0.0468622
559  573  0.0952513
559  604  0.234614
560  572  0.0952661
560  603  0.235471
560  751  0.0320452
561  602  0.232056
561  750  0.0291234
561  869  0.0100615
562  571  0.117111
562  601  0.221197
562  868  0.0100863
563  570  0.11389
564  569  0.0980676
564  599  0.181441
565  598  0.188609
565  599  0.0122635
566  597  0.185892
566  598  0.0154481
566  749  0.0393894
566  792  0.0118712
567  596  0.169887
567  597  0.0158937
567  748  0.0478849
567  791  0.0130528
568  595  0.0685889
568  790  0.013845
569  593  0.0270594
569  746  0.0605869
569  789  0.0138411
570  592  0.0262031
570  598  0.0133977
570  745  0.0617522
570  788  0.0138404
571  597  0.0140908
571  744  0.0621821
571  787  0.0138419
572  590  0.0108354
572  595  0.18203
572  743  0.0642038
573  589  0.030275
573  594  0.209945
573  742  0.064159
573  754  0.0103764
574  593  0.210707
574  753  0.0139267
575  586  0.0206099
575  592  0.210093
575  607  0.0271784
575  752  0.0141488
576  585  0.023654
576  591  0.207448
576  606  0.0316587
576  751  0.0137413
577  584  0.0233843
577  590  0.184532
577  605  0.0301661
578  583  0.0177917
578  604  0.0300485
579  602  0.0925709
580  588  0.0459714
580  601  0.102762
581  588  0.144083
581  600  0.102996
581  851  0.0104182
582  587  0.0952517
582  599  0.0974193
583  597  0.0108361
583  598  0.0916104
583  849  0.0280393
584  596  0.0154245
584  597  0.0846219
584  848  0.333672
585  595  0.0179616
585  847  0.409126
586  846  0.408876
587  845  0.408217
588  594  0.0223738
588  844  0.407408
589  595  0.0350673
589  608  0.24834
590  594  0.0133866
590  607  0.248118
593  757  0.0901619
593  765  0.0178967
593  819  0.0115785
594  604  0.293385
594  756  0.111063
594  764  0.0219196
594  818  0.0134824
594  827  0.0113701
595  603  0.301538
595  755  0.108433
595  763  0.0219106
595  817  0.0134753
595  826  0.0122347
596  602  0.30041
596  761  0.0166469
597  601  0.236548
597  760  0.0169294
599  746  0.0275308
599  753  0.0164984
600  745  0.0278904
600  747  0.0118059
600  755  0.0465099
601  744  0.0271944
601  745  0.0237298
601  751  0.0147792
601  754  0.0479293
601  820  0.0131717
602  744  0.0246249
602  751  0.0518311
602  819  0.01181
602  823  0.0260388
603  743  0.0544543
603  750  0.183686
603  822  0.0325455
604  742  0.0539446
604  749  0.199057
604  821  0.0329556
605  741  0.05178
605  748  0.205485
605  820  0.0314147
607  746  0.377412
607  827  0.0154537
608  745  0.388653
608  826  0.017048
609  736  0.554085
609  744  0.388754
610  735  0.598168
610  743  0.375535
611  734  0.591017
611  742  0.375262
612  733  0.0138743
612  734  0.108737
612  741  0.267835
613  733  0.972327
614  732  0.987203
615  731  0.987864
616  730  0.988478
617  729  0.988446
618  728  0.988345
619  727  0.987154
621  726  0.754133
622  663  0.0108448
622  683  0.0233283
622  725  0.751944
623  682  0.022988
623  724  0.573725
624  647  0.0309483
624  681  0.0190331
625  646  0.0344655
625  660  0.0137263
625  685  0.369224
626  645  0.034411
626  659  0.0137384
626  684  0.743302
627  658  0.0137383
627  683  0.847906
628  656  0.0154838
628  679  0.0450762
629  642  0.0363505
629  655  0.0154858
629  678  0.0451862
630  641  0.0363472
630  680  0.868478
631  640  0.0363551
631  676  0.0383168
631  679  0.882318
632  639  0.0285556
632  652  0.0139838
632  675  0.0361087
632  678  0.879775
633  677  0.79776
634  651  0.0120515
634  675  0.101813
635  650  0.0121654
635  675  0.350463
636  649  0.0122498
636  673  0.899107
637  648  0.0101827
637  658  0.0273258
637  672  0.910152
638  657  0.0274992
638  671  0.910175
639  656  0.0275417
639  670  0.910085
640  655  0.0273098
640  669  0.909576
641  668  0.844238
642  667  0.808594
643  648  0.0113813
644  653  0.506105
645  650  0.0221893
645  651  0.0733971
645  652  0.564582
645  654  0.024499
647  653  0.0277251
648  652  0.0180829
648  654  0.021759
654  668  0.0587628
655  665  0.801672
655  667  0.0949259
655  679  0.0262145
656  664  0.805369
656  666  0.101526
656  678  0.0264566
657  663  0.804596
657  665  0.103128
657  677  0.0226647
657  679  0.0119744
658  662  0.653019
658  664  0.101823
658  678  0.0119378
659  675  0.0288338
660  674  0.0315238
662  672  0.0330104
662  674  0.0352777
663  671  0.0330151
663  673  0.0353505
664  670  0.0329821
664  672  0.0354756
664  674  0.0118307
665  669  0.0267686
665  671  0.0354125
665  673  0.0118415
666  670  0.0219363
666  672  0.0118411
684  724  0.13383
685  723  0.601322
686  722  0.978683
687  721  0.985978
688  720  0.983519
690  718  0.606659
691  717  0.975327
692  716  0.985631
693  715  0.988749
694  714  0.991313
695  713  0.991788
697  711  0.991686
698  710  0.991259
699  709  0.987459
700  708  0.959869
701  706  0.0261553
734  743  0.0114794
735  742  0.0115551
742  818  0.430272
743  817  0.430775
744  816  0.436002
745  815  0.435685
746  814  0.40412
750  791  0.35265
751  790  0.425297
752  789  0.424757
753  787  0.100983
753  788  0.323309
754  761  0.0116624
754  785  0.0227499
754  786  0.289093
755  760  0.0118676
755  764  0.0294256
755  784  0.0235589
755  785  0.286862
755  786  0.11171
756  763  0.0294391
760  780  0.0124804
761  779  0.0124607
761  783  0.402704
762  782  0.436056
763  778  0.0124975
763  781  0.439596
764  780  0.438151
765  777  0.423051
766  776  0.461684
767  775  0.46179
768  774  0.45883
769  773  0.17467
787  868  0.0822561
788  867  0.0824255
789  866  0.0824796
789  871  0.414208
790  865  0.0824662
790  870  0.43755
791  864  0.0303214
791  869  0.438252
792  868  0.438571
793  867  0.431569
794  812  0.541507
794  866  0.339792
795  811  0.623117
795  865  0.295217
796  810  0.983035
797  809  0.984681
798  808  0.986002
799  807  0.986224
800  805  0.414777
800  806  0.569461
813  864  0.442097
814  863  0.49888
815  862  0.520851
816  861  0.521033
817  860  0.506892
820  859  0.485175
821  856  0.0165579
821  858  0.488436
822  855  0.0161266
822  857  0.486612
823  856  0.473956
825  852  0.323675
826  851  0.343902
827  838  0.275424
827  850  0.334948
828  837  0.791339
828  851  0.079762
829  836  0.791669
829  849  0.100063
829  850  0.0628533
830  835  0.784708
830  848  0.117153
830  849  0.0452247
831  847  0.12267
832  846  0.112065
833  845  0.0398417
835  846  0.0354604
836  845  0.112198
837  844  0.126063
838  847  0.207347
839  846  0.185663
840  845  0.150825
840  847  0.0831086
841  846  0.0546082
843  852  0.0575162
844  851  0.0658468
845  850  0.0498406
