1  73  0.994005
2  72  0.995142
3  71  0.993935
4  70  0.99413
5  69  0.995149
6  29  0.0112726
6  68  0.979657
7  28  0.0120918
7  67  0.953256
8  27  0.0132244
8  65  0.0130097
9  66  0.0152976
10  26  0.206253
10  37  0.0143533
10  39  0.0645621
10  41  0.0259488
10  48  0.0278636
10  49  0.0400278
11  25  0.227644
11  38  0.0577568
11  40  0.025196
11  47  0.0233858
12  24  0.232851
12  46  0.0283487
12  47  0.0122421
13  23  0.231743
13  35  0.111795
13  45  0.0577505
13  46  0.0238226
14  21  0.0206908
14  34  0.112463
15  20  0.0174154
15  21  0.0519956
15  32  0.0318052
15  33  0.0900247
15  37  0.0128984
15  49  0.0290401
16  24  0.0684692
16  31  0.0425255
17  23  0.0731677
17  31  0.0560806
17  35  0.0153822
17  47  0.0203449
18  29  0.260825
18  34  0.014236
19  28  0.263861
19  33  0.0141666
20  27  0.236165
21  31  0.0111356
22  30  0.0183702
23  29  0.0182042
23  49  0.204032
24  48  0.193132
27  48  0.301627
28  44  0.23001
28  46  0.0138036
28  47  0.380081
29  43  0.230863
29  45  0.0137547
29  46  0.380265
29  47  0.0639978
30  42  0.232046
30  45  0.379607
30  46  0.0838353
31  41  0.232552
32  40  0.225695
32  44  0.620217
33  43  0.627463
34  42  0.628939
35  41  0.628057
36  40  0.239084
40  66  0.0169331
41  65  0.0183304
43  64  0.135256
44  63  0.13554
45  62  0.135683
45  64  0.0498754
46  61  0.126263
46  63  0.0499574
47  62  0.0499461
48  59  0.138859
49  58  0.139086
49  60  0.0410114
50  57  0.119055
50  66  0.719698
51  58  0.0484324
51  65  0.78253
52  57  0.0439977
52  64  0.800922
53  63  0.800877
54  62  0.78568
55  60  0.0343205
