2  571  0.0161609
2  579  0.0151682
3  12  0.0104563
3  54  0.0721388
3  570  0.0194683
3  578  0.0199666
4  11  0.0129328
4  53  0.0719541
4  350  0.0313025
4  378  0.0184815
4  569  0.0191723
5  52  0.0674693
5  349  0.0356332
5  377  0.0210894
5  568  0.0119922
5  597  0.213497
6  13  0.0130838
6  55  0.0111652
6  348  0.0359863
6  376  0.0212696
6  417  0.0104121
6  575  0.014733
6  577  0.0114969
6  596  0.255427
7  54  0.179661
7  347  0.033861
7  375  0.0198909
7  574  0.0139378
7  576  0.0134712
7  595  0.107634
8  53  0.171327
9  53  0.0101406
10  52  0.0176366
10  372  0.0110683
11  371  0.0102609
13  54  0.0206175
13  520  0.0400186
14  51  0.707094
14  519  0.0406487
15  50  0.866237
15  518  0.0410079
16  49  0.891198
16  517  0.0361629
17  48  0.898442
18  47  0.900917
18  515  0.0442171
19  46  0.901657
19  374  0.0105059
19  514  0.044887
20  45  0.901604
20  373  0.0109651
20  513  0.0448474
21  44  0.900839
21  512  0.0183369
22  43  0.901645
22  369  0.0352561
23  42  0.900868
23  368  0.0408736
24  41  0.897818
24  367  0.0421921
26  39  0.898536
26  366  0.0755664
27  38  0.901465
27  365  0.0973279
28  37  0.901471
28  364  0.0979923
29  36  0.882202
29  363  0.0980088
30  35  0.855707
30  362  0.0980788
31  361  0.0969061
32  360  0.0949822
33  359  0.0476688
34  359  0.0477509
35  358  0.0954584
36  357  0.0964911
37  356  0.0982975
38  355  0.0983008
39  354  0.0981323
40  353  0.0983051
41  352  0.0983053
42  351  0.0533288
43  350  0.0523379
44  349  0.0968783
45  347  0.0528648
46  346  0.0528503
46  347  0.0450836
48  345  0.0915689
49  344  0.0931145
50  343  0.0904667
52  574  0.0175573
53  340  0.150529
53  573  0.0173387
53  597  0.0671016
54  339  0.156172
54  596  0.0829225
55  338  0.155126
55  408  0.011694
55  594  0.77743
56  337  0.152961
56  407  0.0134452
56  570  0.0272173
56  593  0.784685
57  406  0.013808
57  569  0.0272816
57  592  0.78681
58  335  0.107695
58  405  0.0138934
58  568  0.0272399
58  591  0.786952
59  333  0.209964
59  404  0.0139035
59  590  0.765993
60  332  0.214998
60  403  0.0139036
60  589  0.765831
61  331  0.246314
61  402  0.0138858
61  588  0.640762
62  330  0.241802
62  401  0.0137327
62  586  0.0182201
62  587  0.614908
63  327  0.288419
63  586  0.642354
64  326  0.396939
64  583  0.011425
64  584  0.547878
65  325  0.398674
65  417  0.033837
65  582  0.0123371
65  583  0.5353
66  324  0.39865
66  416  0.555649
67  323  0.399088
67  415  0.503951
68  322  0.398691
68  414  0.501761
68  582  0.0204648
69  321  0.397256
69  413  0.554781
69  581  0.024074
70  320  0.398197
70  411  0.0115178
70  412  0.537758
70  580  0.024243
71  319  0.399183
71  409  0.0187448
71  579  0.0163954
72  318  0.0653654
72  409  0.0639441
73  317  0.0349438
73  407  0.507994
73  408  0.0458608
74  316  0.369909
74  406  0.511402
74  407  0.045318
74  578  0.0226944
75  315  0.399176
75  405  0.557205
75  577  0.0236013
76  314  0.395978
76  404  0.556786
76  576  0.023558
77  313  0.395596
77  403  0.556063
77  575  0.0235521
78  100  0.0625103
78  106  0.379978
78  241  0.0260382
78  261  0.0512211
78  312  0.0889216
78  402  0.296872
79  99  0.062655
79  105  0.514629
79  260  0.0512985
79  401  0.292006
80  104  0.518783
80  239  0.0367489
80  259  0.0501101
80  400  0.231484
81  103  0.518545
81  238  0.040975
81  258  0.0496729
81  398  0.0613438
81  400  0.0396807
82  98  0.625303
82  99  0.0238392
82  102  0.156898
82  237  0.0803871
83  97  0.881387
83  236  0.080154
84  96  0.89585
84  235  0.0787163
85  95  0.895801
86  94  0.896254
86  220  0.0861672
87  93  0.891997
87  219  0.0868546
88  92  0.55248
88  218  0.0880174
89  217  0.0842162
91  216  0.0869276
92  215  0.0869029
93  106  0.0187137
93  214  0.0767858
94  105  0.0188349
94  213  0.0767218
95  104  0.0187151
95  212  0.0652533
97  102  0.01475
99  211  0.041425
100  210  0.0416128
100  398  0.0159162
101  130  0.0358799
101  398  0.0947893
102  129  0.0410559
102  397  0.189811
103  127  0.0179274
103  396  0.21805
104  395  0.209903
105  126  0.08116
106  125  0.0815649
106  307  0.205327
106  391  0.284554
107  124  0.081588
107  306  0.31388
107  390  0.286362
108  123  0.0815918
108  214  0.0210804
108  305  0.318542
108  389  0.285985
108  402  0.258931
108  570  0.0137982
109  122  0.0815877
109  213  0.0210938
109  304  0.318556
109  388  0.28299
109  401  0.259121
109  569  0.0138337
110  121  0.0813975
110  212  0.021089
110  303  0.318541
110  385  0.0265074
110  400  0.259108
110  568  0.0138517
111  120  0.0660801
111  302  0.312461
111  384  0.02706
111  386  0.0797403
111  399  0.258391
111  567  0.0125077
112  117  0.0142535
112  210  0.0192819
112  301  0.312185
112  383  0.0270495
112  385  0.258965
112  398  0.258324
113  127  0.58483
113  292  0.0193215
113  384  0.251918
113  565  0.0138294
114  126  0.58575
114  291  0.019564
114  383  0.250808
114  564  0.013853
115  125  0.587648
115  290  0.0195631
115  563  0.0138535
116  124  0.592756
116  235  0.0123301
116  289  0.0194
116  562  0.0138453
117  123  0.576016
117  234  0.0244219
117  561  0.0121495
118  233  0.0244381
118  359  0.206619
118  378  0.019014
118  560  0.0101713
119  232  0.023687
119  358  0.232761
119  377  0.0197258
120  231  0.0219231
120  357  0.23608
120  376  0.0197964
121  218  0.0208883
121  356  0.239239
121  375  0.0198966
122  217  0.0201187
122  355  0.120266
122  374  0.0198966
123  215  0.0207351
123  355  0.120613
123  373  0.0196978
124  214  0.0214371
124  338  0.0125815
124  354  0.239679
125  213  0.0204803
125  214  0.0305407
125  337  0.0114049
125  353  0.242821
126  213  0.0330789
126  336  0.0110933
126  352  0.24468
127  211  0.0209546
127  212  0.0340607
127  335  0.0110656
127  351  0.244473
128  210  0.0201678
128  211  0.0327528
128  296  0.0314909
128  348  0.0129363
128  397  0.0971443
129  295  0.043141
129  344  0.0100893
129  347  0.0263796
129  396  0.124087
130  209  0.0174858
130  300  0.0241538
130  344  0.0197827
130  395  0.115276
131  209  0.0126777
131  297  0.0122569
131  299  0.0249765
131  343  0.020998
132  296  0.013175
132  298  0.0221639
132  342  0.0192324
132  397  0.0677578
133  208  0.855671
133  396  0.0813008
134  207  0.863058
134  395  0.0803441
135  206  0.877586
135  393  0.0210459
135  394  0.0512227
136  205  0.894083
136  392  0.0408829
136  393  0.0234457
137  204  0.898153
137  391  0.0604832
138  203  0.893466
138  390  0.0604323
139  202  0.436766
143  202  0.496925
143  293  0.0245143
144  201  0.962603
144  292  0.0271538
145  200  0.963317
145  291  0.0271568
146  199  0.962823
146  290  0.0263932
148  197  0.955387
148  288  0.0269273
149  196  0.961338
149  287  0.026937
150  195  0.962354
150  286  0.0269355
151  194  0.904187
151  285  0.0259879
152  284  0.0241277
157  168  0.860796
157  270  0.0208973
158  167  0.967599
158  269  0.022402
159  166  0.967524
159  268  0.0224038
160  165  0.862864
160  267  0.0224495
161  265  0.0182661
162  264  0.0126512
164  262  0.0239599
165  261  0.0247595
166  260  0.0247601
167  258  0.0247102
168  257  0.0249378
169  180  0.016491
169  189  0.943783
169  256  0.0244826
170  179  0.0166328
170  188  0.951234
171  178  0.0166247
171  187  0.952252
172  177  0.012581
172  186  0.932535
173  255  0.0223686
174  184  0.931789
174  254  0.028503
175  183  0.950685
175  253  0.028937
176  182  0.766818
176  252  0.0289158
177  251  0.028896
178  250  0.0289229
179  249  0.0283297
180  248  0.020586
182  190  0.0206374
183  189  0.0216285
195  246  0.0283514
196  245  0.0283672
197  244  0.0282804
199  242  0.0284366
200  241  0.0284952
201  240  0.0284916
202  239  0.0268773
203  389  0.0462303
204  237  0.0153413
204  388  0.0460582
207  392  0.0326851
208  339  0.0104421
208  391  0.0374637
209  227  0.0207452
209  296  0.0279303
209  339  0.251576
209  390  0.0454573
210  226  0.0277338
210  293  0.0266767
210  295  0.0392898
210  338  0.498711
210  389  0.0540443
211  225  0.0276304
211  292  0.0291363
211  293  0.148267
211  337  0.499075
211  388  0.0540396
212  224  0.0268278
212  292  0.158955
212  336  0.499053
213  220  0.0309871
213  290  0.0296803
213  291  0.158673
213  335  0.480867
214  219  0.030266
214  289  0.0303369
214  290  0.157593
214  335  0.0177341
214  385  0.0533806
215  241  0.0405375
215  287  0.0202036
215  288  0.0127457
215  333  0.293978
215  334  0.0351752
215  384  0.0533573
216  229  0.0878109
216  240  0.0405564
216  286  0.0205133
216  289  0.0131203
216  332  0.293751
216  383  0.0533342
217  228  0.10347
217  241  0.0219129
217  285  0.0111119
217  287  0.0231171
217  295  0.0383903
217  331  0.290764
217  333  0.27643
218  238  0.0230983
218  240  0.0219627
218  283  0.01159
218  286  0.0233615
218  294  0.0384112
218  332  0.277553
219  226  0.22023
219  282  0.0115676
219  293  0.0381233
219  330  0.279473
219  331  0.279736
220  225  0.207636
220  281  0.0114903
220  292  0.0378473
220  330  0.279069
222  327  0.282147
223  326  0.281945
224  291  0.0343523
224  325  0.277604
224  326  0.0203043
225  290  0.0353826
225  325  0.0200061
225  326  0.265446
226  289  0.0355237
226  322  0.0106537
226  325  0.269903
227  288  0.0277639
227  324  0.263893
228  235  0.106403
228  322  0.0508355
229  234  0.1862
229  321  0.0343384
230  320  0.0194352
231  321  0.504808
232  320  0.541467
233  319  0.567128
234  286  0.0790041
234  318  0.568263
235  285  0.137217
235  317  0.564826
236  284  0.137444
236  316  0.565132
237  283  0.137567
237  315  0.563388
238  250  0.0141836
238  282  0.128662
238  314  0.245612
239  249  0.0134891
239  293  0.11693
240  246  0.0136138
240  248  0.0122969
240  257  0.467234
240  292  0.130806
240  314  0.0149008
241  256  0.467491
241  291  0.130599
241  313  0.0181165
242  254  0.514071
242  290  0.100841
243  250  0.0573741
243  253  0.594988
244  249  0.0377764
244  252  0.580162
245  251  0.497164
245  312  0.0205415
245  314  0.0397304
246  306  0.0108605
246  313  0.0496635
247  310  0.0962171
247  312  0.0488049
248  309  0.112408
248  311  0.0449352
249  308  0.118427
250  307  0.118892
251  306  0.0922791
251  308  0.0361636
252  290  0.0154206
252  307  0.0373754
252  308  0.0121088
253  289  0.190646
253  306  0.0376333
253  307  0.01218
254  288  0.194632
256  287  0.47626
257  286  0.4769
258  285  0.481736
259  284  0.481445
259  314  0.0190324
260  283  0.476574
260  313  0.0177025
261  280  0.61745
261  313  0.195511
262  279  0.629053
262  310  0.0237338
262  312  0.204923
263  278  0.629153
263  309  0.0263531
263  311  0.195452
264  277  0.631296
264  310  0.0985566
265  276  0.631319
265  307  0.324
266  275  0.630856
266  306  0.325265
267  274  0.597612
267  305  0.326888
268  274  0.0239579
268  304  0.326896
269  273  0.0385968
269  303  0.326621
270  302  0.303645
271  297  0.225306
272  296  0.30934
273  281  0.021167
273  295  0.316048
273  302  0.0111658
274  280  0.0232613
274  294  0.316065
274  301  0.0133514
275  293  0.315856
275  300  0.0134399
276  292  0.315901
276  299  0.0103396
277  291  0.314914
278  287  0.0128752
279  286  0.0126802
279  289  0.15725
279  296  0.0136544
280  287  0.25197
280  295  0.013667
281  286  0.239039
281  290  0.0359517
281  294  0.013657
282  289  0.0353413
283  288  0.0231445
283  292  0.0136757
284  291  0.0136227
285  290  0.0119449
290  305  0.220249
291  304  0.221768
292  303  0.212449
293  303  0.0104958
294  302  0.230427
294  314  0.109016
295  301  0.229542
295  313  0.117309
296  300  0.0876635
296  312  0.11746
297  311  0.117433
298  310  0.117368
299  309  0.116395
300  308  0.11475
302  306  0.0650883
302  307  0.0213069
318  396  0.0119967
319  395  0.012612
320  394  0.0130062
321  393  0.0129913
324  390  0.0139589
325  389  0.0167445
326  388  0.0167506
327  387  0.016674
328  386  0.0144805
330  583  0.0982659
331  385  0.0133295
331  400  0.0110828
331  582  0.0986951
332  384  0.0153598
332  399  0.0119421
332  581  0.0781938
333  383  0.0153473
333  398  0.0119755
334  397  0.0118444
334  579  0.089677
335  375  0.0240649
335  396  0.0109527
335  565  0.0350599
335  578  0.0918176
335  586  0.018151
336  374  0.0232454
336  564  0.035301
336  577  0.0914934
336  584  0.0706481
337  373  0.022326
337  391  0.011593
337  563  0.0353671
337  583  0.0710858
338  390  0.0116541
338  562  0.0353591
338  575  0.0303716
338  582  0.0710488
339  389  0.0112252
339  561  0.0252156
339  574  0.0292846
339  581  0.0357516
340  560  0.0232163
341  559  0.0151555
343  370  0.36686
343  394  0.0106749
344  369  0.408921
344  393  0.0121696
345  368  0.424541
346  367  0.428543
346  391  0.098539
347  366  0.428373
347  390  0.0988785
348  365  0.343138
348  389  0.0682818
348  396  0.0212666
349  365  0.0105788
349  395  0.0211024
350  364  0.0107837
350  394  0.0159413
351  362  0.477604
351  524  0.0139348
352  361  0.479746
352  391  0.0223337
352  523  0.0139759
353  360  0.4728
353  390  0.0224356
353  522  0.0139514
354  387  0.105561
354  579  0.0185259
355  386  0.129688
355  578  0.0270062
356  385  0.131872
356  577  0.0270031
357  384  0.133085
359  383  0.134258
360  382  0.402931
361  381  0.404593
362  380  0.404624
363  379  0.404089
364  378  0.403928
365  377  0.404003
366  375  0.0186363
366  389  0.0470247
366  511  0.0246554
367  375  0.38528
367  388  0.0480593
367  510  0.043074
368  373  0.0529727
368  374  0.284698
368  387  0.0479638
368  509  0.047879
369  386  0.0469314
369  508  0.0511799
369  570  0.0172719
370  507  0.0514
370  569  0.0171416
371  506  0.05122
372  505  0.0508637
372  560  0.0108737
372  567  0.036832
373  382  0.369213
373  504  0.0499484
373  559  0.0146998
373  566  0.0400373
374  381  0.370043
374  503  0.0500491
374  558  0.0190248
374  565  0.0400458
375  380  0.367234
375  502  0.0500369
375  557  0.0190522
375  564  0.0399344
376  396  0.0102991
376  411  0.0181932
376  501  0.02933
377  395  0.0106703
377  410  0.0185072
378  394  0.0107408
378  409  0.0185626
378  526  0.0372305
379  408  0.0185801
379  525  0.0429598
380  407  0.0185457
380  474  0.01012
380  524  0.0439733
380  534  0.0215047
380  578  0.0216902
381  391  0.0181981
381  473  0.0103812
381  523  0.0439759
381  533  0.0215151
381  577  0.0108608
382  390  0.0182533
382  405  0.018461
382  472  0.0103764
382  522  0.0439534
382  532  0.0215128
382  577  0.0200301
383  389  0.0165845
383  404  0.0186521
383  466  0.0214668
383  521  0.0340551
383  531  0.020101
383  576  0.166785
383  578  0.055862
384  403  0.018652
384  465  0.0214868
384  575  0.16719
384  577  0.0558863
385  464  0.021219
385  520  0.0215937
385  529  0.0181546
385  574  0.166236
385  576  0.0556637
386  400  0.0191728
386  519  0.0203321
386  528  0.0158372
386  573  0.153909
386  575  0.0540463
387  399  0.0192236
388  398  0.0188183
388  514  0.289989
389  513  0.29145
390  396  0.0117664
390  463  0.0257287
390  512  0.290319
391  462  0.026189
391  511  0.290356
392  461  0.0264544
392  510  0.274692
393  460  0.025904
394  459  0.0243285
395  451  0.236697
396  450  0.347858
396  457  0.0169077
396  582  0.0160005
397  449  0.361211
397  456  0.0169697
397  581  0.0176482
398  448  0.36388
398  455  0.0169302
398  580  0.0183363
399  447  0.363548
399  454  0.0168203
399  579  0.0183309
400  446  0.363845
400  453  0.0167087
400  578  0.018337
401  445  0.363471
401  451  0.0166168
401  577  0.011992
402  428  0.067482
402  444  0.297768
402  450  0.0165889
403  427  0.373462
403  576  0.0126506
404  426  0.373587
404  575  0.01265
405  425  0.375127
405  432  0.0123556
405  574  0.0122988
406  424  0.374238
406  431  0.012373
406  573  0.0104562
407  423  0.371852
407  430  0.012294
408  414  0.0115259
411  514  0.0100564
412  421  0.0270583
412  513  0.0100527
413  420  0.0266847
413  424  0.0125927
415  422  0.326068
416  421  0.339192
420  581  0.514643
421  580  0.590918
422  579  0.591037
423  578  0.591521
425  577  0.591457
426  576  0.591869
427  575  0.591822
428  448  0.0156885
428  574  0.567145
429  447  0.0156946
429  571  0.262772
429  573  0.303598
430  446  0.0160467
430  570  0.567202
431  569  0.57592
432  444  0.0961756
432  568  0.573814
433  443  0.697506
433  446  0.0526033
433  524  0.0292758
433  534  0.055729
433  565  0.0990098
433  567  0.0202738
434  442  0.69795
434  445  0.0526366
434  514  0.0129738
434  523  0.0293268
434  533  0.0557672
434  564  0.102726
435  441  0.676345
435  444  0.0526395
435  513  0.0130606
435  522  0.0292983
435  532  0.0557671
435  563  0.102225
436  440  0.257487
436  443  0.0509257
436  508  0.0574883
436  531  0.0533355
437  507  0.0572378
437  561  0.071626
438  506  0.0532134
438  560  0.0574177
439  505  0.052867
439  559  0.0229802
441  504  0.123307
441  559  0.0494758
442  503  0.155631
442  555  0.014247
442  558  0.0621767
443  502  0.15589
443  554  0.0143484
443  557  0.0624804
444  501  0.154922
444  553  0.012454
444  566  0.301801
445  500  0.151423
445  536  0.0136902
445  555  0.0606399
445  565  0.302403
446  535  0.0137524
446  554  0.0606818
446  564  0.301478
447  466  0.19599
447  503  0.0305762
447  524  0.233332
447  534  0.0292953
447  553  0.0606585
448  465  0.195993
448  502  0.0299283
448  523  0.233589
448  533  0.0292971
448  552  0.0606126
449  498  0.0169243
449  522  0.0913388
449  532  0.0290644
449  551  0.0600251
450  463  0.200979
450  497  0.0197939
450  501  0.0309271
450  521  0.0881741
450  531  0.0282186
450  550  0.0501383
451  462  0.201528
451  496  0.0190321
451  500  0.0310619
451  508  0.0265167
451  520  0.229287
451  549  0.0327828
452  461  0.196909
452  471  0.528571
452  507  0.0190534
452  549  0.0185026
453  470  0.684632
453  548  0.0210674
454  459  0.0159578
454  469  0.707417
455  468  0.71061
456  467  0.712688
456  545  0.0360127
457  466  0.713613
457  544  0.0377882
458  465  0.517381
458  543  0.0376442
459  542  0.0370397
460  541  0.0344534
464  537  0.0363488
465  536  0.0369367
466  535  0.0369164
471  498  0.15146
471  502  0.083592
472  496  0.0346777
472  497  0.208759
472  501  0.641096
472  540  0.0179854
472  566  0.0128491
473  495  0.0363839
473  496  0.207196
473  500  0.642088
473  539  0.0179937
473  565  0.012701
474  494  0.0279077
474  499  0.635568
474  538  0.0174288
475  498  0.555844
475  537  0.0104797
477  494  0.819324
477  535  0.0102962
478  493  0.96074
478  534  0.0108393
479  492  0.96818
479  533  0.010728
480  491  0.96823
480  532  0.0105765
481  490  0.958051
488  505  0.0100351
489  504  0.010984
490  503  0.0114662
491  501  0.0147233
492  500  0.0147185
493  499  0.0126011
495  564  0.0155885
496  563  0.0221056
497  562  0.0222879
498  561  0.0211002
499  560  0.0157335
500  533  0.0185049
501  532  0.0205086
502  531  0.0217385
502  534  0.0483736
502  558  0.0131759
503  533  0.0483638
503  557  0.0132024
504  517  0.0975781
504  518  0.110642
504  530  0.0104529
504  532  0.0447279
505  516  0.128984
505  517  0.145125
506  515  0.136743
506  516  0.153101
506  528  0.171075
507  514  0.137873
507  515  0.155503
507  527  0.232728
508  513  0.126275
508  514  0.154115
508  526  0.237903
509  525  0.236617
511  523  0.23945
512  522  0.0943533
513  521  0.0977633
514  520  0.242243
519  569  0.102273
520  568  0.122856
521  571  0.0697063
522  566  0.263357
522  570  0.0901343
523  534  0.0355646
523  565  0.263856
523  569  0.0901592
524  533  0.0356693
524  564  0.263462
524  568  0.0901582
525  532  0.035342
525  563  0.225428
526  531  0.0307304
526  565  0.109846
527  561  0.134567
528  560  0.122219
529  562  0.567115
530  561  0.562457
532  559  0.528819
533  558  0.737776
534  557  0.738001
535  555  0.906325
536  554  0.906976
537  553  0.910546
539  552  0.927037
540  551  0.927853
541  550  0.92801
542  549  0.728373
557  565  0.0399157
558  564  0.0422435
559  563  0.0160892
580  596  0.0114003
581  596  0.0540312
582  595  0.180101
583  594  0.206888
584  593  0.207217
585  592  0.206869
586  591  0.19788
