1  72  0.8107
2  71  0.998899
3  70  0.999276
4  69  0.999299
5  68  0.999288
6  67  0.998933
7  13  0.141066
7  16  0.0130517
7  66  0.582317
8  15  0.0150552
9  17  0.0220079
9  64  0.0188129
10  16  0.02367
10  25  0.310638
10  63  0.0171693
11  15  0.0167583
11  24  0.311109
12  19  0.0160542
12  23  0.315484
13  18  0.0233896
13  22  0.316955
15  20  0.012122
18  66  0.190623
19  65  0.193814
21  64  0.205165
22  63  0.210111
23  48  0.387616
23  62  0.210082
24  45  0.0156104
24  47  0.440385
24  61  0.210043
25  44  0.0184889
25  46  0.447042
26  45  0.454591
26  60  0.207189
27  43  0.464914
27  44  0.304751
27  59  0.20821
28  42  0.616806
28  43  0.154094
28  57  0.218434
29  41  0.767674
29  56  0.219595
30  40  0.765595
30  55  0.101736
31  39  0.640897
32  53  0.218411
33  37  0.0176211
33  52  0.217411
34  50  0.0104821
34  51  0.210031
35  49  0.017899
35  50  0.201004
36  48  0.0247659
37  47  0.0212374
37  48  0.0140163
38  47  0.0126819
38  48  0.0748576
39  45  0.0650603
39  47  0.121955
40  44  0.0478544
40  46  0.119305
49  63  0.0108026
49  65  0.571201
49  66  0.0752947
50  62  0.0111475
50  64  0.585292
50  65  0.0753609
50  66  0.0752115
51  61  0.0113254
51  63  0.665198
51  65  0.0763431
52  60  0.0102591
52  62  0.665392
52  64  0.0763856
53  61  0.659926
53  63  0.0752722
54  59  0.0292039
