2  10  0.0330156
2  13  0.0265716
2  30  0.174942
2  37  0.0175121
3  9  0.0393019
3  12  0.0351926
3  21  0.0240684
3  29  0.210899
3  36  0.0211607
4  20  0.0240505
4  28  0.207749
4  35  0.0211052
5  19  0.0237012
5  34  0.0204262
6  18  0.0217662
6  33  0.0177891
7  25  0.219545
8  24  0.227291
9  23  0.228644
10  22  0.228277
10  49  0.0410848
11  21  0.218223
11  48  0.0468887
12  45  0.0112706
13  19  0.0427647
13  20  0.0425115
14  43  0.0234837
14  44  0.0373461
14  45  0.0508385
19  40  0.538713
19  45  0.0172002
20  39  0.618146
20  44  0.0237313
21  38  0.648432
21  43  0.0264832
22  37  0.64893
22  42  0.0266445
23  36  0.649201
23  41  0.0270285
23  48  0.0799431
24  40  0.0207047
24  47  0.0804471
25  39  0.0140792
25  46  0.0809369
26  33  0.649405
26  39  0.0134775
26  45  0.081074
27  32  0.644568
27  38  0.0195717
27  44  0.081289
28  37  0.0179562
28  43  0.0807928
29  42  0.0737476
31  49  0.0461957
32  48  0.0526387
34  46  0.023856
34  47  0.0392305
35  45  0.0246184
35  46  0.0420221
36  44  0.0233174
36  45  0.0421104
42  49  0.493214
43  48  0.548557
