2  912  0.850865
3  911  0.972613
4  910  0.981799
5  909  0.984597
6  908  0.98394
7  907  0.430105
8  871  0.465941
9  870  0.517827
10  869  0.517487
11  868  0.517215
12  867  0.517804
13  866  0.513377
14  865  0.458843
16  859  0.837411
16  863  0.155475
17  858  0.8406
17  862  0.154618
18  857  0.844995
18  861  0.130268
19  856  0.85036
20  855  0.838995
22  853  0.224063
24  851  0.51237
26  849  0.851135
27  848  0.947688
28  847  0.966049
29  846  0.969852
30  845  0.96975
30  859  0.0207042
31  844  0.926459
31  858  0.0208212
32  857  0.0172819
34  843  0.49467
34  855  0.0199767
35  842  0.70224
35  854  0.0227679
36  840  0.234748
36  841  0.706823
36  853  0.0231023
37  839  0.249421
37  852  0.0232289
38  838  0.248869
38  839  0.717208
39  837  0.246777
39  838  0.717711
39  850  0.0229705
40  276  0.124194
40  837  0.714579
41  275  0.125902
42  274  0.127047
42  832  0.644007
43  273  0.126437
43  831  0.652175
44  272  0.115337
44  830  0.652512
44  847  0.0253397
45  270  0.0116642
45  829  0.65401
45  846  0.0273876
46  270  0.0931244
46  828  0.653679
46  845  0.0273948
47  65  0.139749
47  269  0.0908775
47  825  0.0802883
47  827  0.55128
47  844  0.0256161
48  64  0.173506
48  268  0.0751291
48  824  0.573664
48  826  0.0525783
49  63  0.17592
49  823  0.647201
50  62  0.176164
50  215  0.0759215
50  264  0.0458623
50  822  0.648132
50  842  0.0275804
51  61  0.170124
51  214  0.0828085
51  263  0.0458968
51  821  0.648111
51  841  0.0298542
52  213  0.08808
52  820  0.150693
52  840  0.0298325
53  60  0.11852
53  212  0.133207
53  819  0.102538
53  839  0.0300334
54  211  0.133297
54  818  0.564421
54  838  0.0300152
55  104  0.0123813
55  111  0.457226
55  210  0.13327
55  837  0.029779
56  103  0.0123897
56  110  0.539981
56  209  0.1323
57  102  0.0123745
57  109  0.587208
57  208  0.122702
58  101  0.0122839
58  108  0.628126
58  207  0.0620415
59  107  0.635956
60  106  0.63799
60  206  0.0367213
60  835  0.0166445
61  99  0.0133156
61  205  0.0340615
61  207  0.0715636
61  834  0.0164161
62  98  0.0133541
62  105  0.64296
62  206  0.0882357
62  833  0.0164255
63  104  0.643923
63  205  0.0902243
63  832  0.0132206
64  96  0.012994
64  103  0.63837
64  204  0.0899589
65  102  0.63092
65  202  0.113866
66  89  0.18365
66  94  0.023033
66  101  0.6155
66  201  0.115958
67  88  0.799869
67  93  0.028246
67  101  0.0179493
67  200  0.115259
68  87  0.801461
68  92  0.028295
68  100  0.0259293
68  199  0.114343
69  86  0.813033
69  91  0.0283336
69  99  0.0257083
70  85  0.812296
70  90  0.0283303
70  98  0.0241457
71  89  0.0281624
72  83  0.808529
72  97  0.0128444
73  82  0.815044
73  88  0.0157019
73  96  0.0128267
73  194  0.119433
74  81  0.812724
74  87  0.0156803
74  95  0.0144847
74  193  0.122571
75  80  0.7875
75  86  0.0156265
75  192  0.120768
77  85  0.014652
77  92  0.0190647
78  84  0.0145129
78  91  0.019385
78  189  0.124475
79  90  0.0146979
79  188  0.124456
80  187  0.123565
81  88  0.0196099
81  184  0.121809
82  87  0.0191705
82  183  0.124481
83  182  0.122762
85  180  0.0864381
86  179  0.124798
87  178  0.124825
88  177  0.124827
89  100  0.411519
89  176  0.12454
90  99  0.607495
90  175  0.123101
91  98  0.596359
91  174  0.122871
91  835  0.180017
92  173  0.11373
92  834  0.182963
93  97  0.0163793
93  833  0.182179
94  172  0.0879602
95  162  0.0250213
95  171  0.0877877
95  831  0.185059
96  161  0.0344862
96  170  0.0870327
96  830  0.19638
97  160  0.0396459
97  169  0.0828374
97  829  0.205883
98  152  0.011836
98  159  0.0398661
98  828  0.205915
99  151  0.0121615
99  158  0.0398392
99  166  0.0619116
99  827  0.205913
100  150  0.0113138
100  165  0.0616633
101  115  0.0207911
101  164  0.0613557
101  826  0.205859
102  114  0.0222067
102  825  0.2056
103  113  0.022614
103  148  0.0229858
103  824  0.205862
104  112  0.0226162
104  147  0.0302001
104  823  0.206017
105  111  0.0186112
105  146  0.10171
105  822  0.202033
106  145  0.101765
107  144  0.0990093
107  820  0.17004
108  143  0.0774638
109  141  0.0140915
109  142  0.070602
109  817  0.187181
110  140  0.0171875
110  141  0.0825773
110  816  0.276773
111  139  0.0210632
111  140  0.0765102
111  815  0.372438
112  138  0.0246456
112  814  0.720514
113  813  0.716383
114  812  0.689108
115  121  0.0103463
115  127  0.0121097
115  814  0.0864177
116  126  0.023017
116  136  0.077909
116  810  0.0140847
116  813  0.0764249
116  814  0.0155877
117  125  0.0230926
117  135  0.0778455
118  124  0.0217433
118  133  0.019053
118  810  0.0290028
118  812  0.0350214
119  811  0.0399504
120  809  0.84639
121  130  0.0643756
121  808  0.855629
122  129  0.0670181
122  132  0.0168007
122  807  0.854126
123  128  0.0543903
123  131  0.0168736
123  806  0.604456
124  130  0.0166926
124  137  0.0111139
124  805  0.0906609
124  806  0.0233597
125  136  0.0156793
126  135  0.0156187
126  805  0.769017
127  153  0.0102698
127  804  0.835292
128  152  0.0140978
128  803  0.863233
129  151  0.0144416
129  802  0.865136
130  150  0.0144304
130  801  0.864989
131  149  0.0144567
132  148  0.0144063
132  800  0.756097
133  799  0.755636
134  797  0.861184
135  796  0.862707
136  795  0.862733
137  794  0.861166
138  793  0.85995
139  771  0.0416932
142  768  0.341884
142  773  0.226499
143  767  0.3421
143  773  0.102817
144  766  0.337977
144  771  0.48828
145  765  0.297414
145  770  0.500741
146  158  0.053511
146  769  0.500756
147  157  0.0935323
147  160  0.457554
147  163  0.0217368
147  768  0.356857
148  156  0.0919837
148  159  0.460808
148  162  0.02242
148  767  0.347634
149  158  0.362791
149  161  0.0261336
150  158  0.0240319
150  161  0.0389786
150  176  0.0114091
150  765  0.0296115
151  156  0.294421
151  157  0.0478066
151  159  0.0898886
151  160  0.0495033
151  175  0.013282
151  764  0.0562925
151  773  0.011021
152  158  0.0752212
152  174  0.0132709
152  763  0.0573872
152  772  0.0108865
153  173  0.0131815
153  762  0.0556771
154  172  0.0127043
156  759  0.0208621
156  770  0.0106188
157  166  0.0156468
157  757  0.0152891
157  759  0.0289621
157  769  0.0110097
158  165  0.0166971
158  169  0.015752
158  758  0.0316195
158  768  0.0116743
159  164  0.0157467
159  168  0.0156878
159  757  0.0310145
160  166  0.0116668
160  754  0.0258788
161  753  0.0258932
162  752  0.025099
162  755  0.0129235
163  168  0.0358385
163  751  0.0248344
163  754  0.0135543
163  765  0.458117
164  764  0.750954
165  763  0.779767
166  191  0.025925
166  762  0.786596
167  190  0.0268109
167  761  0.789162
168  189  0.0272287
168  760  0.792276
169  759  0.793227
170  758  0.708948
171  187  0.313287
171  757  0.473075
172  186  0.740185
173  185  0.818714
174  184  0.843824
175  183  0.8438
176  182  0.833785
177  181  0.655316
178  765  0.0110648
179  764  0.0125416
180  763  0.0124647
183  760  0.0136677
184  759  0.0137872
185  758  0.0138888
186  757  0.0138579
188  753  0.0133962
189  754  0.285673
190  752  0.780259
191  751  0.837903
192  750  0.861119
193  749  0.864522
194  748  0.864549
195  747  0.864311
196  746  0.673617
200  410  0.727283
201  409  0.766578
202  408  0.765167
203  407  0.74225
205  405  0.842629
206  404  0.862383
207  403  0.86241
208  402  0.860867
209  401  0.860354
210  400  0.85512
212  263  0.675101
213  262  0.831282
213  279  0.0302491
214  261  0.829111
214  262  0.0286832
214  278  0.0300204
215  277  0.027154
217  259  0.843361
218  258  0.884635
219  257  0.883164
219  264  0.0668282
220  256  0.880296
220  263  0.06686
222  255  0.12141
222  261  0.0634614
222  276  0.0130265
223  260  0.0626822
223  275  0.0130268
224  252  0.0329453
224  255  0.0544729
224  274  0.0128459
225  251  0.0319409
225  253  0.851827
225  258  0.0499905
226  252  0.850958
226  257  0.0500626
227  251  0.425332
227  256  0.0460006
228  251  0.506146
229  250  0.997172
230  249  0.998649
231  248  0.460324
232  247  0.459758
233  246  0.999017
234  245  0.999477
235  244  0.999365
236  243  0.961432
251  264  0.0124657
252  263  0.0124579
253  262  0.0122647
256  264  0.0124422
257  263  0.0121514
278  835  0.0632099
278  836  0.024066
279  833  0.0991627
279  835  0.0240554
280  832  0.103255
280  834  0.0183169
281  398  0.861423
281  831  0.109294
282  397  0.861814
282  830  0.109455
283  396  0.862027
283  818  0.118084
284  395  0.861993
284  817  0.12813
285  394  0.861816
285  816  0.128302
286  393  0.847489
286  815  0.120472
287  390  0.0275326
287  392  0.693274
287  812  0.0242969
288  389  0.0519427
288  811  0.0266815
289  388  0.0517408
289  390  0.344923
289  810  0.0268611
289  812  0.0710559
290  387  0.0361951
290  389  0.337646
290  811  0.0720968
291  343  0.0134646
291  387  0.0397094
291  809  0.126973
292  342  0.0137701
292  387  0.276594
292  808  0.127386
293  368  0.0344984
293  386  0.0463615
293  807  0.127692
294  367  0.0165012
294  384  0.0153962
294  385  0.0247288
294  806  0.127617
295  383  0.0210115
295  805  0.127182
296  313  0.0824793
296  367  0.414083
296  382  0.0207951
297  312  0.0879592
297  366  0.524187
297  368  0.246143
297  803  0.0180807
298  311  0.0881056
298  367  0.245334
298  802  0.0577456
299  310  0.0879588
299  364  0.804952
300  309  0.0882159
300  363  0.887832
301  308  0.084762
301  362  0.89428
302  307  0.0639108
302  361  0.897359
303  360  0.894937
306  358  0.896287
307  357  0.909796
308  356  0.909746
309  355  0.909964
310  354  0.909827
311  353  0.909167
312  325  0.0152272
312  351  0.135226
312  352  0.717616
313  350  0.26823
314  323  0.149437
314  349  0.236662
314  803  0.050194
315  322  0.166073
315  342  0.278569
315  802  0.0538387
316  321  0.169305
316  341  0.759674
316  801  0.057201
317  340  0.759773
317  800  0.0571484
318  339  0.760644
318  799  0.0570823
319  338  0.762637
319  798  0.0571827
320  337  0.762596
320  796  0.0571711
321  336  0.746867
321  795  0.0571588
322  794  0.0564428
323  336  0.0123814
323  792  0.0235752
323  793  0.0310418
324  334  0.0307715
324  335  0.723732
324  791  0.0359122
325  333  0.0307564
325  334  0.727585
325  790  0.0355819
326  333  0.684161
326  350  0.234559
327  349  0.235721
328  348  0.236098
329  347  0.234522
330  346  0.190511
331  346  0.011935
333  344  0.233829
334  343  0.23516
335  342  0.235394
336  341  0.232278
342  348  0.0709744
342  349  0.0446775
342  350  0.256327
343  348  0.174427
343  349  0.241569
343  350  0.0385368
344  348  0.198758
344  349  0.0278858
344  350  0.0526277
344  391  0.01552
345  349  0.0201119
345  390  0.0157055
346  389  0.0159119
347  388  0.0160386
348  387  0.0160168
357  789  0.0428758
358  368  0.0226578
358  788  0.04914
359  367  0.0226871
359  787  0.0492094
360  366  0.0226625
360  786  0.0492715
361  785  0.0492217
362  784  0.0483741
363  783  0.0457013
365  782  0.0294967
366  781  0.0296509
367  388  0.0253388
367  779  0.0474873
367  801  0.0658645
368  381  0.0230562
368  387  0.0289201
368  778  0.0475187
368  800  0.0658936
369  380  0.0108648
369  387  0.201358
369  777  0.0474121
369  799  0.0658233
370  379  0.0114076
370  386  0.808198
370  388  0.0120643
370  776  0.047312
370  798  0.0657076
371  378  0.0235984
371  385  0.809193
371  387  0.0121363
371  775  0.0472237
371  797  0.0655878
372  384  0.784244
372  385  0.0124949
372  757  0.011717
373  383  0.333915
373  384  0.056742
373  385  0.0260416
373  756  0.0192079
374  382  0.309722
374  383  0.0829171
374  384  0.0586064
374  755  0.021041
375  381  0.735974
375  382  0.109186
375  383  0.0625316
375  754  0.0210488
376  380  0.45584
376  381  0.109093
376  382  0.0625196
376  751  0.0474785
377  381  0.0387262
377  750  0.0483811
378  749  0.0537192
379  748  0.0522597
381  746  0.0521407
382  745  0.0534017
383  744  0.0530405
384  407  0.0493538
385  406  0.0578562
385  796  0.0151262
386  405  0.0578689
386  774  0.0367178
386  795  0.0151318
387  404  0.057998
387  773  0.0599599
388  403  0.0456697
388  772  0.0598579
389  771  0.0598286
390  401  0.0577283
390  770  0.0234299
391  400  0.0583256
391  769  0.0221989
391  770  0.0367426
392  399  0.0581977
392  769  0.0374257
393  398  0.0563541
393  768  0.0564608
394  407  0.0135652
394  767  0.0564236
395  406  0.0156302
395  766  0.0559295
396  405  0.0162532
396  765  0.0558611
397  404  0.0325312
397  764  0.021835
398  403  0.0320297
401  762  0.0175806
402  761  0.0180259
403  760  0.018338
404  750  0.019584
404  759  0.018356
405  749  0.0383385
405  758  0.0178138
406  748  0.038296
406  757  0.0178178
407  747  0.0312764
407  756  0.0160224
408  745  0.146779
409  744  0.147593
409  745  0.0113603
411  742  0.93462
412  741  0.995113
413  740  0.994484
414  739  0.992927
415  738  0.990742
416  737  0.988464
417  736  0.575571
418  736  0.0104009
419  734  0.981744
420  733  0.994336
421  732  0.983075
423  731  0.919894
424  730  0.919462
425  729  0.919879
426  447  0.0441903
426  728  0.830255
427  727  0.397374
428  446  0.448136
428  726  0.0469535
429  445  0.992694
430  444  0.993758
431  443  0.727712
432  442  0.46294
432  443  0.269809
433  441  0.19778
433  442  0.535493
434  440  0.158916
434  441  0.801256
435  440  0.781673
446  728  0.0110602
446  730  0.0732611
447  729  0.0734353
448  727  0.474805
448  728  0.0861658
449  726  0.937655
450  725  0.985983
451  724  0.993805
452  723  0.993815
453  722  0.993325
454  721  0.993745
455  720  0.992603
458  714  0.0115956
459  487  0.493089
459  709  0.0105716
459  713  0.0117134
459  715  0.0312109
460  486  0.496365
460  489  0.298862
460  714  0.0289838
461  485  0.496591
461  488  0.323421
461  713  0.0284199
462  484  0.487266
462  487  0.324828
463  486  0.318228
464  472  0.0129929
464  485  0.279644
464  702  0.02915
465  471  0.0176816
465  472  0.391165
465  484  0.130323
465  485  0.0129341
465  701  0.0315588
466  471  0.349162
466  472  0.22331
466  484  0.0105248
466  488  0.0505155
466  700  0.031548
467  471  0.141407
467  472  0.0108315
467  487  0.0529669
467  699  0.0313991
468  473  0.0499367
468  486  0.0384682
468  698  0.0129551
470  484  0.117057
470  487  0.0406836
471  483  0.157075
471  486  0.0419586
471  532  0.0327921
472  482  0.157412
472  531  0.0328721
473  481  0.157029
473  484  0.180627
473  530  0.0328721
474  483  0.801429
474  529  0.0324497
475  482  0.802877
475  528  0.0324494
476  481  0.784249
476  527  0.0323989
484  496  0.0458086
485  495  0.0461025
486  494  0.0460228
487  493  0.0449128
488  492  0.0365071
488  718  0.417428
489  716  0.0112229
489  717  0.396908
490  714  0.0112091
491  710  0.0114855
491  714  0.663012
492  709  0.015845
492  713  0.687884
493  708  0.0151555
493  711  0.854711
494  710  0.88795
495  709  0.885229
497  707  0.912605
498  525  0.011009
498  706  0.920825
500  523  0.0261776
501  522  0.0275896
501  703  0.891153
502  521  0.0280075
502  702  0.926859
503  520  0.027949
503  701  0.929173
504  700  0.929119
505  518  0.027934
505  699  0.928652
506  517  0.0280547
507  516  0.0280772
507  697  0.914969
508  515  0.0279949
508  696  0.914932
509  514  0.0183816
509  533  0.123116
509  682  0.0433112
509  695  0.67647
510  529  0.142739
510  532  0.614689
510  681  0.142271
511  528  0.145656
511  531  0.615361
511  680  0.142309
512  527  0.145544
512  530  0.614799
512  679  0.142486
513  526  0.145766
513  529  0.598508
513  678  0.141118
514  528  0.57968
514  529  0.0224325
514  532  0.113323
514  656  0.0529663
515  524  0.145663
515  526  0.0684769
515  528  0.0394208
515  531  0.115655
515  655  0.0550989
516  523  0.121562
516  525  0.0669655
516  527  0.0561167
516  530  0.0366834
516  654  0.0551059
517  653  0.0550718
518  524  0.0788034
518  526  0.540657
518  528  0.119322
518  652  0.0551223
519  523  0.0639752
519  525  0.540035
519  527  0.119863
519  651  0.0551156
520  524  0.334521
520  526  0.115493
520  650  0.0516653
522  557  0.0476928
523  556  0.0547579
524  555  0.054766
525  554  0.0547736
526  553  0.0547679
527  552  0.0457381
528  536  0.0107327
529  535  0.0107488
530  549  0.0413302
530  689  0.141464
530  718  0.0148547
531  548  0.0419386
531  688  0.141114
531  717  0.0148736
532  547  0.041439
532  687  0.136143
532  715  0.0156169
533  686  0.0808442
533  714  0.0160477
534  543  0.0291141
534  687  0.541184
534  694  0.0621489
534  713  0.0160855
535  675  0.132831
535  685  0.0178082
535  686  0.594579
535  712  0.0125422
536  674  0.133126
536  685  0.6462
537  673  0.0669453
537  684  0.639869
537  691  0.0676725
538  673  0.0674926
538  683  0.553102
538  690  0.0415854
539  672  0.136336
540  671  0.13762
540  682  0.0222132
540  688  0.0426542
541  670  0.138246
541  687  0.0784653
542  669  0.112843
542  680  0.0167679
542  686  0.078396
543  685  0.0779179
544  678  0.649622
545  677  0.646657
547  656  0.275211
547  675  0.658654
548  655  0.276829
548  674  0.65942
549  654  0.276481
549  673  0.659035
550  653  0.264237
550  672  0.657887
551  671  0.658194
552  651  0.274237
552  670  0.656368
553  650  0.359421
553  652  0.570046
553  669  0.0118911
554  649  0.359478
554  651  0.57102
554  668  0.0113831
555  648  0.358601
555  650  0.580423
556  649  0.578384
558  645  0.97881
558  648  0.0169756
559  644  0.980006
559  647  0.016929
560  643  0.975587
560  646  0.016303
562  641  0.989595
563  640  0.996771
564  639  0.997307
565  638  0.996553
566  637  0.996251
567  636  0.997253
568  635  0.996932
569  634  0.993741
570  633  0.734389
572  608  0.0101192
572  615  0.0158398
573  609  0.0103267
573  612  0.0315187
573  614  0.0183378
574  608  0.011688
574  615  0.233174
575  610  0.52718
575  614  0.277527
576  609  0.554661
576  613  0.280758
577  605  0.0125534
577  610  0.03473
577  612  0.244224
577  614  0.0394199
578  604  0.0129013
578  607  0.607956
578  609  0.0479853
578  613  0.0428859
579  606  0.600618
579  610  0.122969
579  612  0.0420555
581  603  0.0169672
581  608  0.121925
582  602  0.017414
582  603  0.261999
583  602  0.222715
583  603  0.0940385
584  601  0.054882
584  602  0.0964102
584  603  0.0684349
584  608  0.016621
585  600  0.0466393
585  604  0.0959326
585  607  0.0177911
586  599  0.0110479
586  601  0.822984
586  603  0.0133575
587  600  0.90707
587  604  0.0319722
588  599  0.940766
588  603  0.0323439
589  598  0.955625
589  602  0.0276251
590  597  0.898764
590  601  0.0279842
591  600  0.0325911
592  599  0.0262135
604  632  0.0121602
607  629  0.0348008
608  628  0.0351178
609  627  0.0352188
610  626  0.0312716
611  625  0.0217556
613  632  0.0438067
614  625  0.017715
615  624  0.0126681
615  633  0.102761
616  623  0.0219915
616  630  0.479825
616  631  0.0688376
616  632  0.382354
617  622  0.0305698
617  629  0.487561
617  630  0.0696856
617  631  0.382217
618  628  0.488426
619  627  0.484139
619  629  0.450966
620  628  0.45153
621  627  0.424845
654  669  0.0578745
655  668  0.0305718
656  668  0.5582
657  667  0.873087
658  666  0.87495
658  675  0.112931
659  665  0.867095
659  674  0.113527
660  664  0.330077
660  673  0.113821
661  672  0.113632
662  671  0.113697
663  670  0.113186
664  669  0.107578
669  682  0.0529663
670  681  0.0667939
671  680  0.0667626
672  679  0.0665362
673  678  0.0583053
680  707  0.0224053
681  706  0.0235341
682  705  0.023317
683  704  0.0204324
685  694  0.0196032
685  700  0.0372193
686  693  0.0189321
686  699  0.0142663
687  698  0.0266307
688  697  0.0590242
689  694  0.51348
689  696  0.0585754
712  717  0.121318
750  768  0.0111818
751  767  0.0112167
752  764  0.0130553
752  766  0.0110569
753  763  0.0161131
753  765  0.0101398
754  762  0.0172462
755  761  0.0167499
770  796  0.0567692
771  795  0.0572554
772  794  0.0575722
773  793  0.0576887
774  791  0.93531
775  790  0.935943
776  789  0.935915
777  788  0.933056
777  791  0.0112386
778  786  0.151477
778  790  0.0112481
779  789  0.0111569
780  785  0.65077
781  786  0.0467766
819  830  0.0154062
820  829  0.136336
821  828  0.136536
822  827  0.136492
851  859  0.118676
852  858  0.117518
861  907  0.321457
862  906  0.467846
863  905  0.466298
864  904  0.464465
865  903  0.443607
866  896  0.42537
866  902  0.0414442
867  895  0.471122
868  894  0.470671
869  893  0.470956
870  892  0.471299
871  891  0.461778
871  907  0.0415104
872  885  0.096353
872  890  0.377371
872  906  0.517312
873  884  0.164844
873  905  0.518013
874  883  0.164172
874  886  0.0155019
874  904  0.517941
875  887  0.220597
875  903  0.508942
876  883  0.0119527
876  884  0.0179949
876  886  0.221796
876  902  0.503449
877  883  0.0168373
877  888  0.0449256
877  900  0.0427725
878  884  0.112267
878  887  0.050725
878  893  0.0100158
878  896  0.289254
878  899  0.0337563
879  883  0.068735
879  886  0.0507179
879  895  0.293598
880  897  0.0198259
881  895  0.0940066
882  892  0.278558
882  894  0.0893899
882  895  0.0184616
883  891  0.321099
884  890  0.304936
885  892  0.183961
886  891  0.182305
913  925  0.387658
914  924  0.379656
915  923  0.348133
917  921  0.0105876
919  925  0.0156792
919  928  0.0128718
920  927  0.0135808
921  926  0.0105249
