2  313  0.563038
3  312  0.921128
4  311  0.921276
5  310  0.92097
6  313  0.065287
7  308  0.066737
7  309  0.800541
7  312  0.0692124
8  307  0.107961
8  308  0.777581
8  311  0.0674681
9  306  0.0959099
10  307  0.0596976
11  308  0.037193
12  307  0.0468532
12  308  0.0155434
13  307  0.045387
14  303  0.0179681
14  305  0.800864
14  306  0.0467104
15  303  0.0121195
15  304  0.613612
15  305  0.0429033
17  302  0.874614
18  301  0.993663
19  300  0.998499
20  299  0.988993
22  297  0.989688
23  296  0.998621
24  295  0.999233
25  294  0.998966
26  293  0.993315
27  291  0.011417
27  292  0.974894
29  288  0.106099
31  287  0.993966
32  286  0.998173
33  285  0.998705
34  284  0.997693
35  283  0.996418
36  282  0.830445
42  223  0.994284
43  222  0.997887
44  221  0.998579
45  220  0.998665
46  219  0.99867
47  218  0.996751
48  217  0.978429
49  216  0.861936
50  215  0.822669
52  214  0.0442629
53  143  0.0216741
53  146  0.0154645
53  185  0.0104028
53  208  0.0833627
54  142  0.0238346
54  145  0.0165305
54  184  0.0113577
54  207  0.0876157
54  214  0.0602479
55  141  0.0115965
55  213  0.0519171
57  141  0.42951
58  140  0.652908
58  203  0.169288
59  79  0.0130425
59  139  0.653014
59  202  0.169363
59  207  0.0291664
60  78  0.0106823
60  138  0.0694378
60  201  0.167075
60  206  0.0271144
61  78  0.71075
61  137  0.0425722
61  200  0.165553
61  205  0.0262633
62  77  0.721751
63  76  0.725425
63  123  0.0703995
63  196  0.184416
64  75  0.7255
64  122  0.074969
64  195  0.184887
65  74  0.720971
65  121  0.0749785
65  194  0.185424
66  73  0.721809
66  120  0.0749787
66  193  0.185249
67  72  0.546347
67  119  0.0749788
67  192  0.179176
68  118  0.0749764
69  117  0.0749655
69  187  0.157322
70  116  0.0749026
70  186  0.157702
71  115  0.0746211
71  185  0.156831
72  114  0.0738934
72  184  0.153982
73  93  0.0650107
74  92  0.0663375
74  143  0.0440416
74  146  0.115322
75  91  0.0664631
75  142  0.0480778
75  145  0.124066
76  89  0.0723747
76  141  0.0418205
76  144  0.125927
77  88  0.0720945
77  143  0.123684
78  87  0.0710118
78  139  0.101475
78  142  0.0867362
79  138  0.781197
80  85  0.026672
80  137  0.793518
80  211  0.0913032
81  136  0.795023
81  210  0.10246
82  135  0.795007
82  209  0.105437
83  134  0.797215
83  208  0.106426
84  133  0.795237
84  207  0.106135
86  132  0.148151
86  194  0.102037
87  193  0.102285
88  192  0.100782
89  129  0.901919
90  128  0.912474
91  127  0.913472
92  126  0.906717
93  125  0.899439
94  124  0.89247
95  121  0.068437
95  122  0.826842
96  108  0.0652069
96  120  0.0704329
96  121  0.82486
96  122  0.0200996
97  107  0.0277357
98  106  0.0278238
98  119  0.913885
99  105  0.0655713
99  118  0.916598
100  104  0.0406169
100  117  0.916338
101  116  0.914467
102  115  0.915289
103  114  0.575096
104  114  0.336305
105  113  0.669524
106  111  0.092432
106  112  0.662514
125  135  0.0500204
126  134  0.0618391
127  133  0.0642862
130  183  0.0936526
131  182  0.0938438
132  181  0.0938166
133  180  0.0933724
137  146  0.0897128
138  145  0.0953119
139  144  0.0853583
141  188  0.19205
142  187  0.542802
143  186  0.542987
144  184  0.656731
145  183  0.690199
146  182  0.658203
148  181  0.0118831
150  163  0.0199629
150  178  0.885499
150  208  0.013982
151  162  0.0215589
151  177  0.925577
151  196  0.0200695
151  207  0.0146153
152  161  0.0215685
152  176  0.925245
152  195  0.0374096
153  160  0.0214832
153  175  0.924234
153  194  0.0409121
154  193  0.0408832
155  170  0.928943
155  192  0.0372624
156  169  0.929404
157  168  0.748996
158  167  0.555311
158  168  0.176501
159  167  0.34974
160  166  0.513245
161  188  0.030572
162  187  0.0329114
163  186  0.0327059
165  184  0.0315543
166  175  0.0132039
166  180  0.0133682
166  183  0.0307312
167  174  0.0133201
167  179  0.0133558
168  173  0.0127541
168  178  0.0132901
168  181  0.0184296
169  180  0.017751
170  177  0.0317554
171  176  0.023178
194  207  0.0159275
195  207  0.299011
196  206  0.767229
197  203  0.0194619
197  205  0.769569
198  202  0.0158158
198  204  0.761617
204  216  0.135756
205  215  0.137998
206  214  0.138491
207  213  0.0901293
224  281  0.991056
225  280  0.990806
226  279  0.989873
227  278  0.642911
228  277  0.637978
228  278  0.348751
229  276  0.632146
229  277  0.353793
230  274  0.469902
230  276  0.358785
231  275  0.188783
232  275  0.235078
233  274  0.321662
234  273  0.299463
235  265  0.0174366
236  264  0.0175941
236  267  0.878221
236  271  0.0114916
237  263  0.0266049
237  266  0.958808
238  262  0.0266227
238  265  0.960291
239  261  0.0127165
239  264  0.958605
240  260  0.0118171
240  263  0.96033
241  259  0.0255839
241  262  0.960107
242  258  0.0232943
242  261  0.475322
243  260  0.421111
244  258  0.425674
244  259  0.484058
245  254  0.0157528
245  257  0.670714
245  258  0.278576
246  253  0.0166333
246  256  0.914533
247  255  0.779789
248  255  0.0231668
268  275  0.0342447
269  274  0.0351025
314  328  0.932643
315  327  0.99301
316  326  0.998928
317  325  0.998004
318  324  0.914603
319  323  0.420745
