1  771  0.747485
2  770  0.87035
3  769  0.980338
6  766  0.992
7  765  0.999335
8  764  0.999386
9  763  0.993834
10  761  0.0560117
10  762  0.771259
11  758  0.424028
11  759  0.0192056
11  760  0.108217
12  757  0.344938
12  758  0.0283405
12  759  0.0991627
12  760  0.161688
14  755  0.947779
14  756  0.0155219
15  754  0.992208
16  753  0.99281
18  751  0.999339
19  750  0.999732
20  749  0.999747
21  748  0.997975
22  747  0.999725
23  746  0.999742
24  745  0.999643
25  744  0.911743
26  743  0.882724
27  742  0.842839
28  82  0.0129806
28  741  0.518588
28  742  0.0389179
29  741  0.0770364
30  81  0.939859
31  80  0.999612
32  79  0.999693
33  78  0.99955
34  76  0.0201081
34  77  0.927285
35  75  0.0381945
36  75  0.401023
37  75  0.445197
38  73  0.38405
38  74  0.310042
40  72  0.937493
41  71  0.994965
42  70  0.999561
43  69  0.998385
45  67  0.504655
45  68  0.151037
46  66  0.261633
47  66  0.733084
48  65  0.982697
49  64  0.981398
50  63  0.49061
51  63  0.506254
52  62  0.997237
53  61  0.998843
54  60  0.998077
55  59  0.81005
83  741  0.014144
84  740  0.044381
85  739  0.0507661
86  738  0.0467225
87  741  0.269438
89  738  0.0144639
90  739  0.0803563
91  737  0.760238
91  738  0.0586482
92  736  0.919931
92  737  0.0300973
93  735  0.995111
94  734  0.995205
95  733  0.992464
96  103  0.0245153
97  102  0.0245239
98  107  0.014093
98  728  0.0564148
98  731  0.116144
99  105  0.0174012
99  106  0.014871
99  727  0.0663907
99  729  0.164796
99  730  0.145155
101  725  0.0600123
101  726  0.0469378
101  728  0.0182558
102  724  0.0643555
102  725  0.0531477
102  726  0.0325639
103  723  0.061156
103  724  0.0471911
103  725  0.0332436
106  723  0.0174632
106  724  0.0637345
108  722  0.950383
109  721  0.997976
110  720  0.999007
111  719  0.998263
112  718  0.999168
113  717  0.997422
114  716  0.999439
115  715  0.999067
116  714  0.997847
118  712  0.989539
119  711  0.991089
120  710  0.992062
121  709  0.991285
123  704  0.0339721
123  705  0.634736
123  707  0.103046
124  706  0.145819
125  703  0.966731
126  702  0.992783
127  701  0.992887
128  700  0.992332
129  699  0.992809
130  675  0.0118747
130  698  0.986463
131  674  0.0126072
131  697  0.975594
132  140  0.216601
132  142  0.0180237
132  195  0.0120412
132  673  0.0204758
132  694  0.156939
133  139  0.278762
133  141  0.0179978
133  194  0.0139424
133  672  0.0257212
133  693  0.147403
134  138  0.172704
134  141  0.0114918
134  193  0.0142952
134  671  0.0257258
134  692  0.143414
135  192  0.0142608
135  670  0.025711
135  691  0.146222
135  694  0.0242088
136  191  0.0134462
136  669  0.0256904
136  692  0.366169
136  693  0.0158266
137  167  0.10974
137  668  0.0256965
137  691  0.388868
138  166  0.116278
138  667  0.0256986
138  690  0.387675
139  165  0.116492
139  188  0.0116042
139  666  0.0252592
140  163  0.0590783
140  164  0.0591734
140  187  0.0115381
140  687  0.482862
140  688  0.0271955
141  162  0.116228
141  186  0.0115266
141  686  0.498232
141  694  0.0128047
142  148  0.0381047
142  150  0.0846012
142  153  0.0100429
142  161  0.10887
142  336  0.0119915
142  684  0.0201293
142  687  0.0119474
142  693  0.0119598
143  147  0.0145414
143  149  0.0724493
143  335  0.0118123
143  692  0.0107831
146  696  0.0789632
147  683  0.0428481
147  695  0.0941538
148  682  0.0451187
148  694  0.0948562
149  203  0.0214234
149  683  0.0362644
149  691  0.0251664
149  695  0.0739506
150  202  0.0809106
150  682  0.0393348
150  690  0.0285748
150  694  0.079617
151  201  0.0820148
151  204  0.405226
151  324  0.0107981
151  689  0.0117297
151  692  0.070615
151  693  0.0481765
152  200  0.0822939
152  203  0.443745
152  323  0.0121597
152  691  0.105951
152  695  0.0474572
153  199  0.0822622
153  202  0.523403
153  322  0.0122312
153  690  0.106325
153  694  0.0501117
154  201  0.529248
154  689  0.0598441
154  692  0.0425785
154  693  0.0260393
155  200  0.532046
155  209  0.0226583
155  683  0.01203
155  691  0.0712505
156  199  0.531673
156  208  0.0239275
156  682  0.0125716
156  690  0.0715257
157  204  0.0669593
157  207  0.0244429
157  689  0.0270503
158  203  0.0733898
158  206  0.0246277
159  202  0.0734436
159  205  0.0253384
160  201  0.0735853
160  204  0.0251647
161  188  0.0329943
161  199  0.119104
161  203  0.0248826
162  177  0.0111135
162  187  0.634872
162  198  0.119906
163  176  0.0119511
163  186  0.634819
163  197  0.119607
164  169  0.0815539
164  175  0.0118439
164  196  0.108047
165  183  0.0106906
165  184  0.73417
166  182  0.0106087
166  183  0.742951
167  181  0.0108134
167  182  0.580505
168  180  0.0106715
168  181  0.405437
168  182  0.164461
169  178  0.0582758
169  180  0.209124
169  181  0.325013
169  693  0.0164643
170  177  0.0765323
170  178  0.0173347
170  180  0.461382
170  692  0.017344
171  176  0.0684262
171  179  0.597156
171  691  0.0131977
172  178  0.567843
173  177  0.284749
174  689  0.155083
175  688  0.189947
176  687  0.189989
177  686  0.187785
178  685  0.158927
180  683  0.0264239
181  205  0.0125199
181  682  0.0242029
182  197  0.031923
183  196  0.0621505
183  203  0.148738
184  195  0.090747
184  202  0.160741
185  194  0.160298
185  201  0.159868
186  193  0.170297
187  192  0.162849
187  199  0.171504
188  198  0.774368
189  196  0.0156051
189  197  0.775145
190  195  0.0171651
190  196  0.765625
191  195  0.29145
195  689  0.0149518
196  688  0.0325691
197  687  0.0327857
198  686  0.0327245
202  684  0.0145417
202  688  0.0455752
203  684  0.170632
203  687  0.0461354
204  683  0.1717
204  686  0.0446964
206  681  0.96802
207  680  0.97093
208  679  0.973193
209  678  0.972927
210  238  0.0257039
210  677  0.973273
211  237  0.0257348
211  676  0.969271
212  236  0.025771
212  674  0.965785
213  235  0.0257929
213  673  0.971136
214  234  0.0257943
214  672  0.974101
215  233  0.0257923
215  671  0.97413
216  232  0.025669
216  670  0.973574
217  231  0.0238434
217  669  0.972862
218  227  0.0198962
218  668  0.97358
219  226  0.0256249
219  667  0.974138
220  225  0.0246795
220  666  0.974128
221  665  0.973586
222  664  0.974111
223  663  0.973645
224  662  0.801239
225  661  0.070825
226  340  0.0103313
226  660  0.0698775
231  341  0.399119
232  339  0.449641
232  340  0.462315
233  338  0.954842
234  337  0.955508
234  646  0.0102998
235  336  0.953801
235  645  0.0126651
236  335  0.934985
236  644  0.0124367
237  334  0.655898
238  642  0.010273
239  332  0.0367883
240  321  0.998977
241  320  0.999787
242  319  0.999806
243  318  0.999792
244  317  0.999399
245  316  0.99997
246  315  0.999977
247  313  0.999958
248  312  0.999894
249  311  0.998201
250  310  0.999939
251  309  0.999429
252  308  0.997273
253  267  0.965511
253  273  0.0131706
253  307  0.0132477
254  266  0.969064
254  272  0.0131235
255  265  0.968241
255  271  0.0125231
256  264  0.968492
257  263  0.958816
258  262  0.753588
258  267  0.0302884
259  266  0.0303562
260  265  0.0297606
268  300  0.346588
269  299  0.499875
270  298  0.518831
271  297  0.522806
272  296  0.523003
272  299  0.0468751
273  295  0.523875
273  298  0.0494713
274  294  0.522678
274  297  0.0492656
275  293  0.504099
275  296  0.0485327
276  295  0.0483292
277  289  0.0322564
277  290  0.0353773
277  291  0.035943
277  294  0.0387573
277  302  0.415551
278  288  0.0317183
278  289  0.0439295
278  290  0.428873
278  301  0.416207
279  292  0.0297075
279  300  0.412959
280  285  0.0105757
280  288  0.465929
280  289  0.0138353
280  291  0.0325359
281  287  0.418658
281  290  0.0320992
282  286  0.209556
283  297  0.409811
284  296  0.416078
285  295  0.410476
286  293  0.0227485
287  292  0.015145
287  293  0.0125535
322  327  0.0255731
322  330  0.397871
322  333  0.518757
323  329  0.363153
323  332  0.507363
324  328  0.211071
331  639  0.0105805
332  638  0.0149616
333  637  0.0152283
336  634  0.0160971
337  633  0.0163502
337  665  0.0122034
338  632  0.0163513
338  664  0.0234949
339  631  0.0163468
339  663  0.0235028
340  630  0.0163511
340  662  0.0600356
341  629  0.0163215
341  661  0.057372
342  628  0.0162731
342  660  0.0403826
342  661  0.743783
343  627  0.015873
343  659  0.0223515
343  660  0.885183
344  659  0.948718
345  658  0.965712
349  656  0.780968
350  620  0.0127699
350  655  0.961765
351  619  0.0127595
351  654  0.977424
352  618  0.012772
352  653  0.97833
353  616  0.0127656
353  652  0.977669
354  615  0.0127699
357  374  0.981685
358  373  0.982205
359  372  0.981298
359  611  0.0125364
360  371  0.983759
360  610  0.0130802
361  370  0.98323
361  609  0.0131048
362  369  0.91462
362  608  0.0130942
363  607  0.01311
364  606  0.0130944
375  651  0.97459
376  650  0.981292
377  649  0.982641
378  648  0.982665
380  387  0.0132901
380  647  0.982006
381  386  0.0133345
381  646  0.981973
382  645  0.981086
383  644  0.947763
385  641  0.953111
385  643  0.0119638
386  640  0.961774
387  641  0.0101007
389  637  0.978296
390  569  0.0115086
390  636  0.977141
391  568  0.0115297
391  635  0.978697
392  567  0.0115417
392  634  0.979179
393  566  0.0124318
393  633  0.978007
394  565  0.0124285
394  632  0.975509
395  564  0.0121718
395  631  0.922625
396  486  0.0147544
396  555  0.0928775
396  563  0.0115888
396  630  0.638673
397  485  0.0339207
397  554  0.152197
397  562  0.0111645
397  572  0.0331005
397  618  0.014006
398  484  0.038327
398  553  0.166093
398  561  0.0103101
398  571  0.0323021
398  617  0.0181151
398  626  0.0483294
399  483  0.0395033
399  552  0.169525
399  570  0.034282
399  616  0.0182554
399  625  0.0551814
400  482  0.0398803
400  518  0.0211995
400  551  0.164883
400  566  0.0449722
400  569  0.0573427
400  613  0.0130519
400  615  0.0143683
400  620  0.0279509
400  624  0.0551377
400  628  0.0254574
401  481  0.0398784
401  517  0.19064
401  556  0.0190593
401  560  0.0113891
401  565  0.0450974
401  568  0.0579452
401  612  0.012991
401  620  0.4214
401  624  0.0231607
401  627  0.0244881
402  415  0.0337108
402  480  0.0397376
402  516  0.190908
402  555  0.0192841
402  559  0.0119887
402  564  0.0451423
402  567  0.0580737
402  618  0.0271215
402  619  0.421646
402  622  0.0504394
402  623  0.0235969
403  414  0.0347558
403  479  0.0341962
403  515  0.188145
403  554  0.0168979
403  558  0.0108081
403  563  0.0424398
403  609  0.0251505
403  617  0.0250928
403  618  0.398466
403  621  0.0371477
403  622  0.0191274
404  413  0.0362095
404  560  0.0136075
404  608  0.0436002
405  412  0.0366352
405  559  0.0141475
405  562  0.0396036
405  607  0.0460985
405  616  0.043935
405  617  0.281746
405  619  0.0164009
406  411  0.0363009
406  514  0.0145814
406  515  0.0109795
406  558  0.0142882
406  561  0.0399924
406  606  0.0461671
406  616  0.283591
406  618  0.0345368
407  560  0.0321772
407  614  0.230748
408  513  0.605809
408  604  0.076297
408  613  0.234001
409  512  0.606501
409  603  0.0763758
409  612  0.233977
410  448  0.0102696
410  511  0.606252
410  601  0.0400493
410  602  0.0382084
410  611  0.230325
411  447  0.01898
411  600  0.0816452
411  610  0.212009
412  509  0.6095
412  599  0.0816516
413  445  0.0184571
413  508  0.604633
413  598  0.0816446
413  605  0.184705
414  444  0.015585
414  597  0.0816599
414  604  0.18645
415  443  0.0176484
415  506  0.613835
415  596  0.0815259
415  603  0.185447
416  442  0.0283553
416  579  0.0766896
416  595  0.0725284
417  441  0.0285436
417  505  0.64886
417  578  0.0911842
417  623  0.0209061
418  439  0.0296822
418  504  0.652701
418  577  0.0900066
418  578  0.0306864
418  622  0.0211922
419  438  0.0297185
419  503  0.655759
419  577  0.0310915
419  580  0.0263318
419  621  0.0211939
420  437  0.0286082
420  502  0.651238
420  579  0.0265691
420  620  0.0196786
421  501  0.647558
423  434  0.0398641
423  576  0.245434
424  433  0.041578
424  575  0.273224
425  432  0.0420225
425  496  0.591498
425  497  0.053014
425  574  0.275701
426  431  0.0414106
426  495  0.668313
426  573  0.275691
427  494  0.66807
427  572  0.27481
428  493  0.668175
428  571  0.239788
429  492  0.66815
429  570  0.238334
430  491  0.670132
430  569  0.273127
431  490  0.670032
431  568  0.272788
432  489  0.669909
432  567  0.272887
433  461  0.0293489
433  487  0.331765
433  566  0.181334
434  460  0.0294139
434  483  0.100923
434  486  0.327224
434  488  0.12895
435  459  0.0152962
435  482  0.104632
435  487  0.128676
435  565  0.010961
436  459  0.393453
436  481  0.0927375
436  506  0.0158446
437  458  0.409253
437  480  0.0869207
437  483  0.377634
437  505  0.0158708
438  450  0.0331552
438  457  0.435787
438  482  0.381176
439  456  0.435944
439  481  0.378885
440  455  0.432757
440  502  0.0538015
441  447  0.0511697
441  450  0.247902
441  454  0.357829
441  501  0.0587386
442  446  0.019494
442  449  0.236669
442  478  0.094048
442  500  0.0587207
443  448  0.179232
443  452  0.41826
443  477  0.0849988
443  499  0.0586273
444  451  0.48654
444  476  0.0720495
444  498  0.0587668
445  450  0.499354
445  497  0.0588459
446  496  0.0588214
447  495  0.0587448
450  492  0.0352307
453  475  0.382888
454  474  0.506244
455  473  0.539686
456  472  0.544141
457  471  0.544133
458  469  0.386522
458  470  0.18129
459  468  0.403055
460  467  0.345326
460  469  0.193675
460  481  0.0745308
460  565  0.175238
461  468  0.190923
461  480  0.0752493
461  564  0.17595
462  479  0.0654125
462  561  0.0403761
462  563  0.144898
463  560  0.108584
464  476  0.0505652
464  559  0.112369
464  562  0.0183826
465  475  0.0572919
465  558  0.113412
465  559  0.0400888
465  561  0.0183497
466  473  0.0235477
466  474  0.0338458
466  476  0.0161144
466  557  0.113311
466  558  0.0184365
466  562  0.0249967
467  472  0.0442436
467  475  0.0165343
467  559  0.0107038
467  561  0.0259753
468  481  0.0671879
468  556  0.162917
468  560  0.0259835
469  480  0.0678427
469  555  0.162926
469  558  0.0127417
469  559  0.0238267
470  479  0.0669321
470  483  0.0351561
470  554  0.149383
470  557  0.0149031
470  558  0.0179544
471  482  0.0480501
471  556  0.0154023
472  481  0.0473761
472  525  0.0135019
473  524  0.0142498
474  523  0.0165319
475  522  0.0169096
475  549  0.0817304
477  520  0.182026
478  519  0.203016
479  518  0.208577
480  490  0.0494622
480  517  0.211149
481  489  0.0486517
481  516  0.210881
482  515  0.21045
486  509  0.0581643
487  508  0.0587849
487  510  0.0108551
487  630  0.0102106
489  506  0.136348
489  509  0.081567
489  620  0.0347636
490  505  0.13647
490  508  0.088105
490  619  0.0347441
491  504  0.136047
491  507  0.0880974
491  618  0.0342998
492  506  0.0873188
493  502  0.0292869
494  502  0.187301
495  501  0.203813
496  500  0.0775985
504  566  0.0400415
504  569  0.0534351
505  565  0.0405647
505  568  0.0563598
506  564  0.0411103
506  567  0.0608813
507  512  0.0550381
507  513  0.0116367
507  566  0.0751659
508  565  0.0752348
509  562  0.0402556
509  564  0.0731344
511  560  0.11867
512  559  0.123719
512  571  0.0197708
513  558  0.123618
513  570  0.0199047
514  569  0.0219634
514  615  0.0367338
515  566  0.351975
516  551  0.0195261
516  556  0.200678
516  565  0.355217
517  550  0.0195142
517  555  0.201324
517  564  0.356869
518  554  0.200406
518  563  0.356143
519  553  0.195059
519  562  0.355179
520  548  0.0706759
520  552  0.159554
520  561  0.35158
521  547  0.0945087
521  560  0.343479
522  546  0.068005
522  550  0.0136201
522  559  0.312028
523  545  0.0402608
523  546  0.526365
523  558  0.141889
524  544  0.0113617
524  545  0.898779
524  557  0.0218362
525  543  0.011043
525  544  0.973174
526  543  0.976561
527  542  0.993566
528  541  0.995655
529  540  0.999581
530  539  0.999111
531  538  0.979467
546  551  0.0357433
546  556  0.0441522
547  555  0.0391752
549  558  0.0252445
550  556  0.261399
551  555  0.21224
556  630  0.194933
557  629  0.217002
558  566  0.0106923
558  628  0.220315
559  565  0.0106558
559  627  0.220305
560  625  0.0332766
560  626  0.185632
561  624  0.0664217
564  620  0.0910846
564  624  0.0819903
565  619  0.0910762
565  622  0.0998309
565  623  0.0550835
566  618  0.0909906
566  621  0.127454
566  622  0.0279489
567  615  0.0210536
567  620  0.19734
568  617  0.0843179
568  619  0.196746
569  616  0.0864074
569  618  0.195187
570  613  0.384012
570  615  0.0642621
571  612  0.390149
571  614  0.0338832
571  615  0.0873951
572  614  0.0897806
573  610  0.357263
573  612  0.0121556
573  613  0.0812532
573  620  0.0265583
574  606  0.0117393
574  609  0.480501
574  616  0.048849
574  619  0.0263848
575  608  0.430829
575  612  0.0398026
575  615  0.0490059
576  605  0.39423
576  607  0.176382
576  611  0.0242333
577  594  0.0731606
577  604  0.658778
577  613  0.0506081
578  583  0.0101565
578  593  0.0734125
578  603  0.660123
578  612  0.0506271
579  592  0.0733256
579  601  0.242756
579  602  0.46073
579  611  0.0497567
580  591  0.0730578
580  600  0.489437
580  610  0.0424618
581  590  0.0710903
581  599  0.465939
582  599  0.0470941
583  588  0.0456202
583  606  0.0134108
584  598  0.791131
584  605  0.0130993
585  597  0.889149
585  604  0.0127376
586  596  0.890808
586  603  0.012436
587  595  0.890413
588  594  0.879039
588  600  0.0103861
589  599  0.0102144
598  608  0.024205
599  607  0.0350875
600  606  0.0356634
606  615  0.0468788
607  614  0.0370499
612  619  0.0216034
613  618  0.022793
621  628  0.638905
622  627  0.640497
650  659  0.0105608
651  658  0.01048
678  691  0.0112004
679  690  0.0117001
680  689  0.0111881
727  732  0.254193
771  881  0.0311572
772  880  0.0531562
773  879  0.0369052
773  880  0.0127699
774  881  0.17256
775  880  0.0852486
776  877  0.966179
777  876  0.996609
778  875  0.996532
779  874  0.997218
780  873  0.997226
781  872  0.996208
782  791  0.0380419
783  790  0.0408314
783  870  0.941816
784  789  0.0375185
784  869  0.917493
787  868  0.909733
788  867  0.914772
789  866  0.871643
790  865  0.176804
790  868  0.0168096
791  867  0.0168846
792  864  0.0154627
792  865  0.818021
793  864  0.983475
794  863  0.998581
795  862  0.0859378
796  861  0.0156704
797  860  0.939224
798  859  0.999816
799  858  0.998941
800  857  0.996271
801  856  0.986506
803  854  0.0323175
804  855  0.0108125
805  853  0.968406
806  852  0.981781
807  851  0.9743
808  831  0.0715438
809  830  0.0716892
809  850  0.922756
810  829  0.0716964
810  849  0.922714
811  828  0.0718858
811  848  0.916463
812  827  0.072248
812  847  0.905594
813  824  0.162669
813  826  0.0624537
813  846  0.698539
814  823  0.62789
814  825  0.0319269
815  820  0.0104325
815  822  0.657711
816  841  0.0104597
816  843  0.0523012
817  824  0.0123871
817  840  0.0109022
817  842  0.0414125
818  823  0.0127281
818  842  0.0366593
819  828  0.0427406
819  841  0.0366406
819  845  0.0129924
820  827  0.0775944
820  844  0.0131789
820  847  0.0107032
821  846  0.0114579
822  827  0.0314157
822  844  0.0354897
823  843  0.0340118
826  841  0.0503241
828  839  0.715901
829  838  0.927445
830  837  0.928006
831  836  0.927785
834  849  0.0622756
835  848  0.0632342
836  847  0.0637237
837  846  0.060359
