1  603  0.071171
2  601  0.425655
2  602  0.0360839
2  674  0.158322
3  554  0.031447
3  600  0.555531
3  673  0.376253
4  553  0.0316016
4  599  0.555689
4  672  0.383375
5  552  0.03161
5  598  0.555716
5  671  0.382427
5  672  0.017784
6  551  0.0315997
6  597  0.55569
6  671  0.0187559
7  549  0.039698
7  550  0.0106049
7  596  0.455837
7  669  0.358406
8  548  0.0382858
8  595  0.368764
8  668  0.338375
11  544  0.588635
11  665  0.020144
12  543  0.589353
13  542  0.589471
13  664  0.389365
14  541  0.589465
14  663  0.406409
15  540  0.588025
15  662  0.406688
16  661  0.406095
17  535  0.555601
17  539  0.0143107
17  660  0.404961
18  534  0.557005
18  538  0.0134615
18  659  0.401621
19  533  0.557162
19  658  0.372516
20  532  0.533612
20  617  0.175021
20  657  0.184617
21  531  0.53152
21  532  0.0305865
21  616  0.35795
22  530  0.0584452
22  615  0.389715
23  530  0.512729
23  614  0.392728
24  529  0.57425
24  613  0.393498
25  528  0.573591
25  612  0.388976
26  526  0.489242
26  610  0.020892
27  525  0.46607
28  523  0.0125411
28  526  0.0106414
29  523  0.038631
30  522  0.022357
31  522  0.548049
31  567  0.172476
32  521  0.577176
32  566  0.187312
33  520  0.577095
33  565  0.187516
34  519  0.505035
34  563  0.188245
35  282  0.586511
35  562  0.37751
36  281  0.587186
36  561  0.378204
37  280  0.587182
37  560  0.378762
38  279  0.583569
39  278  0.520555
39  558  0.0472199
40  57  0.0137747
40  276  0.0532423
41  56  0.0151582
41  276  0.187681
41  556  0.377903
42  55  0.0154978
42  274  0.53353
42  555  0.39747
43  54  0.0155046
43  273  0.532923
43  554  0.397984
44  53  0.0155191
44  274  0.0224623
44  553  0.397988
45  52  0.0152941
45  270  0.0145763
45  552  0.397961
46  270  0.446236
46  551  0.395429
47  269  0.486535
47  271  0.0774153
48  268  0.493969
48  270  0.0802706
49  267  0.459285
49  269  0.078804
49  548  0.380363
50  266  0.372084
50  268  0.0746704
50  547  0.393912
51  67  0.400306
51  267  0.0476471
51  546  0.396217
52  66  0.580435
52  545  0.397398
53  65  0.580641
53  544  0.397842
54  64  0.580072
54  543  0.397095
55  63  0.580053
55  542  0.383834
56  62  0.524717
56  541  0.378868
57  61  0.144029
57  540  0.316126
60  526  0.397692
61  525  0.399761
62  524  0.400324
63  523  0.400306
64  522  0.399868
65  521  0.400192
66  520  0.399739
67  276  0.0754078
68  269  0.0167379
68  275  0.0861604
69  268  0.0174841
69  274  0.0869446
70  265  0.975348
71  264  0.980378
72  263  0.981822
73  262  0.981765
75  261  0.980765
76  260  0.980306
77  259  0.977236
78  258  0.976495
79  257  0.977985
80  256  0.970321
81  255  0.232208
87  255  0.73591
88  254  0.987262
89  253  0.987593
90  252  0.987222
91  251  0.987687
92  250  0.987659
93  249  0.987313
94  248  0.986858
95  245  0.0399806
95  247  0.665678
96  117  0.0175779
96  244  0.0663872
97  115  0.874168
97  242  0.0554212
98  114  0.923158
98  241  0.0533042
99  113  0.935787
99  240  0.0504128
100  112  0.948593
101  111  0.951146
101  238  0.0173656
102  110  0.951336
103  109  0.920336
103  123  0.0261581
104  122  0.0269769
105  121  0.0258009
106  119  0.0202632
108  117  0.0317675
109  116  0.0332014
110  115  0.0329507
110  117  0.011179
111  116  0.0110303
115  239  0.0186526
115  240  0.0157334
116  238  0.0195852
116  242  0.0159058
116  244  0.366324
117  237  0.0163288
117  239  0.354424
117  240  0.107838
117  243  0.375007
118  238  0.331676
118  242  0.372097
119  238  0.350029
120  237  0.381834
120  239  0.0773201
120  240  0.0184456
121  235  0.354706
121  236  0.349232
121  238  0.0782775
121  241  0.0811147
122  234  0.394458
122  237  0.0528596
122  240  0.0886438
123  234  0.117587
123  239  0.0883587
124  232  0.867412
124  233  0.0596394
124  238  0.0473908
125  231  0.990665
126  230  0.991217
127  229  0.991694
128  228  0.992487
129  227  0.992522
130  226  0.992369
131  225  0.984649
132  223  0.645518
132  224  0.212525
133  222  0.667641
134  224  0.110406
135  221  0.0164523
135  223  0.156998
136  221  0.969705
137  220  0.989467
138  219  0.989459
139  218  0.97366
140  217  0.938237
140  218  0.0100488
141  216  0.80058
141  217  0.0199318
142  216  0.0293492
143  180  0.278492
143  214  0.152374
143  215  0.0346752
144  179  0.370217
144  214  0.0315904
145  178  0.394174
145  212  0.490263
145  213  0.0151266
146  177  0.392469
146  211  0.54437
146  214  0.0333811
147  174  0.395795
147  175  0.0150288
147  176  0.0101499
147  213  0.0302947
148  173  0.413267
148  212  0.0304723
149  172  0.423057
149  208  0.534834
149  211  0.0333235
150  171  0.422583
150  207  0.535275
151  170  0.421686
151  206  0.53333
151  209  0.032643
152  169  0.413078
152  205  0.524948
152  208  0.0328213
153  207  0.0316801
156  201  0.440029
157  200  0.445463
158  163  0.0100118
158  168  0.312058
158  198  0.205331
158  199  0.337433
159  167  0.328339
159  175  0.0221098
159  196  0.0587064
159  197  0.309864
160  166  0.326353
160  167  0.0541144
160  174  0.0221883
160  195  0.0590523
160  196  0.310433
160  197  0.15854
161  166  0.063108
161  173  0.0221826
161  194  0.0586211
161  195  0.309857
161  196  0.160671
162  172  0.020028
163  192  0.0249737
163  194  0.414034
163  195  0.023753
164  191  0.0240561
164  193  0.362896
165  190  0.0180158
168  192  0.461811
168  193  0.0199292
169  191  0.467634
169  192  0.0356861
170  190  0.466524
170  191  0.0335487
171  189  0.468683
173  187  0.0249696
173  188  0.521215
174  186  0.0246765
174  187  0.521488
175  186  0.521538
177  184  0.549341
178  183  0.536692
181  202  0.0490709
181  214  0.32563
182  213  0.326732
183  200  0.0917133
183  212  0.32701
184  199  0.0971299
184  211  0.327297
185  198  0.0497217
185  210  0.31087
186  196  0.0753823
186  197  0.0301857
187  195  0.0786177
187  196  0.0775691
187  207  0.0372522
188  194  0.0793505
188  195  0.0746255
188  207  0.0405102
189  193  0.0303962
190  204  0.237181
191  203  0.245743
191  209  0.0102125
192  202  0.246931
192  208  0.0106591
193  201  0.243864
193  209  0.0234146
194  199  0.228989
194  208  0.025557
195  206  0.0451145
196  205  0.0497575
197  204  0.0527109
268  273  0.082893
268  282  0.0112717
270  280  0.0163809
271  279  0.0136823
283  518  0.982862
284  517  0.983322
285  516  0.982762
286  515  0.982644
287  514  0.0798261
289  512  0.982432
290  511  0.982755
291  509  0.0270531
291  510  0.953268
292  508  0.0985833
292  509  0.870682
293  507  0.169777
294  506  0.169656
295  505  0.153703
295  509  0.0123825
296  504  0.152925
296  508  0.467243
297  503  0.169188
297  507  0.796163
298  502  0.167856
298  506  0.815095
299  501  0.0881752
299  505  0.815232
300  501  0.0792532
300  504  0.815225
301  500  0.158273
301  503  0.814718
302  499  0.157948
302  502  0.814968
303  501  0.813122
304  316  0.365764
304  490  0.0113198
304  498  0.477481
304  500  0.0492832
305  315  0.185008
305  497  0.490971
306  315  0.249567
306  489  0.0127111
306  496  0.488858
307  314  0.442532
307  316  0.0100184
307  488  0.0537163
307  495  0.47396
308  313  0.436142
308  487  0.0538674
309  486  0.0538277
309  494  0.472006
310  485  0.0537942
310  493  0.475667
311  484  0.0537033
311  492  0.479097
312  483  0.0537037
312  491  0.479273
313  482  0.0538175
313  490  0.480399
314  480  0.0538786
314  489  0.480413
315  479  0.0539087
315  488  0.48029
316  478  0.0539011
316  487  0.480144
317  477  0.0478917
317  486  0.401307
318  500  0.0280384
319  500  0.0211752
320  332  0.373695
320  482  0.010838
320  498  0.451227
320  499  0.0122758
321  331  0.373755
321  468  0.0242168
321  484  0.0103376
321  497  0.464365
322  329  0.381095
322  467  0.0244464
322  480  0.0171163
322  496  0.464192
323  328  0.361731
323  466  0.0244718
323  472  0.0674809
323  479  0.0171219
323  495  0.39375
324  465  0.0239463
324  471  0.067842
324  478  0.0146097
325  470  0.0680117
326  469  0.0286883
326  493  0.403438
327  468  0.0285936
327  492  0.458468
328  457  0.0406415
328  467  0.0680022
328  480  0.0106635
328  491  0.46533
329  456  0.0445685
329  466  0.0647221
329  479  0.0107772
329  490  0.465535
330  455  0.045289
330  465  0.0609051
330  478  0.0104875
330  480  0.010228
330  489  0.465127
331  454  0.0462472
331  464  0.0396841
331  479  0.0187265
331  488  0.465491
332  478  0.0187317
332  487  0.465201
333  453  0.996776
334  452  0.998567
335  451  0.998673
336  450  0.998916
337  449  0.997841
338  448  0.993394
339  446  0.24563
339  447  0.727616
340  445  0.488046
341  444  0.484394
341  446  0.150578
342  443  0.486521
342  445  0.149596
343  444  0.152064
344  442  0.998379
345  441  0.999643
346  440  0.999657
347  439  0.999294
349  437  0.997988
350  436  0.999643
351  435  0.99989
352  434  0.999943
353  433  0.999951
354  432  0.998225
355  364  0.697284
356  363  0.96236
356  431  0.0321238
357  362  0.940194
357  430  0.0321179
358  429  0.0262398
359  373  0.0148081
360  372  0.0148277
362  371  0.0306246
363  370  0.0304642
370  431  0.964237
371  430  0.964847
372  429  0.964018
373  428  0.96401
375  427  0.641728
376  426  0.633351
377  425  0.541824
378  409  0.9846
379  408  0.989499
380  407  0.995338
381  406  0.277922
382  405  0.276547
383  404  0.992915
384  403  0.948024
387  400  0.977389
388  399  0.999862
389  398  0.99993
390  397  0.999597
391  396  0.979699
410  422  0.679768
411  421  0.939311
412  420  0.959079
413  419  0.820404
416  427  0.0124037
417  426  0.0108733
454  485  0.0204643
456  483  0.631651
457  472  0.044671
457  482  0.75754
458  470  0.0984164
458  471  0.0310468
458  481  0.756385
459  469  0.118153
459  480  0.75517
460  468  0.118432
460  470  0.0282706
461  467  0.10998
461  468  0.0224498
461  469  0.0296159
461  478  0.60001
462  467  0.0130822
462  468  0.0267255
462  476  0.0288878
463  475  0.0258756
463  476  0.215364
464  475  0.207893
465  473  0.0220476
467  472  0.644852
467  474  0.0214792
468  473  0.0191014
469  474  0.0192598
472  478  0.0146927
473  481  0.0244766
474  480  0.0275004
479  484  0.010858
489  498  0.0186275
490  497  0.0187141
528  535  0.394069
528  542  0.0144306
529  534  0.390125
529  541  0.0145379
530  540  0.0145194
531  539  0.0143775
550  593  0.43457
551  592  0.557101
552  591  0.557231
553  590  0.557209
554  588  0.554098
555  587  0.552607
555  628  0.0176641
556  586  0.532302
556  627  0.0177358
557  626  0.0177437
558  585  0.41094
558  625  0.017714
559  584  0.452404
559  624  0.0174256
560  583  0.565161
561  582  0.565599
562  581  0.568682
562  612  0.0135815
563  580  0.572282
563  611  0.206202
564  579  0.571424
564  610  0.206341
565  576  0.178253
565  578  0.36466
565  609  0.200131
566  575  0.255022
566  577  0.288157
566  580  0.0385004
566  608  0.17584
567  574  0.214658
567  579  0.0403031
567  607  0.169118
568  578  0.0576023
569  577  0.0597553
569  578  0.0159858
570  576  0.0552864
570  577  0.0170852
571  576  0.01292
572  579  0.0550726
572  581  0.0358601
573  578  0.0369417
575  581  0.0303239
579  608  0.0158603
579  611  0.164324
579  613  0.0187532
580  607  0.0163756
580  610  0.164427
580  612  0.0188098
581  606  0.0124168
581  609  0.125085
581  611  0.0200168
582  606  0.226381
582  608  0.0639985
582  609  0.0664077
583  605  0.258526
583  608  0.101229
583  611  0.0107311
584  604  0.266255
584  607  0.135764
584  610  0.0108025
585  603  0.266199
585  606  0.136021
585  609  0.012849
586  605  0.135916
586  608  0.0128549
587  607  0.012854
588  600  0.239851
588  603  0.104596
588  606  0.0123182
590  599  0.415151
591  598  0.415836
592  597  0.400512
598  609  0.012989
599  608  0.0131441
600  607  0.0130139
603  674  0.398313
604  673  0.402071
605  672  0.402228
606  671  0.385528
606  674  0.123946
607  613  0.0535062
607  624  0.018317
607  664  0.105571
607  673  0.127072
608  612  0.0434682
608  663  0.112623
608  672  0.127161
609  620  0.038853
609  657  0.0199758
609  662  0.112664
609  671  0.118219
610  619  0.0437436
610  656  0.0268686
610  658  0.097327
610  661  0.0362986
611  620  0.158906
611  655  0.026852
611  657  0.104032
612  619  0.163209
612  633  0.0223602
612  656  0.0987634
612  669  0.0163573
613  632  0.0229838
613  655  0.0986138
613  657  0.0100956
614  631  0.0226727
615  630  0.020035
615  666  0.0244525
616  665  0.0237986
617  664  0.0217957
618  633  0.0375133
619  632  0.0401908
619  662  0.0220822
620  628  0.0249239
620  661  0.0142075
621  667  0.0216431
622  659  0.0309506
622  666  0.0234491
623  633  0.0347634
623  658  0.0325024
623  664  0.0160222
623  665  0.0171645
624  632  0.0373698
624  657  0.0322886
624  662  0.0356229
624  663  0.0230499
625  661  0.0353472
626  631  0.0106101
626  659  0.0598135
627  658  0.0642136
628  657  0.0621496
628  662  0.0246011
629  661  0.0233827
632  656  0.854859
633  655  0.855542
634  654  0.986171
635  653  0.988241
636  652  0.987821
637  651  0.988361
638  650  0.98442
642  647  0.0188481
642  648  0.0306659
657  669  0.0455013
658  668  0.0447356
659  667  0.0405731
660  671  0.0745754
661  670  0.170598
662  669  0.197121
663  669  0.0211532
