1  73  0.99851
2  72  0.999173
3  71  0.999356
4  70  0.999397
5  69  0.999399
6  68  0.999212
7  67  0.823983
8  18  0.232141
8  30  0.0100356
8  65  0.357576
9  17  0.364285
9  29  0.0100974
9  64  0.348128
9  66  0.0110222
10  16  0.393306
10  26  0.102168
10  28  0.0101004
10  63  0.338829
11  15  0.319265
11  25  0.102296
11  46  0.0184394
12  24  0.10222
12  45  0.0184359
12  59  0.286419
13  23  0.10139
13  44  0.0177036
13  58  0.299379
13  65  0.0208546
14  21  0.0138644
14  55  0.0123978
14  56  0.299588
14  64  0.0200562
15  26  0.0421587
15  55  0.304372
15  63  0.0161832
15  66  0.0261598
16  25  0.0421953
16  53  0.0269568
16  54  0.297985
16  65  0.0274091
17  24  0.037574
17  52  0.0354411
17  53  0.249526
17  58  0.0305442
18  51  0.0378058
18  57  0.0481941
18  63  0.148452
19  51  0.112508
19  56  0.048371
19  62  0.151378
19  67  0.0801608
20  50  0.0682516
20  55  0.0483708
20  61  0.150686
20  66  0.077288
21  54  0.0462627
21  60  0.131871
21  65  0.0364902
22  50  0.458782
22  64  0.0150965
23  49  0.655431
23  51  0.0417325
23  57  0.136459
24  48  0.65508
24  50  0.0422393
24  56  0.136417
25  49  0.0417136
25  55  0.136296
26  46  0.649935
26  47  0.0350515
26  54  0.136215
27  42  0.0149664
28  41  0.0149563
28  44  0.832615
28  53  0.11779
29  40  0.0103366
29  43  0.843631
29  52  0.116502
30  42  0.849005
30  51  0.112419
31  38  0.0144281
31  41  0.816854
32  37  0.0125865
32  40  0.774585
32  41  0.0323328
32  47  0.113471
33  38  0.537837
33  40  0.0642532
33  46  0.113993
34  39  0.0872308
34  45  0.114082
35  44  0.112961
37  42  0.0554465
38  51  0.0119768
39  50  0.0131784
40  49  0.0135488
41  48  0.0135315
42  47  0.013173
45  64  0.0364588
46  63  0.0423159
47  62  0.0424408
50  59  0.0516717
51  58  0.0533969
51  65  0.359513
52  64  0.394225
53  63  0.407455
54  62  0.399694
