1  74  0.99008
2  73  0.997163
3  72  0.999438
4  71  0.999969
5  70  0.999983
6  69  0.999931
7  68  0.973314
8  48  0.0121282
8  67  0.839024
9  47  0.0348773
10  46  0.0340135
11  26  0.965759
12  25  0.970132
13  24  0.969754
14  23  0.967175
16  21  0.0263896
23  57  0.012943
24  56  0.0129451
25  55  0.0129598
26  54  0.0129728
27  53  0.0129724
28  44  0.820409
28  52  0.0122298
29  43  0.839392
29  65  0.012789
30  42  0.845136
30  63  0.130509
30  64  0.0139095
31  41  0.844656
31  62  0.135182
32  40  0.801549
32  61  0.138983
33  38  0.0122236
33  60  0.133827
34  38  0.0116016
34  59  0.132218
36  58  0.140397
37  57  0.142682
38  56  0.141722
40  54  0.0670081
41  53  0.143938
42  52  0.14367
43  51  0.129842
44  49  0.0623893
50  66  0.655829
51  65  0.788561
52  64  0.834321
53  63  0.834089
54  62  0.817661
55  60  0.0193584
