1  856  0.360602
2  29  0.0184419
2  855  0.507429
3  23  0.0329119
3  28  0.0217994
3  797  0.0224868
3  851  0.0101791
3  854  0.636668
4  22  0.0425918
4  796  0.0227762
4  853  0.614334
5  21  0.0534661
5  28  0.316199
5  795  0.0228846
5  851  0.228096
6  20  0.0567266
6  26  0.338501
6  27  0.195114
6  794  0.0228732
6  850  0.223964
7  19  0.0567952
7  25  0.472807
7  793  0.022487
7  849  0.220157
8  25  0.0113129
9  15  0.0173112
9  16  0.0163887
9  23  0.471786
9  24  0.0536794
9  792  0.0109156
10  22  0.658408
10  23  0.0499289
10  24  0.0154468
10  791  0.0101314
11  21  0.668084
11  22  0.0432348
11  23  0.0159218
12  20  0.672494
12  861  0.0540494
13  19  0.643822
13  20  0.0197283
13  860  0.0647056
14  19  0.0150775
14  20  0.0256484
14  26  0.0125339
14  859  0.0673486
15  19  0.0226446
15  25  0.0118146
15  858  0.067458
17  59  0.013494
17  859  0.0169171
18  29  0.0122418
18  58  0.0162873
18  855  0.0626893
19  28  0.0150802
19  57  0.0195833
19  854  0.0642371
20  56  0.0195703
20  853  0.0621922
20  856  0.0215377
21  55  0.0163029
21  852  0.0372224
21  855  0.0210066
21  861  0.0137426
22  54  0.0130527
22  860  0.017143
22  861  0.0174905
23  52  0.0121368
23  859  0.0185034
23  860  0.0242251
24  51  0.0153813
24  852  0.0461041
24  859  0.0295862
25  50  0.0206357
25  851  0.0572592
25  854  0.0104809
26  853  0.0100258
26  856  0.0174498
26  857  0.0349076
27  856  0.0360756
27  958  0.0318082
28  45  0.0223946
28  855  0.0369939
28  957  0.0342199
29  44  0.022452
30  43  0.0224719
30  848  0.437393
30  851  0.534002
31  42  0.0223622
31  847  0.437566
31  850  0.534388
32  40  0.0197338
32  846  0.437532
32  849  0.534058
33  845  0.150315
33  848  0.528559
34  845  0.563473
35  844  0.943732
36  843  0.961088
37  842  0.968998
38  841  0.968598
40  826  0.973533
41  825  0.974102
42  824  0.974677
43  823  0.973056
44  799  0.226959
45  798  0.973631
46  797  0.974454
47  796  0.891883
48  796  0.0727339
49  795  0.144973
50  793  0.971085
51  792  0.969328
52  791  0.923062
53  788  0.0201192
54  788  0.0741444
55  788  0.220981
56  784  0.880568
56  790  0.0158288
57  783  0.922064
57  789  0.016135
58  782  0.594557
60  776  0.0173733
60  780  0.86236
61  775  0.0208858
61  779  0.942806
61  784  0.0101573
62  774  0.0211324
62  778  0.942923
62  783  0.0105113
63  775  0.266086
63  776  0.0103514
63  777  0.644282
64  774  0.437132
65  775  0.0209045
66  772  0.989551
67  771  0.990809
68  770  0.940454
69  770  0.0565222
70  769  0.998991
71  768  0.99902
72  767  0.998144
73  766  0.977952
74  746  0.870945
75  745  0.975793
76  744  0.995062
77  743  0.999164
78  742  0.999181
79  741  0.999139
80  740  0.998982
81  739  0.998234
82  738  0.998817
83  737  0.996012
84  736  0.988952
88  174  0.933403
89  173  0.9394
90  172  0.941514
91  171  0.85407
95  106  0.58136
96  105  0.835768
97  105  0.0203567
97  108  0.0336818
98  107  0.0338722
99  106  0.0314963
106  171  0.0714454
107  170  0.889206
108  169  0.95014
109  168  0.970184
111  166  0.577436
112  165  0.995716
113  164  0.995121
114  163  0.994518
115  162  0.995147
116  161  0.950114
117  156  0.0300753
118  154  0.828959
119  153  0.829236
119  157  0.155908
120  152  0.828664
120  156  0.160338
121  150  0.69416
121  155  0.159906
122  149  0.65783
123  151  0.178785
124  150  0.186525
125  148  0.0901483
125  149  0.0659751
126  146  0.944716
126  147  0.0464957
127  145  0.999303
128  144  0.998683
129  143  0.999313
130  142  0.99983
131  141  0.998922
132  140  0.920961
173  725  0.0156103
174  724  0.0175776
174  735  0.0349818
175  723  0.0237944
175  734  0.971732
176  722  0.0238081
176  733  0.973999
177  721  0.0237864
177  732  0.973126
178  720  0.0238272
178  731  0.973776
179  719  0.023797
179  730  0.971521
181  706  0.0118939
181  724  0.7102
181  725  0.0144782
181  728  0.0343369
182  705  0.0129233
182  723  0.905909
183  704  0.012546
183  712  0.04234
183  722  0.907588
184  711  0.0445202
184  721  0.907195
185  710  0.0460237
186  704  0.056769
186  705  0.0376914
186  709  0.046254
186  720  0.0315058
187  703  0.0586103
187  708  0.0451575
188  702  0.0302546
188  718  0.0181751
189  702  0.497841
189  717  0.0166667
190  701  0.984496
191  700  0.985117
192  699  0.989652
193  698  0.990691
194  697  0.989245
195  696  0.988537
196  695  0.985573
197  694  0.894171
198  689  0.0124364
199  688  0.0125166
200  639  0.905485
200  687  0.0118456
200  691  0.0710212
201  638  0.990858
202  637  0.998262
203  636  0.999424
204  635  0.999445
205  634  0.999381
206  632  0.388631
206  633  0.607579
207  631  0.777004
208  630  0.774508
209  628  0.299051
209  630  0.150438
211  627  0.996338
212  626  0.998527
213  625  0.999456
214  624  0.999434
215  623  0.998308
216  622  0.649263
217  620  0.102098
217  622  0.0207591
218  619  0.101515
218  620  0.349834
219  619  0.3189
221  621  0.0117632
222  620  0.0115488
222  622  0.0812498
223  621  0.508807
224  617  0.18687
224  619  0.0185941
224  620  0.513891
225  616  0.18519
225  617  0.282459
225  619  0.512385
226  616  0.286617
226  617  0.506741
227  616  0.244067
228  614  0.56359
228  615  0.164273
229  613  0.566701
229  614  0.425669
230  612  0.781933
230  613  0.210248
231  611  0.935237
232  610  0.933494
233  609  0.9913
234  608  0.992318
236  606  0.98942
237  605  0.990395
238  604  0.991097
239  603  0.987654
240  602  0.987951
241  601  0.984826
242  365  0.287768
242  373  0.0254857
242  389  0.0247381
243  364  0.664164
243  372  0.0324413
243  385  0.011016
243  388  0.187565
243  600  0.0177858
244  363  0.666005
244  371  0.0321988
244  387  0.189087
244  599  0.0103151
245  362  0.666296
245  386  0.189267
247  358  0.784993
247  370  0.0228618
248  357  0.910956
248  369  0.0276069
249  356  0.93969
249  368  0.0283177
250  355  0.948843
251  354  0.948324
251  366  0.0294124
252  353  0.946202
252  365  0.0294695
253  352  0.94563
253  364  0.0295341
254  351  0.884505
254  363  0.0291409
256  358  0.0245498
257  357  0.0280701
258  356  0.0291731
259  322  0.244284
259  352  0.0112088
259  355  0.0297703
260  321  0.244907
260  351  0.0116733
260  354  0.0294527
261  320  0.245017
261  350  0.0122609
262  319  0.239541
262  324  0.013112
262  352  0.027278
263  323  0.0118473
263  351  0.0236884
267  318  0.161719
267  322  0.72745
268  317  0.162105
268  321  0.736361
269  316  0.16118
269  320  0.73823
271  315  0.0142441
271  318  0.827518
272  312  0.133347
272  317  0.829406
273  311  0.134464
273  316  0.829695
274  315  0.795689
275  309  0.13523
275  312  0.381732
275  314  0.448956
276  308  0.136134
276  311  0.853148
277  307  0.136043
277  310  0.854946
278  287  0.107783
278  309  0.848146
279  286  0.106751
279  308  0.844939
280  285  0.062025
280  287  0.84991
281  286  0.813021
281  307  0.013471
282  287  0.032726
289  306  0.998386
290  305  0.999272
291  304  0.999667
292  303  0.999718
293  302  0.998116
294  301  0.985186
295  300  0.844449
323  350  0.578634
324  349  0.958732
325  348  0.972162
326  347  0.978509
327  346  0.981372
328  345  0.982834
329  344  0.981546
330  343  0.982707
331  342  0.982921
332  341  0.981225
333  340  0.981787
334  339  0.931477
361  372  0.2695
362  371  0.269402
363  370  0.203628
365  600  0.0122056
366  373  0.0152798
366  598  0.0154798
367  372  0.0185749
367  385  0.0121793
367  597  0.014414
367  600  0.302145
368  384  0.0116218
368  599  0.289963
369  597  0.0901433
370  596  0.0906926
371  595  0.0914802
372  594  0.0906936
376  385  0.559821
376  600  0.0112747
377  384  0.524668
377  599  0.0107671
378  383  0.397441
383  598  0.0101307
384  598  0.0392408
386  591  0.0197254
386  596  0.63523
387  590  0.0197318
387  595  0.705122
388  594  0.709827
389  589  0.0108766
389  593  0.792109
389  599  0.073611
389  600  0.0213738
390  592  0.764591
390  598  0.120954
391  588  0.294533
391  591  0.527861
391  597  0.124552
392  587  0.727085
392  596  0.12513
393  586  0.826799
393  595  0.125105
394  585  0.820945
394  594  0.0982483
395  583  0.830519
396  582  0.889396
397  581  0.993368
398  580  0.993675
399  579  0.993124
400  578  0.992859
401  577  0.991887
402  576  0.993637
403  575  0.993685
404  574  0.99291
405  572  0.0457961
406  442  0.0466388
406  515  0.873135
406  570  0.0123998
406  571  0.0425313
407  441  0.0466698
407  514  0.873537
407  569  0.0154351
408  440  0.0270607
408  513  0.873659
408  568  0.0113614
408  570  0.0424246
409  512  0.873658
409  569  0.0423448
410  438  0.0484315
410  511  0.872659
410  535  0.0440056
411  437  0.0487792
411  534  0.0451968
411  567  0.013993
412  436  0.048808
412  480  0.797362
412  483  0.0154921
412  533  0.0453749
412  566  0.0141227
413  435  0.0463606
413  479  0.842482
413  482  0.0127895
413  532  0.0450332
413  565  0.0133198
414  478  0.864953
415  421  0.0272313
415  477  0.871366
416  420  0.01698
416  476  0.868251
416  529  0.0296103
417  475  0.588649
418  460  0.017676
419  435  0.0139636
419  459  0.0181115
419  528  0.0416559
420  527  0.0479653
421  434  0.590983
421  455  0.0309324
421  526  0.0479732
422  428  0.0194877
422  433  0.699592
422  454  0.0357564
422  456  0.120218
422  525  0.0472968
423  427  0.0158251
423  432  0.699371
423  455  0.12004
423  524  0.0467872
424  431  0.583192
424  459  0.0345447
425  458  0.0375834
426  450  0.161896
426  457  0.0383616
427  449  0.165252
427  456  0.0386515
427  523  0.0151533
428  448  0.163543
428  455  0.0386035
428  522  0.0151689
430  447  0.0127174
430  517  0.0513012
431  443  0.18344
431  516  0.0518569
432  442  0.204722
432  456  0.0126546
432  515  0.0520773
433  441  0.204555
433  455  0.0126893
433  514  0.0520784
434  440  0.190723
434  454  0.0129054
434  513  0.0520609
435  439  0.13229
435  512  0.0517729
436  462  0.0100187
436  511  0.0511832
437  472  0.0354607
437  475  0.182775
438  471  0.0491131
438  474  0.626072
438  483  0.0149941
439  470  0.048893
439  473  0.626235
439  482  0.014964
440  469  0.0443823
440  472  0.625148
440  481  0.0145256
441  449  0.0178693
441  466  0.035644
441  468  0.0119502
441  471  0.61818
441  480  0.011714
442  448  0.0176318
442  465  0.0375256
443  464  0.0351358
443  470  0.0915301
445  468  0.028643
445  470  0.0331949
446  469  0.0372126
447  454  0.0341723
447  457  0.0490814
447  467  0.626225
447  533  0.0505136
448  456  0.0566333
448  466  0.627613
448  532  0.0511835
449  455  0.0559608
449  465  0.625172
449  531  0.0517124
450  460  0.0263822
450  530  0.0525536
451  459  0.032783
451  529  0.0527879
452  458  0.0320144
452  459  0.0181148
452  528  0.0449053
453  457  0.0160898
453  458  0.0135831
453  525  0.0436033
454  462  0.0779053
454  524  0.0546108
455  466  0.0178009
455  523  0.0553293
456  462  0.0688434
456  465  0.0178719
456  522  0.0553245
457  461  0.0289436
457  521  0.0518991
458  520  0.0413778
459  519  0.0335271
462  474  0.24926
463  473  0.249327
464  472  0.2491
464  514  0.0206407
465  471  0.234485
465  513  0.024247
466  512  0.0242625
467  511  0.0242092
477  520  0.0135887
478  519  0.0140921
479  518  0.0148075
480  517  0.0137715
483  514  0.0249829
484  513  0.0265518
486  510  0.980991
487  509  0.98617
488  508  0.982859
490  506  0.984307
491  505  0.986933
492  504  0.985943
493  503  0.986771
494  502  0.983207
495  501  0.90349
517  573  0.0836942
518  572  0.0490233
519  572  0.0469407
520  568  0.0212688
520  571  0.08591
520  573  0.747126
521  567  0.0212579
521  572  0.747529
522  566  0.0205431
522  570  0.173062
522  571  0.671243
523  564  0.0176828
523  569  0.249501
524  542  0.0215793
524  568  0.210122
524  570  0.591448
525  541  0.0467158
525  569  0.59008
526  534  0.0236034
526  540  0.0695193
526  566  0.119408
526  567  0.0117669
526  568  0.570328
527  533  0.0333964
527  539  0.0742812
527  565  0.0790126
527  566  0.0321774
527  567  0.225365
528  536  0.615402
528  538  0.0441799
529  535  0.665368
529  538  0.0106412
529  564  0.0232228
530  534  0.253511
530  563  0.0183362
531  539  0.0461682
532  538  0.0337282
535  568  0.0472668
535  573  0.0140149
536  567  0.0330773
536  572  0.0139297
537  567  0.266121
538  565  0.0190419
538  566  0.476544
538  570  0.0136578
539  564  0.0200069
539  569  0.0136711
540  564  0.853966
541  563  0.888821
542  562  0.879952
543  560  0.0111819
543  561  0.839347
545  559  0.981661
546  558  0.994284
547  557  0.9956
548  556  0.995865
549  555  0.991881
550  554  0.377576
583  593  0.0623927
584  592  0.0621056
585  591  0.0553742
586  593  0.0572586
587  592  0.0465525
640  689  0.975555
641  688  0.97717
642  687  0.97631
643  684  0.239155
643  686  0.756263
644  683  0.337689
644  685  0.634131
645  682  0.704231
646  681  0.724028
646  683  0.0359436
647  680  0.700145
647  681  0.0364937
648  680  0.0392406
648  681  0.0103012
649  678  0.612423
650  679  0.0101581
651  677  0.987642
652  676  0.996006
653  675  0.993432
654  674  0.987895
655  673  0.922197
656  670  0.911235
657  669  0.969184
657  671  0.0148866
657  672  0.012443
658  668  0.969435
659  667  0.968164
659  670  0.0301534
660  666  0.946058
660  669  0.0304386
661  668  0.0300646
700  720  0.0108622
701  719  0.0109007
702  720  0.042013
703  715  0.738061
703  719  0.0198262
704  714  0.792931
705  713  0.794044
705  717  0.022139
706  712  0.748987
707  711  0.434979
707  716  0.038461
707  719  0.0586421
708  715  0.0407817
708  718  0.0930854
709  714  0.0406063
709  717  0.0953657
710  716  0.0922727
713  723  0.0350468
714  722  0.0341154
747  765  0.724402
748  764  0.999228
749  763  0.999486
750  762  0.997375
751  761  0.99812
752  760  0.998337
753  759  0.985375
754  758  0.375166
778  787  0.0114768
781  789  0.0155898
798  823  0.0195013
799  822  0.679981
800  821  0.885175
801  820  0.977587
802  819  0.977906
803  818  0.158574
804  817  0.146723
804  818  0.837491
805  816  0.13431
805  817  0.849976
806  816  0.861963
807  814  0.118083
807  815  0.86801
808  814  0.8522
828  838  0.979196
829  837  0.983258
830  836  0.92302
840  857  0.0133617
841  856  0.0172716
842  855  0.0176524
843  854  0.0184991
844  853  0.0184898
845  852  0.0184695
846  851  0.0178926
856  960  0.0265444
857  959  0.0698247
858  958  0.0756979
860  958  0.0108402
862  956  0.851413
862  958  0.135507
863  955  0.851901
863  957  0.13974
864  954  0.848064
864  956  0.140573
865  955  0.140123
866  952  0.923812
867  951  0.989252
868  950  0.992834
869  949  0.990733
870  948  0.991739
872  947  0.990196
873  946  0.992214
874  945  0.995759
875  944  0.995797
878  941  0.967514
879  940  0.990501
880  939  0.990454
882  937  0.988712
883  936  0.988624
884  935  0.986862
885  933  0.775328
886  931  0.980169
887  930  0.979814
888  929  0.958683
891  926  0.997012
892  925  0.998796
893  924  0.998394
894  923  0.997
895  905  0.975611
896  904  0.978677
897  903  0.97806
898  902  0.37232
910  922  0.982132
911  921  0.981209
912  920  0.971993
913  919  0.906012
914  918  0.454721
