1  83  0.0637646
2  82  0.0638067
3  35  0.933105
3  81  0.0632958
4  34  0.933134
4  80  0.0530858
5  33  0.932804
6  32  0.933784
6  78  0.0412484
6  79  0.0198296
7  77  0.0412908
7  78  0.0197372
8  30  0.932449
9  29  0.932278
9  75  0.0231212
9  76  0.0360988
10  28  0.932885
10  74  0.0232069
10  75  0.0360012
11  27  0.932642
12  26  0.903708
12  73  0.0588355
13  24  0.269357
13  26  0.0103277
13  72  0.0589535
14  71  0.0580668
16  21  0.115816
16  22  0.0137637
16  23  0.0890269
16  69  0.0495577
17  22  0.0861593
17  25  0.155323
17  68  0.0564662
18  24  0.173999
18  67  0.056735
19  66  0.03292
22  66  0.0131482
23  65  0.0219103
24  64  0.0228971
25  47  0.0526628
26  46  0.0602085
27  45  0.065142
28  44  0.0653696
29  43  0.0653659
30  42  0.0651858
31  41  0.0652029
32  40  0.0650403
37  86  0.932914
38  85  0.933711
39  84  0.933273
40  83  0.933415
41  82  0.676301
43  80  0.806138
44  79  0.799816
45  58  0.296396
46  57  0.936195
47  56  0.938131
48  55  0.938565
48  63  0.055303
49  54  0.873443
49  62  0.0558016
50  61  0.0505267
51  60  0.0504445
52  59  0.0559199
53  58  0.0550213
58  77  0.110569
58  78  0.181871
58  79  0.0170715
58  81  0.0253011
60  75  0.0139503
60  76  0.522931
60  77  0.301654
60  78  0.0675946
60  79  0.0293131
61  74  0.0140224
61  75  0.52542
61  76  0.302277
61  77  0.0674707
61  78  0.0294773
62  73  0.0140484
62  74  0.526334
62  75  0.301864
62  76  0.0670445
62  77  0.0293952
63  72  0.0140309
63  73  0.527207
63  74  0.30142
63  75  0.0666012
63  76  0.0293051
64  71  0.0115347
64  72  0.518126
64  73  0.293997
64  74  0.0616276
64  75  0.0272102
65  70  0.0249965
