1  73  0.91912
2  72  0.99968
3  71  0.999773
4  70  0.999739
5  69  0.996745
6  68  0.993756
7  67  0.969317
9  66  0.0496051
10  26  0.913689
10  48  0.0192869
10  65  0.0193934
11  25  0.914928
11  47  0.0259232
12  24  0.914577
12  26  0.0613084
13  23  0.911247
13  25  0.0613538
13  45  0.0104822
15  21  0.655727
15  24  0.0815341
16  20  0.579067
16  23  0.0816207
17  22  0.0687421
28  44  0.907561
29  43  0.982707
30  42  0.98379
31  41  0.985265
32  40  0.984583
33  39  0.91733
34  38  0.532744
38  49  0.0131944
39  48  0.0132403
40  47  0.0132577
41  46  0.012336
45  63  0.379497
45  64  0.0138304
46  62  0.380296
46  63  0.0205192
47  61  0.379327
47  62  0.0201388
48  59  0.21163
48  60  0.194373
49  58  0.401542
50  57  0.392891
50  66  0.437619
51  56  0.257692
51  65  0.575965
52  64  0.576746
53  63  0.577008
54  62  0.565652
55  60  0.0100866
