1  65  0.0425315
1  72  0.184655
1  128  0.0132466
1  161  0.243782
2  64  0.0418416
2  71  0.185027
2  127  0.0123744
2  160  0.242845
2  168  0.0404777
3  70  0.18414
3  159  0.227135
3  167  0.0498312
3  172  0.0128928
4  65  0.0235847
4  69  0.180139
4  82  0.186507
4  157  0.0571644
4  166  0.0507217
4  171  0.0118117
5  68  0.176237
5  81  0.182242
5  156  0.0475651
6  61  0.504751
6  67  0.13117
6  80  0.122963
6  155  0.0209081
7  58  0.0168292
7  60  0.865152
7  65  0.031564
7  66  0.061866
8  59  0.86845
8  64  0.0627328
9  57  0.95073
9  63  0.0421429
10  56  0.969654
10  62  0.0297584
11  55  0.991213
12  54  0.992818
13  53  0.995362
14  52  0.99618
15  51  0.992755
21  45  0.839415
22  44  0.978843
23  43  0.993607
24  42  0.995609
25  41  0.994405
28  37  0.661856
29  36  0.671513
29  38  0.31272
30  35  0.637988
30  37  0.299863
31  35  0.0211729
59  65  0.0256792
59  169  0.0208638
60  64  0.0209255
60  168  0.0233206
61  78  0.0960298
61  167  0.0271037
61  172  0.0765531
62  77  0.181335
62  157  0.0431199
62  166  0.0296905
62  171  0.140336
63  154  0.0115651
63  156  0.0322648
63  170  0.149975
64  75  0.198026
64  153  0.0134981
64  169  0.153522
65  74  0.289581
65  152  0.0131421
65  168  0.152447
66  73  0.293891
66  163  0.0117539
67  72  0.295581
67  126  0.278103
67  149  0.0117034
67  165  0.05419
67  166  0.0232271
68  125  0.278482
68  148  0.0112086
68  164  0.0550313
69  124  0.244808
69  163  0.0491753
70  123  0.243169
70  162  0.0351932
71  122  0.266962
72  168  0.0100529
73  120  0.313508
73  146  0.373539
74  119  0.313853
74  145  0.378556
75  118  0.313588
75  144  0.381767
76  117  0.312739
76  143  0.384227
77  115  0.206805
77  142  0.384208
78  114  0.149493
78  115  0.0128195
78  116  0.0163232
78  141  0.37066
79  114  0.0251539
79  115  0.015449
79  140  0.322698
81  116  0.0432301
81  136  0.0292949
81  140  0.0221042
81  164  0.0209005
82  115  0.0460879
82  135  0.0291165
82  137  0.0143836
82  139  0.0269682
82  163  0.0227452
83  92  0.361434
83  126  0.61055
84  91  0.360719
84  125  0.619419
85  90  0.342271
85  124  0.620623
86  123  0.620478
87  122  0.573585
89  118  0.31551
89  121  0.0917887
90  117  0.333944
90  119  0.0341788
90  120  0.0897654
92  115  0.237022
94  113  0.983907
95  112  0.987218
96  111  0.990317
97  110  0.991121
100  107  0.995956
101  106  0.986019
115  120  0.0692632
117  139  0.0409572
118  138  0.0411667
119  137  0.0407886
120  135  0.0324811
121  133  0.0156665
121  134  0.0189276
122  132  0.0285527
123  131  0.0287401
124  134  0.0134152
124  157  0.0167947
125  133  0.015225
125  156  0.017414
126  132  0.0152613
126  139  0.0118614
126  155  0.0173943
127  133  0.0157455
127  138  0.0439371
127  156  0.356199
127  169  0.027115
128  132  0.0137574
128  135  0.0551452
128  137  0.0460607
128  139  0.0848413
128  152  0.0177471
128  155  0.469975
128  168  0.0325163
129  134  0.0378566
129  138  0.0516306
129  151  0.0174552
129  154  0.474768
129  167  0.0294675
129  170  0.0129093
130  138  0.131802
130  150  0.01693
130  153  0.476111
130  156  0.0152976
130  169  0.0158671
131  137  0.17057
131  152  0.473891
131  155  0.0198247
131  168  0.0164422
132  149  0.0194754
132  151  0.238411
132  154  0.0194884
132  165  0.0193756
133  148  0.0148131
133  163  0.0379878
133  164  0.0160961
134  148  0.115189
134  152  0.0198514
134  162  0.0461383
134  163  0.0122929
135  146  0.0112359
135  147  0.127617
135  151  0.259311
135  161  0.049029
136  150  0.385519
137  145  0.143926
137  149  0.403994
137  159  0.0508659
138  144  0.142716
138  148  0.403697
138  158  0.0596749
139  143  0.112171
139  147  0.398352
139  157  0.0598173
140  156  0.0591386
141  154  0.0556587
142  153  0.0564219
143  152  0.0585976
144  151  0.0443253
148  169  0.0322211
149  163  0.0160473
149  168  0.0386486
150  163  0.0496218
151  162  0.0898759
152  161  0.118486
152  165  0.0380798
153  160  0.105606
153  163  0.0269896
153  164  0.0315995
154  162  0.0408046
154  163  0.0246634
155  161  0.0486945
155  165  0.142754
156  160  0.018544
156  164  0.146388
157  163  0.146512
160  169  0.0663699
161  168  0.0795151
162  167  0.0715601
163  170  0.0107525
164  169  0.0110757
173  202  0.73072
174  201  0.937676
175  200  0.981911
176  199  0.999931
177  198  0.999986
178  197  0.999972
179  196  0.999426
180  195  0.999977
181  194  0.999973
182  193  0.999289
183  192  0.984232
