2  25  0.0145098
2  46  0.153842
2  200  0.0127059
3  24  0.0193387
3  40  0.0156393
3  42  0.016873
3  45  0.370528
3  78  0.0166004
3  84  0.253612
3  199  0.0145432
4  23  0.0189198
4  39  0.0146075
4  41  0.0157776
4  44  0.366067
4  77  0.0154694
4  83  0.254173
4  198  0.0133079
5  43  0.298228
5  82  0.243872
6  81  0.203265
7  41  0.0450925
9  54  0.0105545
9  56  0.0341349
10  22  0.57547
10  38  0.220155
10  53  0.0110237
10  133  0.0121945
10  139  0.0361159
10  201  0.0147225
11  21  0.577498
11  37  0.220745
11  52  0.0102788
11  54  0.0431889
11  132  0.012198
11  138  0.0361147
11  200  0.0144635
12  20  0.578646
12  36  0.218444
12  53  0.0551125
12  131  0.0123171
12  137  0.0361896
13  19  0.520625
13  52  0.0537003
13  130  0.0122169
13  136  0.035924
14  18  0.12673
14  51  0.0387455
14  129  0.0119216
14  135  0.0348412
15  33  0.20815
15  37  0.0108723
15  128  0.010638
15  134  0.0295788
16  32  0.21029
16  36  0.0121717
17  31  0.19407
17  35  0.0124891
17  50  0.0770066
17  90  0.025324
18  34  0.0124738
18  49  0.0874946
18  89  0.0283648
18  110  0.0166935
19  29  0.153092
19  48  0.0878187
19  88  0.0283723
19  109  0.0167144
20  28  0.225274
20  47  0.0874799
20  87  0.0283555
20  108  0.0167051
21  27  0.177219
21  29  0.0186909
22  28  0.0197626
23  196  0.0340482
24  195  0.0366168
25  41  0.0137168
25  194  0.0352994
26  193  0.0334405
27  192  0.0253072
28  38  0.501947
28  201  0.042493
29  37  0.502685
29  200  0.0423805
30  36  0.48951
30  199  0.0360141
43  197  0.0222669
44  196  0.0305891
45  59  0.0249145
45  195  0.0308687
46  58  0.569761
46  194  0.0169395
47  57  0.779861
47  194  0.0332132
48  56  0.779574
48  193  0.0494931
49  55  0.770783
49  94  0.0612334
49  192  0.0495941
50  54  0.293412
50  93  0.0632204
50  191  0.0490719
51  92  0.0660942
51  190  0.0460962
53  87  0.0254837
53  91  0.085813
54  86  0.0322733
54  90  0.0869137
54  185  0.0148462
55  79  0.0105681
55  85  0.0325036
55  89  0.0873575
55  184  0.014871
56  78  0.0117028
56  84  0.032357
56  88  0.0873606
56  183  0.0148505
57  87  0.087048
57  182  0.0149348
58  181  0.013146
59  76  0.965549
60  75  0.983208
61  74  0.991227
62  73  0.991214
64  71  0.986334
65  70  0.977965
79  200  0.0115219
80  199  0.0133081
82  197  0.0212716
83  196  0.0247493
84  195  0.0209089
86  178  0.0132414
86  195  0.769334
87  177  0.0141534
87  194  0.822102
88  176  0.0141539
88  193  0.825914
89  175  0.0141292
89  192  0.826197
90  191  0.823738
91  170  0.0114143
91  190  0.808511
92  169  0.0117166
94  166  0.0137125
94  188  0.345989
95  165  0.0136423
95  187  0.344747
96  164  0.012348
96  186  0.301671
102  153  0.101613
103  133  0.0200478
103  151  0.759187
103  152  0.0570814
104  132  0.0200194
104  150  0.817487
105  149  0.817191
106  148  0.817578
106  154  0.115195
107  129  0.0125922
107  147  0.817439
107  153  0.115885
108  146  0.721057
108  152  0.118038
109  127  0.43276
109  129  0.0110849
110  127  0.0270191
110  150  0.11864
111  125  0.518785
111  149  0.120902
112  124  0.829988
112  148  0.121047
113  123  0.8301
113  147  0.121038
114  122  0.811682
114  146  0.116455
115  125  0.147592
116  124  0.156006
117  123  0.151855
127  143  0.131411
127  144  0.0431914
128  142  0.133023
129  139  0.0332807
129  143  0.0818991
130  142  0.0766508
131  138  0.0623223
132  137  0.0571688
132  139  0.87585
133  138  0.85629
140  199  0.0216308
141  198  0.0234165
142  197  0.0232934
144  195  0.0475663
145  194  0.048613
146  193  0.0485371
147  171  0.0570474
148  170  0.0570888
149  169  0.0570356
150  168  0.0570874
151  167  0.0545204
152  163  0.050844
153  162  0.0617086
153  185  0.0609035
153  189  0.470807
154  166  0.0171069
154  184  0.0605435
154  188  0.473516
155  165  0.0176313
155  183  0.0482687
155  187  0.471299
156  164  0.0170403
156  182  0.0297365
156  186  0.424085
161  183  0.290044
162  181  0.0112023
162  182  0.326415
163  184  0.536191
164  180  0.344094
164  183  0.543079
165  179  0.349559
165  182  0.543768
166  178  0.348869
166  181  0.54471
167  177  0.346687
167  180  0.54421
168  176  0.342818
168  178  0.560719
169  177  0.565022
170  175  0.0562685
170  176  0.565197
171  175  0.350369
173  192  0.0652242
174  191  0.0676479
175  190  0.0682271
176  189  0.0682364
178  188  0.0686952
179  187  0.0686051
180  186  0.0682544
181  185  0.0536805
