1  21  0.540249
2  20  0.861866
3  19  0.955657
4  18  0.955427
5  17  0.873925
6  17  0.0243134
7  13  0.0917364
7  14  0.0848992
7  15  0.167795
7  16  0.0699996
8  12  0.0539521
8  13  0.119054
8  14  0.162554
8  15  0.0586087
10  329  0.0164214
11  328  0.0183149
12  327  0.0171206
21  301  0.20308
21  308  0.0342257
21  328  0.0155749
22  300  0.385383
22  307  0.135959
22  324  0.0155831
22  327  0.0614392
23  299  0.385634
23  307  0.326555
23  323  0.0150773
23  326  0.0311307
24  298  0.382608
24  305  0.15965
24  306  0.326784
24  322  0.0149181
25  304  0.162264
25  305  0.324457
26  35  0.218403
26  302  0.272634
26  304  0.237705
27  34  0.260064
27  295  0.0129461
27  301  0.527123
28  33  0.29328
28  300  0.548973
29  294  0.122243
29  299  0.549028
30  293  0.126604
30  298  0.548766
32  47  0.491987
33  46  0.592089
34  45  0.685919
35  44  0.684955
36  43  0.667679
37  42  0.46359
40  323  0.0138784
41  322  0.017471
42  297  0.262683
42  321  0.0352689
43  296  0.263021
43  320  0.0352996
44  295  0.262753
44  319  0.0352836
45  318  0.0352562
46  294  0.367451
47  293  0.278011
49  291  0.985941
50  290  0.987531
51  289  0.987853
52  288  0.987717
53  287  0.987716
54  286  0.984236
55  285  0.979796
56  283  0.15036
57  282  0.117171
58  279  0.868892
59  252  0.0617431
59  278  0.881824
59  280  0.0325029
60  251  0.0812006
60  277  0.863904
60  279  0.0295897
61  250  0.0832257
61  276  0.861317
61  278  0.0295292
62  70  0.0181029
62  249  0.174499
63  69  0.0251361
63  74  0.011596
63  77  0.0900974
63  187  0.0151751
63  248  0.194638
64  73  0.0120852
64  76  0.0886051
64  186  0.0164183
64  247  0.200679
64  273  0.12056
65  72  0.0117687
65  75  0.0825204
65  185  0.0168992
65  246  0.197884
65  273  0.0109866
66  184  0.0172249
66  245  0.184989
66  271  0.0976773
66  272  0.010585
67  73  0.0169065
67  183  0.01727
67  253  0.0107258
67  265  0.0163186
67  269  0.355147
67  270  0.0531999
68  182  0.0144413
68  264  0.0165322
68  268  0.405958
69  263  0.0165278
69  267  0.4054
70  262  0.016292
71  261  0.0155497
71  264  0.268333
72  260  0.0151264
72  263  0.23725
73  259  0.0146155
73  262  0.241244
74  258  0.0137362
74  261  0.29596
75  260  0.298319
76  259  0.300821
76  268  0.0106347
77  245  0.0130638
77  250  0.0140599
77  252  0.0258669
77  258  0.302062
77  267  0.0117898
78  249  0.0104123
78  251  0.0241693
78  257  0.207254
79  114  0.0135642
79  115  0.804058
79  250  0.0172128
80  114  0.809495
81  112  0.623844
81  113  0.349198
82  111  0.636894
82  112  0.333876
84  109  0.979732
85  108  0.981282
86  107  0.979722
87  106  0.981488
88  105  0.980993
89  104  0.974042
90  103  0.672355
91  103  0.0111656
92  101  0.977266
93  100  0.971426
94  99  0.735921
113  271  0.0869352
114  246  0.0123283
114  270  0.111754
115  269  0.111223
116  244  0.94372
117  181  0.0219625
117  243  0.950669
118  180  0.0222628
118  242  0.947908
119  179  0.0224579
119  241  0.945098
120  178  0.0224673
120  240  0.87719
121  177  0.0222894
121  239  0.632022
122  149  0.982195
123  148  0.985698
124  147  0.985601
125  146  0.985853
126  145  0.272814
127  144  0.27357
128  143  0.987284
129  142  0.987451
130  141  0.987069
131  140  0.760764
132  140  0.209647
133  138  0.404412
133  139  0.415921
133  203  0.0107701
134  138  0.158342
134  202  0.0107779
135  201  0.0107828
136  200  0.0106101
138  152  0.0112613
139  151  0.0112784
140  150  0.0112683
141  149  0.0112842
142  148  0.0112223
150  201  0.0458358
150  212  0.90542
151  200  0.0458463
151  211  0.905806
152  199  0.0456743
152  210  0.90505
153  175  0.0445745
153  177  0.0312091
153  198  0.0133334
153  209  0.459737
154  176  0.0304568
154  197  0.0117187
154  208  0.0603095
155  174  0.0147289
157  172  0.668884
158  171  0.908139
159  170  0.989256
160  169  0.995968
161  168  0.981568
172  208  0.176504
173  207  0.723617
174  206  0.855264
175  205  0.867002
176  204  0.858907
177  200  0.164089
177  203  0.732929
178  199  0.316353
178  202  0.562003
179  198  0.752641
180  197  0.788711
180  200  0.0278383
181  196  0.791575
181  199  0.124984
182  194  0.895308
182  195  0.034859
182  198  0.0134719
182  201  0.01117
183  193  0.932199
183  200  0.0109808
184  192  0.923934
185  191  0.87695
186  190  0.439588
187  207  0.0102743
188  197  0.0148743
188  206  0.0114127
189  196  0.0152049
189  205  0.0116932
190  195  0.011042
190  204  0.0114336
192  202  0.0133379
193  201  0.0142321
193  253  0.0144415
194  200  0.0141532
194  252  0.0144382
196  247  0.0176756
197  246  0.0186563
198  245  0.0189441
199  244  0.0192155
200  243  0.0190237
203  242  0.0402158
204  241  0.0144269
205  240  0.0415716
206  239  0.0785829
207  238  0.0849189
208  237  0.0878072
209  236  0.0404696
210  235  0.0404729
211  234  0.0880168
212  233  0.0880141
213  232  0.0880009
213  237  0.910703
214  231  0.0879936
214  236  0.911654
215  235  0.91119
216  230  0.0864734
216  234  0.911659
217  229  0.0504697
217  233  0.910833
218  228  0.0505026
218  232  0.911583
219  226  0.0264234
219  227  0.0616935
219  231  0.911422
220  225  0.0862708
220  230  0.533033
221  228  0.132357
221  230  0.376026
222  227  0.128907
222  229  0.750009
223  228  0.492454
245  253  0.135912
245  277  0.0184889
246  252  0.12309
246  276  0.0180481
247  275  0.0154783
248  272  0.0760384
248  274  0.0105028
249  271  0.108063
250  269  0.0575574
250  270  0.124625
250  273  0.0112915
251  268  0.0598993
251  272  0.0106485
252  269  0.0248916
253  267  0.152054
254  265  0.662924
255  264  0.673104
256  263  0.673644
257  262  0.667775
294  312  0.010577
295  311  0.0111002
296  309  0.0430281
297  308  0.0518313
298  307  0.0527013
299  306  0.0526853
300  305  0.0490215
303  328  0.420789
304  327  0.44122
305  326  0.440867
308  326  0.0558506
308  327  0.0123858
309  324  0.93201
310  323  0.944884
311  322  0.944983
312  321  0.94876
313  320  0.94435
314  319  0.684985
326  824  0.0157176
327  824  0.130121
328  820  0.0348343
328  823  0.0900838
329  819  0.0349401
329  821  0.0193859
329  823  0.0996749
330  818  0.0348815
330  822  0.115073
331  817  0.0348111
331  820  0.949065
332  816  0.0313044
332  819  0.95426
333  818  0.954918
334  817  0.95596
335  816  0.940421
339  812  0.894684
340  811  0.976049
341  810  0.986791
342  809  0.987458
343  808  0.9874
344  807  0.984897
345  805  0.985769
346  804  0.985708
347  803  0.984571
348  802  0.919036
350  800  0.923678
351  799  0.977563
352  798  0.976182
353  797  0.969172
354  796  0.943084
355  705  0.808484
355  739  0.158807
356  704  0.809807
356  738  0.160575
357  703  0.808421
357  737  0.161466
358  687  0.0522182
358  688  0.15577
358  736  0.159667
359  686  0.0582105
359  687  0.169187
359  735  0.11568
360  686  0.172069
360  735  0.0389706
361  684  0.859502
361  734  0.0772429
362  683  0.862734
362  733  0.0716347
363  682  0.861899
365  680  0.856522
365  713  0.0445778
366  679  0.862777
366  709  0.0596242
366  712  0.0480407
367  678  0.84917
367  708  0.0598421
367  711  0.0479876
368  707  0.060024
368  710  0.0479303
369  676  0.753054
369  706  0.0600821
369  709  0.0478811
370  675  0.482885
370  677  0.0295568
370  705  0.0495306
371  674  0.298587
371  675  0.383957
372  674  0.567358
373  673  0.741218
373  683  0.0269263
373  684  0.0301579
374  672  0.737939
374  682  0.0273965
374  683  0.0302338
375  670  0.0181937
375  681  0.026528
375  682  0.0291881
376  670  0.194217
376  681  0.0236681
377  669  0.313038
377  670  0.407515
377  673  0.210264
377  734  0.010728
378  667  0.33325
378  669  0.409317
378  672  0.212882
378  733  0.0109011
379  660  0.0185783
379  666  0.333966
379  668  0.400202
379  671  0.216154
379  732  0.0113462
380  659  0.0185933
380  665  0.335654
380  667  0.397566
380  670  0.216167
380  731  0.0113468
381  658  0.0186034
381  663  0.720822
381  669  0.216074
381  730  0.0113447
382  657  0.0186835
382  662  0.743697
382  668  0.204449
382  729  0.0100923
383  633  0.0126428
383  655  0.012503
383  661  0.743402
383  667  0.0946179
384  632  0.0151498
384  654  0.0190715
384  660  0.744964
384  666  0.0796119
385  631  0.015134
385  653  0.0190727
385  659  0.745012
385  665  0.185791
386  411  0.0489283
386  630  0.0150733
386  652  0.0190661
386  658  0.744973
386  663  0.019067
387  601  0.0407853
387  651  0.0160111
387  657  0.737695
387  662  0.0160737
388  409  0.108251
388  600  0.0273805
388  650  0.0146844
388  656  0.715497
388  661  0.0131126
389  407  0.0124066
389  408  0.12757
389  599  0.0143171
389  600  0.160096
389  655  0.438304
390  406  0.012782
390  407  0.13587
390  599  0.747781
390  653  0.0151856
391  405  0.0130193
391  406  0.136884
391  598  0.798667
391  652  0.0153174
391  658  0.013291
392  404  0.0131005
392  597  0.808487
392  651  0.0123224
392  657  0.0131929
393  403  0.0130459
393  405  0.139661
393  596  0.808492
393  650  0.0123051
393  656  0.0131769
394  404  0.141957
394  595  0.812811
395  403  0.141866
395  594  0.812838
396  402  0.123945
396  592  0.369416
396  593  0.437918
397  591  0.73661
398  590  0.738237
399  588  0.115812
399  589  0.694136
400  587  0.159934
401  587  0.0678441
401  611  0.0115205
402  610  0.0129955
403  583  0.664623
403  587  0.10227
403  609  0.0138112
404  582  0.666313
404  586  0.102408
404  608  0.0139313
405  581  0.641154
405  583  0.0535734
405  607  0.0139305
406  583  0.0331108
406  606  0.0133639
407  579  0.0100484
407  581  0.0647639
407  605  0.0121075
408  579  0.0101989
409  579  0.691426
410  578  0.794673
411  577  0.828806
412  576  0.839244
413  575  0.843963
414  574  0.843022
416  572  0.807681
417  571  0.837739
418  570  0.837277
419  569  0.818319
420  568  0.637176
421  666  0.0160431
422  565  0.0105342
422  568  0.042964
423  564  0.0120713
423  566  0.76159
423  567  0.0542642
423  664  0.140252
424  563  0.0120749
424  565  0.76803
424  663  0.152012
425  562  0.0118981
425  564  0.768005
425  566  0.0594368
425  662  0.154004
426  561  0.0118879
426  563  0.767823
426  565  0.0594735
426  661  0.154009
427  512  0.0121094
427  515  0.0101324
427  530  0.0130408
427  562  0.517617
427  564  0.059443
427  660  0.154045
428  511  0.0122249
428  514  0.0105214
428  561  0.510077
428  563  0.0587341
428  659  0.15405
429  510  0.0127724
429  513  0.0111176
429  658  0.154043
430  453  0.0184872
430  512  0.0130577
430  528  0.705313
430  529  0.0431686
430  657  0.153751
431  452  0.0185399
431  511  0.0130694
431  527  0.80304
431  656  0.153273
432  451  0.0185379
432  510  0.0129754
432  526  0.803915
433  450  0.0172894
433  525  0.802348
433  654  0.118836
434  524  0.80351
435  450  0.0133608
435  523  0.803986
435  651  0.152947
436  449  0.0136174
436  522  0.803444
436  650  0.153145
437  445  0.299668
437  448  0.0124219
437  649  0.152729
438  444  0.457743
438  521  0.0385312
438  648  0.151778
439  443  0.174412
440  449  0.0494655
441  448  0.0394299
443  518  0.190036
444  517  0.199121
445  516  0.147523
445  517  0.0576808
445  519  0.0123172
446  516  0.173448
446  518  0.01959
447  515  0.225932
448  514  0.225945
448  516  0.163305
449  515  0.193238
450  513  0.763824
450  514  0.157825
451  512  0.832833
452  512  0.121326
453  510  0.903678
453  511  0.0607062
454  509  0.996473
455  508  0.995794
456  507  0.997888
457  506  0.998121
458  505  0.997186
459  504  0.996603
460  503  0.997429
461  502  0.997628
462  492  0.0232037
462  501  0.969649
463  491  0.0232112
463  500  0.952959
464  474  0.014477
464  490  0.0228749
464  499  0.879487
465  473  0.167999
465  475  0.0127583
465  498  0.336868
466  472  0.162771
466  473  0.715628
467  471  0.0619682
467  472  0.700611
467  487  0.0463039
468  486  0.0314375
469  485  0.0163427
469  486  0.027965
470  485  0.0646456
470  495  0.0106255
471  484  0.0882806
471  494  0.0108742
472  483  0.0887913
472  493  0.0107437
473  481  0.100997
474  480  0.105363
474  498  0.0170859
475  479  0.0855164
475  496  0.83166
475  499  0.0180681
476  495  0.839772
476  498  0.0203531
477  494  0.83961
477  497  0.0204069
478  493  0.83773
478  496  0.0191453
479  491  0.014178
479  492  0.824812
480  490  0.826174
482  488  0.808607
482  493  0.0250177
483  487  0.635455
483  492  0.0495272
484  491  0.0489361
485  490  0.0428507
486  497  0.0304078
487  496  0.0396706
488  495  0.0374281
490  498  0.0200832
491  497  0.0223132
492  496  0.0192824
493  501  0.0230303
494  500  0.0217432
495  499  0.0126284
513  557  0.0145568
514  521  0.192736
514  556  0.0145545
515  520  0.140261
517  555  0.0149387
518  554  0.0195503
519  553  0.0209095
520  552  0.0217796
521  551  0.0225016
522  550  0.0225901
522  647  0.149334
523  549  0.0225898
523  646  0.149606
524  548  0.0223825
524  645  0.149275
525  547  0.0195448
525  644  0.149255
526  546  0.0178566
526  567  0.0103237
526  643  0.148481
527  566  0.0103324
527  642  0.146908
528  539  0.0190567
528  636  0.143302
529  538  0.0218613
529  635  0.146941
530  537  0.0215531
530  634  0.146949
531  633  0.130992
532  562  0.424291
532  632  0.0432307
533  561  0.426131
533  631  0.0222642
534  560  0.899029
534  630  0.0209998
535  559  0.930672
535  629  0.0416008
536  558  0.93004
536  628  0.0258252
537  557  0.936213
538  556  0.936278
539  555  0.935316
540  554  0.931207
541  553  0.923437
541  591  0.0348508
542  550  0.0114846
542  552  0.922533
542  590  0.040154
543  549  0.0112317
543  551  0.913109
543  589  0.0406944
544  549  0.599862
544  588  0.0407021
545  587  0.0406569
546  586  0.0406044
549  564  0.0366125
550  563  0.036632
551  562  0.0370391
552  561  0.0368854
553  560  0.0353864
554  559  0.0310424
563  632  0.0624858
564  631  0.0625086
565  576  0.0315713
565  632  0.0426552
566  575  0.0340633
566  629  0.0502153
566  630  0.0108241
566  631  0.042619
567  574  0.0330592
567  628  0.0497999
567  629  0.0108578
567  630  0.0424586
568  627  0.0191624
573  608  0.073111
574  607  0.0830787
575  606  0.078681
579  604  0.0952969
580  603  0.106052
581  602  0.10782
582  601  0.108387
583  600  0.108225
586  597  0.108012
587  596  0.107843
588  595  0.10159
591  620  0.0183561
592  619  0.0211706
593  618  0.0214717
594  617  0.0217511
594  627  0.026628
595  616  0.0217905
595  626  0.0281963
595  628  0.0121956
596  615  0.021812
596  625  0.0289931
596  627  0.0183872
597  614  0.0218031
597  624  0.028984
597  626  0.0187478
598  613  0.0192864
598  625  0.0231067
599  610  0.0168039
600  609  0.021601
600  651  0.0396475
600  654  0.266846
601  608  0.0221054
601  622  0.453798
601  650  0.039508
601  653  0.260528
602  621  0.543852
602  649  0.0115364
603  620  0.557869
604  619  0.557609
606  623  0.0114114
606  653  0.0147693
607  616  0.566153
607  622  0.0116982
607  652  0.0284189
608  615  0.564781
608  621  0.0116287
608  651  0.0272144
609  614  0.327704
609  620  0.0114406
609  630  0.074401
609  650  0.024964
610  629  0.10248
611  628  0.1563
612  627  0.216271
612  664  0.0356116
613  626  0.227769
613  628  0.104956
613  663  0.0383101
614  625  0.230495
614  627  0.109683
614  662  0.0392916
615  624  0.230218
615  626  0.110258
615  661  0.0392924
616  625  0.11096
616  660  0.0391569
617  624  0.104095
617  659  0.037808
618  623  0.0645991
618  658  0.0233804
621  655  0.0360483
622  654  0.0374404
624  647  0.0418343
624  654  0.248738
625  646  0.0428652
625  652  0.392744
625  653  0.125614
626  651  0.539126
627  644  0.0436652
627  650  0.251278
628  643  0.0446242
628  649  0.249238
629  642  0.0446199
629  648  0.5379
629  649  0.084144
630  641  0.0443654
630  647  0.532116
630  648  0.108214
631  647  0.114224
631  651  0.132465
632  637  0.013683
632  645  0.522505
632  646  0.119507
632  650  0.13269
633  649  0.132746
634  642  0.0661834
634  643  0.571429
634  648  0.132815
635  641  0.0634343
635  642  0.554296
635  643  0.0122864
635  647  0.129461
637  641  0.0144647
637  642  0.0191876
637  643  0.0367071
648  682  0.0141466
649  681  0.0142436
650  680  0.0142678
651  679  0.0142585
653  677  0.0150909
654  676  0.0151063
655  675  0.0150409
656  674  0.0150511
657  673  0.0139375
659  671  0.0128054
660  670  0.0109668
661  668  0.0171636
662  667  0.0164223
662  669  0.0117808
663  668  0.0200079
682  705  0.0102725
683  704  0.0101867
683  705  0.0374723
684  704  0.0381066
687  703  0.0741243
688  702  0.8249
689  701  0.967178
690  700  0.988407
691  699  0.98795
692  698  0.883472
693  697  0.442307
703  732  0.0429153
704  731  0.0430057
705  730  0.0429849
706  729  0.0410336
706  739  0.0281647
707  738  0.0280541
707  741  0.654538
708  740  0.705303
709  726  0.0287527
709  736  0.0315649
709  739  0.727452
710  725  0.0154283
710  735  0.0314811
710  738  0.722282
711  725  0.0187149
712  724  0.0321559
712  736  0.209381
712  796  0.0236558
713  723  0.0304871
713  795  0.0296095
714  735  0.023175
714  794  0.0305998
715  721  0.0218537
715  733  0.781179
715  734  0.0191178
715  792  0.0154869
715  793  0.0278191
716  729  0.0103357
716  732  0.840851
716  791  0.0187025
717  730  0.119373
717  731  0.735122
717  733  0.0161492
717  790  0.0186174
717  792  0.0244989
718  728  0.0203374
718  729  0.226767
718  732  0.0174083
718  791  0.0240877
719  730  0.546616
719  731  0.0113117
719  790  0.0228977
720  727  0.231523
720  728  0.106372
720  729  0.554473
720  761  0.0397348
721  726  0.226938
721  727  0.103844
721  728  0.536017
721  760  0.0408815
722  759  0.0380018
724  757  0.0303974
725  756  0.0287424
727  753  0.0183455
728  752  0.0186414
728  753  0.0268012
729  752  0.0268483
730  750  0.0497044
731  749  0.0504591
732  748  0.0511747
733  747  0.0504162
734  746  0.0423654
735  743  0.012168
735  745  0.0374105
736  742  0.0138112
737  744  0.0261643
738  743  0.0254368
744  795  0.805087
745  794  0.918697
746  793  0.929926
747  792  0.936806
748  759  0.063554
748  791  0.875814
749  758  0.0900295
749  790  0.85387
750  757  0.0945353
750  789  0.848634
751  756  0.0944658
752  761  0.842179
753  760  0.839526
754  759  0.551233
760  790  0.0966289
761  789  0.105614
762  788  0.987287
763  787  0.988584
764  786  0.988592
765  785  0.984825
766  784  0.984585
767  783  0.959232
770  780  0.759143
771  779  0.75839
771  782  0.218224
772  778  0.738325
772  781  0.218992
773  780  0.213806
774  779  0.155501
