1  704  0.0190118
1  706  0.0127761
2  12  0.0160606
2  561  0.0125005
2  703  0.0212604
2  705  0.0149131
3  11  0.0193908
3  560  0.0206471
3  682  0.188217
3  702  0.0180264
4  559  0.0205525
4  681  0.188726
4  706  0.0123785
5  680  0.188821
6  104  0.0510811
6  554  0.0791255
6  679  0.189128
6  702  0.0974589
6  704  0.0864169
7  103  0.0511451
7  553  0.0792462
7  678  0.189012
7  701  0.0974965
7  703  0.0910898
7  707  0.0567489
8  102  0.0476269
8  706  0.0325627
9  99  0.0176095
9  551  0.347231
10  98  0.0178327
10  550  0.387992
10  553  0.0212177
10  685  0.103767
11  98  0.0113915
11  549  0.388808
11  552  0.0217825
11  684  0.104336
11  707  0.0404713
12  99  0.0467408
12  551  0.0170556
12  683  0.104146
12  706  0.0172701
13  96  0.0369971
13  97  0.688038
13  99  0.0113304
13  682  0.104065
14  95  0.0236662
14  96  0.685953
14  97  0.113187
14  681  0.0558895
15  95  0.656656
15  96  0.112002
15  97  0.0283995
15  680  0.0514979
16  93  0.711276
16  95  0.0462158
16  96  0.0283239
16  679  0.090289
17  92  0.848293
17  93  0.0290643
17  95  0.0237938
18  91  0.941517
18  92  0.0253509
19  90  0.9704
19  91  0.0199967
20  89  0.980259
20  90  0.0141926
21  88  0.988532
22  87  0.995645
23  86  0.995117
25  85  0.998827
26  84  0.998353
27  83  0.998696
28  82  0.997574
29  81  0.946112
35  73  0.0154282
36  72  0.0155752
37  71  0.0124418
37  74  0.0158328
38  72  0.950046
39  71  0.976284
40  70  0.983888
41  69  0.978096
42  67  0.0269931
44  65  0.922536
45  64  0.979735
46  63  0.999742
47  62  0.999724
48  61  0.460612
49  60  0.459725
50  59  0.999593
51  58  0.999875
52  57  0.972504
95  677  0.0822534
96  550  0.0300005
96  676  0.086663
97  549  0.0319665
97  675  0.0862699
98  548  0.0580101
101  706  0.310652
102  283  0.392222
102  703  0.0102325
102  705  0.383087
103  282  0.472734
103  702  0.0115051
103  704  0.397778
104  281  0.472799
104  550  0.0100335
104  701  0.0114966
104  703  0.398594
105  280  0.472913
105  282  0.0869005
105  702  0.406262
106  279  0.47281
106  281  0.0871661
106  701  0.406035
107  277  0.0294946
107  280  0.0896495
107  282  0.395776
107  700  0.0273936
108  276  0.0294796
108  279  0.0896683
108  281  0.404996
109  275  0.0122618
109  277  0.519274
109  280  0.408989
110  276  0.519909
110  279  0.408751
110  697  0.0118341
111  275  0.445524
111  696  0.0116126
112  273  0.0349943
112  274  0.147443
112  277  0.165042
112  695  0.0109436
113  272  0.069108
113  276  0.164971
113  694  0.0100707
114  271  0.0647966
114  275  0.145473
115  155  0.364255
115  162  0.0682965
115  270  0.0297739
115  274  0.0463224
116  154  0.364318
116  161  0.0622323
116  269  0.02578
117  153  0.362658
117  158  0.512804
118  152  0.3643
118  157  0.618173
119  151  0.364682
119  156  0.627292
120  150  0.357718
120  155  0.630893
121  154  0.625065
122  148  0.0676686
123  152  0.622928
124  145  0.364286
124  151  0.630901
125  144  0.366656
125  150  0.630746
126  143  0.366344
127  142  0.366749
127  149  0.63172
128  141  0.366516
128  148  0.631547
129  140  0.366712
129  147  0.6324
130  139  0.36692
130  146  0.632409
131  138  0.365896
131  145  0.632391
132  137  0.296831
132  144  0.63232
133  143  0.624743
135  141  0.0316573
156  277  0.24977
157  276  0.164272
159  274  0.765276
160  273  0.840815
161  272  0.836333
163  270  0.963665
164  269  0.969508
165  268  0.978483
166  267  0.977447
167  177  0.0133721
167  265  0.917661
167  266  0.0594883
168  176  0.0137197
168  264  0.939602
168  265  0.0338167
169  175  0.0136821
169  263  0.960854
170  223  0.0164856
171  222  0.0198097
172  221  0.018394
172  223  0.0242022
173  222  0.016336
174  221  0.0213444
174  224  0.285052
175  220  0.0328811
175  223  0.351093
175  224  0.0111621
176  219  0.0317746
176  222  0.341643
177  217  0.0102316
177  222  0.111427
178  222  0.0187902
179  186  0.019447
179  220  0.952456
180  185  0.0198265
180  219  0.955165
181  218  0.955919
182  217  0.953588
183  192  0.0118029
185  190  0.505138
185  192  0.0707408
185  194  0.235602
186  191  0.0684504
186  193  0.279463
187  192  0.232209
187  195  0.0230009
188  194  0.0273225
188  195  0.0119944
189  193  0.0171474
195  217  0.0126703
196  216  0.972464
197  215  0.993546
198  214  0.997159
199  213  0.99941
200  212  0.998354
201  211  0.998521
202  210  0.998865
203  209  0.903469
225  262  0.996137
226  261  0.997653
227  260  0.996729
228  259  0.870666
229  258  0.873202
230  257  0.99793
231  256  0.998849
232  255  0.999929
233  254  0.999423
234  253  0.999971
235  252  0.999987
236  251  0.999731
237  250  0.758662
239  248  0.989729
240  247  0.999053
241  246  0.891078
282  697  0.0150325
283  696  0.0353734
284  547  0.653577
284  548  0.115908
284  695  0.0381262
284  700  0.0150528
285  546  0.910014
285  694  0.0387309
285  699  0.0120473
286  545  0.924086
286  693  0.0385557
287  544  0.922922
287  553  0.0158944
287  692  0.016306
288  543  0.92476
288  552  0.022599
288  555  0.010951
289  542  0.924441
289  551  0.0228295
289  690  0.0192962
290  541  0.924806
290  550  0.0228635
290  553  0.0109922
290  689  0.0194681
291  540  0.921018
291  549  0.0226834
291  552  0.0110315
292  521  0.930053
292  539  0.0204789
292  551  0.0110045
293  520  0.962992
293  538  0.0181854
293  550  0.011014
294  519  0.981811
294  549  0.011001
295  518  0.992875
296  517  0.994145
297  516  0.994169
298  515  0.993722
299  514  0.994283
300  513  0.994281
301  512  0.993584
302  511  0.993974
303  510  0.038609
304  508  0.011911
304  510  0.944922
305  509  0.962264
306  490  0.0103729
306  508  0.959817
307  489  0.0407074
308  488  0.0457317
308  489  0.0115604
310  487  0.973399
311  486  0.974573
312  485  0.970598
313  484  0.968079
314  482  0.977349
315  481  0.982554
316  480  0.982624
317  479  0.977026
318  407  0.0140172
318  478  0.957882
319  406  0.0161091
320  405  0.0157054
320  473  0.449458
320  476  0.337888
321  340  0.0867088
321  472  0.455039
322  339  0.0867898
322  402  0.0104387
322  471  0.454845
322  474  0.346339
323  338  0.0868752
323  401  0.0107046
323  472  0.392618
324  337  0.086823
324  469  0.370832
324  470  0.0803293
324  471  0.390608
325  336  0.0840759
325  468  0.357369
325  469  0.0785687
325  470  0.336998
325  471  0.0121554
326  335  0.0756224
326  468  0.0729724
326  469  0.306878
326  470  0.0246912
327  468  0.196092
327  469  0.0458059
328  400  0.0162586
328  468  0.0811198
329  399  0.0230852
329  465  0.092471
329  466  0.233791
329  467  0.0718148
330  398  0.0235286
330  464  0.0485018
331  397  0.0204751
331  464  0.800207
332  463  0.858165
333  397  0.0128334
333  462  0.858198
334  396  0.0233484
334  461  0.857407
335  395  0.0300984
335  460  0.855899
336  394  0.0376461
336  459  0.632432
337  393  0.0430266
337  456  0.42534
337  458  0.331271
338  392  0.0430847
338  455  0.452259
339  391  0.0430857
339  454  0.452544
339  456  0.177949
340  390  0.0420003
340  453  0.452241
340  455  0.394243
341  387  0.586196
341  454  0.38633
342  386  0.58748
342  453  0.386054
343  385  0.982034
344  384  0.982233
345  383  0.982464
346  382  0.974468
347  381  0.0285294
348  381  0.954344
349  380  0.981346
350  379  0.978545
354  377  0.900037
355  376  0.978694
356  375  0.984708
357  374  0.984368
358  373  0.984935
359  372  0.984946
360  371  0.984038
361  370  0.984864
362  369  0.978482
363  368  0.707625
384  409  0.0144608
385  408  0.0148484
386  407  0.0150999
386  451  0.376329
387  450  0.37636
388  405  0.353252
389  404  0.94724
390  403  0.948504
391  402  0.948509
392  401  0.948721
393  400  0.94345
405  448  0.141723
405  449  0.0230408
406  446  0.737197
406  447  0.0724102
407  445  0.85362
408  444  0.855929
409  443  0.849179
410  442  0.744696
411  475  0.07038
412  474  0.0706445
413  439  0.0931748
413  441  0.096148
414  438  0.0912278
415  439  0.660871
416  438  0.695878
417  437  0.664374
419  435  0.204224
420  434  0.127919
421  434  0.13882
421  438  0.065698
422  434  0.472229
422  437  0.069938
423  433  0.907522
423  436  0.07055
424  432  0.90938
424  435  0.0703983
425  431  0.899854
425  434  0.0701936
438  472  0.0698828
439  471  0.0681618
440  470  0.0665934
441  469  0.0474617
441  471  0.0274458
442  470  0.0114803
443  469  0.0353201
444  468  0.111122
445  467  0.119558
446  466  0.120889
447  465  0.121294
448  464  0.0607509
449  464  0.0722021
450  463  0.136628
451  462  0.136634
452  461  0.136396
453  460  0.126942
489  507  0.631396
490  506  0.80378
491  505  0.802039
491  506  0.184933
492  505  0.18684
493  503  0.990268
494  502  0.990067
495  501  0.939524
519  548  0.0108019
520  547  0.0109874
521  534  0.0107742
521  546  0.0123308
522  533  0.0247739
522  539  0.543238
522  688  0.0266953
523  532  0.0247644
523  538  0.543588
523  544  0.0264866
523  687  0.0268934
524  531  0.0212924
524  537  0.526236
524  543  0.0265651
524  686  0.0268926
525  542  0.0266509
526  534  0.023794
526  541  0.0266833
526  685  0.0278789
527  532  0.0445006
527  534  0.499077
527  540  0.0263742
527  684  0.0278861
528  533  0.498492
528  683  0.0278384
529  682  0.0278866
530  681  0.0278573
531  680  0.0277241
532  539  0.389814
532  679  0.0273501
533  538  0.394644
533  678  0.0271614
539  675  0.0257718
540  674  0.0271178
541  673  0.0271217
544  670  0.0270652
546  668  0.0270366
547  667  0.0271288
548  666  0.0271463
549  665  0.0268751
549  674  0.0148117
549  700  0.0237338
550  664  0.0268052
550  673  0.014879
550  700  0.278435
550  702  0.0210193
551  663  0.0234271
551  675  0.0275396
551  699  0.272564
551  701  0.0213109
552  674  0.276186
552  700  0.0349055
553  670  0.0134489
553  673  0.277759
553  702  0.0601838
554  669  0.0148571
554  672  0.277755
554  697  0.448812
554  701  0.0603403
555  671  0.277089
555  696  0.472082
555  700  0.0607539
556  670  0.277273
556  695  0.46717
557  635  0.0255632
557  669  0.181761
557  694  0.464579
558  634  0.0325066
558  668  0.180597
558  695  0.0181741
559  633  0.0323663
559  667  0.275508
559  693  0.576575
559  694  0.0193831
560  632  0.0321336
560  666  0.275322
560  692  0.627757
560  693  0.0100924
561  628  0.0113816
561  665  0.112553
561  691  0.639788
562  690  0.641015
562  706  0.0242546
563  635  0.162641
563  689  0.641206
563  705  0.0284599
564  573  0.116585
564  634  0.195814
564  688  0.642644
564  704  0.0290085
565  572  0.116623
565  633  0.195043
565  687  0.642576
565  703  0.0289635
566  571  0.108653
566  632  0.176389
566  685  0.388891
566  686  0.246552
567  573  0.0120139
568  573  0.142075
568  683  0.639527
569  682  0.676822
570  681  0.677167
571  680  0.677181
572  679  0.678368
573  678  0.678013
574  625  0.985113
575  624  0.985612
576  623  0.982923
577  621  0.0128615
577  622  0.852505
579  620  0.972407
580  619  0.995602
581  618  0.993716
582  617  0.932733
583  616  0.32288
583  617  0.022219
584  616  0.044421
585  615  0.0406066
586  614  0.014421
586  615  0.957574
587  614  0.985306
588  613  0.548085
589  612  0.544836
590  611  0.999489
591  610  0.99969
592  609  0.999669
593  608  0.998646
594  606  0.0145903
594  607  0.984946
595  605  0.999123
596  604  0.997707
597  603  0.962517
628  676  0.0391289
632  674  0.674815
633  673  0.677509
634  672  0.679367
635  671  0.672293
636  665  0.0101192
636  670  0.640499
637  664  0.0127623
637  665  0.0387543
637  668  0.0227758
638  664  0.0428626
638  668  0.490715
639  665  0.0653966
640  665  0.211366
641  663  0.925176
642  662  0.982991
643  661  0.983302
644  660  0.98132
645  659  0.97936
646  658  0.975015
647  657  0.914941
649  655  0.842613
687  702  0.324059
688  701  0.324228
689  700  0.324611
690  699  0.320885
691  698  0.29452
