2  14  0.809467
3  13  0.980702
4  12  0.980672
5  11  0.965403
6  10  0.7849
14  203  0.0111554
15  202  0.0143613
16  201  0.0117599
17  198  0.996485
18  197  0.999581
19  196  0.999094
20  195  0.999687
21  194  0.999504
22  193  0.978447
23  72  0.0112333
23  192  0.889997
24  71  0.995284
25  70  0.997314
26  69  0.998303
27  68  0.999866
28  67  0.999873
29  66  0.999449
31  61  0.997044
32  60  0.997381
33  59  0.997841
34  58  0.706926
36  56  0.945758
37  55  0.993506
38  54  0.991128
39  53  0.554367
40  52  0.515046
41  51  0.996583
42  50  0.999858
43  49  0.9993
44  48  0.618916
72  188  0.0137867
72  189  0.865958
72  190  0.0191809
73  186  0.109912
73  188  0.876346
73  189  0.0106186
74  185  0.113173
74  187  0.882399
75  184  0.116198
75  186  0.879087
76  183  0.138764
76  184  0.774015
77  182  0.137025
77  183  0.766173
77  184  0.0325489
78  182  0.770313
78  183  0.0287926
79  180  0.971789
80  179  0.972322
81  95  0.0328118
81  178  0.959451
82  94  0.0346105
82  177  0.956031
83  93  0.0356506
83  169  0.0112253
83  176  0.921671
84  92  0.052474
84  98  0.0422247
84  103  0.0401374
84  127  0.0883812
84  168  0.0147682
84  174  0.0205292
84  175  0.573178
85  91  0.0519666
85  97  0.0422929
85  102  0.0402476
85  126  0.0889165
85  166  0.0503285
86  101  0.0393695
86  125  0.0883548
86  165  0.0502961
87  96  0.0404639
87  100  0.0260423
87  124  0.0865023
87  164  0.0494119
87  172  0.197361
88  95  0.0401995
88  123  0.0758047
88  163  0.0436901
88  171  0.204822
88  174  0.0129731
89  105  0.360688
89  162  0.0107327
90  99  0.0647435
90  104  0.423699
91  98  0.363994
91  103  0.531923
92  97  0.361347
92  102  0.531964
93  101  0.531514
94  100  0.531733
95  99  0.329331
99  171  0.398771
100  170  0.416712
101  169  0.416665
102  168  0.416758
103  166  0.41265
104  165  0.403558
104  170  0.139279
105  121  0.0208107
105  164  0.397583
105  169  0.148221
106  120  0.0961861
106  161  0.0233248
106  163  0.338672
106  168  0.196126
106  170  0.011244
106  171  0.0203475
107  119  0.0962651
107  130  0.891694
108  118  0.0956827
108  129  0.894993
109  128  0.89459
110  116  0.0129974
110  117  0.0239253
110  127  0.89493
111  115  0.014572
111  126  0.890999
112  123  0.0121826
112  125  0.878264
113  122  0.0153602
113  124  0.729881
114  121  0.0168928
114  124  0.114352
115  123  0.226538
116  122  0.202412
132  157  0.886224
133  156  0.988664
134  155  0.993426
135  154  0.99849
136  153  0.997536
138  151  0.954152
139  149  0.0375856
139  150  0.954085
140  148  0.292376
140  149  0.658936
141  147  0.536249
160  166  0.0101794
165  172  0.0109785
166  171  0.0130586
201  212  0.014061
201  870  0.721998
202  211  0.0152819
202  869  0.863175
203  210  0.0147503
204  867  0.633715
205  866  0.939716
206  865  0.946022
207  864  0.946801
208  863  0.932709
209  862  0.864206
210  861  0.572391
211  807  0.701848
211  810  0.0776367
212  806  0.35118
212  809  0.0748051
213  806  0.571825
214  805  0.989103
215  804  0.989199
216  803  0.988579
217  802  0.985009
218  800  0.169981
218  801  0.778324
219  282  0.0860638
219  799  0.339285
219  800  0.532064
220  281  0.359533
220  798  0.617339
221  234  0.0142442
221  280  0.35978
221  797  0.617338
222  233  0.0180848
222  279  0.359843
222  796  0.616338
223  232  0.0237644
223  278  0.359534
223  793  0.101716
223  795  0.485693
224  231  0.0260087
224  276  0.0886059
224  277  0.270125
224  792  0.211909
225  230  0.0188782
225  275  0.176211
225  791  0.213389
226  274  0.175985
226  275  0.0769233
226  790  0.0284877
228  273  0.355912
228  788  0.194296
228  790  0.334588
229  272  0.3594
229  753  0.167701
229  760  0.0216091
229  789  0.305137
230  271  0.360517
230  752  0.166549
231  270  0.360551
231  780  0.0397857
231  788  0.180728
232  250  0.0135648
232  269  0.33025
232  750  0.110329
232  757  0.156189
232  761  0.0109127
232  779  0.0406339
232  787  0.120457
233  247  0.0311621
233  249  0.019566
233  268  0.309459
233  749  0.183619
233  756  0.207129
233  760  0.0163823
233  778  0.0410152
233  786  0.0939797
234  266  0.01547
234  267  0.205728
234  290  0.0941169
234  748  0.182978
234  755  0.196516
234  777  0.0398474
235  245  0.240806
235  247  0.303165
235  265  0.0299491
235  266  0.0208792
235  289  0.11069
235  747  0.10577
235  776  0.0394207
236  244  0.241064
236  246  0.305467
236  264  0.0449315
236  288  0.11082
236  750  0.0548206
237  243  0.222472
237  245  0.300753
237  268  0.0449568
237  287  0.118247
237  749  0.0548317
238  267  0.0450665
238  268  0.043546
238  286  0.118351
238  744  0.0119499
238  748  0.0533822
238  772  0.0192799
239  243  0.0731102
239  266  0.045183
239  267  0.0438008
239  285  0.0888163
239  771  0.0193413
240  265  0.0443085
240  266  0.0434614
240  284  0.0590963
240  285  0.0294936
240  770  0.0183025
241  265  0.0422556
241  283  0.0297414
241  284  0.0589135
241  745  0.0107357
242  255  0.015214
242  283  0.0884743
242  744  0.0107266
243  254  0.0162201
243  261  0.0815481
243  282  0.118271
243  767  0.026246
244  260  0.091904
244  281  0.118517
244  766  0.0667957
244  768  0.0178615
245  252  0.0148169
245  253  0.0198779
245  259  0.0916048
245  280  0.116712
245  765  0.0671578
245  767  0.0179372
246  260  0.019184
246  276  0.0360574
246  749  0.0117343
246  764  0.0671373
246  766  0.0181871
247  252  0.20891
247  256  0.0936572
247  259  0.0196463
247  275  0.0363021
247  279  0.0179064
247  763  0.067171
247  765  0.0181563
248  255  0.102722
248  276  0.0137498
248  747  0.104918
248  753  0.0432452
248  762  0.0622491
249  254  0.0953682
249  256  0.0128043
249  273  0.0112479
249  275  0.01348
249  746  0.105497
249  761  0.057973
250  255  0.0100056
250  272  0.0125758
250  745  0.103066
251  271  0.0111735
251  278  0.034896
251  744  0.0817429
252  267  0.0203441
252  272  0.0138621
252  277  0.0390695
252  748  0.0334777
252  749  0.105326
252  756  0.0511534
253  266  0.058002
253  271  0.0118512
253  276  0.0390745
253  747  0.0342444
253  748  0.104424
253  755  0.0510997
254  265  0.0632029
255  264  0.0633469
255  269  0.395593
255  754  0.0217979
256  268  0.504669
256  753  0.0218085
257  267  0.501539
257  752  0.019978
258  266  0.489611
259  265  0.451799
260  264  0.0130504
264  747  0.014492
265  746  0.0143566
269  744  0.0756259
271  742  0.410939
272  741  0.491932
273  740  0.508857
274  739  0.510571
275  738  0.511438
276  737  0.511446
277  736  0.511438
278  735  0.510863
279  734  0.461513
280  733  0.460981
281  732  0.506274
283  729  0.0240746
283  730  0.0913774
283  731  0.169982
284  727  0.0236578
284  729  0.0837233
284  730  0.166493
285  727  0.0115138
285  729  0.131043
285  731  0.027369
286  725  0.479898
286  730  0.0285068
287  724  0.482483
287  729  0.0284693
287  799  0.335104
288  723  0.483235
288  728  0.028165
288  798  0.364981
289  722  0.483285
289  727  0.0269319
289  797  0.365004
290  721  0.482582
290  796  0.197628
291  720  0.483476
291  726  0.0271941
291  755  0.0390958
291  795  0.200261
292  719  0.483126
292  725  0.0266213
292  754  0.042337
292  757  0.0137372
292  794  0.36896
293  718  0.483096
293  753  0.0434197
293  756  0.0183613
293  769  0.037794
293  793  0.36814
294  717  0.483599
294  723  0.0269245
294  752  0.035309
294  755  0.0183495
294  768  0.0379745
294  792  0.368589
295  716  0.482241
295  722  0.0264103
295  750  0.0219932
295  767  0.0379823
295  790  0.0535779
295  791  0.316336
296  315  0.0154825
296  749  0.0245716
296  753  0.0240033
296  766  0.0361105
296  789  0.104413
297  312  0.125646
297  314  0.0114274
297  350  0.0119463
297  715  0.0391437
297  750  0.189403
297  765  0.0238293
297  788  0.0974299
298  311  0.229908
298  349  0.195225
298  714  0.0375738
298  748  0.0268147
298  749  0.444051
299  310  0.230275
299  348  0.243779
299  713  0.0374795
299  747  0.0268558
299  748  0.445016
300  309  0.227263
300  347  0.251405
300  747  0.443999
301  346  0.251383
301  745  0.1062
302  307  0.0110736
302  308  0.0106125
302  345  0.249896
302  710  0.0307664
303  344  0.247887
303  709  0.0311455
303  743  0.420948
304  343  0.242781
304  708  0.027274
304  742  0.467715
305  342  0.223479
305  707  0.0272289
305  741  0.476872
306  706  0.0311749
306  740  0.479255
307  705  0.0310919
307  739  0.48001
308  322  0.0113273
308  327  0.209652
308  355  0.0302571
308  738  0.481094
309  321  0.0115191
309  326  0.235869
309  354  0.0299794
309  737  0.474321
310  319  0.012618
310  325  0.23627
310  353  0.0289142
310  736  0.46353
311  318  0.0134149
311  324  0.23623
311  736  0.0135413
312  317  0.0136791
312  323  0.153168
312  734  0.0244244
313  322  0.102023
313  323  0.0863497
313  733  0.0502682
313  734  0.383978
314  320  0.0104535
314  322  0.136476
314  352  0.0241344
314  733  0.428674
315  321  0.185555
315  351  0.0254193
315  732  0.480732
316  731  0.480386
317  350  0.0162111
317  715  0.219621
317  730  0.47999
318  348  0.0124932
318  349  0.016273
318  714  0.25059
319  347  0.0124949
319  348  0.0163001
319  713  0.250663
319  728  0.461355
320  712  0.25054
320  727  0.460961
321  346  0.0152112
321  711  0.250526
321  726  0.46077
322  345  0.025769
322  710  0.23844
322  725  0.440477
323  344  0.0284271
323  709  0.195419
323  715  0.0327758
323  724  0.361395
324  347  0.0395226
324  348  0.025436
324  714  0.172814
324  723  0.144499
325  346  0.0400674
325  347  0.0294818
325  348  0.0259692
325  711  0.0110967
325  713  0.172351
325  714  0.11576
326  346  0.0235702
326  347  0.0260519
326  711  0.0705499
326  713  0.115884
327  341  0.535592
327  710  0.0507447
327  712  0.0850468
328  340  0.990144
329  339  0.993654
330  338  0.991496
331  337  0.719666
346  709  0.265752
347  708  0.292813
347  722  0.0104918
348  707  0.291609
348  708  0.29815
348  721  0.0107211
349  707  0.119553
349  715  0.0369166
349  722  0.0185809
350  705  0.0406518
350  706  0.280761
350  714  0.22878
351  705  0.467019
351  713  0.229147
351  720  0.112191
352  703  0.187681
352  704  0.406983
352  712  0.22896
352  719  0.116711
353  702  0.245882
353  711  0.227969
353  718  0.116762
354  702  0.0640374
354  717  0.11689
355  707  0.0671353
355  716  0.114151
356  706  0.0664311
357  700  0.9256
358  699  0.991169
359  698  0.991845
360  697  0.992791
361  696  0.992632
362  695  0.992817
363  694  0.990159
365  385  0.0189473
366  384  0.0126382
366  691  0.029814
368  382  0.091477
368  385  0.0133261
368  689  0.680696
369  384  0.01637
369  688  0.680947
370  380  0.283081
370  383  0.0158607
370  687  0.659587
371  379  0.283107
372  378  0.281124
373  377  0.22113
373  380  0.0151441
373  684  0.666222
374  683  0.666694
375  682  0.660193
376  681  0.422749
377  679  0.0225492
377  681  0.0322128
378  393  0.172454
378  678  0.0193689
379  392  0.218491
379  674  0.0365216
380  391  0.221933
380  673  0.0374217
380  681  0.169641
381  390  0.221755
381  672  0.0374231
381  680  0.23673
382  389  0.206092
382  671  0.0374474
382  679  0.238708
383  403  0.0111272
383  610  0.0221394
383  670  0.0374383
383  678  0.23841
384  402  0.0117907
384  407  0.0172679
384  609  0.031782
384  669  0.0347942
384  677  0.186539
385  401  0.011456
385  608  0.030838
385  676  0.141348
385  693  0.208036
386  405  0.0499162
386  607  0.0287855
386  692  0.27097
387  404  0.174852
387  611  0.0168407
387  674  0.0969835
387  691  0.298395
388  403  0.184974
388  610  0.018385
388  673  0.0965373
388  690  0.300628
389  402  0.186301
389  428  0.0293005
389  605  0.0634334
389  609  0.0184551
389  666  0.0320197
389  689  0.294768
390  401  0.184353
390  427  0.0102639
390  604  0.0646089
390  608  0.0179007
390  665  0.0322604
390  688  0.254859
391  400  0.175294
391  426  0.0106343
391  603  0.0626845
391  657  0.0116923
391  664  0.0322803
391  687  0.0142603
392  425  0.0299546
392  606  0.0127785
392  656  0.011094
392  663  0.0305484
393  424  0.0299525
394  423  0.0300452
394  600  0.449383
395  422  0.0300838
395  598  0.0809474
395  599  0.480647
396  421  0.0299575
396  597  0.0823478
396  598  0.479708
397  596  0.041602
398  596  0.525681
399  595  0.571089
400  594  0.57071
401  415  0.0127048
401  593  0.571068
402  414  0.0129788
402  592  0.571449
403  413  0.012701
403  417  0.0179981
403  591  0.524853
404  412  0.0120387
404  416  0.0181195
405  415  0.0180698
405  589  0.562323
405  680  0.306127
406  414  0.0171108
406  588  0.572556
406  679  0.350846
407  587  0.572502
407  678  0.352082
408  586  0.568971
408  677  0.376772
409  585  0.567073
409  676  0.376633
410  675  0.19049
412  674  0.0109937
414  583  0.486586
415  582  0.4812
416  581  0.391393
417  582  0.0224829
419  580  0.859039
420  579  0.9101
421  578  0.905393
423  576  0.925615
424  575  0.935316
425  574  0.935723
426  573  0.937345
427  572  0.943519
428  571  0.944159
429  570  0.944181
430  569  0.943506
430  672  0.010035
431  567  0.944048
431  659  0.0258218
431  671  0.0103281
432  566  0.949934
432  658  0.0267328
432  670  0.0103305
433  565  0.611775
433  657  0.0273403
434  656  0.0265369
435  563  0.892843
435  655  0.0159191
436  562  0.982999
437  561  0.994504
438  560  0.995986
439  559  0.995968
440  558  0.995709
441  557  0.991013
442  556  0.979396
443  555  0.954075
444  536  0.0190391
444  554  0.87747
445  531  0.278497
445  535  0.0565129
446  530  0.280388
446  553  0.182053
447  533  0.432191
448  529  0.401925
448  532  0.574133
449  528  0.402033
449  531  0.574375
450  527  0.397063
450  530  0.331805
451  526  0.363046
451  530  0.21074
452  528  0.141338
452  529  0.420343
453  528  0.419109
454  523  0.171016
455  524  0.498313
455  525  0.0333852
456  522  0.968317
456  523  0.021978
457  521  0.991305
458  520  0.990763
459  519  0.991131
460  518  0.990953
461  517  0.971741
463  515  0.627348
463  516  0.0331622
464  514  0.610924
466  512  0.416837
466  513  0.0388706
467  493  0.312091
467  511  0.301142
468  492  0.619724
468  509  0.0199277
468  516  0.305638
469  491  0.659514
469  508  0.0198882
469  515  0.307716
470  490  0.659529
470  514  0.30795
471  489  0.655474
471  507  0.0221206
471  513  0.30537
473  485  0.0229024
473  487  0.471081
473  488  0.038019
473  505  0.0210682
473  511  0.287719
474  484  0.0246862
474  486  0.537326
474  504  0.0242362
475  483  0.0244758
475  484  0.365349
475  486  0.0378401
475  503  0.0237941
475  509  0.300858
476  483  0.36237
476  484  0.297089
476  508  0.300986
477  483  0.295075
477  507  0.30105
478  482  0.112482
478  506  0.297616
485  501  0.301893
486  500  0.324903
487  499  0.326717
489  498  0.326768
490  497  0.326186
491  496  0.324893
495  510  0.632467
496  509  0.664629
497  508  0.664661
498  507  0.662616
499  505  0.56662
500  504  0.350966
530  551  0.0333055
531  550  0.0333183
532  549  0.0332093
534  547  0.0253667
535  546  0.0259096
536  545  0.0245406
539  553  0.374805
540  552  0.377079
540  554  0.0157721
541  553  0.0263347
542  551  0.95657
543  550  0.956783
544  549  0.930751
566  650  0.0348033
567  649  0.0529549
568  648  0.0536271
569  647  0.05366
570  646  0.0537106
571  645  0.0537107
572  644  0.0536635
573  643  0.0534139
574  642  0.0530537
577  626  0.0157914
577  666  0.0166365
578  625  0.0394507
578  665  0.0170069
579  624  0.0493272
579  664  0.0172197
580  623  0.0476805
580  663  0.0171763
581  661  0.266469
582  660  0.303281
582  672  0.0585416
583  619  0.0541713
583  659  0.303349
583  671  0.0610361
584  618  0.0542303
584  658  0.303329
584  670  0.0611247
585  617  0.0543058
585  657  0.296739
585  669  0.0609724
586  647  0.0245898
586  655  0.065459
587  616  0.0543575
587  646  0.0267417
587  650  0.0232817
587  667  0.060812
588  615  0.0543522
588  645  0.0267455
588  649  0.0242409
588  666  0.0607823
589  614  0.0539326
589  644  0.0264366
589  648  0.02365
589  652  0.176336
589  665  0.0565537
590  643  0.0233429
590  651  0.17444
591  613  0.057591
592  612  0.0625353
592  649  0.176637
592  663  0.0168038
593  611  0.0662568
593  647  0.223157
593  648  0.0612489
593  662  0.0188397
594  646  0.314674
594  661  0.0185421
595  609  0.0802773
595  645  0.314509
595  660  0.0185893
596  608  0.080277
596  644  0.313947
596  659  0.0181942
597  643  0.310657
598  606  0.0811865
598  642  0.305333
598  657  0.0186694
599  605  0.133117
599  609  0.2097
599  656  0.0182511
600  604  0.0507873
600  607  0.0118924
600  608  0.186188
600  655  0.0168687
601  606  0.0145838
603  688  0.0415943
604  672  0.0740607
604  687  0.277815
605  610  0.0287542
605  648  0.0556931
605  671  0.0852006
605  686  0.313446
606  647  0.0577514
606  670  0.0856379
606  685  0.313662
607  646  0.059632
607  669  0.0862594
607  684  0.313684
608  668  0.0822038
608  683  0.290981
609  681  0.0552836
610  642  0.116752
610  643  0.0256413
610  664  0.0148599
610  666  0.0335767
610  682  0.0552396
611  663  0.0144096
612  641  0.801952
613  640  0.910391
614  639  0.928827
615  638  0.933515
616  637  0.933585
617  636  0.933027
618  635  0.833564
620  631  0.012157
620  633  0.818522
621  630  0.0119891
621  632  0.894788
622  631  0.896244
623  630  0.784763
626  637  0.038761
627  636  0.0487664
628  635  0.0388629
643  681  0.186693
644  680  0.317119
645  679  0.331724
646  678  0.331672
647  661  0.371503
648  660  0.525704
649  659  0.524753
650  658  0.420581
652  656  0.0205666
659  677  0.0480678
660  676  0.0494732
661  676  0.0967136
662  675  0.558535
663  674  0.748186
664  673  0.763178
665  672  0.763731
666  671  0.761147
702  707  0.103614
702  708  0.0370123
706  715  0.060277
707  714  0.117112
708  713  0.104498
713  722  0.0565665
714  721  0.0574887
715  720  0.0582888
716  723  0.321887
717  722  0.327756
750  756  0.0256588
753  765  0.0177232
754  764  0.0239075
755  763  0.0221463
755  791  0.0119801
756  763  0.0131528
756  790  0.0155672
760  788  0.0275709
760  790  0.100171
762  787  0.705687
763  786  0.84336
764  785  0.8455
765  784  0.798401
767  782  0.640565
768  781  0.893284
769  780  0.89176
770  779  0.807098
775  782  0.0119667
776  781  0.0128434
781  786  0.0113979
808  861  0.240179
809  860  0.677665
810  859  0.710618
811  853  0.0249935
811  858  0.696067
812  854  0.146484
813  852  0.0313644
814  852  0.775354
814  855  0.0137484
815  851  0.957873
816  850  0.986263
817  849  0.988659
818  848  0.989809
819  847  0.987139
820  846  0.577028
821  845  0.465922
822  844  0.798714
823  842  0.0122369
824  840  0.766238
824  842  0.0165537
825  839  0.77325
825  841  0.016517
825  844  0.186328
826  838  0.773199
826  839  0.010207
826  843  0.202424
827  842  0.20315
828  837  0.787353
829  836  0.783925
829  840  0.20386
830  835  0.699184
830  839  0.199836
831  838  0.18006
