1  90  0.0162603
1  575  0.499763
2  89  0.0193638
2  574  0.698656
3  87  0.0192467
3  88  0.0218399
3  573  0.899426
4  86  0.0455819
4  572  0.899075
4  593  0.0106047
5  85  0.0460171
5  571  0.900716
5  592  0.0114019
6  84  0.0459051
6  570  0.900421
6  591  0.0114085
7  569  0.742006
7  590  0.0108475
8  57  0.0181015
9  27  0.20661
9  30  0.0118229
9  56  0.0202823
9  59  0.0187688
9  61  0.0103239
9  81  0.024269
10  29  0.0119589
10  55  0.0201457
10  58  0.015824
10  80  0.0243171
10  568  0.0157692
11  28  0.0166127
11  54  0.019967
11  79  0.0242269
11  567  0.0154129
12  23  0.02962
12  53  0.0152018
13  22  0.0383171
13  25  0.916794
14  21  0.0356195
14  24  0.918915
15  23  0.919904
16  22  0.909477
26  44  0.0129727
26  568  0.0418666
27  43  0.0142951
27  567  0.0452984
28  42  0.014355
28  57  0.823993
29  56  0.925307
29  546  0.0126538
30  55  0.925795
30  545  0.0134724
31  54  0.92574
31  544  0.0135083
32  53  0.917495
32  543  0.0123835
33  52  0.884857
36  48  0.5281
37  46  0.013392
37  47  0.558885
38  45  0.0123914
38  46  0.554924
38  47  0.077803
39  45  0.48731
39  46  0.0880562
39  47  0.011394
40  45  0.0694212
40  46  0.0124839
41  90  0.0142596
41  534  0.0122867
42  89  0.015156
42  533  0.0131295
43  88  0.0152693
43  532  0.0131771
44  87  0.0152515
44  531  0.0129993
45  86  0.0149171
46  85  0.0139317
46  529  0.0105362
47  528  0.012942
48  527  0.0130695
49  526  0.013045
51  75  0.0161282
52  74  0.0185252
52  83  0.0104351
53  73  0.0185302
53  82  0.0104187
54  72  0.0184916
55  71  0.0182868
56  70  0.0180759
59  567  0.797143
60  566  0.907303
61  565  0.907398
62  80  0.0139367
62  564  0.905507
63  79  0.0168346
63  563  0.905522
64  78  0.043385
64  562  0.90744
65  77  0.0434103
65  561  0.907449
66  76  0.0432847
66  560  0.907198
67  75  0.0370708
67  559  0.895536
68  80  0.0123603
68  557  0.299667
68  558  0.538141
69  79  0.0136692
69  556  0.411399
69  558  0.0321368
70  78  0.013979
71  77  0.013258
71  554  0.861453
72  553  0.869575
73  552  0.866849
73  553  0.0132564
74  85  0.0102981
74  529  0.0124806
74  552  0.0143528
75  84  0.0104595
75  528  0.012673
75  536  0.0149106
75  550  0.702533
76  83  0.012478
76  527  0.0127226
76  535  0.0332865
76  549  0.730141
77  82  0.010126
77  525  0.106729
77  534  0.0334011
77  548  0.728188
78  524  0.107073
78  533  0.0335435
79  496  0.0264415
79  523  0.11019
79  532  0.0170629
79  547  0.716634
80  495  0.026525
80  522  0.110162
80  531  0.0143068
80  546  0.721004
81  494  0.0265467
81  521  0.089151
81  545  0.72013
82  493  0.02653
82  499  0.0239593
82  520  0.0672861
82  521  0.0212534
82  544  0.710071
82  545  0.0116745
83  498  0.0474489
83  520  0.042502
83  544  0.017704
84  491  0.0273418
84  518  0.0244701
84  519  0.0630298
85  102  0.515799
85  490  0.027124
85  496  0.236467
85  518  0.0628692
86  101  0.518336
86  495  0.237391
86  510  0.0183328
86  517  0.0568144
87  100  0.519652
87  494  0.237015
87  509  0.0293158
88  94  0.0103489
88  99  0.519116
88  457  0.0120643
88  493  0.236856
88  508  0.0295047
89  456  0.016116
89  491  0.0598011
89  507  0.0292955
89  512  0.026588
90  97  0.0428107
90  455  0.0160825
90  506  0.0282352
90  511  0.0267368
91  454  0.0156683
91  489  0.272543
91  505  0.0179507
91  510  0.0265987
91  551  0.011805
91  757  0.0395168
92  97  0.300551
92  488  0.274468
92  509  0.0263264
92  550  0.0128106
92  756  0.0182733
93  452  0.0129993
93  487  0.274748
93  549  0.0130604
93  755  0.0184356
94  102  0.017011
94  486  0.275123
94  507  0.022379
94  548  0.0131124
94  754  0.0398782
95  101  0.0138488
95  485  0.271596
95  547  0.0125177
95  753  0.0396004
96  484  0.230696
97  475  0.0138346
97  514  0.0107844
98  474  0.0185815
98  513  0.0130713
98  755  0.0191809
99  473  0.0252423
99  512  0.0136264
99  751  0.040299
99  754  0.0206683
100  472  0.0243541
100  480  0.211015
100  510  0.018988
100  750  0.0402254
100  753  0.0206601
101  466  0.0202869
101  479  0.214157
101  509  0.0197706
101  749  0.0399275
102  463  0.0165209
102  465  0.0214694
102  478  0.213365
102  508  0.0198193
102  747  0.0407137
102  752  0.0175729
103  449  0.126727
103  462  0.54413
103  464  0.0213244
103  470  0.0384935
103  477  0.0491908
103  746  0.0418778
103  751  0.0189456
104  461  0.543389
104  463  0.0212437
104  469  0.0385819
104  745  0.041883
105  447  0.67466
105  460  0.210641
105  744  0.0418752
105  749  0.0208601
106  446  0.93199
106  743  0.0418261
106  748  0.0220957
107  445  0.932143
107  742  0.0417997
107  747  0.0220962
108  444  0.932495
108  746  0.0220972
109  443  0.932525
109  745  0.0220973
110  442  0.322229
110  744  0.0219953
111  441  0.320721
111  743  0.0214398
112  440  0.931696
113  439  0.931655
114  438  0.932509
115  137  0.014449
115  437  0.932333
116  136  0.0144175
116  436  0.923224
117  135  0.0127034
117  435  0.806432
120  134  0.998523
121  133  0.999172
122  132  0.999124
123  131  0.997258
124  130  0.996918
125  129  0.379499
136  740  0.0273103
137  739  0.0286154
138  739  0.0166139
139  738  0.0655803
140  737  0.0665829
141  736  0.0666394
142  432  0.878149
142  735  0.0666359
143  431  0.929379
143  734  0.0665791
144  430  0.929218
144  733  0.0666372
145  429  0.858433
145  732  0.0665882
146  731  0.0621104
148  426  0.916605
148  728  0.0452891
149  425  0.926471
149  727  0.0624517
150  424  0.927344
150  726  0.0666125
151  422  0.291828
151  423  0.585457
151  725  0.0665844
152  421  0.582253
152  724  0.0666089
153  420  0.579884
153  723  0.0204881
154  419  0.561704
154  422  0.285878
155  417  0.33102
155  421  0.294315
155  721  0.0632308
156  415  0.066
156  417  0.160969
156  420  0.292185
156  421  0.0483053
157  415  0.358147
157  420  0.0206353
157  719  0.0656953
158  413  0.0296738
158  414  0.529576
158  419  0.242137
158  718  0.0663446
159  413  0.543834
159  418  0.27314
159  717  0.0663465
160  411  0.64542
160  417  0.27289
160  716  0.0662847
161  247  0.0133222
161  410  0.694871
161  416  0.226268
161  671  0.0102063
162  246  0.0133688
162  409  0.696879
162  415  0.218257
162  670  0.0103233
163  200  0.0310508
163  245  0.0133876
163  408  0.70802
163  413  0.0178605
163  414  0.040265
163  669  0.0103779
164  244  0.0128353
164  407  0.708163
164  411  0.0485362
164  668  0.010365
165  198  0.62952
165  406  0.27033
166  197  0.99634
167  196  0.997919
168  195  0.998997
169  194  0.984242
170  194  0.0145651
171  193  0.994028
172  192  0.996738
173  191  0.99895
174  190  0.997532
175  189  0.998684
176  188  0.997528
177  187  0.997646
178  186  0.97435
179  185  0.84335
179  186  0.0130114
180  185  0.0249022
199  408  0.0119483
200  407  0.0124589
201  243  0.0129856
201  403  0.876576
201  712  0.031337
202  242  0.0131863
202  402  0.925586
202  711  0.0358875
203  241  0.0132288
203  401  0.522545
203  710  0.0358392
204  240  0.012651
204  702  0.0109779
204  709  0.0280051
205  399  0.878346
205  701  0.0342088
206  236  0.0130546
206  398  0.929183
206  700  0.0361256
207  235  0.0140122
207  397  0.930689
207  699  0.0362845
208  234  0.0129214
208  396  0.929128
208  698  0.0352448
209  233  0.013143
209  395  0.930744
209  669  0.0358213
210  232  0.0144682
210  394  0.930694
210  668  0.0358577
211  231  0.0144485
211  393  0.890625
211  667  0.0345809
212  230  0.0144798
212  245  0.583391
212  288  0.0293115
212  392  0.205206
212  654  0.0363809
213  229  0.0139029
213  244  0.580609
213  287  0.029516
213  391  0.175029
213  653  0.0398428
214  243  0.576628
214  286  0.0338635
214  652  0.0399863
215  285  0.0338921
215  651  0.0399929
216  241  0.478635
216  245  0.184812
216  247  0.0799818
216  284  0.0338667
216  650  0.0400017
217  239  0.204211
217  240  0.118087
217  244  0.148881
217  246  0.0801296
217  283  0.0298532
218  238  0.268609
218  240  0.168469
218  243  0.147921
218  244  0.121908
218  649  0.0392048
219  237  0.256873
219  239  0.169246
219  243  0.122571
219  280  0.0301175
219  648  0.0399777
220  233  0.0245009
220  242  0.140706
220  279  0.033582
220  647  0.0399854
221  232  0.0248568
221  235  0.146865
221  238  0.0899926
221  278  0.0337524
221  646  0.0400064
222  235  0.0143399
222  238  0.0141131
222  240  0.330411
222  277  0.0336712
222  645  0.0398229
223  236  0.223606
223  237  0.0110649
223  239  0.365042
224  229  0.0229053
224  232  0.170606
224  235  0.230894
224  238  0.36668
225  237  0.337637
225  274  0.0154982
226  233  0.141885
226  234  0.0143691
226  273  0.0158408
227  232  0.132189
227  235  0.0383016
227  236  0.106951
228  235  0.101715
228  272  0.0152236
229  234  0.0180152
229  241  0.0169599
229  271  0.0243049
229  374  0.0126723
230  235  0.0690626
230  238  0.0138444
230  240  0.017023
230  270  0.0242861
231  237  0.0135699
231  239  0.0161106
231  372  0.0184764
232  241  0.0100084
232  371  0.020724
233  370  0.0103641
234  370  0.0152714
235  267  0.0231219
235  369  0.028969
236  266  0.0232481
236  368  0.0289659
237  265  0.0222733
237  367  0.0289542
238  264  0.0187014
238  366  0.0289101
239  251  0.0283861
240  250  0.0323075
240  364  0.0224537
240  642  0.0377398
241  249  0.0323148
241  363  0.0224525
241  641  0.0394108
242  248  0.0319895
242  640  0.0397928
243  247  0.0251431
243  361  0.0220065
243  639  0.0410361
244  360  0.0220112
244  638  0.0410409
245  359  0.0219966
245  637  0.0410402
246  392  0.586355
246  636  0.0409353
247  391  0.729952
247  635  0.040875
248  390  0.857793
249  279  0.0108784
249  389  0.876546
249  634  0.0386715
250  278  0.0112229
250  388  0.876568
250  633  0.038211
250  696  0.0133735
251  277  0.0112091
251  387  0.87502
251  695  0.0134307
252  264  0.0142923
252  276  0.0114752
252  386  0.876476
252  632  0.031251
253  263  0.0156193
253  275  0.0109208
253  385  0.87642
253  631  0.0313452
253  693  0.0133132
254  261  0.040439
254  384  0.8679
254  630  0.0313691
254  692  0.0137501
255  260  0.0397357
255  629  0.031204
255  691  0.0137508
256  382  0.818194
256  690  0.013748
257  359  0.0176964
257  381  0.84696
257  689  0.0137302
258  358  0.0331909
258  380  0.846466
258  688  0.0137545
259  272  0.0435013
259  357  0.0349575
259  379  0.837554
259  687  0.0137636
260  271  0.787741
260  356  0.0557593
260  686  0.0132239
261  270  0.787584
261  355  0.0557665
261  378  0.0132518
262  269  0.596159
262  279  0.0227867
263  278  0.0243883
263  353  0.0553166
264  277  0.0235067
264  352  0.0552767
266  350  0.0569925
267  349  0.0574991
267  679  0.0100438
268  348  0.0573448
269  677  0.0106558
270  279  0.0112191
270  345  0.0127329
270  676  0.0111134
271  278  0.0111179
271  344  0.0149687
271  675  0.0110554
272  281  0.052337
272  644  0.0131464
273  280  0.0518675
273  378  0.0369789
273  643  0.0150067
274  279  0.0455381
274  377  0.0412849
274  642  0.0152812
275  286  0.0130703
275  641  0.0153002
276  285  0.0179469
276  344  0.0288058
276  375  0.0860807
276  378  0.0703799
276  640  0.0153352
277  284  0.0193185
277  330  0.276927
277  343  0.0300456
277  374  0.0967671
277  377  0.0704345
277  639  0.0153506
278  329  0.277139
278  342  0.0300254
278  373  0.0966297
278  376  0.0706005
278  638  0.0153511
279  328  0.275788
279  372  0.0836287
279  375  0.0544757
279  637  0.0153407
280  326  0.0168939
280  327  0.239549
280  636  0.0153153
281  325  0.0332625
281  344  0.0100012
281  348  0.0186514
281  370  0.0136268
281  378  0.320396
281  635  0.0152052
282  347  0.0192866
282  377  0.320375
283  326  0.016152
283  341  0.0561893
283  345  0.0536867
284  324  0.223935
284  325  0.0156392
284  340  0.0642409
284  344  0.0605565
284  375  0.374046
284  633  0.0125965
285  322  0.0451208
285  323  0.221143
285  339  0.0655396
285  343  0.0621191
285  361  0.0241289
285  374  0.393092
285  632  0.0129294
286  321  0.0453933
286  322  0.221521
286  323  0.0128195
286  338  0.0664998
286  342  0.0621193
286  360  0.0240737
286  373  0.391791
286  631  0.0129595
287  320  0.0454129
287  321  0.221293
287  322  0.0130344
287  337  0.0665317
287  341  0.0619815
287  356  0.50601
287  630  0.0111286
288  319  0.0587463
288  336  0.0665979
288  340  0.0619596
288  355  0.507205
288  629  0.0110984
289  318  0.0458261
289  320  0.208679
289  335  0.065203
289  339  0.0247421
289  354  0.577163
290  319  0.212826
290  334  0.0650061
290  353  0.577252
291  333  0.0509418
291  352  0.576618
292  318  0.0143327
292  351  0.576556
293  350  0.577061
294  317  0.351049
294  349  0.576788
295  316  0.373273
295  348  0.577722
296  315  0.391971
296  347  0.571851
297  346  0.556924
298  313  0.726875
298  344  0.133261
299  312  0.951366
299  344  0.0259886
300  311  0.978373
301  310  0.979987
301  312  0.0113155
302  309  0.942316
302  311  0.0114538
303  308  0.807409
303  310  0.0111951
312  343  0.0135687
313  342  0.0138209
313  343  0.237615
314  342  0.255775
315  340  0.010168
316  338  0.617289
317  337  0.624404
318  336  0.634436
319  335  0.648384
320  334  0.609844
321  333  0.602047
321  334  0.0385745
322  333  0.0414057
323  331  0.680625
324  330  0.701047
325  329  0.434228
332  378  0.246231
333  377  0.249249
334  356  0.0132445
334  376  0.250105
335  355  0.0137523
335  375  0.250064
336  354  0.0546802
336  374  0.158293
337  353  0.0237163
338  352  0.0235702
338  353  0.068303
339  352  0.0382282
340  351  0.205294
341  350  0.250959
342  349  0.253315
343  348  0.225935
348  364  0.0107792
348  374  0.0295407
349  373  0.0295697
352  361  0.22165
352  374  0.0426301
353  360  0.222504
353  373  0.0430899
354  359  0.222532
355  371  0.175814
356  370  0.175921
357  369  0.191866
358  367  0.0367146
358  368  0.157818
358  377  0.0364122
359  364  0.0129744
359  366  0.0627463
359  367  0.115024
359  371  0.0196201
359  376  0.0429261
360  370  0.0187152
360  375  0.0426205
360  628  0.0345193
361  627  0.035043
362  372  0.397143
362  626  0.0353295
363  371  0.619541
363  625  0.0354301
364  370  0.613212
365  624  0.036021
366  623  0.0361376
367  622  0.035947
368  621  0.0359071
370  620  0.0269115
371  619  0.0269143
372  392  0.0194717
372  618  0.0268339
373  391  0.0229168
373  617  0.0200061
375  389  0.0788976
375  616  0.0135033
376  388  0.0790671
376  615  0.013517
377  387  0.0792825
377  613  0.0230233
378  386  0.0816576
378  612  0.0232113
379  385  0.0790119
379  611  0.0230641
382  594  0.018058
383  593  0.0211808
384  592  0.0212658
385  591  0.0209596
387  566  0.010643
388  470  0.0148112
389  469  0.0148426
389  564  0.0107771
390  468  0.0150612
390  563  0.0109389
391  467  0.0151405
391  562  0.0110415
392  466  0.0151408
392  561  0.0110339
393  465  0.0151364
393  560  0.0110567
394  464  0.0125296
394  559  0.0110205
395  463  0.0125011
395  558  0.0110269
396  557  0.0100872
397  437  0.0214126
398  436  0.0223405
399  435  0.0225483
400  434  0.0226811
401  412  0.0114172
401  433  0.0227649
402  411  0.0126622
402  432  0.0227813
403  410  0.0122975
403  431  0.0223476
407  428  0.0128448
408  427  0.0115623
409  534  0.0122974
410  424  0.0211072
410  533  0.0127301
411  416  0.0402879
411  423  0.0219408
411  532  0.0131656
412  422  0.0222971
413  421  0.0223299
413  529  0.01471
414  420  0.0200546
414  528  0.0146972
415  527  0.0147035
416  526  0.014711
417  525  0.01459
418  524  0.0145432
424  473  0.0148924
425  472  0.0149679
426  471  0.0150194
427  470  0.0150791
428  469  0.0150811
429  468  0.0143559
430  467  0.0118487
443  458  0.0102329
444  457  0.010632
444  526  0.0109944
445  456  0.0106724
445  464  0.011517
445  525  0.0144592
446  463  0.0116225
446  524  0.0144836
447  454  0.0607181
447  459  0.0863331
447  462  0.0134388
447  523  0.0147762
448  453  0.0376403
448  458  0.090847
448  522  0.0147499
449  457  0.0905788
449  460  0.403951
449  521  0.0144984
450  459  0.467724
451  458  0.473001
452  457  0.453885
453  466  0.268789
454  465  0.303182
455  464  0.30355
456  463  0.303658
457  462  0.297757
459  541  0.0111935
460  540  0.0115404
461  539  0.0100115
462  508  0.0190226
463  482  0.0135588
463  507  0.0416838
463  537  0.528479
464  481  0.014198
464  506  0.0420917
464  536  0.530908
465  480  0.0132198
465  505  0.0421429
465  535  0.532223
466  504  0.0420629
466  534  0.531941
467  478  0.0382658
467  503  0.0418945
467  533  0.531296
468  477  0.0409123
468  505  0.0116027
468  531  0.136362
469  476  0.0385234
469  502  0.0202596
469  504  0.017855
469  530  0.136245
470  503  0.018954
470  529  0.136519
471  501  0.0234787
471  528  0.0526555
472  479  0.0101045
472  500  0.0246012
472  557  0.0125426
473  478  0.0107926
473  499  0.0239153
473  556  0.0144319
474  500  0.246182
474  501  0.013881
474  555  0.0144447
475  499  0.284585
475  500  0.0201388
475  554  0.014449
476  498  0.626742
476  499  0.019685
476  553  0.0144339
477  497  0.633273
477  498  0.0185852
477  552  0.0132135
478  496  0.633503
479  495  0.392667
480  494  0.0695221
481  495  0.248723
481  546  0.0194293
482  494  0.575585
482  545  0.019848
483  493  0.588623
483  544  0.01985
484  492  0.490348
484  543  0.0191084
485  542  0.0168961
492  539  0.0175165
493  538  0.0234721
494  537  0.0247648
495  536  0.0243356
497  519  0.0100017
497  534  0.0351663
497  538  0.0813738
498  518  0.0100225
498  537  0.112284
499  532  0.431503
499  535  0.0173262
500  531  0.433302
501  527  0.0492193
501  530  0.433831
501  534  0.11756
502  508  0.0111614
502  526  0.0531722
502  529  0.424889
502  533  0.12637
503  512  0.0210517
503  525  0.0540069
503  532  0.130164
504  511  0.018832
504  524  0.0347549
504  529  0.122847
505  528  0.519302
506  522  0.0408769
506  527  0.705072
507  521  0.0408113
507  524  0.0345431
507  526  0.715759
508  523  0.0403968
508  525  0.714548
509  519  0.0202955
509  522  0.0379033
510  521  0.0332555
511  522  0.66834
512  520  0.0212842
512  521  0.712872
513  520  0.635516
525  586  0.0142671
526  551  0.0742724
526  585  0.0180118
527  550  0.0791179
527  584  0.0191207
528  549  0.0798983
528  583  0.0237468
529  548  0.0799413
529  582  0.0245607
530  581  0.0245375
531  580  0.0245405
532  545  0.0540538
532  579  0.0245286
533  562  0.049163
534  543  0.0392369
534  561  0.0492305
535  560  0.0497033
536  546  0.0305756
536  559  0.049717
537  544  0.027139
537  545  0.0410947
537  558  0.0497189
538  543  0.0191025
538  544  0.0373175
538  557  0.0492488
539  543  0.0103461
539  556  0.0479444
540  555  0.0303151
546  555  0.0120967
547  554  0.019017
548  553  0.0189896
565  573  0.0136138
566  572  0.013492
566  574  0.0100229
574  666  0.0117536
575  664  0.252724
576  663  0.376802
577  662  0.389519
578  661  0.392578
579  660  0.395131
580  659  0.373569
581  647  0.0209301
581  760  0.0243762
582  591  0.0201266
582  592  0.339545
582  646  0.0272592
582  759  0.0261027
583  591  0.338262
583  645  0.0273126
583  761  0.0195338
584  590  0.316788
584  644  0.0273154
584  760  0.021596
585  589  0.184341
585  643  0.0272508
585  759  0.0205784
586  596  0.0168285
586  642  0.0266429
587  595  0.0143908
589  614  0.0188652
590  613  0.0208102
590  640  0.0263315
590  687  0.176563
591  612  0.0213418
591  639  0.0282045
591  685  0.133727
591  686  0.287091
592  611  0.0212603
592  638  0.0281882
592  684  0.137256
592  685  0.284012
593  683  0.118705
594  654  0.0559206
594  683  0.270187
595  610  0.0317602
595  653  0.0599315
595  680  0.125338
595  682  0.295538
596  609  0.0360018
596  652  0.0619569
596  679  0.12679
596  681  0.295621
597  635  0.0259501
597  651  0.0618902
597  677  0.0784185
597  678  0.0696262
597  680  0.242937
597  761  0.0111079
598  607  0.0547471
598  634  0.163778
598  650  0.130758
598  656  0.0459458
598  676  0.157547
598  760  0.0133047
599  606  0.0546979
599  633  0.163878
599  649  0.130671
599  655  0.0504072
599  675  0.157267
599  679  0.0293094
599  759  0.0133729
600  605  0.0397594
600  632  0.156767
600  654  0.0319631
600  657  0.285119
601  647  0.144911
601  654  0.0412151
601  656  0.314893
602  629  0.227396
602  646  0.146926
602  653  0.0585649
602  655  0.32129
603  628  0.235084
603  645  0.146629
603  652  0.0570594
603  653  0.352771
604  627  0.234685
604  649  0.02835
604  651  0.0554678
604  652  0.355368
605  626  0.232957
605  643  0.138772
605  648  0.0297708
605  651  0.3564
606  625  0.223155
606  642  0.144898
606  647  0.0300496
606  650  0.511403
607  623  0.222298
607  641  0.144949
607  646  0.0300547
607  649  0.511379
608  621  0.0416346
608  622  0.183153
608  640  0.144296
608  645  0.026194
608  648  0.510493
609  620  0.0791148
609  625  0.0117154
609  639  0.141809
609  644  0.0255529
609  647  0.257384
610  618  0.039454
610  624  0.0126188
610  642  0.0412954
610  647  0.253105
611  617  0.0378108
611  619  0.0481832
611  623  0.0121621
611  641  0.0429055
611  646  0.505598
612  617  0.0821209
612  619  0.0689124
612  637  0.0419953
612  640  0.0427609
612  645  0.505597
613  618  0.0533212
613  636  0.0439521
613  644  0.50237
614  621  0.0152627
614  635  0.0438036
614  643  0.471408
615  620  0.0167858
615  634  0.0436473
615  638  0.635216
615  642  0.0148978
616  633  0.0432932
616  637  0.0558579
617  632  0.0214553
617  636  0.0104062
618  635  0.599267
619  630  0.041434
619  634  0.640931
619  638  0.0125642
620  629  0.0412312
620  633  0.640966
620  637  0.0126096
621  632  0.633869
621  636  0.0124798
623  630  0.633907
624  629  0.604634
625  633  0.0112015
626  632  0.0113755
631  675  0.0347232
632  674  0.0482438
633  673  0.0513202
635  671  0.117793
636  648  0.0145187
636  670  0.118918
636  677  0.0476058
637  647  0.0158978
637  669  0.11923
637  676  0.0589855
638  646  0.016012
638  668  0.0608826
638  675  0.0587674
639  645  0.0155038
639  668  0.0586858
640  667  0.117376
640  672  0.0611247
641  666  0.117336
641  671  0.063382
642  665  0.0987463
642  670  0.0645501
643  662  0.107988
644  661  0.116982
644  668  0.0478981
645  660  0.118369
645  667  0.0762424
646  659  0.11829
646  666  0.0762573
647  658  0.118383
647  664  0.0396625
647  665  0.0381376
648  657  0.118166
648  663  0.0775564
648  758  0.0205424
649  656  0.11832
649  662  0.0779197
649  669  0.0157899
649  676  0.021098
649  757  0.0233266
650  655  0.113264
650  661  0.0782336
650  668  0.0157937
650  675  0.0211291
650  756  0.0233137
651  660  0.0779467
651  667  0.0155797
651  673  0.25482
652  659  0.0705643
652  666  0.0150612
652  672  0.257104
653  671  0.257283
654  670  0.256884
655  666  0.0539843
655  669  0.25071
656  665  0.061642
656  668  0.189053
657  664  0.0929456
658  663  0.0893738
659  665  0.0127022
661  666  0.0190368
661  667  0.0122106
665  760  0.284798
666  759  0.306183
668  676  0.0113167
668  757  0.418975
668  760  0.0165359
669  675  0.0112036
669  756  0.419129
669  759  0.0170161
670  755  0.0810885
670  758  0.0135133
671  696  0.0168615
672  696  0.0121029
673  694  0.51005
674  693  0.533418
675  692  0.537106
676  691  0.536832
677  690  0.483744
679  686  0.129318
681  686  0.285323
690  761  0.262216
691  757  0.09377
691  760  0.301016
692  756  0.0936256
692  759  0.302263
694  757  0.212873
695  755  0.760997
696  754  0.915423
697  753  0.916
698  752  0.916347
699  751  0.916372
700  750  0.915961
701  749  0.913738
702  748  0.909845
706  744  0.0237495
706  747  0.0294945
710  745  0.877189
711  716  0.0329546
711  744  0.88102
712  743  0.879038
716  737  0.0669211
717  736  0.0680998
717  739  0.847855
718  735  0.0678497
718  738  0.848388
719  734  0.0282496
719  737  0.839277
720  735  0.418429
720  736  0.416093
721  734  0.883473
722  733  0.913958
723  732  0.919302
724  731  0.921103
725  730  0.920914
