1  549  0.0129993
1  639  0.176226
2  534  0.106385
2  548  0.0159621
2  638  0.203172
2  649  0.0120321
3  533  0.243381
3  536  0.0206309
3  546  0.0862666
3  636  0.0593328
3  637  0.228845
3  648  0.023322
4  16  0.187632
4  50  0.0174061
4  299  0.0161134
4  532  0.243525
4  535  0.0231111
4  545  0.0863034
4  635  0.0640332
4  636  0.225559
4  647  0.0214168
4  648  0.0217564
5  15  0.190316
5  49  0.0174145
5  298  0.042018
5  530  0.0205996
5  531  0.222859
5  534  0.0231036
5  544  0.0787437
5  634  0.289923
6  14  0.187205
6  48  0.0166541
6  297  0.113738
6  533  0.0231057
6  633  0.290283
6  647  0.0328572
7  13  0.150171
7  14  0.012545
7  47  0.0111903
7  288  0.0225792
7  296  0.113801
7  528  0.245712
7  532  0.0223664
7  632  0.290293
7  646  0.033791
8  13  0.0117135
8  287  0.0226656
8  295  0.112798
8  527  0.247334
8  631  0.287526
8  645  0.0336919
9  286  0.021613
9  294  0.0981604
9  526  0.246415
9  630  0.250626
9  644  0.0295664
10  287  0.0130805
10  525  0.239486
11  342  0.0440718
11  524  0.176479
12  26  0.0725292
12  285  0.112957
12  341  0.167601
12  571  0.0105953
12  603  0.0462194
12  626  0.0161932
13  25  0.0728287
13  284  0.134985
13  340  0.264856
13  602  0.0462747
13  625  0.0159658
14  24  0.0722278
14  283  0.136751
14  339  0.277751
14  570  0.180014
14  601  0.0462165
14  624  0.0155422
15  282  0.136541
15  338  0.278086
15  569  0.186328
16  280  0.142589
16  337  0.278221
16  568  0.186812
17  279  0.143883
17  336  0.256454
17  567  0.163952
18  278  0.143909
18  754  0.0544853
19  277  0.143325
19  333  0.240619
19  565  0.0543075
19  753  0.0631608
20  332  0.232425
20  752  0.0569135
21  751  0.0450269
22  330  0.0649143
22  618  0.0102019
22  751  0.012478
23  49  0.150855
23  54  0.0215745
23  617  0.0103449
23  649  0.0172272
23  750  0.0181968
23  755  0.0111919
24  48  0.189851
24  276  0.165151
24  648  0.0177188
24  745  0.0172968
25  47  0.189827
25  275  0.165768
25  327  0.27603
25  744  0.021423
26  46  0.189253
26  51  0.147517
26  274  0.165869
26  326  0.280606
26  743  0.0215157
27  45  0.172693
27  50  0.175112
27  325  0.280961
27  571  0.0315439
27  643  0.0344897
28  49  0.174604
28  273  0.166414
28  324  0.280942
28  570  0.0330095
28  642  0.0344992
28  742  0.0218116
29  47  0.0288791
29  272  0.166931
29  323  0.277221
29  569  0.0329608
29  641  0.0255128
29  741  0.021709
30  46  0.0273313
30  271  0.167089
30  321  0.267312
30  568  0.0327821
30  740  0.0215623
31  43  0.150998
31  270  0.166491
31  320  0.264127
32  42  0.161888
32  269  0.161131
32  319  0.258124
33  41  0.165147
33  46  0.21058
33  268  0.157995
33  318  0.233713
33  670  0.0186593
34  40  0.163913
34  45  0.58529
34  229  0.016112
34  264  0.0190144
34  267  0.137526
34  669  0.0256881
35  39  0.0624201
35  44  0.590574
35  228  0.016281
35  263  0.0628932
35  668  0.0258225
36  43  0.575716
36  227  0.0159019
36  261  0.056003
36  262  0.0521163
36  265  0.0199438
36  667  0.0258148
37  42  0.50394
37  226  0.0138947
37  260  0.0781272
37  261  0.0409803
37  666  0.025871
38  259  0.0898971
38  260  0.0297031
38  665  0.0263054
39  258  0.0994818
39  259  0.0192556
39  266  0.0237953
39  664  0.0264852
40  210  0.0184744
40  257  0.103507
40  265  0.0281557
40  663  0.0265136
41  209  0.0187122
41  264  0.02835
41  662  0.0257485
42  208  0.0187727
42  255  0.131778
42  263  0.028247
42  661  0.024814
43  207  0.0186949
43  254  0.131914
44  205  0.0183897
44  253  0.131974
45  204  0.0183579
45  252  0.131876
46  58  0.0418549
46  251  0.0682943
46  600  0.0147755
47  56  0.0106132
47  57  0.0325871
47  67  0.0136679
47  238  0.0646325
47  317  0.239781
47  598  0.0232381
48  55  0.0143658
48  66  0.0232019
48  237  0.0690708
48  316  0.255068
48  597  0.0316947
49  65  0.0248461
49  236  0.0730558
49  249  0.0668866
49  315  0.256081
49  565  0.0442235
49  596  0.0326871
50  55  0.0585457
50  64  0.0247367
50  235  0.073032
50  248  0.0671221
50  314  0.256054
50  595  0.0326908
51  247  0.0664072
51  313  0.239976
51  564  0.222237
51  594  0.0296583
52  279  0.020299
52  563  0.23046
52  593  0.0235927
53  230  0.0775201
53  278  0.0220096
53  562  0.245805
54  229  0.0796889
54  244  0.0476688
54  246  0.0125235
54  277  0.0229045
54  297  0.20202
54  561  0.252139
54  647  0.0256647
54  754  0.126276
55  228  0.0793102
55  243  0.0484613
55  245  0.0125841
55  276  0.0228782
55  296  0.201989
55  560  0.250836
55  646  0.0258601
55  753  0.155885
56  242  0.0476832
56  244  0.0117504
56  275  0.0208493
56  295  0.190458
56  559  0.232902
56  645  0.0246315
56  752  0.156177
57  241  0.0365819
57  751  0.156131
58  210  0.010529
58  273  0.0131487
58  292  0.0289749
58  750  0.156133
59  272  0.0109555
59  291  0.024802
62  641  0.0207072
63  203  0.0123383
63  282  0.0586761
63  463  0.0200084
63  536  0.0196157
64  202  0.0158479
64  249  0.0894963
64  281  0.0820134
64  460  0.152828
64  462  0.0275508
64  535  0.0226738
64  639  0.206551
65  201  0.0156281
65  204  0.189626
65  210  0.0177878
65  248  0.0939033
65  280  0.0818238
65  459  0.15289
65  461  0.0282403
65  534  0.0226764
65  638  0.220066
66  203  0.22193
66  209  0.0196976
66  247  0.0930511
66  277  0.0521067
66  279  0.0198811
66  297  0.0135079
66  458  0.133727
66  460  0.0275283
66  464  0.0104838
66  533  0.022264
66  637  0.22198
67  202  0.231777
67  208  0.0198684
67  246  0.0909775
67  276  0.0531853
67  278  0.0106336
67  296  0.0135177
67  457  0.112356
67  463  0.0104615
67  532  0.01454
67  636  0.221925
68  207  0.0197467
68  275  0.0529162
68  295  0.0133415
68  458  0.0104344
68  462  0.0103737
68  635  0.216229
69  201  0.344777
69  206  0.0110448
69  274  0.0481777
69  294  0.0110516
69  634  0.141609
70  200  0.687767
71  199  0.800132
72  198  0.987811
73  197  0.988107
74  196  0.987607
75  195  0.987817
76  193  0.996331
77  192  0.996456
78  191  0.996486
79  190  0.996443
80  189  0.964121
81  188  0.961123
82  177  0.681852
82  187  0.113573
83  176  0.667143
84  175  0.483043
85  155  0.719048
86  154  0.887103
87  137  0.0131779
87  153  0.900928
88  121  0.0323372
88  136  0.0176696
88  152  0.90059
89  120  0.0376647
89  135  0.0123337
89  151  0.840485
90  119  0.0409655
90  150  0.684921
90  155  0.0168996
91  118  0.0491149
91  154  0.0202161
92  117  0.0255893
92  137  0.0170327
92  146  0.0258487
92  153  0.0204554
93  117  0.68073
93  136  0.0174607
93  146  0.0240692
93  152  0.0203849
94  116  0.931621
94  145  0.0112552
94  177  0.0137154
95  115  0.962536
96  114  0.982152
97  113  0.981897
97  174  0.014258
98  112  0.982741
98  173  0.0142842
99  111  0.981818
100  110  0.982012
100  170  0.014207
101  109  0.977146
101  169  0.0142247
102  168  0.0136357
103  167  0.0113637
107  147  0.0125196
108  146  0.0154314
109  145  0.015731
110  144  0.0157224
111  143  0.0157057
112  142  0.01566
116  136  0.0185009
117  135  0.0734682
117  149  0.185145
118  134  0.145308
118  148  0.599417
119  133  0.160482
119  147  0.685838
120  132  0.167336
120  146  0.709147
121  131  0.169579
121  145  0.733945
122  130  0.168788
122  144  0.723587
123  129  0.161124
123  143  0.544796
124  143  0.0346231
125  143  0.0697948
125  146  0.0256096
126  141  0.557002
126  142  0.100554
126  145  0.0439632
127  140  0.668325
127  141  0.0584278
127  144  0.0439609
128  139  0.718551
128  143  0.0439183
129  138  0.148579
129  142  0.0434974
130  137  0.147519
131  136  0.707302
131  137  0.0157516
136  145  0.024384
137  144  0.0236411
137  174  0.0286964
138  143  0.0207736
138  173  0.0293881
139  172  0.0278158
141  170  0.0267595
142  169  0.0270015
143  168  0.0192071
143  171  0.0116962
144  159  0.0102762
144  166  0.0159157
144  170  0.016454
145  158  0.0103729
145  165  0.015938
145  169  0.0167318
146  157  0.0104054
146  164  0.0158116
146  168  0.0150594
147  156  0.0103406
147  163  0.0143957
148  166  0.0386551
149  165  0.0420802
150  164  0.0447653
151  163  0.0448254
152  162  0.0441489
153  161  0.0428362
154  160  0.0396497
156  174  0.914383
157  173  0.915047
158  172  0.902857
159  171  0.902889
160  170  0.586936
161  169  0.24245
161  170  0.328874
162  169  0.641944
163  167  0.0124821
163  168  0.402953
176  186  0.109299
176  189  0.0321505
177  185  0.10964
177  188  0.0352454
178  184  0.108984
178  187  0.870018
179  186  0.872117
180  185  0.863031
199  457  0.0827753
200  237  0.0230423
200  268  0.0276016
200  456  0.11602
200  627  0.0563031
201  236  0.134987
201  267  0.0616412
201  281  0.0136676
201  455  0.196896
201  626  0.137976
202  235  0.135355
202  266  0.0616761
202  280  0.0136966
202  454  0.197132
202  531  0.0211386
202  625  0.138057
203  234  0.135266
203  265  0.0242747
203  453  0.195546
203  530  0.0214379
203  624  0.0526883
203  634  0.045893
204  233  0.134316
204  264  0.0232447
204  277  0.0529762
204  554  0.0195341
204  623  0.0526707
204  633  0.0883588
205  263  0.0604649
205  276  0.053162
205  288  0.0369425
205  528  0.0219602
205  622  0.138036
205  632  0.0884062
206  230  0.0106201
206  275  0.0530584
206  287  0.035903
206  450  0.194435
206  527  0.0218366
206  552  0.0334736
206  621  0.136145
206  631  0.0882902
207  227  0.0125926
207  260  0.013846
207  274  0.0521221
207  284  0.011804
207  286  0.023868
207  293  0.0108039
207  449  0.196771
207  526  0.0197058
207  551  0.0346691
207  620  0.0909201
207  629  0.0432977
207  630  0.0447444
208  226  0.0129844
208  231  0.0117858
208  235  0.0381261
208  257  0.0100578
208  259  0.0157795
208  273  0.0513179
208  283  0.0120165
208  292  0.0125663
208  448  0.196872
208  550  0.0347551
208  628  0.0865099
209  227  0.136241
209  234  0.0470308
209  258  0.013636
209  447  0.172398
209  522  0.0208017
209  614  0.0429023
209  620  0.0348772
209  627  0.084991
210  233  0.0495188
210  444  0.0132825
210  521  0.0222403
210  546  0.0359305
210  613  0.0515079
210  619  0.0708365
210  626  0.0789542
211  225  0.403243
211  236  0.0151178
211  267  0.0121816
211  444  0.0660698
211  520  0.0222402
211  545  0.035986
211  612  0.0779374
211  618  0.0819863
212  224  0.406129
212  231  0.0175698
212  235  0.0151561
212  266  0.0122152
212  442  0.0120198
212  519  0.0222364
212  544  0.0360019
212  611  0.0782113
212  617  0.0858517
212  624  0.0411412
213  223  0.405649
213  234  0.0140732
213  442  0.13439
213  518  0.0195307
213  543  0.0321849
213  610  0.0781278
213  617  0.031058
214  222  0.406895
214  229  0.105153
214  441  0.19378
214  536  0.0115405
214  609  0.0774237
214  616  0.135434
215  221  0.403258
215  228  0.108179
215  263  0.0111005
215  440  0.19387
215  535  0.0122908
215  615  0.135502
216  220  0.153507
216  227  0.108284
216  262  0.0108578
216  439  0.193781
216  534  0.0122848
216  607  0.0558641
216  614  0.135401
217  438  0.193828
217  533  0.0123575
217  606  0.0771688
217  613  0.135375
218  225  0.109791
218  437  0.1933
218  505  0.023281
218  532  0.0123427
218  605  0.0772072
218  612  0.135511
219  224  0.106792
219  436  0.192759
219  504  0.0233328
219  531  0.0123229
219  604  0.0771314
219  611  0.135275
220  327  0.04064
220  336  0.0117995
220  432  0.0119567
220  503  0.0233938
221  326  0.0436692
221  335  0.0121222
221  391  0.0353605
221  431  0.0118744
221  502  0.0234119
222  324  0.047664
222  334  0.0121195
222  390  0.0355304
222  431  0.0250431
222  501  0.0234103
222  601  0.0663776
222  607  0.0917626
223  323  0.0482432
223  333  0.011556
223  389  0.0355073
223  430  0.0177332
223  500  0.0233569
223  600  0.0655874
223  606  0.092839
224  322  0.048589
224  388  0.0353681
224  430  0.118745
224  432  0.0107483
224  499  0.0233937
224  596  0.0796194
224  605  0.0927242
225  321  0.0485676
225  429  0.127222
225  431  0.0108165
225  498  0.0233633
225  595  0.0814964
225  604  0.0926828
226  255  0.0137215
226  276  0.0716329
226  386  0.0141521
226  387  0.0102269
226  427  0.140637
226  594  0.0870003
226  603  0.0682525
227  254  0.0142259
227  275  0.0721142
227  385  0.0232401
227  426  0.146451
227  593  0.0873081
228  253  0.0143969
228  274  0.0723766
228  384  0.0231611
228  425  0.146953
228  592  0.0877756
229  252  0.0143975
229  257  0.0355901
229  273  0.0722273
229  424  0.14682
229  591  0.0866389
230  256  0.0360213
230  289  0.0117109
230  326  0.0138283
231  255  0.0411435
231  288  0.0156751
231  325  0.0279552
231  422  0.0871107
231  540  0.0108882
231  589  0.0191331
232  254  0.0411443
232  287  0.0150507
232  421  0.132234
233  252  0.0116436
233  253  0.037457
233  283  0.0989902
233  324  0.0537186
233  373  0.0320633
233  381  0.0142815
233  420  0.132221
233  537  0.0608118
233  573  0.0300519
234  251  0.0157941
234  282  0.0998849
234  323  0.0564713
234  372  0.0322437
234  380  0.0142962
234  422  0.0125488
234  536  0.0615937
234  572  0.0316493
234  586  0.0126438
235  249  0.0610549
235  267  0.244535
235  281  0.100097
235  322  0.0572282
235  325  0.0101136
235  371  0.0322947
235  379  0.0143043
235  421  0.0187556
235  535  0.0618131
235  571  0.0318848
235  585  0.0142443
236  248  0.0690401
236  266  0.244563
236  280  0.100082
236  321  0.0569921
236  324  0.010117
236  370  0.0322885
236  378  0.0142958
236  420  0.0192058
236  534  0.0617697
236  570  0.031641
236  584  0.0141574
237  243  0.0204461
237  245  0.0288842
237  247  0.067037
237  279  0.0865709
237  369  0.0182404
237  377  0.0114023
237  419  0.0193116
238  244  0.0256173
238  264  0.21982
238  278  0.0764384
238  418  0.0190332
238  582  0.0111368
239  417  0.0175291
240  416  0.0137363
241  261  0.469074
241  320  0.0550402
242  260  0.535143
242  319  0.0758616
243  259  0.540021
243  318  0.0771127
244  258  0.539945
244  317  0.0770145
245  257  0.524054
245  316  0.0765461
246  256  0.502228
246  257  0.0170322
246  274  0.0349432
247  256  0.0330701
247  273  0.0361282
247  366  0.0300901
248  254  0.385338
248  255  0.0425643
248  267  0.0545167
248  272  0.0366745
248  365  0.0323873
248  569  0.0258207
249  253  0.370454
249  266  0.0537682
249  271  0.0363936
249  364  0.0323932
249  568  0.0264218
249  655  0.0431833
250  265  0.0533596
250  363  0.0323923
250  654  0.0525189
251  362  0.0321456
251  566  0.0317301
251  653  0.0527915
252  264  0.0329084
252  361  0.0317589
252  565  0.0333963
252  652  0.0530577
253  263  0.0336117
253  267  0.0796018
253  360  0.0164461
253  564  0.0333957
253  651  0.0530619
254  262  0.0278688
254  266  0.0800739
254  293  0.0225888
254  650  0.0533402
255  265  0.080257
255  292  0.024221
255  649  0.0533753
256  264  0.0800922
256  291  0.0235491
256  561  0.0367432
256  648  0.0533431
257  263  0.0786699
257  560  0.0368012
257  647  0.0529904
258  559  0.0367749
259  288  0.0256388
259  558  0.0365768
260  287  0.0251698
262  272  0.0340214
262  285  0.019967
263  271  0.0364594
264  270  0.0352727
264  576  0.0107007
265  276  0.0327206
265  277  0.0121404
265  282  0.0345822
265  533  0.0568883
265  546  0.0294617
265  575  0.0162357
266  275  0.0335778
266  276  0.0118877
266  281  0.0361556
266  532  0.0580527
266  540  0.0646712
266  545  0.0295219
266  574  0.0162739
267  274  0.043192
267  280  0.0361661
267  531  0.0580303
267  539  0.065222
267  544  0.0294835
267  573  0.0162684
268  279  0.0337075
269  278  0.030209
269  418  0.0938817
270  417  0.115793
270  536  0.0863913
271  276  0.0136808
271  315  0.16752
271  325  0.0571189
271  416  0.125588
271  535  0.0897015
272  314  0.167593
272  324  0.0264706
272  415  0.128784
272  534  0.089631
273  297  0.0104559
273  313  0.171033
273  323  0.0264444
273  414  0.13039
273  533  0.0903135
274  296  0.010404
274  312  0.171064
274  322  0.0572796
274  413  0.13035
274  532  0.0903106
275  311  0.17036
275  321  0.0514619
275  412  0.123754
275  531  0.0309078
276  310  0.170305
277  309  0.170048
277  318  0.110571
277  529  0.0726461
278  293  0.0125688
278  307  0.0301155
278  317  0.111988
279  292  0.013825
279  306  0.029141
279  307  0.0373661
279  316  0.111934
279  409  0.122072
280  301  0.0208139
280  315  0.112695
280  336  0.107831
280  408  0.124825
281  300  0.0209402
281  314  0.112405
281  335  0.11347
281  407  0.124704
282  289  0.0820425
282  304  0.127271
282  334  0.113426
283  288  0.133254
283  296  0.0421314
283  303  0.134721
283  333  0.12191
284  295  0.0443056
284  302  0.128162
284  332  0.121844
285  294  0.0435451
285  331  0.121224
286  330  0.118021
286  405  0.113673
287  293  0.0752306
287  329  0.0889754
287  404  0.117623
288  292  0.0677307
288  300  0.0323371
288  403  0.117986
289  299  0.0169536
289  327  0.0117881
289  402  0.114082
290  299  0.172129
290  401  0.0971447
291  298  0.199991
291  362  0.0122075
291  397  0.0146061
292  297  0.197963
292  361  0.014933
292  396  0.0164064
292  399  0.0313086
293  360  0.0148512
294  359  0.0127853
294  393  0.0146418
295  311  0.0863901
295  392  0.0169907
296  310  0.200397
296  391  0.0170671
297  309  0.201668
297  358  0.0447617
297  390  0.0168739
298  308  0.201005
298  357  0.0493235
299  307  0.197648
299  356  0.0498482
299  541  0.104446
300  312  0.408298
300  355  0.0500715
300  540  0.141332
301  311  0.411268
301  354  0.0501044
301  539  0.141392
302  310  0.410367
302  353  0.050084
302  538  0.141322
303  309  0.399774
303  352  0.0500842
303  537  0.141292
304  308  0.152232
304  351  0.0488812
304  536  0.111861
305  350  0.0451394
307  549  0.0101021
308  328  0.0774577
308  534  0.011333
308  548  0.012558
309  327  0.0887687
309  533  0.0132512
309  547  0.012942
310  532  0.0128355
310  533  0.0157481
310  546  0.0130065
311  325  0.183274
311  345  0.0421215
311  532  0.0161196
311  545  0.0130053
312  324  0.183529
312  344  0.0423677
312  391  0.0846525
312  531  0.0164022
312  544  0.0129378
313  318  0.013725
313  326  0.0699264
313  343  0.0421266
313  390  0.0868025
314  322  0.208835
314  325  0.0887885
314  342  0.014687
314  389  0.0952015
315  321  0.208252
315  324  0.0887099
316  323  0.0688065
316  387  0.100536
317  386  0.10073
318  385  0.0993674
321  336  0.0216196
321  382  0.104013
321  540  0.0183802
321  612  0.0122107
322  335  0.0221218
322  381  0.104174
322  539  0.0183787
322  611  0.0122149
323  334  0.0217743
323  538  0.0147756
323  610  0.0121889
324  333  0.0203914
324  379  0.112216
324  535  0.0210161
324  554  0.0112418
324  609  0.0120598
325  358  0.0107994
325  378  0.11226
325  534  0.0210798
325  553  0.0112445
325  597  0.0133042
326  333  0.0128162
326  357  0.0109675
326  377  0.112341
326  408  0.0167784
326  533  0.0198232
326  552  0.0108935
326  596  0.0159957
327  356  0.0109908
327  376  0.111775
327  407  0.0167903
327  551  0.0102481
327  595  0.0140881
328  355  0.0108405
328  406  0.0168467
329  405  0.0168551
330  404  0.0147574
331  593  0.0231469
332  340  0.0103367
332  353  0.0112927
332  374  0.111765
332  530  0.126984
332  592  0.0270087
332  608  0.0423027
333  339  0.0104602
333  352  0.0114591
333  373  0.112395
333  529  0.132886
333  534  0.0926616
333  591  0.039087
333  607  0.0453055
334  372  0.112213
334  399  0.0373539
334  528  0.13372
334  533  0.127799
334  590  0.0485341
334  606  0.0467227
334  616  0.0133574
335  371  0.112397
335  398  0.0374836
335  527  0.0930133
335  532  0.127836
335  589  0.0497146
335  605  0.0467136
335  615  0.0133742
336  370  0.1122
336  397  0.0374687
336  526  0.0712468
336  531  0.122535
336  588  0.0463133
336  604  0.0463464
336  614  0.0133419
337  348  0.0117064
337  369  0.110509
337  396  0.0374374
337  525  0.0312665
337  527  0.240153
337  528  0.0227735
337  603  0.0352993
337  612  0.0116659
338  347  0.0109919
338  368  0.104754
338  395  0.0359351
338  526  0.348744
338  602  0.0290143
338  611  0.0112841
339  525  0.414865
340  524  0.447841
341  363  0.0351911
341  367  0.0162839
341  391  0.0164566
341  523  0.535529
341  599  0.0123886
341  608  0.0152773
342  362  0.0369292
342  366  0.0231043
342  390  0.0227837
342  522  0.659199
342  598  0.0125652
342  607  0.0170532
343  348  0.033889
343  361  0.0364323
343  365  0.0236344
343  383  0.0167289
343  389  0.0269232
343  521  0.724152
343  606  0.0233004
344  359  0.0128398
344  360  0.0184863
344  382  0.0167655
344  388  0.0268476
344  520  0.724228
344  596  0.0123314
344  605  0.0233095
345  358  0.023899
345  363  0.0227664
345  381  0.0167695
345  519  0.722465
345  595  0.0123571
345  604  0.0232957
346  357  0.0235995
346  360  0.0378381
346  380  0.0165279
346  386  0.0260532
347  355  0.0239034
347  359  0.053852
347  385  0.0273959
348  354  0.0239386
348  358  0.0551848
348  378  0.0162875
348  384  0.0274275
348  516  0.0250643
348  601  0.0224419
349  357  0.0549742
349  365  0.0157854
349  377  0.0163414
349  515  0.0220482
349  600  0.0226912
350  356  0.0535434
350  363  0.0160569
350  376  0.0147445
350  509  0.0105817
350  517  0.684462
350  599  0.0222708
351  362  0.0461012
351  375  0.0124198
351  516  0.690538
351  598  0.0206512
352  361  0.0537278
352  513  0.0117272
352  515  0.69668
352  560  0.0504549
353  360  0.0487064
353  372  0.0114763
353  506  0.0121344
353  512  0.0116502
353  514  0.697517
353  559  0.0513054
354  359  0.040743
354  371  0.0119898
354  505  0.0122776
354  513  0.69603
354  558  0.0519836
355  504  0.012267
355  557  0.0519614
356  503  0.0121365
356  511  0.0807638
356  512  0.0161887
356  556  0.0519198
357  502  0.0113737
357  510  0.0650379
357  555  0.0519057
358  369  0.0192753
358  511  0.226938
358  554  0.0518313
359  368  0.0194133
359  510  0.516905
359  553  0.0513487
360  367  0.0197639
360  509  0.694092
360  551  0.0424846
361  366  0.0194763
361  498  0.0120034
361  508  0.712521
361  550  0.0425424
362  497  0.0199022
362  507  0.711166
362  547  0.0158427
362  549  0.02288
363  383  0.0335051
363  496  0.0257552
363  506  0.711163
363  546  0.0268076
364  371  0.0116533
364  382  0.0341084
364  495  0.0257682
364  505  0.712643
364  545  0.0270034
365  370  0.0122551
365  381  0.0340931
365  494  0.0257676
365  504  0.711847
365  544  0.0269909
366  380  0.02185
366  493  0.0249048
366  503  0.655548
368  500  0.0256666
369  378  0.0409269
369  501  0.0391307
370  377  0.0538457
370  499  0.68212
371  376  0.0530824
371  498  0.682465
371  502  0.0106783
372  501  0.0104805
373  499  0.0206855
374  497  0.611028
375  383  0.0103389
375  496  0.770857
376  382  0.0104058
376  495  0.771425
377  494  0.771394
378  492  0.298107
378  493  0.477855
379  491  0.587309
380  490  0.586286
381  489  0.587366
381  492  0.20134
382  488  0.587136
382  491  0.202269
383  487  0.5867
383  490  0.202256
384  389  0.0202868
384  486  0.513923
384  489  0.199217
385  392  0.0110788
385  482  0.0980453
385  488  0.0251863
386  391  0.0114249
386  481  0.111943
387  480  0.112665
388  488  0.170887
389  442  0.0823852
389  487  0.193418
390  396  0.0212272
390  399  0.0333563
390  441  0.0860209
390  485  0.171591
390  486  0.20557
391  398  0.0319332
391  440  0.0851909
391  484  0.171641
391  485  0.204045
393  483  0.0116832
396  403  0.0399805
396  480  0.0164774
397  402  0.025212
397  450  0.0227316
399  448  0.650726
400  447  0.659497
401  446  0.659301
402  439  0.0335393
402  445  0.656986
403  435  0.0120356
403  438  0.0408605
403  444  0.616214
404  432  0.0213812
404  437  0.0408943
405  431  0.0114589
405  436  0.0373052
405  443  0.0128925
406  431  0.388066
406  433  0.0103055
407  430  0.818321
408  429  0.818716
409  428  0.77026
412  426  0.790173
413  425  0.834132
414  424  0.833626
415  423  0.793329
431  435  0.014168
431  438  0.0366236
431  440  0.0434798
432  439  0.0350297
435  442  0.507236
436  441  0.462176
436  444  0.0600871
437  443  0.0685412
438  442  0.0595023
450  482  0.0380503
453  479  0.699514
454  478  0.800152
455  477  0.800432
456  476  0.799871
457  475  0.759433
458  475  0.0407729
459  474  0.796506
460  473  0.796403
461  472  0.773559
461  558  0.0249022
462  470  0.0434981
462  557  0.0240743
463  470  0.0670397
464  468  0.0519048
466  556  0.163495
467  555  0.189213
468  554  0.195535
469  553  0.195437
470  552  0.19514
471  551  0.195401
472  550  0.195354
473  549  0.14006
475  546  0.017622
475  547  0.0842396
477  545  0.184076
478  544  0.184747
479  543  0.180459
484  539  0.0810958
485  502  0.0105556
485  539  0.0220512
486  501  0.0108743
486  537  0.179172
487  500  0.0109913
487  536  0.182126
488  499  0.0110145
488  535  0.182901
489  498  0.0110138
489  534  0.182914
490  497  0.0106115
490  533  0.182951
491  532  0.182943
492  531  0.182767
493  529  0.17445
494  503  0.0148023
494  528  0.162989
495  502  0.0162766
496  501  0.0159061
498  524  0.0477937
498  545  0.0248157
499  544  0.0250793
500  522  0.157646
500  543  0.0247335
501  521  0.167846
502  520  0.167658
503  519  0.166734
503  541  0.0474272
504  520  0.0161355
504  540  0.0577963
505  519  0.0167213
505  539  0.0578007
506  517  0.172268
506  518  0.0123082
506  538  0.0555455
507  516  0.190803
507  537  0.0551119
508  515  0.205133
509  514  0.182979
509  536  0.0478619
510  535  0.0535925
511  534  0.0508107
513  531  0.0583283
514  530  0.0604961
515  529  0.0606557
516  528  0.0605271
517  527  0.0488978
527  598  0.0162972
528  597  0.0173179
529  587  0.0728949
529  596  0.0172797
530  586  0.0732639
531  585  0.0735259
531  593  0.0113994
532  584  0.0735262
532  592  0.0192686
533  583  0.0734263
533  591  0.0192811
534  545  0.0811535
534  582  0.0321717
534  590  0.0166707
535  544  0.0817739
535  755  0.0768833
536  543  0.0787453
536  580  0.0195465
536  588  0.0196041
537  579  0.019001
537  587  0.0218809
537  753  0.228336
538  586  0.0219299
538  752  0.228643
539  554  0.0212929
539  577  0.0366463
539  585  0.0218408
539  751  0.228663
540  553  0.0212824
540  576  0.0365951
540  584  0.0206697
540  750  0.228577
541  552  0.0178581
543  572  0.0415989
543  586  0.0314896
543  745  0.0221426
543  752  0.0111184
544  554  0.0274002
544  571  0.0448528
544  585  0.0484698
544  744  0.0271403
544  751  0.0142926
545  553  0.0259787
545  570  0.0447864
545  584  0.0485139
545  743  0.0268369
545  750  0.0143072
546  583  0.0483967
546  649  0.0120078
546  742  0.0262126
547  568  0.0389585
547  580  0.0710584
547  748  0.0143652
548  556  0.0105674
548  567  0.0442583
548  579  0.0871917
548  741  0.0332023
548  747  0.0149958
549  555  0.0108061
549  566  0.044395
549  578  0.0882976
549  740  0.0331747
549  746  0.0129231
550  565  0.0404109
550  577  0.0885567
550  646  0.434329
550  739  0.0335647
551  645  0.437604
551  738  0.0335509
552  644  0.43889
552  737  0.0335364
553  571  0.0251801
553  574  0.0781221
553  643  0.439784
553  736  0.0335599
554  570  0.0252347
554  573  0.0794496
554  642  0.439784
554  735  0.0335479
555  569  0.0251994
555  572  0.0790195
555  641  0.439344
555  734  0.02437
556  568  0.0246749
556  570  0.0783686
556  640  0.439049
557  567  0.0196529
557  569  0.079963
557  639  0.438861
558  568  0.0797108
558  638  0.435778
559  598  0.0299895
560  570  0.0103037
560  597  0.0322885
561  568  0.055007
561  570  0.0212151
561  595  0.036496
564  592  0.11499
565  570  0.0148967
565  591  0.146682
566  590  0.146916
566  631  0.0629697
566  635  0.0442364
567  630  0.0695688
567  634  0.0498115
568  589  0.169625
568  631  0.0179663
568  633  0.0490403
569  588  0.169701
569  629  0.0126402
569  630  0.0215078
570  587  0.168398
571  628  0.549629
572  627  0.569948
573  585  0.183711
573  626  0.582525
574  584  0.184033
574  625  0.582538
575  583  0.18266
575  597  0.046631
575  624  0.582181
576  582  0.143282
576  596  0.0651094
576  623  0.520046
577  595  0.0651211
578  594  0.0650825
578  621  0.417058
579  620  0.541879
580  593  0.0646872
580  619  0.508014
581  592  0.0606587
582  614  0.0715919
582  617  0.429021
583  590  0.0125586
583  613  0.0799471
583  616  0.478003
584  589  0.0643012
584  612  0.0818351
584  615  0.475708
585  611  0.0825907
586  610  0.0730556
586  614  0.123079
588  613  0.0103191
589  611  0.382172
590  607  0.0108628
590  610  0.384628
591  605  0.010181
591  606  0.0134868
591  609  0.222032
592  603  0.10508
592  605  0.0129731
592  609  0.310733
593  602  0.113147
593  608  0.474551
594  601  0.116075
594  607  0.474856
595  600  0.104863
595  603  0.0107051
595  605  0.296425
595  606  0.239673
595  733  0.0100237
596  601  0.0121875
596  604  0.531759
596  732  0.0100368
597  603  0.51163
603  732  0.017694
604  612  0.0162544
604  626  0.118997
604  731  0.0202908
605  611  0.0156955
605  625  0.119089
605  730  0.0202753
606  624  0.119073
606  729  0.0202149
607  622  0.109286
607  623  0.0117748
608  621  0.111432
608  728  0.013071
609  727  0.0198604
610  619  0.100266
610  726  0.0198127
611  618  0.12322
611  725  0.0198341
612  617  0.120194
612  724  0.0197373
613  723  0.0191569
615  625  0.0284917
615  718  0.0182056
616  624  0.0287134
616  717  0.0183003
617  622  0.0137034
617  623  0.0222962
617  716  0.0182895
618  715  0.0181812
619  714  0.0176449
620  688  0.0121302
620  713  0.0100797
621  687  0.0234378
622  686  0.0243491
623  685  0.0244569
624  684  0.0246714
625  683  0.0246704
626  682  0.0240675
627  681  0.0142204
628  633  0.0130277
634  681  0.0141363
635  680  0.0235538
636  679  0.024146
637  678  0.0238785
640  747  0.0131616
641  677  0.0243964
641  746  0.01276
642  676  0.0312245
642  751  0.0530892
643  675  0.0312386
643  750  0.0568502
643  755  0.0256361
644  674  0.0312089
644  754  0.0198615
645  673  0.0312035
645  756  0.0108011
646  672  0.0310661
646  755  0.0126856
647  755  0.0358899
648  667  0.0171774
648  750  0.0115275
648  755  0.0331989
649  753  0.133277
649  754  0.0145708
650  752  0.122691
651  664  0.864215
651  756  0.0180027
652  663  0.917608
652  755  0.0217655
653  662  0.918216
653  754  0.0217463
654  661  0.91868
654  753  0.0216929
655  660  0.863832
655  752  0.0213724
656  751  0.0206639
657  750  0.0102214
661  750  0.0182397
662  749  0.019764
664  747  0.0113772
666  745  0.799817
667  744  0.924063
668  743  0.938724
669  742  0.939401
670  741  0.939807
671  740  0.939072
672  739  0.964664
673  738  0.964281
674  737  0.963961
675  736  0.964845
676  735  0.964842
677  734  0.952452
678  733  0.911656
678  734  0.0106733
679  731  0.0260846
679  733  0.0439116
681  732  0.662165
682  702  0.013955
682  731  0.830528
683  730  0.830095
684  700  0.0504357
684  729  0.822898
685  699  0.0653428
685  705  0.0189875
685  706  0.0182331
685  728  0.0917557
686  698  0.0566497
686  699  0.786835
686  705  0.0203035
687  698  0.794858
687  703  0.0152838
688  697  0.625303
689  701  0.0941314
690  695  0.856267
690  700  0.100989
691  699  0.10136
692  698  0.0821243
700  726  0.0209448
701  725  0.0220209
701  728  0.0140952
702  724  0.0222202
702  727  0.0161868
703  723  0.0106029
704  725  0.0160383
704  728  0.0184478
705  721  0.0153913
705  724  0.0164961
705  727  0.0207712
705  730  0.130837
706  720  0.01451
706  723  0.0140676
706  729  0.137961
707  725  0.0180199
707  728  0.755768
708  724  0.0182462
708  727  0.875594
709  726  0.874648
710  725  0.856471
711  722  0.0769741
711  724  0.828504
712  721  0.138023
712  723  0.783503
713  720  0.154254
713  722  0.679234
714  719  0.164736
715  728  0.0169197
716  721  0.0961239
716  727  0.0190312
717  726  0.0172604
718  725  0.0173791
719  724  0.0186431
