1  452  0.112682
2  314  0.734342
2  451  0.0813631
3  313  0.996418
4  312  0.996925
5  311  0.996898
6  310  0.99567
7  309  0.977025
8  308  0.747448
9  307  0.466202
11  20  0.805373
12  19  0.80521
12  304  0.151497
12  306  0.0103604
13  18  0.704577
13  266  0.0909366
14  265  0.169554
15  264  0.179934
16  263  0.179195
17  262  0.175918
20  31  0.0123302
21  30  0.0124501
21  308  0.168452
22  29  0.0106934
22  307  0.364481
23  306  0.507295
24  305  0.569707
25  304  0.577095
26  303  0.578457
26  306  0.130033
27  302  0.580669
27  305  0.198496
28  301  0.578756
28  304  0.203437
29  303  0.188325
30  65  0.121692
30  302  0.156385
31  63  0.289063
31  64  0.0912537
31  267  0.117977
32  64  0.0153155
32  264  0.0114356
32  266  0.105757
32  299  0.0111623
32  300  0.0309921
33  62  0.958283
33  263  0.0118649
34  61  0.98398
34  262  0.0113016
35  60  0.997269
36  59  0.996898
37  58  0.997313
38  57  0.996022
39  55  0.318033
39  56  0.677283
40  54  0.927582
41  53  0.927402
41  54  0.0683721
42  52  0.965296
43  51  0.78321
43  53  0.0262707
44  52  0.023819
62  264  0.0142246
63  263  0.0322945
64  262  0.0307998
64  265  0.0196442
64  269  0.0326146
65  261  0.0126195
65  264  0.0224575
65  266  0.0885071
65  268  0.0364661
66  262  0.135898
66  263  0.010659
66  265  0.150516
67  261  0.486086
67  264  0.161715
67  266  0.0523797
67  267  0.0395335
68  260  0.530111
68  265  0.0708796
69  259  0.536212
69  263  0.449809
70  258  0.535454
70  262  0.453545
71  257  0.261428
71  261  0.452219
72  259  0.308134
72  260  0.127273
74  257  0.70614
75  256  0.99445
76  255  0.995773
77  254  0.998338
78  253  0.99939
79  252  0.999393
80  251  0.999137
81  250  0.999081
82  249  0.960742
84  247  0.81003
85  246  0.721716
86  98  0.31431
86  245  0.427503
86  246  0.0131487
87  97  0.386361
87  190  0.335218
87  245  0.0192154
88  96  0.442782
88  189  0.428266
88  243  0.0488571
88  244  0.0231753
89  95  0.358907
89  188  0.455793
90  187  0.461004
91  186  0.463189
91  242  0.0263637
92  185  0.463358
92  241  0.0285356
93  184  0.464354
94  183  0.464897
95  182  0.464288
95  238  0.0218257
95  241  0.0151943
96  181  0.463682
96  237  0.0283199
96  240  0.0196634
97  167  0.0289036
97  180  0.411056
97  236  0.0168108
97  239  0.0206837
98  166  0.0292497
99  165  0.029322
99  179  0.186447
99  234  0.0272804
99  237  0.0255735
99  245  0.41036
100  114  0.424607
100  163  0.0599752
100  233  0.0255758
100  236  0.0260645
100  244  0.440885
101  113  0.424959
101  159  0.0195535
101  162  0.0601231
101  235  0.0261842
101  243  0.440287
102  112  0.424549
102  161  0.0536291
102  234  0.0252398
102  242  0.412731
103  111  0.426807
103  158  0.513846
104  110  0.397543
104  157  0.546668
105  109  0.230892
105  156  0.559961
106  155  0.562265
107  154  0.560643
108  153  0.549496
109  152  0.34464
111  150  0.554822
112  149  0.566528
113  148  0.567724
114  147  0.567623
115  146  0.567166
117  124  0.403269
117  145  0.570585
118  123  0.404206
118  144  0.570719
119  143  0.574076
119  180  0.0140129
120  142  0.574023
120  179  0.0140905
121  140  0.189363
121  141  0.383249
121  178  0.0141085
122  139  0.378657
122  140  0.194568
122  177  0.0140769
123  138  0.569166
123  176  0.0138529
124  137  0.565884
124  175  0.0136449
125  135  0.0149949
125  136  0.466859
126  134  0.0192362
127  134  0.112584
129  134  0.0413094
134  179  0.115061
135  178  0.408389
136  177  0.409655
137  171  0.0109722
137  176  0.411423
138  170  0.0110639
138  175  0.411379
139  169  0.0106005
141  172  0.410508
142  171  0.413244
143  170  0.410047
144  166  0.398909
144  167  0.0158317
145  165  0.428865
146  164  0.430896
147  163  0.431763
148  162  0.431754
149  160  0.215847
149  161  0.215994
150  159  0.43309
151  158  0.431076
152  157  0.31282
158  238  0.018118
159  234  0.0178363
159  237  0.0335114
159  240  0.0131121
159  241  0.213509
160  236  0.0321276
161  232  0.173637
162  231  0.222891
162  238  0.244273
162  241  0.0240402
163  230  0.225609
163  237  0.244838
163  240  0.0241272
164  229  0.22657
164  236  0.244595
165  228  0.226865
165  235  0.244088
165  239  0.0237231
165  243  0.0170935
166  227  0.226799
166  234  0.175305
166  242  0.0175331
167  226  0.226786
167  234  0.0325648
167  238  0.0177292
167  241  0.0176276
168  225  0.216797
168  234  0.0276715
168  240  0.0175805
169  212  0.0156397
169  224  0.169889
169  233  0.22419
169  236  0.0149936
169  239  0.0173269
170  176  0.0114136
170  180  0.0176793
170  211  0.0171825
170  232  0.227739
170  235  0.0262335
171  179  0.0175973
171  210  0.0171912
171  221  0.0102087
171  222  0.0255686
171  231  0.227817
171  234  0.0262427
171  237  0.0167144
172  236  0.0119697
173  222  0.170581
174  198  0.225302
174  221  0.0307759
175  197  0.318407
175  220  0.05922
176  196  0.318228
176  219  0.208813
177  195  0.25819
177  218  0.208772
178  217  0.208809
179  216  0.174056
180  193  0.515366
181  192  0.534098
182  191  0.534231
183  190  0.514882
184  189  0.417776
191  241  0.461105
192  240  0.463254
193  239  0.460223
195  212  0.0134461
195  236  0.44742
196  211  0.0153879
196  235  0.462323
197  210  0.0151664
197  234  0.461463
198  232  0.0464957
199  213  0.209589
199  230  0.658072
199  231  0.0234323
200  212  0.232426
200  229  0.682378
201  209  0.0392901
201  211  0.235573
201  228  0.68293
202  208  0.0352732
202  210  0.189755
202  227  0.672072
203  207  0.017875
203  226  0.446299
203  227  0.0104325
204  225  0.389105
204  226  0.019867
205  224  0.396703
206  224  0.0780868
209  221  0.683507
210  220  0.68508
211  219  0.685418
212  218  0.618702
213  233  0.0730648
214  232  0.0780623
215  231  0.0788829
216  230  0.0788766
217  229  0.02008
218  229  0.0585635
219  228  0.0773168
220  227  0.06759
232  241  0.0210016
233  240  0.0769016
234  239  0.0843936
266  302  0.0980603
266  305  0.0108997
267  301  0.132204
267  304  0.0130827
268  301  0.0535099
268  303  0.0118939
269  299  0.020338
269  300  0.0989139
270  298  0.0119288
271  298  0.796522
272  297  0.966346
273  296  0.981245
274  295  0.988517
275  294  0.99483
276  293  0.995538
277  292  0.995499
278  291  0.995064
279  289  0.961357
280  288  0.954043
315  452  0.133164
316  452  0.0683906
317  449  0.649251
317  450  0.0256761
317  451  0.047086
318  448  0.977317
318  449  0.0146182
319  447  0.456733
320  446  0.468962
321  445  0.996278
322  444  0.991931
324  442  0.964907
325  441  0.990992
326  440  0.997283
327  439  0.997351
328  438  0.997308
329  437  0.995856
330  436  0.995713
331  435  0.669901
332  434  0.342809
332  435  0.321022
333  434  0.641815
334  433  0.964319
335  432  0.961943
337  348  0.655444
337  430  0.142705
338  347  0.758197
338  366  0.0237907
339  346  0.793206
339  365  0.0334045
340  345  0.794808
340  364  0.0307041
340  427  0.0547415
341  362  0.0242026
341  364  0.0532829
341  426  0.0546496
342  361  0.0246626
342  363  0.0617731
343  363  0.0410819
344  361  0.0593252
344  424  0.0233676
345  356  0.0153296
345  361  0.0509135
346  355  0.0152697
346  422  0.023953
347  354  0.0144515
347  360  0.124421
347  421  0.023769
347  429  0.0159434
348  359  0.167245
348  420  0.0236502
348  428  0.0381748
348  431  0.0598775
349  358  0.167641
349  418  0.0434302
349  427  0.0384085
349  430  0.0615828
350  357  0.126743
350  417  0.0433741
350  426  0.031265
350  429  0.0363285
351  416  0.0428903
351  425  0.0195346
352  365  0.0191702
352  415  0.0410869
352  430  0.323671
353  364  0.0224038
353  382  0.0235441
353  414  0.0295462
353  421  0.0155403
353  429  0.543019
354  363  0.0251547
354  381  0.0433266
354  413  0.0132548
354  420  0.0163493
354  428  0.611699
355  362  0.0174589
355  380  0.0574946
355  419  0.0164445
355  427  0.61058
356  379  0.05904
356  418  0.0164553
356  426  0.599423
357  378  0.0586018
358  363  0.0762845
358  377  0.0402764
358  424  0.522248
359  423  0.522627
360  375  0.0338522
360  422  0.375672
361  418  0.0123235
361  432  0.0207328
362  373  0.609544
362  431  0.0961876
363  372  0.609819
363  430  0.0961259
364  371  0.603445
365  370  0.578817
366  430  0.0110281
367  429  0.022391
369  427  0.139496
370  426  0.224444
371  425  0.348014
372  424  0.383417
373  423  0.383456
374  422  0.40796
375  414  0.0168195
375  421  0.421336
376  412  0.0149324
376  413  0.0169094
376  420  0.421524
377  411  0.0213246
377  415  0.120026
377  419  0.406696
378  410  0.0213474
378  414  0.176516
378  418  0.375582
379  413  0.218556
380  408  0.0480129
380  412  0.219431
380  413  0.0320376
381  407  0.0509793
381  409  0.38182
381  411  0.130923
381  414  0.0928027
382  408  0.481115
382  413  0.0865956
383  406  0.371478
383  407  0.457368
383  409  0.0107676
384  405  0.569751
385  405  0.391019
386  403  0.692906
386  404  0.279892
387  402  0.804165
387  403  0.168515
387  406  0.0155679
388  401  0.914519
388  405  0.0160907
389  400  0.914819
389  402  0.044702
389  404  0.0159801
390  399  0.877107
390  403  0.0149943
391  400  0.0352893
392  399  0.048963
392  400  0.0167533
393  399  0.0152938
423  431  0.0156395
424  430  0.0154852
452  575  0.0882234
453  574  0.0835655
457  571  0.995997
458  570  0.99797
459  569  0.999373
460  568  0.999373
461  567  0.997595
462  566  0.999179
463  565  0.99777
464  564  0.923681
465  487  0.977561
466  486  0.984155
467  485  0.985375
468  484  0.980681
469  482  0.111471
469  483  0.782038
471  479  0.0820629
471  480  0.750295
472  478  0.0817078
472  479  0.897504
473  478  0.869056
488  496  0.0119767
489  495  0.0119489
490  559  0.0108434
493  559  0.936286
494  558  0.936377
496  501  0.0204091
502  541  0.989896
503  540  0.990281
504  539  0.98963
505  538  0.989665
506  537  0.989583
507  535  0.166876
507  536  0.808173
508  534  0.171042
508  535  0.785095
510  529  0.662681
510  532  0.0442321
510  533  0.116922
511  528  0.117995
511  531  0.052402
511  532  0.108696
512  527  0.284541
512  530  0.0455711
512  534  0.034843
513  526  0.921412
513  527  0.0103388
514  525  0.921217
514  526  0.0110963
515  523  0.0171583
515  524  0.878427
515  531  0.0459145
516  522  0.018303
516  525  0.0154305
516  530  0.0484429
517  521  0.0127146
517  524  0.0147353
517  529  0.0441443
518  523  0.0103228
518  528  0.0426747
519  527  0.0432843
528  534  0.026576
528  535  0.0179736
529  534  0.0212079
544  556  0.957509
544  559  0.0114851
545  555  0.954311
545  558  0.0114553
548  553  0.0123409
