2  601  0.0145831
3  129  0.269776
3  599  0.610693
4  128  0.270284
4  598  0.612153
5  127  0.270983
5  597  0.612041
5  605  0.023785
6  126  0.270521
6  596  0.600918
7  125  0.269357
7  595  0.570839
7  603  0.0422815
8  124  0.266308
8  594  0.463073
8  602  0.0495438
9  123  0.244824
9  594  0.010167
9  601  0.0507089
10  122  0.0847777
10  593  0.011645
10  600  0.0426246
12  122  0.204693
13  121  0.297129
13  401  0.0281497
13  586  0.0113607
13  598  0.113019
14  120  0.298948
14  400  0.0282856
14  585  0.0113566
14  597  0.113983
15  119  0.260717
15  399  0.0282509
15  587  0.365161
15  596  0.11409
16  66  0.0109573
16  118  0.131155
16  398  0.0282316
16  586  0.349007
16  595  0.0999366
17  117  0.111104
17  397  0.0282384
17  585  0.359376
17  594  0.100145
18  64  0.124087
18  116  0.101363
18  396  0.0282442
18  584  0.40887
18  593  0.114217
19  63  0.198238
19  67  0.110394
19  395  0.0282379
19  444  0.130327
19  583  0.406227
19  592  0.110284
20  62  0.198252
20  66  0.112306
20  394  0.0272608
20  443  0.132037
20  581  0.015023
20  582  0.333994
20  591  0.102125
21  61  0.198316
21  65  0.113101
21  393  0.0264425
21  442  0.13843
21  580  0.0295379
22  60  0.174213
22  64  0.112726
22  441  0.121441
23  62  0.105763
23  391  0.0251013
23  581  0.246865
24  61  0.0976203
24  390  0.0232878
24  576  0.0181926
24  580  0.243332
25  58  0.302758
25  60  0.0156216
25  439  0.632692
25  575  0.0165127
26  57  0.336521
26  438  0.636229
26  573  0.0181845
27  56  0.338185
27  437  0.637208
27  572  0.0183353
28  55  0.338632
28  436  0.637793
28  571  0.0183135
29  54  0.338623
29  435  0.637796
29  570  0.0182051
30  53  0.336798
30  434  0.637008
31  52  0.31032
31  433  0.632701
31  567  0.0180934
32  47  0.275322
32  432  0.615817
32  566  0.0183243
33  46  0.294651
33  49  0.0243835
33  429  0.0210262
33  431  0.554159
34  45  0.296876
34  48  0.0264771
34  428  0.0246139
35  44  0.267771
35  563  0.0175972
36  341  0.0168937
37  44  0.0430293
37  341  0.0293346
37  561  0.0179328
38  43  0.0646919
38  195  0.0104774
38  339  0.137397
38  340  0.0397044
38  426  0.370295
38  560  0.0182931
39  194  0.0104844
39  338  0.217859
39  425  0.369021
39  559  0.0131045
40  193  0.0107957
40  337  0.220363
40  424  0.363055
41  192  0.0124314
41  317  0.0271948
41  336  0.220282
41  423  0.338528
41  557  0.0166287
42  191  0.0129164
42  316  0.0583322
42  335  0.220412
42  556  0.0183508
43  190  0.0129164
43  315  0.0576937
43  334  0.218898
43  421  0.238272
43  422  0.0217074
43  555  0.0183526
44  189  0.0128932
44  333  0.0797441
44  421  0.0108345
44  554  0.0183412
45  188  0.0129002
45  333  0.114765
45  553  0.0183306
46  187  0.0106901
46  332  0.0909525
47  58  0.0162877
48  57  0.0174207
48  312  0.347311
48  315  0.246892
49  56  0.0131975
49  311  0.353023
49  314  0.256045
50  310  0.353532
50  313  0.256742
51  309  0.353388
51  312  0.256271
51  538  0.0164924
52  308  0.330062
52  537  0.0166267
53  536  0.0166618
54  310  0.257775
54  535  0.0164512
55  309  0.258508
55  534  0.016119
56  308  0.253738
57  305  0.375103
57  307  0.228147
58  304  0.551639
58  388  0.0140932
59  303  0.605816
59  387  0.0290747
60  185  0.0130513
60  302  0.612204
60  386  0.0316026
61  184  0.0137666
61  301  0.612835
61  385  0.031804
62  183  0.0138148
62  300  0.612712
62  384  0.0317616
63  182  0.0138143
63  299  0.61029
63  383  0.0317532
64  181  0.0137653
64  298  0.580539
64  382  0.0183397
65  180  0.0137424
65  297  0.575085
66  102  0.0195253
67  101  0.0210231
67  118  0.553732
67  298  0.0216499
68  100  0.0210378
68  117  0.564074
68  118  0.0939871
68  297  0.0231423
69  99  0.0210192
69  115  0.697571
69  117  0.0965358
69  231  0.0196883
69  294  0.0182792
70  114  0.716031
70  116  0.096485
70  230  0.0208738
70  293  0.018649
70  295  0.0857947
71  113  0.716056
71  115  0.0965728
71  229  0.0209248
71  292  0.0186577
71  294  0.0859172
72  83  0.0656385
72  112  0.716403
72  114  0.0955703
72  228  0.020821
72  293  0.0835511
73  82  0.0665774
73  111  0.71508
73  113  0.0944743
73  227  0.0208377
73  292  0.0835728
74  81  0.0673221
74  226  0.0199898
74  291  0.0734923
75  80  0.0600861
75  109  0.025175
75  110  0.0302521
75  112  0.0219203
75  225  0.0143152
76  107  0.0350771
76  109  0.0263237
76  110  0.104181
77  107  0.0327292
77  109  0.124148
77  110  0.0115285
78  107  0.0110438
78  109  0.0132474
79  107  0.370872
80  106  0.390939
81  253  0.0753076
82  102  0.813489
82  191  0.0114299
82  252  0.0753163
83  101  0.818946
83  190  0.0114636
83  251  0.0697847
84  100  0.819
84  118  0.0174609
84  189  0.0114638
84  289  0.0193193
85  99  0.818838
85  117  0.0184667
85  188  0.011421
85  288  0.0194344
86  97  0.734488
86  98  0.0799626
86  116  0.0184172
86  250  0.0288135
86  286  0.0214645
86  493  0.0101209
87  96  0.766495
87  115  0.0182544
87  285  0.0221038
87  492  0.0101374
88  185  0.0103611
88  248  0.0624401
88  284  0.0221058
88  491  0.0101337
89  113  0.018092
89  115  0.0117051
89  184  0.0104547
89  247  0.0638805
89  283  0.0221104
89  490  0.010127
90  97  0.0532563
90  112  0.018544
90  114  0.0161506
90  246  0.0636198
90  282  0.0219855
91  96  0.0510539
91  111  0.0185398
91  113  0.0161576
91  245  0.0636185
91  281  0.0219646
92  110  0.0164813
92  112  0.0163642
92  244  0.0620676
92  259  0.0145622
93  111  0.0152667
94  258  0.0217739
95  108  0.0294681
95  257  0.0224108
96  107  0.0366566
96  256  0.024216
97  106  0.0368815
97  255  0.0242695
98  105  0.0354514
98  238  0.0443397
98  254  0.0242544
99  114  0.0121959
99  253  0.0241577
100  236  0.0717316
100  252  0.0210946
101  112  0.0320876
101  235  0.0722826
102  111  0.0320561
102  234  0.0723706
103  110  0.0307358
103  233  0.0721225
104  109  0.0233426
104  232  0.0716657
107  229  0.0707251
108  228  0.0723411
109  227  0.0723553
110  226  0.072417
110  421  0.0105876
111  225  0.0716229
111  420  0.0194629
112  419  0.0194722
113  224  0.0709365
113  418  0.0245087
114  223  0.0709274
114  247  0.0265985
114  417  0.0245102
115  222  0.0627571
115  246  0.0339942
115  416  0.0244741
116  221  0.0505096
116  245  0.0339799
116  415  0.0245064
117  133  0.0147244
117  134  0.0183133
117  220  0.0190091
117  244  0.0340707
117  414  0.0245204
118  132  0.0313431
118  133  0.0141076
118  134  0.0100112
118  219  0.0122286
118  243  0.0333858
118  413  0.0243316
119  131  0.04201
119  242  0.0332408
120  130  0.052594
120  216  0.0133652
120  236  0.367347
120  241  0.0323582
120  242  0.0100548
120  381  0.0584693
121  129  0.0597596
121  215  0.0132196
121  235  0.367848
121  241  0.0105605
121  295  0.0301061
121  380  0.0585274
122  128  0.0522881
122  214  0.0128908
122  234  0.367341
122  240  0.010348
122  294  0.0298028
122  379  0.0584601
123  233  0.360127
123  293  0.0173403
123  378  0.0548153
124  232  0.328348
125  376  0.0513368
126  228  0.0134382
126  230  0.188241
126  375  0.0581698
126  593  0.0202477
127  225  0.171389
127  236  0.0622734
127  253  0.0112288
127  374  0.0581837
127  592  0.0234584
128  183  0.0155156
128  224  0.172686
128  228  0.208785
128  235  0.0623136
128  252  0.0112358
128  295  0.0462162
128  373  0.05353
129  182  0.015563
129  223  0.172487
129  227  0.214975
129  234  0.0617301
129  251  0.0112015
129  294  0.0463294
130  181  0.0152956
130  226  0.187043
130  589  0.0249535
130  590  0.0212898
130  598  0.0147984
131  180  0.0139223
131  292  0.0317428
131  588  0.026898
131  589  0.0251088
131  597  0.0271441
132  186  0.014581
132  291  0.0369731
132  587  0.0273403
132  588  0.0259319
132  596  0.0320282
132  597  0.0116004
133  185  0.0182845
133  290  0.0378632
133  586  0.0271126
133  587  0.0261056
133  595  0.0324348
133  596  0.0134851
133  606  0.0350003
134  184  0.0186999
134  223  0.166913
134  229  0.017568
134  289  0.0379097
134  328  0.037986
134  585  0.0271299
134  586  0.0254812
134  594  0.032682
134  595  0.0132884
134  605  0.0431996
135  178  0.0586437
135  183  0.0186552
135  222  0.187797
135  327  0.0431085
135  584  0.0117477
135  593  0.0143392
135  604  0.0244108
136  176  0.31589
136  326  0.0434819
137  175  0.33521
137  180  0.0203863
137  223  0.015927
137  227  0.0102353
137  325  0.0435588
138  174  0.337226
138  178  0.493176
138  222  0.0124118
138  324  0.0352077
139  173  0.341759
139  177  0.495985
140  172  0.342193
140  175  0.591608
141  171  0.327888
141  174  0.61363
142  173  0.628493
143  172  0.180047
144  171  0.179315
145  170  0.637149
146  169  0.321813
147  169  0.635437
148  168  0.985982
149  167  0.991939
150  166  0.992907
151  165  0.992922
152  164  0.992006
153  163  0.992704
154  162  0.990868
155  161  0.986518
156  160  0.845418
174  317  0.0265813
175  316  0.0484382
176  229  0.0233062
176  315  0.0494099
177  228  0.0469301
177  314  0.04966
178  227  0.0497373
178  255  0.0118768
178  313  0.0494723
179  221  0.549733
179  226  0.0498954
179  254  0.012442
180  220  0.764749
180  225  0.0349387
181  219  0.806406
181  224  0.0185729
181  225  0.0468458
181  253  0.0302252
182  218  0.809147
182  224  0.0617525
182  252  0.0337764
183  217  0.809187
183  223  0.0765943
183  251  0.0372901
184  216  0.796772
184  222  0.0752881
184  250  0.0369379
185  213  0.136315
185  215  0.652523
185  249  0.033354
186  212  0.763299
187  211  0.809997
187  221  0.0654124
187  226  0.0111095
188  210  0.821745
188  220  0.0763049
188  225  0.0128019
189  209  0.821831
189  219  0.0771787
189  224  0.0124119
189  225  0.0396209
190  207  0.822321
190  218  0.077199
190  222  0.0110723
190  224  0.0400856
191  206  0.822308
191  217  0.0770486
191  223  0.0403419
192  205  0.81903
192  220  0.067593
193  201  0.0102395
193  204  0.80788
193  213  0.0570698
193  219  0.0769311
194  200  0.0511654
194  212  0.07599
194  218  0.0770622
195  199  0.042213
195  202  0.443566
195  211  0.0786831
195  217  0.0770617
196  201  0.32322
196  210  0.0785243
196  216  0.0769982
197  215  0.0766349
198  208  0.0855114
198  214  0.0647242
198  409  0.010217
199  207  0.0892737
199  213  0.044828
199  408  0.0115737
200  206  0.0889186
200  211  0.0132908
200  407  0.0115753
201  211  0.0321583
201  406  0.0115719
202  210  0.0363199
202  213  0.0110439
202  405  0.0115687
203  212  0.014785
203  404  0.0106341
204  211  0.0146168
205  317  0.0105328
206  316  0.0138046
207  315  0.0138043
208  314  0.0137871
209  313  0.0137798
210  312  0.0133837
222  231  0.0114943
222  312  0.0516706
222  597  0.0860736
223  230  0.0116629
223  311  0.0604742
223  583  0.0542156
223  599  0.0181997
224  229  0.0108677
224  310  0.0608539
224  582  0.0544006
224  586  0.0532592
224  595  0.16933
224  598  0.0179657
225  309  0.0607462
225  581  0.0543675
225  585  0.0559213
225  594  0.171489
225  597  0.0176353
226  584  0.0560402
226  593  0.172708
227  246  0.0227246
227  307  0.0304985
227  580  0.0143948
227  583  0.056061
227  592  0.172794
228  245  0.0227565
228  579  0.0133682
228  582  0.0520605
228  591  0.161885
229  244  0.0224837
229  305  0.240093
230  304  0.306481
231  241  0.0234646
231  249  0.0168946
231  303  0.324525
232  240  0.0234797
232  248  0.0322354
232  302  0.326633
233  239  0.0229822
233  247  0.0339577
233  296  0.0211511
233  301  0.32662
234  246  0.0358685
234  295  0.0259661
234  300  0.327851
234  583  0.02692
235  245  0.0193207
235  294  0.025611
235  298  0.0133
235  299  0.316134
235  582  0.0269799
236  245  0.0184335
236  297  0.0252071
236  298  0.303366
236  581  0.0269762
237  244  0.048175
237  295  0.0705291
237  580  0.0255653
238  243  0.0316343
240  293  0.724972
241  292  0.775983
242  291  0.775682
243  290  0.77616
244  289  0.775725
245  252  0.725855
245  256  0.0330115
246  251  0.725969
246  255  0.0347985
256  288  0.915684
257  287  0.964957
258  286  0.97589
259  285  0.976093
260  284  0.976094
261  283  0.975233
262  282  0.975744
263  281  0.968213
264  280  0.881214
265  279  0.590081
266  278  0.513114
266  280  0.116233
267  279  0.384694
268  275  0.052402
268  278  0.477668
269  275  0.0427496
269  277  0.617489
270  274  0.0273383
270  276  0.619321
294  359  0.0103499
294  439  0.0149279
295  358  0.0104274
295  438  0.0149341
296  357  0.0104296
296  437  0.0149009
297  356  0.010439
297  436  0.01482
298  355  0.010439
298  393  0.0207208
299  354  0.0104385
299  392  0.0231797
300  352  0.0104151
300  391  0.0232308
301  351  0.0103998
301  390  0.023549
302  350  0.0103234
302  389  0.0235363
303  388  0.0234961
304  387  0.0234717
305  386  0.0217686
306  385  0.0188401
306  574  0.220352
306  586  0.012403
307  573  0.243618
307  585  0.0139506
307  594  0.0105481
308  572  0.243698
308  584  0.0139906
308  593  0.0106099
309  381  0.0202782
309  571  0.242763
309  583  0.0138941
309  592  0.0105846
310  380  0.0203468
310  444  0.275126
311  379  0.0199536
311  443  0.27584
312  332  0.0137066
312  378  0.0152662
312  442  0.276496
313  331  0.228612
313  420  0.0706449
313  441  0.276152
314  330  0.229236
314  419  0.0706935
314  440  0.276463
315  329  0.259275
315  418  0.0718293
315  439  0.276629
316  328  0.259283
316  417  0.0718393
316  438  0.2766
317  327  0.249723
317  416  0.0671771
317  437  0.25743
318  326  0.221481
319  434  0.221043
320  326  0.0125832
320  433  0.243918
321  325  0.0104133
321  412  0.0632286
321  424  0.0162307
321  432  0.245882
322  411  0.062193
322  423  0.0179963
322  431  0.230557
323  410  0.0543752
323  422  0.0188963
323  430  0.185955
324  412  0.0180583
324  421  0.0189401
324  427  0.0591714
325  408  0.0710118
325  413  0.0116883
325  420  0.0165237
325  426  0.0601544
326  407  0.0711214
326  410  0.140151
326  412  0.0102113
326  422  0.0574989
326  425  0.0559159
327  406  0.0707191
327  409  0.180007
327  421  0.128532
327  424  0.0177756
328  405  0.0679836
328  408  0.189372
328  418  0.0158648
328  420  0.377013
329  407  0.189322
329  417  0.0158625
329  419  0.377965
330  371  0.359067
330  416  0.0144132
330  418  0.380135
331  370  0.360516
331  417  0.380119
332  369  0.137673
332  415  0.392247
333  368  0.141589
333  414  0.392973
334  367  0.366187
334  413  0.393043
335  366  0.366191
335  412  0.392851
336  365  0.500524
337  364  0.583886
339  362  0.720384
340  361  0.730289
341  360  0.728806
341  361  0.0136556
341  415  0.109151
342  359  0.365181
342  414  0.18257
343  359  0.433705
343  413  0.182528
344  358  0.798897
344  412  0.182438
345  357  0.798518
346  356  0.794753
347  365  0.103403
348  354  0.619003
348  355  0.0890425
348  364  0.160876
349  353  0.236406
349  362  0.0290403
349  363  0.148998
350  361  0.0426628
350  362  0.136996
351  360  0.0701967
351  361  0.108316
352  359  0.0929995
360  414  0.0376942
360  436  0.0103936
361  413  0.0377334
361  435  0.0104885
362  434  0.0105515
363  433  0.010542
364  432  0.0105395
365  409  0.300742
366  408  0.624408
367  407  0.624622
368  406  0.624279
369  405  0.624333
370  404  0.596769
373  401  0.884152
374  400  0.887225
375  399  0.881651
376  398  0.862632
378  397  0.337592
379  396  0.325972
381  394  0.88293
382  393  0.943148
383  392  0.943245
384  391  0.940498
385  390  0.911194
394  408  0.0670071
395  407  0.0670661
396  406  0.067071
397  405  0.0670776
398  404  0.0541022
405  594  0.0150179
406  593  0.0151837
407  592  0.0150349
411  434  0.013004
411  584  0.0101165
412  433  0.0180932
412  503  0.0100814
412  583  0.0108561
413  432  0.0186418
413  502  0.0100965
413  582  0.0108639
414  501  0.0101732
414  581  0.0108633
415  500  0.0101619
416  429  0.380577
416  499  0.0101415
417  428  0.457062
417  498  0.0101451
418  427  0.457122
418  497  0.0101493
419  426  0.458647
419  439  0.02418
420  425  0.449455
420  438  0.0241923
421  436  0.015533
421  437  0.0246387
422  435  0.0155884
422  436  0.0253984
423  434  0.0143293
424  457  0.0115078
425  433  0.0337074
425  456  0.011828
426  432  0.0398282
426  455  0.0119832
427  454  0.0121276
428  453  0.0121082
435  446  0.0100367
441  574  0.494233
442  573  0.539197
443  572  0.535845
445  570  0.961211
446  569  0.965002
447  568  0.96586
448  567  0.964823
449  566  0.963102
450  565  0.960308
451  564  0.914513
452  563  0.73074
452  564  0.0151066
453  498  0.104423
453  505  0.221633
453  563  0.029233
454  497  0.107718
454  562  0.0425291
455  496  0.108699
455  503  0.860025
456  495  0.108703
456  502  0.860348
457  494  0.108656
457  501  0.86031
458  493  0.0943261
458  500  0.848036
459  496  0.0106781
460  490  0.0542586
460  492  0.0135845
460  495  0.0107348
462  493  0.0104271
462  498  0.795326
463  487  0.0511652
463  492  0.0112712
463  497  0.845345
464  485  0.0375119
464  486  0.0279762
464  496  0.844521
465  484  0.0377629
465  488  0.0241389
465  495  0.77477
466  484  0.0144706
466  487  0.0248574
466  494  0.648447
467  483  0.0169324
467  486  0.0225606
467  493  0.62178
468  492  0.558094
469  482  0.823134
470  481  0.958671
471  480  0.997786
472  479  0.997934
473  478  0.997888
482  491  0.0115095
483  490  0.0151603
483  494  0.118227
484  493  0.215371
485  490  0.143919
485  492  0.256863
486  491  0.212522
502  560  0.0123972
503  559  0.0123991
504  529  0.0111417
504  558  0.0122277
505  528  0.0136616
505  557  0.0114779
506  527  0.0143651
506  528  0.011628
507  527  0.0142224
507  562  0.856956
508  525  0.0189927
508  526  0.0133651
508  561  0.946503
509  524  0.0190359
509  525  0.0133433
509  560  0.958579
510  559  0.293772
511  523  0.0318835
512  522  0.0321265
512  557  0.962385
513  521  0.0323361
513  556  0.966975
514  520  0.0322224
514  555  0.967
515  519  0.0135204
515  554  0.96635
516  553  0.964931
517  552  0.966411
518  551  0.94375
520  548  0.94309
521  547  0.447277
522  546  0.449847
523  545  0.960794
524  544  0.9591
525  543  0.952451
527  542  0.0437447
528  542  0.897654
529  541  0.922646
530  540  0.901767
531  539  0.90331
533  538  0.964717
540  552  0.0259169
541  551  0.025965
542  550  0.0259841
543  549  0.0259594
544  548  0.0160786
571  586  0.0672554
572  585  0.0676122
575  582  0.0980578
575  586  0.249597
576  581  0.095739
576  585  0.25068
577  584  0.209106
586  592  0.0108238
