2  43  0.0132987
2  218  0.0539788
3  42  0.0146001
3  217  0.0650922
3  242  0.015257
4  39  0.618668
4  180  0.0195398
4  216  0.0282351
4  217  0.0110312
5  38  0.626453
5  55  0.0100869
5  179  0.0234946
5  216  0.0111479
5  242  0.122142
5  252  0.0694766
6  37  0.116816
6  178  0.0236257
6  214  0.0608037
6  241  0.122649
6  251  0.0702282
7  36  0.0748688
7  177  0.023237
7  240  0.121127
7  250  0.070342
8  35  0.587607
8  52  0.0149116
8  176  0.0202211
8  212  0.0814372
8  249  0.0693846
9  34  0.624946
9  51  0.0148982
9  211  0.081543
9  238  0.0138274
9  248  0.0576833
10  32  0.317161
10  33  0.312406
10  50  0.0148246
10  174  0.0240829
10  210  0.081484
11  31  0.632441
11  49  0.0112694
11  173  0.0281265
11  209  0.0813503
11  236  0.127457
12  30  0.633444
12  172  0.0283544
12  208  0.0809191
12  235  0.132865
13  29  0.632115
13  171  0.0283435
13  189  0.0606992
14  28  0.630821
14  170  0.0283582
14  188  0.0693534
14  233  0.164637
15  27  0.630742
15  169  0.0283276
15  187  0.0664621
15  232  0.164291
16  25  0.0405455
16  26  0.5703
16  168  0.0280599
17  24  0.0771548
17  146  0.0114437
17  167  0.0262133
17  185  0.0252963
17  231  0.188216
18  23  0.0356355
18  24  0.0689705
18  145  0.0127319
18  166  0.0215941
18  184  0.0281318
18  230  0.194468
19  23  0.0230611
19  24  0.0136956
19  40  0.0404894
19  144  0.0127553
19  165  0.0151851
19  183  0.0260763
19  229  0.198845
20  39  0.139554
20  228  0.200485
21  38  0.14877
21  227  0.200792
22  37  0.15028
22  226  0.199682
23  36  0.149815
24  35  0.149388
24  223  0.18204
25  34  0.144015
25  222  0.183839
26  221  0.164255
28  219  0.170038
29  218  0.197888
30  217  0.20054
31  216  0.200238
32  215  0.196393
33  214  0.183716
35  145  0.0162582
36  144  0.0195032
36  211  0.01407
37  143  0.0202907
37  210  0.0166073
38  208  0.111327
39  139  0.0884018
39  207  0.1108
40  138  0.115385
40  142  0.0139559
40  188  0.0107262
40  206  0.101134
40  240  0.0497025
40  268  0.0300644
41  137  0.11883
41  140  0.0736276
41  187  0.0103672
41  205  0.100268
41  239  0.049783
41  269  0.0256653
42  136  0.119191
42  139  0.0848027
42  204  0.0986058
42  238  0.0495953
42  267  0.413905
43  135  0.119146
43  138  0.0852173
43  266  0.42255
44  134  0.1192
44  137  0.0853274
44  184  0.0610164
44  236  0.0423642
44  265  0.422148
45  133  0.119261
45  136  0.0853696
45  183  0.0640973
45  235  0.0425159
45  264  0.420832
46  78  0.0297093
46  132  0.119141
46  135  0.0845652
46  182  0.0644369
46  233  0.012241
47  77  0.02705
47  131  0.115099
47  134  0.08454
47  181  0.0425369
47  232  0.0120191
47  270  0.0504904
48  76  0.0696863
48  130  0.107061
48  133  0.0843676
48  231  0.0110098
48  269  0.0928036
49  75  0.105116
49  78  0.0184554
49  132  0.0842659
49  179  0.0650025
49  268  0.0641155
50  77  0.0184081
50  129  0.0872076
50  131  0.0702731
50  178  0.0644168
50  267  0.0952713
50  269  0.0124238
51  128  0.0835544
51  177  0.0550414
51  266  0.136663
51  268  0.013688
52  76  0.0504466
52  129  0.045772
52  265  0.137038
52  267  0.0137148
53  126  0.181234
53  264  0.120013
54  73  0.784355
54  125  0.197565
55  72  0.785854
55  124  0.197599
56  71  0.785388
56  123  0.195057
57  70  0.783893
57  122  0.192148
58  69  0.783852
58  121  0.189095
59  68  0.784249
59  120  0.183675
60  67  0.786237
60  118  0.0103314
60  119  0.167621
61  66  0.785024
61  117  0.0106359
62  101  0.198729
63  100  0.199937
64  99  0.199972
65  98  0.200056
66  97  0.199514
67  96  0.163217
68  95  0.0593283
70  96  0.0311406
71  95  0.129969
72  94  0.164529
74  92  0.199356
74  173  0.0597719
74  197  0.0213863
75  91  0.201807
75  172  0.0659336
75  196  0.0241027
75  264  0.0160694
76  90  0.201913
76  171  0.066045
76  195  0.0243875
76  228  0.0140236
77  89  0.20157
77  170  0.0661927
77  194  0.0243728
77  202  0.0243885
77  227  0.0178544
77  262  0.586491
78  169  0.0661883
78  193  0.0243439
78  201  0.024465
78  226  0.0176963
78  261  0.588551
79  167  0.0651602
79  200  0.0233662
79  225  0.0134099
79  260  0.588748
80  86  0.199719
80  166  0.0652011
80  259  0.585869
81  85  0.123926
81  165  0.0650238
82  93  0.0264351
82  162  0.0241845
82  198  0.030919
82  255  0.542649
83  92  0.0447654
83  161  0.0162486
83  197  0.0337786
83  254  0.598728
84  91  0.0462843
84  161  0.0151135
84  196  0.0339392
84  225  0.0108856
84  253  0.601355
85  90  0.0464327
85  159  0.0518452
85  195  0.0337114
85  252  0.584538
86  158  0.0518919
86  194  0.0334018
86  223  0.655274
87  157  0.0488582
87  193  0.0186273
87  222  0.656294
88  152  0.0402222
88  156  0.0114673
88  221  0.657127
89  151  0.0482212
89  220  0.657662
90  150  0.0482236
90  193  0.0135914
90  219  0.657304
91  188  0.0131735
91  192  0.031587
91  217  0.353983
92  191  0.0310287
92  216  0.347809
93  184  0.177635
93  190  0.021315
93  214  0.112685
93  215  0.177724
94  147  0.0138212
94  183  0.194828
94  213  0.20436
95  145  0.576726
95  146  0.0115072
96  144  0.739025
97  143  0.787002
98  142  0.787268
99  141  0.780169
101  136  0.777092
101  139  0.0121893
102  114  0.196091
102  135  0.781089
102  138  0.0118029
103  113  0.196163
103  134  0.783029
103  137  0.0115506
104  112  0.193234
104  133  0.783428
104  136  0.0114221
105  132  0.780145
107  130  0.780554
108  129  0.784931
109  128  0.738689
113  125  0.800364
114  124  0.801915
115  123  0.791086
116  122  0.736426
117  121  0.369497
142  151  0.0118132
142  208  0.0198034
143  150  0.0115872
143  207  0.0197718
147  182  0.873403
148  181  0.873911
149  180  0.864601
150  159  0.0457815
150  179  0.831986
151  158  0.0466051
151  159  0.0120712
151  179  0.0203385
153  178  0.454354
154  176  0.0314275
154  177  0.716207
155  175  0.0280639
155  176  0.751207
155  177  0.0104017
156  174  0.0187742
156  175  0.742017
156  176  0.0113025
157  174  0.690089
159  172  0.749099
160  171  0.755763
160  175  0.0711116
161  170  0.755925
161  174  0.123021
162  169  0.461296
162  173  0.139207
163  169  0.0901179
163  172  0.139838
164  168  0.0356423
164  171  0.139548
165  170  0.135142
181  242  0.0234154
182  241  0.0234315
183  192  0.0194259
183  217  0.0633664
183  240  0.0218927
184  191  0.0152733
184  216  0.060576
188  213  0.072681
189  211  0.254053
190  210  0.285597
191  208  0.370026
191  209  0.244917
192  207  0.710126
192  208  0.12269
193  202  0.0354299
193  206  0.890237
194  201  0.0341229
194  205  0.890313
195  204  0.88735
196  202  0.0209743
208  217  0.0391285
209  216  0.0378326
210  215  0.0325177
222  266  0.053945
222  268  0.0120714
223  265  0.0580113
223  267  0.0129975
224  266  0.0121394
225  250  0.536264
226  247  0.0102806
226  249  0.535587
226  262  0.0761803
227  235  0.0112491
227  238  0.0148149
227  246  0.0104005
227  248  0.52127
227  261  0.0762196
228  234  0.0127649
228  237  0.0184526
228  260  0.0740422
233  238  0.14563
233  241  0.0107838
233  243  0.011265
235  240  0.18619
235  242  0.0368842
235  252  0.0141184
238  249  0.0242697
238  250  0.0509397
240  248  0.131217
241  247  0.451416
241  249  0.0379763
242  246  0.366494
242  248  0.0383251
243  247  0.0256747
246  268  0.206393
247  267  0.212615
248  266  0.213056
249  265  0.213272
250  264  0.2092
252  259  0.0242572
252  261  0.0725039
253  262  0.0171478
261  268  0.0167907
262  267  0.0170534
