1  482  0.0241428
1  487  0.24395
1  512  0.432607
2  481  0.0241987
2  486  0.24756
3  479  0.0182526
3  480  0.0193868
3  485  0.248773
3  511  0.666007
4  478  0.0228762
4  484  0.244718
4  510  0.671523
5  477  0.022639
5  478  0.0118708
5  509  0.667999
6  476  0.0214095
6  477  0.0123251
6  481  0.0766257
6  508  0.659398
7  479  0.0323382
7  480  0.0918947
7  482  0.0242848
7  507  0.563641
8  507  0.0130916
9  477  0.0752378
9  506  0.0220781
11  475  0.941131
12  474  0.991598
13  473  0.995262
14  472  0.995271
15  471  0.745592
16  470  0.496003
16  471  0.248189
17  469  0.247985
17  470  0.49573
18  469  0.744053
19  468  0.993786
20  467  0.99574
21  466  0.995753
22  465  0.972761
24  86  0.0421077
25  85  0.045462
25  462  0.0368317
25  463  0.901128
26  84  0.0454269
26  462  0.910622
27  83  0.0456521
27  461  0.948278
28  82  0.0456542
28  460  0.947228
29  81  0.0455929
30  80  0.0454179
31  79  0.0369065
31  457  0.132568
32  438  0.0126668
33  77  0.0455177
33  437  0.0134207
33  455  0.926955
34  76  0.0455505
34  436  0.0134214
34  454  0.927773
35  75  0.0452979
35  435  0.0134049
35  453  0.916115
36  74  0.0175653
36  434  0.0133429
37  433  0.012285
37  451  0.264478
37  452  0.166277
38  72  0.0365532
38  450  0.300262
38  451  0.147966
39  71  0.0373488
40  449  0.88718
41  448  0.928242
42  447  0.938022
43  446  0.937806
44  445  0.936942
45  66  0.0454145
45  444  0.938139
46  65  0.0472337
46  425  0.0127616
46  443  0.938348
47  64  0.0472907
47  424  0.0127781
47  442  0.93838
48  63  0.0472901
48  423  0.0127174
48  441  0.90854
49  62  0.0472888
49  439  0.844603
49  441  0.0297236
50  61  0.0471921
50  421  0.0115473
50  438  0.783973
50  440  0.0593393
51  60  0.0467206
51  420  0.0116174
51  435  0.760445
51  439  0.0575715
52  59  0.0351925
52  434  0.776813
52  436  0.0850721
52  437  0.029158
53  433  0.763541
53  435  0.040811
54  435  0.107255
55  418  0.0170187
55  431  0.558972
55  434  0.107831
56  417  0.0170761
56  429  0.462494
56  430  0.375098
56  433  0.0832649
57  416  0.0171188
57  428  0.739535
57  429  0.188042
58  415  0.0171339
58  427  0.93015
59  414  0.0170829
59  426  0.929693
60  413  0.0168824
60  425  0.929629
61  424  0.92375
62  405  0.696761
63  95  0.232931
63  404  0.697586
64  94  0.239502
64  403  0.697564
65  93  0.239737
65  402  0.696911
66  76  0.0175723
66  92  0.241305
66  389  0.0112525
66  400  0.610945
67  75  0.0176639
67  388  0.0112285
67  399  0.610379
68  74  0.0151361
70  93  0.0656519
70  399  0.0268784
71  92  0.0670105
71  398  0.0278429
72  86  0.870284
73  85  0.911505
74  84  0.910526
75  83  0.912753
76  82  0.912284
77  81  0.565023
78  393  0.0127877
79  392  0.0180996
82  389  0.0184321
83  388  0.0184326
84  387  0.0183791
85  92  0.010334
85  386  0.0183269
86  385  0.0180725
87  384  0.0111772
92  391  0.0681262
92  463  0.0378772
93  387  0.0133204
93  390  0.0723564
93  394  0.213631
94  386  0.0133121
94  389  0.0733386
94  392  0.590256
94  461  0.0431677
95  385  0.0132087
95  388  0.0225961
95  391  0.591535
95  460  0.0437262
96  384  0.0108309
96  390  0.59162
96  459  0.0437062
97  111  0.0135522
97  386  0.0739994
97  389  0.592284
97  412  0.236144
97  458  0.0437544
98  110  0.0136447
98  385  0.0740538
98  388  0.592261
98  411  0.243282
98  457  0.0437521
99  109  0.0136308
99  384  0.0740298
99  387  0.573432
99  410  0.244539
99  456  0.0433279
100  108  0.0128424
100  363  0.0152774
100  383  0.0746581
100  386  0.548696
100  387  0.0178113
100  409  0.121995
100  455  0.0431714
101  107  0.0105375
101  111  0.415085
101  362  0.0361131
101  365  0.0401213
101  367  0.042444
101  382  0.0729116
101  386  0.0355865
101  408  0.122712
101  454  0.0425033
102  110  0.409789
102  361  0.0366447
102  364  0.0398449
102  366  0.0423962
102  381  0.0726204
102  385  0.0532639
102  407  0.244798
102  427  0.0422636
103  360  0.0355179
103  364  0.0368857
103  406  0.244655
103  426  0.0425652
104  109  0.055457
104  362  0.0100664
104  363  0.0642721
104  383  0.0359384
104  405  0.244699
104  425  0.0426899
105  362  0.0714463
105  382  0.0314363
105  404  0.238931
105  424  0.0426238
106  357  0.0161978
107  356  0.014572
107  360  0.163851
107  403  0.020748
107  422  0.0387493
108  353  0.0345111
108  359  0.18298
108  421  0.0408241
109  352  0.0374628
109  358  0.184514
109  385  0.023857
109  420  0.0410777
110  325  0.222444
110  357  0.0119437
110  383  0.0395882
110  384  0.0245112
110  386  0.0920503
110  400  0.027936
110  404  0.0136556
111  324  0.222593
111  385  0.0953642
111  399  0.027948
111  403  0.0138801
112  323  0.222645
112  325  0.0476216
112  382  0.681928
112  398  0.0138936
113  135  0.0169365
113  322  0.222438
113  324  0.0476491
113  381  0.6908
114  134  0.0198891
114  323  0.0483752
114  380  0.69376
115  133  0.0198714
115  320  0.0543384
115  322  0.0481822
115  379  0.69304
116  132  0.0198566
116  319  0.0515004
116  321  0.046658
116  378  0.69172
117  131  0.019884
117  318  0.0565361
117  377  0.693309
118  129  0.0198939
118  316  0.270003
118  376  0.693678
119  128  0.0198902
119  315  0.271205
119  375  0.693185
120  127  0.0178447
120  314  0.270924
120  374  0.350557
121  313  0.271123
121  373  0.343607
122  312  0.271353
122  372  0.685333
124  261  0.963825
125  260  0.967187
126  259  0.968842
127  258  0.968857
128  257  0.968741
129  242  0.0129519
129  256  0.905721
130  175  0.017899
130  241  0.013092
131  171  0.0270027
131  172  0.0146269
131  174  0.0223213
131  199  0.017987
131  234  0.06054
131  240  0.0131084
132  176  0.0149164
132  198  0.0180799
132  233  0.0548249
133  175  0.0201809
133  197  0.0180765
134  150  0.0220429
134  171  0.0403674
134  172  0.0147713
134  174  0.0219821
134  196  0.0178962
134  229  0.388826
134  234  0.0241312
134  243  0.0223636
135  149  0.0226106
135  153  0.121502
135  154  0.162994
135  216  0.0104962
135  227  0.169499
135  228  0.37051
135  233  0.0212381
135  242  0.0209196
136  148  0.0227179
136  152  0.125783
136  153  0.162137
136  215  0.0117629
136  226  0.197592
136  227  0.342501
136  232  0.0212925
136  394  0.0153716
137  147  0.021981
137  151  0.126661
137  193  0.0109619
137  214  0.01174
137  225  0.224671
137  231  0.0198911
137  393  0.0154041
138  152  0.0282648
138  213  0.0113701
138  224  0.213703
138  226  0.290798
138  239  0.0208971
138  392  0.0154262
139  150  0.299997
139  189  0.321085
139  225  0.284875
139  238  0.0208018
139  391  0.0154244
140  149  0.302576
140  188  0.466302
140  390  0.0153344
141  148  0.294875
141  187  0.487756
141  389  0.0151975
142  186  0.448803
143  186  0.0383428
144  185  0.0752064
145  183  0.333093
146  176  0.0111694
147  175  0.013723
148  174  0.0152767
148  180  0.547121
149  173  0.0142894
149  179  0.543982
150  176  0.0590076
150  178  0.525664
151  175  0.214833
151  177  0.363109
152  172  0.0390933
152  174  0.430891
153  171  0.038687
153  172  0.62626
153  247  0.0125887
154  171  0.632071
154  246  0.0156463
155  245  0.0129677
156  169  0.989651
157  168  0.992084
158  167  0.99175
159  166  0.989505
160  165  0.649518
171  228  0.0684625
172  227  0.0685461
173  254  0.111198
174  224  0.010359
174  226  0.0672901
174  253  0.124462
175  192  0.0778607
175  225  0.0468357
175  252  0.0885034
176  191  0.114297
176  251  0.0509555
176  252  0.0446485
177  190  0.142248
177  223  0.101235
177  235  0.0124774
177  250  0.0116403
177  251  0.082551
178  189  0.147633
178  222  0.108689
178  234  0.0134901
178  250  0.111831
179  188  0.147527
179  221  0.109671
179  233  0.0134574
179  249  0.109332
179  254  0.0170872
180  187  0.145924
180  220  0.110505
180  232  0.0132458
180  253  0.0195044
181  186  0.0957282
181  219  0.109988
183  199  0.115961
183  246  0.0569375
183  247  0.0138905
183  250  0.0119473
184  198  0.116692
184  245  0.0400117
185  197  0.0142977
185  224  0.053717
185  245  0.0698053
185  249  0.0261632
186  196  0.0149999
186  223  0.0537809
186  244  0.101586
186  248  0.0338247
187  195  0.116952
187  222  0.0535408
187  243  0.101522
187  247  0.0339583
188  193  0.0266589
188  194  0.110927
188  246  0.0316657
189  224  0.0163877
189  245  0.0145444
194  221  0.707146
195  211  0.0139672
195  220  0.82698
196  210  0.0139801
196  219  0.827594
197  209  0.011118
197  218  0.825426
198  217  0.808012
199  215  0.0172343
199  216  0.70475
203  212  0.862609
204  211  0.953717
205  210  0.940181
212  251  0.016402
213  250  0.0183969
214  249  0.0182124
215  247  0.0165191
216  246  0.0164034
217  245  0.0145891
219  247  0.0249379
220  246  0.0249894
221  243  0.0526725
222  242  0.335246
223  241  0.335684
224  240  0.33592
225  239  0.336033
226  238  0.326753
228  234  0.0352165
228  243  0.027164
229  233  0.0136975
229  242  0.0298844
230  241  0.0243826
233  238  0.0219485
234  253  0.015221
235  254  0.010984
237  254  0.0444209
238  253  0.0476037
239  250  0.559427
240  249  0.574202
241  248  0.576133
242  247  0.568044
245  255  0.0285637
246  254  0.0342877
247  253  0.0367966
254  378  0.015621
255  377  0.0190305
256  376  0.0193452
257  375  0.0197078
258  374  0.0196878
259  373  0.0196317
262  311  0.279448
262  367  0.573529
263  310  0.279642
263  366  0.286998
264  309  0.279533
264  366  0.398257
265  365  0.704706
266  304  0.277693
266  364  0.704701
267  303  0.273945
267  363  0.703117
268  302  0.273683
268  362  0.704176
270  300  0.106749
271  299  0.282503
271  359  0.70233
272  298  0.282581
272  358  0.704775
273  297  0.277747
273  357  0.469737
274  357  0.0138558
275  294  0.12288
275  295  0.0656119
275  355  0.128961
275  356  0.0182673
276  293  0.146918
276  354  0.125618
278  291  0.266986
279  290  0.284659
279  325  0.70645
280  289  0.28682
280  324  0.706801
281  288  0.286081
281  323  0.70569
282  287  0.232197
282  322  0.640603
283  320  0.0110062
283  321  0.514301
284  319  0.0140883
285  319  0.018805
285  322  0.054843
286  320  0.0754535
286  321  0.0750072
288  319  0.662861
289  318  0.697895
290  317  0.702679
291  316  0.702092
292  315  0.70362
293  314  0.701648
297  312  0.637759
298  311  0.631261
301  310  0.691496
302  309  0.713955
303  308  0.711451
327  348  0.989959
328  347  0.995886
329  346  0.996853
330  345  0.996839
331  344  0.996126
332  343  0.815527
333  342  0.75766
333  343  0.179274
334  342  0.178294
361  380  0.0460104
362  402  0.0309578
363  378  0.0917746
363  401  0.0313711
364  377  0.113951
364  400  0.031508
365  376  0.114817
365  399  0.0315039
366  375  0.114991
366  398  0.029115
367  374  0.113157
369  395  0.0225315
370  394  0.0230458
372  384  0.133533
373  383  0.158544
374  382  0.159015
375  381  0.159111
376  380  0.0985511
381  404  0.015378
382  403  0.016118
383  402  0.0216267
384  393  0.012493
384  401  0.0216748
385  392  0.0394545
385  400  0.0216984
386  391  0.0367186
386  399  0.0162442
387  403  0.0192304
388  398  0.0100856
389  402  0.19718
390  401  0.217451
391  400  0.225227
392  399  0.222456
407  418  0.719554
408  417  0.720004
409  416  0.720254
410  415  0.710319
430  449  0.0375867
431  448  0.0404468
432  447  0.0402996
433  446  0.0385416
434  445  0.0357876
435  442  0.0272692
436  441  0.0270033
440  459  0.0129523
441  458  0.0146679
442  457  0.0146542
444  455  0.0150496
445  454  0.0150519
446  453  0.0143714
479  503  0.0100627
480  501  0.0127908
480  505  0.553023
481  500  0.0125992
481  504  0.568247
482  503  0.568973
483  501  0.03038
483  502  0.518921
484  499  0.0748986
484  500  0.122132
485  498  0.100565
485  501  0.141779
485  505  0.0969879
486  499  0.295642
486  504  0.0978173
487  498  0.282779
487  503  0.0830411
488  498  0.039807
488  501  0.0409609
488  503  0.0277109
489  502  0.0408243
490  501  0.0382575
490  502  0.0152038
490  506  0.0101259
491  498  0.0353359
491  501  0.0162833
491  505  0.0107292
492  505  0.0101719
493  498  0.0316364
493  505  0.0118115
494  503  0.0367492
495  502  0.0356157
495  510  0.0129294
496  501  0.0268439
496  509  0.0168919
497  505  0.0106288
498  507  0.0332647
499  506  0.0471176
500  505  0.0458612
500  513  0.10706
501  512  0.122223
503  511  0.126001
504  510  0.121206
