1  775  0.018637
2  16  0.239124
2  774  0.0222597
2  776  0.114391
3  15  0.299955
3  775  0.130243
4  14  0.308017
4  770  0.0126951
4  773  0.545585
4  774  0.0671899
5  13  0.309021
5  769  0.0133803
5  772  0.63878
6  12  0.298943
6  771  0.621497
7  17  0.0176969
7  767  0.0118342
8  16  0.0177318
8  766  0.0110197
8  769  0.529866
9  15  0.017282
9  768  0.592117
10  603  0.010724
10  767  0.591678
11  602  0.0114277
12  601  0.0133743
13  19  0.0355493
13  599  0.276578
14  18  0.0135462
15  598  0.45298
16  597  0.498042
17  596  0.498665
17  772  0.0547697
18  595  0.011796
18  596  0.052263
18  761  0.014024
18  770  0.0774332
18  771  0.0292705
18  773  0.0182065
19  595  0.577735
19  760  0.0150192
19  769  0.104258
19  772  0.019517
20  594  0.592423
20  768  0.0803949
21  593  0.593127
22  592  0.594462
23  56  0.1635
23  591  0.594046
23  760  0.160459
24  46  0.0417668
24  55  0.186084
24  293  0.0169982
24  304  0.0111773
24  589  0.464061
24  590  0.0473426
24  759  0.169851
25  45  0.0420974
25  54  0.186096
25  292  0.0169991
25  303  0.0112281
25  588  0.484457
25  758  0.169824
26  44  0.0422567
26  53  0.185147
26  291  0.0122192
26  302  0.012078
26  757  0.163025
27  43  0.0423209
27  52  0.175158
27  90  0.0144592
27  301  0.0132406
27  584  0.0152799
27  586  0.352215
27  756  0.149077
28  41  0.0492707
28  42  0.0216612
28  51  0.0848022
28  89  0.0192277
28  300  0.0133015
28  583  0.0152003
28  585  0.38419
29  40  0.0829743
29  44  0.0173484
29  50  0.037015
29  88  0.0200676
29  299  0.0132695
29  582  0.0105829
29  584  0.379351
29  755  0.0300301
30  39  0.0839756
30  43  0.0182809
30  48  0.0217837
30  87  0.0201442
30  297  0.0126623
30  582  0.0683311
30  586  0.0150569
30  588  0.0168117
30  754  0.0300904
31  38  0.0639951
31  42  0.016473
31  47  0.0218456
31  51  0.147121
31  86  0.0201368
31  296  0.0124755
31  583  0.341798
31  585  0.0111792
31  587  0.018394
32  50  0.200159
32  85  0.0201437
32  275  0.0426986
32  294  0.0125103
32  582  0.344937
32  586  0.0184597
33  46  0.0528775
33  49  0.210934
33  84  0.0199221
33  274  0.546266
33  293  0.012076
34  39  0.0149368
34  45  0.0533024
34  48  0.210926
34  273  0.564129
34  292  0.0119949
35  47  0.199
35  83  0.0193239
35  272  0.573815
36  44  0.100508
36  82  0.0193099
36  271  0.576094
37  43  0.102125
37  45  0.169499
37  81  0.019278
37  270  0.578654
38  44  0.154571
38  269  0.578481
39  268  0.578768
40  267  0.576762
41  266  0.551532
42  64  0.0123551
43  264  0.556894
44  62  0.0207621
44  263  0.556142
45  61  0.0231546
45  262  0.529752
46  60  0.0231499
46  754  0.0820581
47  56  0.0332316
47  571  0.0180295
47  753  0.0999699
48  55  0.569831
48  211  0.0111544
48  570  0.0231051
48  752  0.105139
49  54  0.570066
49  210  0.0112819
49  569  0.0231081
49  751  0.1051
50  209  0.0113286
50  568  0.0231221
51  208  0.0112694
51  567  0.0230869
52  207  0.0105986
52  566  0.022743
53  62  0.014748
53  565  0.0199793
53  747  0.120088
54  61  0.0190736
54  564  0.0163821
54  746  0.123611
55  60  0.0182485
55  745  0.123615
56  120  0.502659
56  744  0.124747
57  119  0.503751
57  560  0.0110457
57  743  0.124504
57  755  0.126761
57  761  0.0158997
58  118  0.502791
58  559  0.0111228
58  742  0.124099
58  754  0.135943
58  760  0.0164363
59  70  0.131562
59  115  0.0754557
59  116  0.0101655
59  208  0.0118232
59  753  0.136037
59  760  0.0292018
60  69  0.186573
60  113  0.223739
60  114  0.091604
60  207  0.0160853
60  752  0.136164
60  759  0.0827302
61  68  0.185583
61  112  0.225278
61  751  0.136134
61  758  0.0827698
62  112  0.0941938
62  115  0.0136417
62  679  0.0102291
62  750  0.111406
62  757  0.0816473
63  110  0.0295489
63  111  0.207638
63  114  0.0142547
63  204  0.122758
63  486  0.0100884
63  678  0.123054
64  109  0.039108
64  110  0.196724
64  203  0.122981
64  485  0.0102369
64  677  0.130423
65  80  0.340989
65  109  0.0315695
65  202  0.123008
65  484  0.0102516
65  676  0.133557
66  79  0.408727
66  201  0.122903
66  483  0.0102224
66  675  0.133811
66  754  0.0818472
67  78  0.408826
67  753  0.08226
68  77  0.411608
68  199  0.122246
68  672  0.113316
68  673  0.016567
68  752  0.0823397
69  76  0.406558
69  198  0.122288
69  671  0.134329
69  751  0.0822974
70  179  0.0863134
70  670  0.127685
71  178  0.118769
72  90  0.096222
72  177  0.123335
72  666  0.104797
72  668  0.0349894
73  89  0.109721
73  176  0.125368
73  665  0.11257
73  667  0.0367749
74  88  0.112069
74  175  0.125898
74  664  0.115386
74  666  0.0310309
75  87  0.112295
75  174  0.125899
75  663  0.116101
76  86  0.112227
76  113  0.138911
76  140  0.0124915
76  154  0.124912
76  628  0.0139039
76  662  0.115702
77  85  0.112316
77  112  0.1404
77  139  0.0124973
77  153  0.124831
77  627  0.0143138
77  663  0.0390617
78  84  0.108971
78  111  0.140209
78  138  0.012553
78  626  0.0143392
78  661  0.105656
78  662  0.0417132
79  83  0.0414929
79  110  0.130969
79  137  0.0124292
79  625  0.0143398
79  660  0.103351
79  661  0.0412176
80  151  0.123735
80  624  0.0143232
81  105  0.666053
81  150  0.134405
81  623  0.0142832
81  660  0.0121372
82  104  0.668184
82  149  0.134355
82  659  0.0120576
83  103  0.668324
83  148  0.134323
83  622  0.012119
83  658  0.0116958
84  102  0.667105
84  147  0.13423
84  621  0.0121258
84  657  0.011639
85  101  0.66571
85  129  0.148568
85  619  0.0143619
86  128  0.151496
87  100  0.680951
87  127  0.152319
88  99  0.680931
88  108  0.0113791
88  126  0.152139
88  616  0.0143866
89  98  0.680112
89  107  0.0117602
89  125  0.150578
89  615  0.0143739
90  97  0.672688
90  106  0.0116459
90  124  0.14005
90  614  0.0143599
91  96  0.610651
91  613  0.01431
91  750  0.0477739
92  612  0.0142375
92  749  0.0575726
93  103  0.0131678
93  611  0.01426
93  748  0.0575749
94  102  0.0130781
94  610  0.0142001
95  571  0.0133755
96  122  0.15891
96  570  0.0170776
96  746  0.0686388
97  121  0.18105
97  569  0.0170679
97  745  0.0686641
98  120  0.185427
98  568  0.0170872
98  744  0.0688237
99  119  0.185363
99  567  0.0160569
99  743  0.0687171
100  118  0.184592
100  742  0.0682616
101  115  0.152616
102  114  0.198295
102  565  0.0167134
103  113  0.198064
103  564  0.0171285
104  112  0.141459
104  563  0.0171487
104  737  0.0118219
105  112  0.0240389
105  562  0.0171297
105  736  0.0118814
106  561  0.0143368
106  735  0.0104777
110  658  0.218194
111  657  0.240962
112  656  0.255953
113  655  0.255981
114  654  0.255987
115  653  0.253702
116  652  0.245906
117  651  0.225009
118  636  0.25482
119  635  0.255892
120  634  0.256171
121  633  0.255885
122  632  0.25582
123  631  0.255748
124  630  0.229931
125  260  0.557996
126  259  0.806192
127  258  0.825238
128  257  0.825313
129  256  0.804308
130  255  0.782832
130  256  0.0260721
131  144  0.0972059
131  255  0.0478802
132  143  0.134896
132  254  0.809466
133  142  0.134834
133  253  0.807948
134  141  0.105903
134  252  0.717744
139  235  0.633849
139  236  0.150627
139  481  0.0132149
140  234  0.832372
140  480  0.0132509
141  233  0.835636
141  479  0.0221487
142  232  0.836542
142  478  0.0221686
143  231  0.836524
143  477  0.0221657
144  230  0.833409
144  476  0.0219499
145  229  0.78261
145  475  0.0115916
146  229  0.0171272
147  224  0.0217464
147  225  0.402862
147  227  0.127142
147  228  0.0339142
147  474  0.019495
148  226  0.165245
148  227  0.0327418
148  473  0.019544
149  223  0.62489
149  472  0.0166373
150  222  0.63614
151  221  0.318725
151  470  0.0182794
152  221  0.495393
152  469  0.0205053
153  220  0.814689
153  468  0.0205712
154  219  0.814323
154  222  0.0180632
154  467  0.0205606
155  221  0.018384
156  170  0.0289952
156  173  0.903392
156  220  0.0183334
157  172  0.89856
157  219  0.0180917
158  171  0.802277
158  218  0.0157947
159  168  0.391014
159  170  0.577234
160  167  0.980872
160  385  0.0110285
161  166  0.984234
161  384  0.0110489
162  383  0.0110395
163  382  0.0110489
164  381  0.0107555
165  380  0.010415
166  379  0.010001
176  217  0.699175
177  216  0.843215
178  215  0.841682
179  214  0.824574
180  213  0.819425
181  194  0.984675
182  193  0.994195
183  192  0.994313
184  191  0.99041
185  190  0.897911
196  214  0.0273529
197  213  0.0385388
198  211  0.225539
198  212  0.503009
199  210  0.117868
200  210  0.718718
201  209  0.847632
202  208  0.76809
208  689  0.0223043
209  688  0.109677
210  687  0.113376
211  686  0.113614
212  685  0.113622
213  684  0.113578
214  683  0.110211
215  680  0.0863042
215  682  0.0229389
216  679  0.113374
217  678  0.113442
218  677  0.11297
219  676  0.113403
220  675  0.113383
222  673  0.111384
223  233  0.0167125
223  672  0.11123
224  232  0.0186203
224  671  0.107991
225  231  0.0184854
228  666  0.0346043
229  665  0.0359111
230  663  0.0215589
230  664  0.0239404
231  453  0.0103099
231  580  0.0350088
231  662  0.0489935
232  452  0.0105305
232  579  0.0359476
232  661  0.0489806
233  451  0.0110752
233  578  0.0366556
234  450  0.0127234
234  577  0.0357892
234  659  0.020687
235  449  0.0127101
235  576  0.0298475
235  658  0.0491674
236  252  0.145103
236  448  0.0126181
236  657  0.0491818
237  251  0.94861
237  656  0.0486289
238  250  0.949543
238  655  0.0486269
239  249  0.94908
239  654  0.0185073
240  248  0.949573
240  653  0.0167629
241  247  0.895804
241  652  0.0455771
242  246  0.520139
242  651  0.0289922
245  648  0.0138784
246  647  0.0146421
247  646  0.0143201
248  483  0.0179331
248  651  0.0129537
249  482  0.0184534
249  650  0.0148431
250  481  0.0185464
250  643  0.0140372
250  649  0.0149478
251  480  0.0185462
251  642  0.0140432
251  648  0.0149472
252  398  0.0163005
252  479  0.0186563
252  641  0.0114391
252  647  0.0132865
253  397  0.0163265
253  478  0.0186567
253  631  0.0283284
254  396  0.0163053
254  477  0.0186053
254  630  0.0292179
255  375  0.0820407
255  456  0.0128143
255  629  0.0299008
256  374  0.0822648
256  455  0.0128442
256  628  0.0298381
257  373  0.0821911
257  454  0.0128316
257  627  0.0261013
258  268  0.0309167
258  372  0.0820823
258  453  0.0128254
259  267  0.0307247
259  371  0.0751524
259  452  0.0125978
260  266  0.0294516
264  322  0.0748883
265  321  0.0829925
266  320  0.0859327
267  319  0.0861605
268  318  0.0867786
269  317  0.0890451
270  293  0.0148355
270  316  0.0894697
270  626  0.275395
270  629  0.0104169
271  315  0.0893813
271  625  0.275674
271  628  0.0104153
272  291  0.0205906
272  314  0.0883695
272  624  0.275422
272  627  0.0103757
273  290  0.0316659
273  313  0.0762533
273  623  0.275187
274  311  0.0126317
274  622  0.262412
275  289  0.369901
275  581  0.498261
276  288  0.38413
276  580  0.510423
276  590  0.0142686
276  620  0.0589344
277  287  0.386097
277  579  0.510593
277  589  0.0169897
277  619  0.0605983
278  286  0.385087
278  578  0.510122
278  588  0.0170001
278  618  0.0605911
279  587  0.0167501
279  617  0.0552383
280  575  0.0105646
280  576  0.347508
280  586  0.0139856
281  574  0.0132547
281  575  0.359731
282  573  0.0126279
282  574  0.317417
282  584  0.0101616
282  615  0.0445726
283  583  0.0105771
283  614  0.0501077
284  572  0.156537
284  613  0.0503028
285  569  0.0114333
285  612  0.0498877
286  293  0.0154073
286  568  0.0103814
286  570  0.38894
287  292  0.014618
287  569  0.388144
287  610  0.0283011
287  611  0.0181682
288  610  0.0180961
290  307  0.0369576
290  483  0.425508
290  607  0.0408125
290  621  0.223107
291  306  0.0369718
291  482  0.543684
291  590  0.0103812
291  606  0.0408315
291  620  0.224759
292  481  0.560982
292  589  0.0105023
292  605  0.040818
292  619  0.225133
293  480  0.560991
293  588  0.0105011
293  604  0.0408537
293  618  0.224988
294  304  0.330866
294  479  0.561009
294  603  0.0373167
295  303  0.331026
295  478  0.56102
296  302  0.320354
296  477  0.304381
296  571  0.0110173
296  600  0.034528
297  476  0.301731
297  570  0.0143255
297  599  0.038062
298  475  0.557799
298  598  0.0380425
299  473  0.0246405
299  474  0.52187
299  597  0.0378828
300  472  0.0477209
300  567  0.0141193
300  596  0.037304
301  470  0.485705
301  566  0.0144786
302  469  0.548158
302  565  0.0145268
302  590  0.0597147
303  468  0.554033
303  564  0.0144818
303  589  0.0641446
304  467  0.553574
304  562  0.0102784
304  588  0.0641911
305  488  0.0127744
305  587  0.0658522
306  465  0.21403
306  487  0.0202108
306  586  0.0651918
307  387  0.016564
307  390  0.0397011
307  391  0.162862
307  464  0.218525
307  486  0.0218173
307  585  0.0383995
308  386  0.0152747
308  389  0.0500009
308  390  0.162228
308  463  0.209845
308  485  0.021937
308  617  0.203507
309  383  0.0629071
309  388  0.0546343
309  389  0.149294
309  462  0.140851
309  484  0.0219867
309  583  0.0684739
309  616  0.219436
310  382  0.0741116
310  483  0.0220117
310  582  0.0697954
310  615  0.223392
311  381  0.0705278
311  387  0.178115
311  450  0.0171987
311  482  0.0186777
311  581  0.0682379
311  614  0.223026
312  385  0.293764
312  449  0.0172495
312  613  0.223262
313  384  0.327235
313  448  0.0172373
313  480  0.0214013
313  612  0.222933
314  378  0.0361062
314  383  0.330204
314  386  0.0445569
314  398  0.0449412
314  440  0.140134
314  447  0.0105967
314  459  0.0133819
314  479  0.0215998
314  579  0.0605125
315  382  0.328433
315  385  0.051621
315  397  0.0449347
315  439  0.144296
315  478  0.0215953
315  578  0.0603732
315  611  0.0154375
316  384  0.0513937
316  396  0.0447718
316  438  0.14401
316  477  0.0210447
316  610  0.015386
317  377  0.0135824
317  437  0.0839502
317  457  0.0133466
318  375  0.814761
318  379  0.0519837
318  447  0.017791
318  456  0.0135465
319  374  0.817626
319  378  0.0524703
319  446  0.0181818
319  455  0.013542
320  373  0.817072
320  377  0.0523461
320  445  0.0181918
320  454  0.0135149
321  372  0.812335
321  375  0.0164693
321  376  0.033949
321  444  0.0181088
321  453  0.0131736
322  370  0.432715
322  371  0.405432
322  374  0.016636
322  375  0.0294033
322  443  0.0167599
322  452  0.01017
323  369  0.937643
323  373  0.0119646
324  368  0.978307
325  367  0.979393
326  366  0.979088
327  365  0.921413
329  364  0.891415
330  342  0.0991534
330  363  0.898537
331  341  0.0993106
331  362  0.898593
332  340  0.0992674
332  361  0.896956
333  339  0.0993029
333  360  0.897429
334  338  0.0615406
334  359  0.889078
335  358  0.86672
336  356  0.0310095
337  356  0.0609879
339  351  0.886045
340  350  0.895251
341  349  0.896289
342  348  0.892077
347  364  0.0713618
348  363  0.0991168
349  362  0.0991333
350  361  0.0988727
351  360  0.0976303
366  375  0.012643
367  374  0.0126974
368  373  0.0124058
376  441  0.0446547
377  383  0.0103237
377  440  0.0517142
378  439  0.0519945
379  438  0.0345758
379  573  0.0775232
380  437  0.0174531
380  438  0.0211076
380  572  0.0984909
381  437  0.100748
381  571  0.10373
382  394  0.066265
382  436  0.21357
382  471  0.010332
382  568  0.0209421
382  570  0.105227
383  393  0.0664563
383  435  0.212789
383  567  0.0209993
383  569  0.102357
384  392  0.160306
384  434  0.200217
384  565  0.0505672
384  566  0.010774
384  568  0.064261
385  391  0.156127
385  468  0.0112131
385  564  0.12234
386  432  0.200828
386  563  0.125293
387  431  0.225339
387  562  0.125313
388  430  0.225415
388  561  0.117409
389  429  0.22509
389  560  0.107749
390  428  0.226354
390  559  0.0872474
390  560  0.0134308
391  427  0.226611
391  559  0.0197659
392  426  0.226359
393  424  0.102354
393  425  0.123035
393  459  0.698219
394  423  0.204071
394  458  0.699027
395  421  0.213896
395  457  0.699384
396  420  0.220939
396  456  0.700133
397  419  0.220549
397  455  0.700094
398  454  0.69974
399  417  0.0507554
399  452  0.0107569
400  416  0.0366544
401  415  0.0190622
401  416  0.558464
402  415  0.900929
403  414  0.998308
404  413  0.998467
405  412  0.992912
416  442  0.248628
417  441  0.583689
418  440  0.625917
419  439  0.629921
420  435  0.0395728
420  438  0.627614
421  434  0.0686641
421  436  0.627142
422  433  0.0736901
422  435  0.626964
423  434  0.6233
424  431  0.145749
424  433  0.61034
425  430  0.154533
425  432  0.585634
432  453  0.067625
433  452  0.0682263
434  451  0.0688245
435  450  0.0719375
438  447  0.135072
439  446  0.134386
440  445  0.0882683
442  449  0.0109015
443  448  0.0114513
446  611  0.202642
447  610  0.203411
448  453  0.0271621
448  609  0.209626
449  608  0.20944
450  607  0.208101
451  597  0.0124149
451  606  0.174448
452  596  0.0146463
452  600  0.019636
452  604  0.01154
453  595  0.0157563
453  598  0.117208
453  604  0.0350883
454  579  0.0223661
454  593  0.0346615
454  597  0.131815
454  603  0.0115298
455  578  0.0220806
455  592  0.0467581
455  596  0.138069
456  591  0.0470334
456  595  0.138108
457  469  0.050813
457  590  0.0469685
457  594  0.137543
458  468  0.0720033
458  589  0.0469772
458  593  0.137317
459  467  0.0719909
459  588  0.0464121
459  592  0.137412
460  466  0.0630146
460  591  0.130751
461  587  0.0144569
461  590  0.0724179
462  586  0.0125878
464  487  0.11332
464  567  0.0170221
464  584  0.0148948
464  586  0.0270642
465  486  0.130024
465  566  0.0199102
465  583  0.0151737
465  585  0.0257913
466  485  0.131388
466  565  0.020193
466  590  0.0521721
467  484  0.132718
467  564  0.0202914
467  583  0.033577
467  589  0.0709188
468  483  0.132899
468  562  0.0205683
468  582  0.0393941
468  588  0.0707677
469  561  0.0205394
470  560  0.020534
471  480  0.132555
471  559  0.0204486
471  578  0.0856699
471  586  0.0554639
472  479  0.14542
472  577  0.117233
472  585  0.0561148
473  478  0.110035
473  576  0.115382
473  584  0.03378
474  575  0.098806
474  584  0.0353698
475  583  0.0581125
476  582  0.0581384
477  580  0.0149518
477  581  0.0560568
478  570  0.128328
478  579  0.0175462
478  580  0.0532592
479  569  0.12915
479  578  0.0200966
480  568  0.128618
480  577  0.0171814
480  579  0.0477959
481  578  0.0465582
483  564  0.298085
483  577  0.0271535
484  561  0.025273
484  562  0.0969894
484  563  0.33097
484  576  0.0270374
485  560  0.0291491
485  561  0.132789
485  562  0.330285
485  575  0.0262817
486  559  0.0297557
486  560  0.126752
486  561  0.251702
486  574  0.0236888
488  558  0.829494
489  557  0.917912
489  580  0.0218577
489  650  0.0258867
490  556  0.918666
490  579  0.0243305
490  649  0.0320876
491  555  0.918635
491  578  0.0259607
491  648  0.0320996
492  554  0.916058
492  577  0.0270282
492  647  0.0321044
493  576  0.0269125
493  646  0.0319322
494  575  0.0265144
494  645  0.0312558
495  574  0.0255713
495  644  0.0288271
496  552  0.959803
497  551  0.96067
497  570  0.0200827
498  550  0.958698
498  569  0.0200121
499  548  0.465581
499  549  0.49452
499  568  0.0187191
500  547  0.931746
500  567  0.0166571
501  546  0.932731
502  545  0.911179
502  546  0.0231227
503  544  0.912518
503  545  0.044407
504  543  0.911397
504  544  0.0445899
504  562  0.0123174
505  541  0.0652957
505  543  0.0402134
505  561  0.012749
506  540  0.0594322
506  541  0.344758
506  560  0.012566
507  539  0.0275407
507  540  0.331914
507  541  0.0621404
507  559  0.0116122
509  538  0.0602468
510  538  0.858492
511  537  0.919053
512  536  0.542089
513  535  0.541302
513  537  0.0748051
514  534  0.644983
514  536  0.0759934
515  534  0.353125
516  533  0.99613
517  532  0.998537
518  531  0.999286
519  530  0.99878
520  529  0.999853
521  528  0.99722
522  527  0.654767
538  558  0.0181857
539  557  0.0270184
540  556  0.0270688
542  555  0.0253833
543  554  0.0257342
544  553  0.0255567
545  552  0.0256064
546  551  0.0228372
555  643  0.031693
556  642  0.0316571
558  640  0.0318533
559  639  0.0327057
560  638  0.032684
561  637  0.0326681
562  636  0.0327059
563  635  0.0326821
564  634  0.0325771
568  630  0.0173385
569  577  0.010486
569  579  0.0196892
569  589  0.019115
569  628  0.011128
570  578  0.01999
570  588  0.0191441
570  627  0.017828
571  587  0.0184543
575  617  0.0129013
576  583  0.0251046
576  616  0.014804
577  582  0.026375
577  615  0.0152576
578  589  0.0147171
578  614  0.0152556
579  588  0.0146451
579  612  0.0181397
580  611  0.0193482
581  604  0.076057
581  610  0.0193362
582  603  0.101886
582  609  0.0179959
584  601  0.131843
585  600  0.145042
586  599  0.150131
587  598  0.0631342
588  597  0.063153
589  596  0.150027
590  595  0.117855
595  603  0.0126266
596  602  0.0119401
596  767  0.0206049
597  766  0.0210187
598  605  0.013965
599  604  0.0203808
601  762  0.478363
602  761  0.575443
603  760  0.584102
604  669  0.01526
604  759  0.579023
605  668  0.0152991
605  758  0.544999
606  666  0.0695647
606  757  0.445327
607  623  0.0166623
607  665  0.603163
608  622  0.016754
608  664  0.657221
609  621  0.0167684
609  663  0.66308
610  620  0.0166687
610  662  0.664412
611  619  0.0165351
611  661  0.664443
612  660  0.66393
613  659  0.534958
614  658  0.245211
615  659  0.117931
616  658  0.392276
617  657  0.602598
618  625  0.0110638
618  656  0.648577
619  624  0.0108722
619  655  0.648736
620  654  0.224331
621  653  0.223013
622  652  0.647823
623  651  0.647189
624  649  0.446099
624  650  0.164577
625  631  0.0108357
625  648  0.463417
626  648  0.0595825
627  643  0.486644
627  647  0.0408473
627  649  0.0764273
628  642  0.486987
628  648  0.0401091
629  642  0.0399995
629  648  0.0582664
630  640  0.386531
630  641  0.0458035
630  647  0.097267
631  639  0.52943
632  638  0.498159
633  644  0.113407
634  643  0.117108
635  642  0.0818048
642  649  0.25951
643  648  0.253756
647  657  0.0105894
648  656  0.0114817
649  655  0.0114156
659  731  0.013602
660  730  0.0144042
661  686  0.0507509
661  729  0.014422
662  685  0.0529102
662  728  0.0144217
663  684  0.053375
663  727  0.0143306
664  683  0.0532463
664  726  0.0141824
665  682  0.051697
665  725  0.0123919
667  688  0.016442
668  676  0.0285161
668  687  0.0211807
669  675  0.0294039
669  686  0.0216847
669  758  0.0376834
670  685  0.0215868
670  757  0.0432536
671  684  0.0204642
672  680  0.0268238
672  755  0.602069
673  679  0.028747
673  754  0.639216
674  753  0.639328
675  752  0.639686
676  751  0.635727
677  750  0.617814
678  749  0.486987
679  746  0.0331129
680  747  0.369493
683  743  0.49375
683  749  0.246017
684  742  0.51186
684  748  0.275738
685  741  0.515053
685  747  0.276413
686  746  0.277161
687  739  0.0144872
687  745  0.276839
688  744  0.275763
689  737  0.704046
689  743  0.24009
690  736  0.767892
690  742  0.214408
691  735  0.824001
691  738  0.0507461
692  734  0.915135
692  737  0.0586348
693  733  0.922475
693  736  0.0593296
694  732  0.921415
694  735  0.0591449
695  731  0.922057
695  734  0.0590439
696  730  0.922689
696  733  0.0591049
697  729  0.916249
697  732  0.0515187
698  728  0.90296
698  730  0.013095
699  726  0.0568812
700  720  0.0116123
700  722  0.626736
700  729  0.0443159
701  721  0.889599
702  719  0.288806
702  720  0.706015
703  718  0.472223
703  719  0.485931
704  717  0.653596
704  718  0.296274
705  716  0.752503
705  717  0.233688
706  715  0.871201
706  716  0.120962
707  714  0.986333
708  713  0.95555
721  728  0.0481772
722  727  0.354661
735  741  0.0839751
736  741  0.0235255
