1  694  0.0118059
2  693  0.0190846
3  29  0.0214139
3  692  0.0209784
3  699  0.0152119
4  18  0.0441976
4  28  0.0204409
4  698  0.0143312
5  17  0.0471781
5  24  0.016154
5  691  0.0176263
5  701  0.167884
6  16  0.0431583
6  23  0.0123178
6  690  0.0153293
6  700  0.142088
7  23  0.0196395
7  32  0.0300443
7  689  0.0110492
8  14  0.024
8  22  0.0219406
8  24  0.0219613
8  31  0.0337798
8  701  0.0263595
9  22  0.0403333
9  30  0.0338185
9  701  0.0320856
10  20  0.0230102
10  21  0.0410816
11  19  0.0249966
11  20  0.0390439
11  697  0.209867
12  18  0.0232221
12  696  0.225865
13  39  0.0112219
13  695  0.22391
13  696  0.0177524
14  23  0.405365
14  38  0.0130521
14  694  0.223616
14  695  0.0170078
15  22  0.418095
15  37  0.0130523
16  21  0.389335
16  36  0.0122894
16  693  0.298548
17  692  0.318637
18  691  0.318423
19  690  0.314718
20  689  0.299542
21  688  0.237881
22  44  0.212615
22  64  0.0166407
23  43  0.212841
24  29  0.0258278
24  42  0.211371
24  63  0.0760066
25  32  0.0138516
25  41  0.200396
25  62  0.0763857
26  31  0.0163412
26  37  0.0275242
26  61  0.0745115
27  37  0.037413
27  701  0.0116479
28  35  0.0618553
28  36  0.020404
28  702  0.14991
29  34  0.0790914
29  37  0.0100449
29  59  0.0690981
29  701  0.191184
30  39  0.102083
30  42  0.0692459
30  58  0.0664404
30  699  0.434439
30  700  0.130154
31  38  0.107606
31  41  0.0703441
31  57  0.065807
31  698  0.440122
31  699  0.128095
32  37  0.0781475
32  40  0.0733619
32  56  0.0653472
32  697  0.562212
33  39  0.0735602
33  55  0.0614869
33  696  0.56337
34  38  0.0580402
34  42  0.0420132
34  695  0.563192
35  41  0.0339228
35  694  0.548572
37  51  0.0157536
37  692  0.586878
38  691  0.586325
39  49  0.0185939
40  48  0.0192581
40  688  0.0101676
40  689  0.0327864
40  690  0.0120477
41  47  0.0192452
42  46  0.0164914
42  687  0.233105
43  53  0.0647325
43  688  0.178952
44  52  0.0692265
44  687  0.195184
45  51  0.0696169
45  64  0.890149
46  50  0.0431192
46  63  0.893125
47  62  0.892769
48  61  0.891484
49  60  0.891473
50  59  0.729392
51  59  0.154127
52  57  0.0348488
52  58  0.300717
59  692  0.0167421
60  691  0.0166937
61  690  0.0172076
64  687  0.0818376
65  686  0.981404
66  685  0.983427
67  684  0.981413
68  683  0.963072
69  682  0.928322
70  681  0.168625
71  680  0.0185269
71  682  0.0492776
72  681  0.816564
73  680  0.969415
74  679  0.988346
75  678  0.986602
76  677  0.985773
77  676  0.988004
78  675  0.988026
79  674  0.981094
81  673  0.98363
82  672  0.983826
83  671  0.974894
88  668  0.964782
89  667  0.985546
90  666  0.98476
91  665  0.985302
92  664  0.415258
93  663  0.414183
94  662  0.986348
95  661  0.985947
96  660  0.984498
97  187  0.0117937
97  659  0.972844
98  186  0.0118113
98  658  0.97099
99  124  0.0349314
99  185  0.0102822
99  656  0.0162505
100  210  0.0125712
101  113  0.0936351
101  122  0.0920027
101  198  0.506882
102  112  0.100748
102  121  0.0979968
102  197  0.513574
102  206  0.0169166
103  111  0.101556
103  120  0.0989922
103  196  0.649646
103  205  0.0203092
104  110  0.0830346
104  119  0.0993266
104  195  0.649066
104  204  0.0202585
105  109  0.0483039
105  194  0.647482
105  203  0.0201394
106  117  0.0999976
106  193  0.645979
107  116  0.100527
107  192  0.622189
107  260  0.0113146
108  115  0.0981095
108  191  0.48624
108  259  0.0136062
109  114  0.0806234
109  197  0.0271733
109  258  0.0145766
110  191  0.050167
110  196  0.0186517
110  211  0.0135796
110  257  0.0148438
111  190  0.0701007
111  195  0.0408661
111  210  0.0143004
111  256  0.0149342
112  194  0.0672702
112  209  0.0142845
112  255  0.0149264
113  189  0.0769744
113  191  0.017304
113  193  0.0664091
113  208  0.0140771
113  254  0.0149208
114  158  0.0105752
114  188  0.0938764
114  190  0.0108502
114  192  0.067381
114  253  0.0149312
115  157  0.0105644
115  187  0.100037
115  190  0.697888
115  252  0.0148827
116  186  0.090074
116  189  0.70931
116  205  0.0133916
116  251  0.014768
117  156  0.0259765
117  188  0.708942
117  204  0.0134436
118  155  0.028316
118  187  0.705397
118  203  0.0130945
119  154  0.0275463
119  184  0.179349
119  186  0.591637
119  247  0.0142846
120  183  0.689073
120  246  0.0145603
121  152  0.0291024
121  182  0.703928
121  245  0.0144064
122  151  0.0283524
122  181  0.70422
122  185  0.0425662
123  180  0.615828
123  244  0.01343
124  149  0.0608979
124  179  0.613322
124  183  0.110021
124  243  0.0134255
125  148  0.0614025
125  178  0.694494
125  182  0.111764
125  192  0.0361011
125  242  0.0133301
126  177  0.651235
126  181  0.111856
126  191  0.0405528
126  241  0.0121742
127  147  0.803118
127  180  0.109778
127  190  0.0418906
128  146  0.806324
128  179  0.109583
128  188  0.0452083
129  145  0.808689
129  178  0.109627
129  187  0.0456645
130  144  0.810409
130  177  0.109647
130  186  0.0456676
131  141  0.0155519
131  143  0.813379
132  140  0.0170815
132  175  0.0834778
132  184  0.0462473
133  139  0.0166434
133  142  0.861015
133  183  0.0522727
134  141  0.864784
134  182  0.0516397
135  140  0.832771
136  180  0.0452882
137  179  0.051451
138  178  0.0512284
139  169  0.0496678
139  177  0.0485865
140  168  0.050948
141  167  0.0511601
142  166  0.0511889
142  176  0.0556591
143  165  0.0510774
143  175  0.0571137
144  149  0.0358382
145  171  0.0527024
145  173  0.0192319
146  170  0.0568626
146  172  0.0185962
147  169  0.0572058
148  167  0.0294907
148  170  0.653432
148  185  0.0115839
149  166  0.0301335
149  169  0.701775
149  184  0.0121713
150  168  0.646595
152  165  0.780987
153  164  0.932924
154  163  0.933995
155  162  0.920458
160  654  0.0151562
161  653  0.01625
162  187  0.0122906
162  652  0.0164739
163  186  0.0123052
163  651  0.0164013
166  183  0.0802311
167  182  0.0825795
168  181  0.0833696
169  180  0.0832518
170  179  0.0827762
171  178  0.0709093
174  216  0.0109415
175  215  0.0116087
176  214  0.0118627
177  213  0.0119001
178  212  0.0116473
184  202  0.0239961
185  201  0.0322714
186  200  0.0355972
186  648  0.0359697
187  199  0.0340876
187  647  0.0375017
188  646  0.0376096
189  198  0.0402353
189  645  0.0376817
189  659  0.013295
190  197  0.039504
190  644  0.0376752
190  658  0.0133055
191  643  0.0286312
191  657  0.0143034
192  318  0.0270525
192  656  0.0131212
193  317  0.0324248
193  657  0.0411004
194  316  0.0333873
194  656  0.0467771
195  315  0.0335076
195  655  0.0488062
196  314  0.0332796
196  654  0.0246911
197  313  0.0328697
197  654  0.322618
198  311  0.0338733
198  653  0.367036
199  310  0.0338721
199  652  0.864594
200  309  0.0336149
200  651  0.864718
201  308  0.0206097
201  650  0.845113
202  308  0.0122692
202  649  0.835221
203  307  0.0242778
203  647  0.828113
204  211  0.0183911
204  306  0.0234383
204  646  0.823547
205  210  0.0264488
205  323  0.0315999
205  645  0.802209
206  322  0.119934
206  642  0.0150225
206  643  0.319256
207  321  0.138345
207  327  0.0131896
207  641  0.0294404
207  642  0.3118
207  643  0.0522639
208  303  0.0197997
208  320  0.143717
208  326  0.0154342
208  640  0.030696
208  641  0.294021
208  642  0.0461147
209  302  0.0202702
209  319  0.147223
209  325  0.0200366
209  639  0.0157893
210  301  0.0202838
210  318  0.147448
210  324  0.0212742
210  639  0.414145
211  300  0.0175862
211  317  0.120159
211  323  0.0246854
211  638  0.323177
211  641  0.0599059
212  322  0.0186359
212  640  0.0746881
212  654  0.0176559
213  315  0.0149631
213  639  0.0749106
213  653  0.0190972
215  651  0.0166335
216  650  0.0255151
216  656  0.019807
217  649  0.0288224
217  655  0.0263885
218  230  0.0240744
218  648  0.0324681
218  654  0.0272795
219  229  0.0287892
219  647  0.0327509
219  653  0.0273645
220  227  0.895487
220  645  0.0538097
220  652  0.0262178
221  226  0.895858
221  644  0.0538999
221  651  0.0261992
222  643  0.0411783
223  642  0.0333661
223  643  0.0148535
224  641  0.0251617
224  642  0.0227635
225  640  0.0156013
225  641  0.0305249
226  295  0.0152061
226  640  0.0384618
226  645  0.0213926
227  294  0.0159092
227  639  0.046204
227  644  0.021476
228  293  0.018032
228  321  0.505877
228  638  0.0253187
228  643  0.0141463
229  292  0.0183426
229  320  0.728909
230  291  0.0183249
230  319  0.781761
231  290  0.0183354
231  318  0.786923
232  289  0.0182901
232  317  0.785964
233  288  0.0180218
233  315  0.337554
233  316  0.525549
234  287  0.0172754
234  314  0.915096
235  267  0.0176489
235  313  0.915289
235  314  0.0259951
236  266  0.0176711
236  312  0.915317
237  265  0.0176811
237  311  0.462428
238  264  0.0176791
238  311  0.478957
239  263  0.017596
239  310  0.932075
240  262  0.0174766
240  309  0.931228
241  252  0.011804
242  251  0.0672679
242  308  0.815551
243  250  0.0708062
243  307  0.809892
244  250  0.0497578
245  249  0.0214259
245  305  0.784035
246  304  0.789676
247  303  0.536888
251  303  0.260578
252  302  0.809764
252  305  0.11068
253  301  0.820593
253  304  0.124039
254  300  0.819886
254  303  0.124169
255  299  0.819932
255  302  0.124423
256  298  0.81941
256  301  0.124388
257  300  0.111711
260  281  0.539237
261  280  0.719936
261  296  0.20898
262  279  0.736161
262  295  0.214149
263  278  0.735875
263  294  0.0987766
264  277  0.734986
264  293  0.100538
265  276  0.71701
265  292  0.220043
266  291  0.217592
267  290  0.216313
268  273  0.0683833
268  274  0.406638
268  275  0.0309545
268  289  0.182487
269  273  0.155396
269  289  0.0294001
270  288  0.0435502
272  283  0.0307861
272  285  0.202226
273  282  0.0415685
273  284  0.20708
274  281  0.0425378
274  283  0.207341
275  280  0.036473
275  281  0.133602
276  280  0.0827648
276  281  0.0701688
286  297  0.729622
287  296  0.729963
288  295  0.72837
289  294  0.57217
292  647  0.010328
293  646  0.0103388
294  645  0.0103467
295  644  0.0103235
322  639  0.0100344
324  637  0.957564
325  636  0.962465
326  635  0.966897
327  634  0.967745
328  633  0.977892
329  632  0.977926
330  631  0.977939
331  630  0.977962
332  629  0.977931
333  628  0.977338
334  603  0.0205038
334  627  0.596752
335  461  0.693983
335  602  0.0205607
335  626  0.123525
336  460  0.709723
336  601  0.0205567
337  600  0.014942
338  459  0.0360339
338  605  0.215631
339  457  0.73036
339  604  0.2167
340  456  0.660442
340  603  0.216072
341  455  0.666806
341  602  0.207367
342  430  0.12443
342  433  0.124662
342  454  0.736368
343  429  0.124658
343  432  0.124521
343  453  0.735334
344  428  0.126274
344  431  0.124815
344  452  0.734071
345  427  0.126632
345  429  0.134032
345  451  0.733523
346  426  0.126363
346  428  0.737746
347  427  0.782826
348  425  0.47124
348  426  0.509991
349  424  0.753234
349  425  0.237543
350  423  0.988607
351  422  0.989299
352  421  0.997951
353  420  0.998026
354  419  0.998024
355  418  0.997974
356  417  0.996707
357  416  0.994521
358  415  0.427965
359  383  0.0500266
359  414  0.390862
360  382  0.0603186
360  394  0.013385
360  402  0.0394235
361  384  0.0170073
361  401  0.0392658
361  412  0.0983462
362  383  0.0160719
362  400  0.0353959
363  383  0.0225903
363  385  0.0101314
363  392  0.0622429
364  391  0.0849781
364  398  0.0325566
365  375  0.0143469
365  381  0.359402
365  390  0.0906179
365  397  0.0148825
366  374  0.0256838
366  380  0.741022
366  384  0.0100001
366  389  0.0913054
366  396  0.0102258
367  373  0.0255822
367  379  0.741555
367  395  0.0281159
368  372  0.0108227
368  378  0.257082
369  377  0.255243
370  376  0.73966
370  384  0.0777123
371  375  0.537022
371  383  0.0801621
373  382  0.206286
374  381  0.206344
375  380  0.202327
376  391  0.0143249
377  390  0.0183338
378  389  0.0202442
379  388  0.019802
381  396  0.0118677
382  395  0.0122992
383  393  0.0198101
383  394  0.0119567
383  411  0.0387465
384  392  0.0186709
384  410  0.0389177
385  409  0.0366201
386  408  0.0279581
387  415  0.547373
388  414  0.558835
389  413  0.564923
390  409  0.0728781
390  412  0.499081
391  408  0.179913
391  409  0.0442569
392  407  0.181722
392  408  0.0446868
393  413  0.0177412
394  413  0.010256
395  404  0.714794
395  407  0.0874548
395  411  0.113912
396  403  0.722125
396  406  0.0942018
396  410  0.114482
397  402  0.715994
397  405  0.093798
397  409  0.111986
398  408  0.107703
404  414  0.0301989
405  413  0.0504064
406  412  0.0414599
429  450  0.732514
430  449  0.732879
431  448  0.730697
432  447  0.721272
432  586  0.0345786
433  442  0.0105815
433  585  0.0345856
434  444  0.614301
434  597  0.0516286
434  617  0.0107374
435  443  0.71918
435  584  0.0353
435  596  0.0572396
435  616  0.0108632
436  442  0.720579
436  583  0.035378
436  615  0.0108933
437  582  0.0353604
438  581  0.0353614
438  593  0.151156
439  580  0.0345318
439  592  0.182552
440  591  0.185981
441  569  0.0396761
441  587  0.0101218
441  590  0.18627
442  568  0.0529499
442  586  0.010105
443  567  0.0529391
443  588  0.186429
444  566  0.0529413
444  587  0.187067
445  565  0.0525024
445  585  0.202274
446  584  0.203594
447  564  0.0522243
447  583  0.203739
448  563  0.0528317
448  582  0.203616
449  562  0.052846
449  581  0.203615
450  561  0.052841
450  580  0.203603
451  560  0.0487625
452  559  0.0442146
452  578  0.20271
453  461  0.0351487
453  475  0.0114764
453  577  0.202558
454  460  0.0349876
454  474  0.0114841
454  576  0.202284
455  459  0.0133262
455  473  0.0115035
456  472  0.0104672
456  574  0.0227481
457  573  0.018791
458  480  0.0244006
459  470  0.0108511
459  479  0.0320034
460  469  0.012954
460  478  0.0318863
461  468  0.0144257
461  621  0.0318297
462  467  0.0110117
462  475  0.221146
462  557  0.0315492
462  620  0.680464
463  474  0.221313
463  556  0.0324744
463  619  0.680656
464  473  0.218388
464  555  0.0249077
464  618  0.451761
464  624  0.0253689
465  472  0.209378
465  623  0.0327263
466  471  0.151083
466  553  0.022123
466  616  0.66463
466  622  0.0345558
467  552  0.0329264
467  615  0.670295
467  621  0.0347628
468  551  0.0330152
468  620  0.03457
469  550  0.0329655
469  614  0.64932
469  619  0.0277265
470  549  0.0328166
470  613  0.180892
470  618  0.0184153
471  548  0.0320995
471  612  0.209618
471  617  0.0122571
472  547  0.0287667
472  611  0.681126
473  610  0.677461
474  487  0.0227394
474  609  0.676458
475  486  0.022737
475  608  0.674092
476  485  0.0206338
476  567  0.0117252
476  573  0.153192
476  591  0.0410337
477  566  0.0170568
477  572  0.159168
477  590  0.0470461
477  606  0.461261
478  565  0.0178597
478  571  0.163431
478  572  0.170704
478  589  0.0472724
478  605  0.462333
479  564  0.0178605
479  571  0.176241
479  604  0.460049
480  563  0.0177661
480  569  0.374207
480  587  0.209754
481  523  0.108113
481  562  0.0170781
481  568  0.408805
481  586  0.276308
481  603  0.0336549
482  522  0.122627
482  551  0.0133548
482  567  0.408228
482  602  0.0268931
483  521  0.122613
483  550  0.0136943
483  565  0.0122002
483  566  0.408424
483  584  0.346644
483  601  0.0108174
484  520  0.122745
484  556  0.0211238
484  564  0.186683
484  565  0.237025
484  583  0.360103
485  519  0.122467
485  555  0.021212
485  563  0.358086
485  564  0.0652971
485  582  0.360165
486  518  0.122261
486  547  0.0203872
486  554  0.0214423
486  562  0.413426
486  581  0.360528
487  517  0.121709
487  546  0.0206486
487  553  0.021368
487  561  0.413422
487  580  0.360131
488  545  0.0205411
488  547  0.0164485
488  560  0.311564
489  559  0.195212
489  560  0.102264
489  578  0.0542267
490  545  0.0307571
490  559  0.198544
490  577  0.0546943
491  516  0.0121913
491  544  0.226752
491  558  0.295133
491  576  0.0545463
492  543  0.491408
492  557  0.292261
492  575  0.0418916
493  542  0.49838
494  541  0.503605
494  555  0.298167
494  574  0.0191728
495  540  0.529244
495  554  0.302257
495  573  0.0188205
496  514  0.113841
496  539  0.529269
496  553  0.302267
496  572  0.0188832
497  513  0.117271
497  538  0.529229
497  552  0.302193
497  571  0.0188801
498  512  0.122177
498  537  0.528204
498  551  0.286985
499  511  0.122225
499  536  0.529035
500  509  0.0317399
500  510  0.0906313
500  513  0.170139
500  535  0.522388
500  569  0.0175612
501  508  0.066119
501  512  0.319052
501  534  0.47477
501  568  0.0175638
502  508  0.0457471
502  511  0.319462
502  532  0.395916
502  567  0.0173656
503  507  0.0175516
503  510  0.313327
503  531  0.394484
503  566  0.0167484
504  509  0.292109
504  530  0.34053
504  565  0.0142334
505  532  0.0109559
506  528  0.359642
507  528  0.0147881
508  524  0.400671
508  527  0.0167684
508  529  0.0116081
509  523  0.384059
511  520  0.52218
511  525  0.011826
512  519  0.52411
512  524  0.0119262
513  518  0.524342
513  523  0.0118877
514  522  0.011778
514  548  0.143722
515  547  0.144056
517  545  0.248686
518  544  0.308516
519  543  0.309559
520  542  0.309573
521  526  0.0166915
521  532  0.0520947
521  540  0.311872
522  531  0.0519957
522  539  0.311745
523  530  0.040745
523  538  0.183408
524  537  0.0911806
524  603  0.123392
525  532  0.0345629
525  534  0.139741
525  536  0.1983
525  602  0.123591
526  531  0.0341426
526  533  0.245561
526  601  0.12351
527  532  0.244045
527  581  0.126581
528  533  0.0848268
528  580  0.123445
530  578  0.128403
531  577  0.132456
532  576  0.13247
533  575  0.132462
534  574  0.132394
535  573  0.132173
536  572  0.132111
537  571  0.130679
538  570  0.123503
539  562  0.0158273
540  555  0.0356317
540  561  0.0159564
541  557  0.0235576
541  573  0.0229301
542  553  0.101232
542  556  0.0314786
542  572  0.0290623
543  552  0.11234
543  555  0.031853
543  571  0.0334151
544  551  0.169299
544  554  0.041627
544  570  0.0359245
545  550  0.156006
545  552  0.014432
545  553  0.0289819
545  555  0.0299969
545  569  0.0359128
546  551  0.0270643
546  554  0.0545793
546  568  0.035562
547  553  0.0491871
548  552  0.0119999
550  557  0.0112419
551  556  0.011725
551  564  0.0134223
551  579  0.295268
552  578  0.29956
553  562  0.0475917
553  577  0.300624
554  561  0.0473877
554  576  0.300617
555  560  0.0256112
555  568  0.0373828
555  575  0.153184
556  562  0.0274177
556  567  0.0378256
556  575  0.148625
557  561  0.0104624
557  566  0.0373879
557  574  0.295816
558  573  0.295701
559  566  0.0112483
559  572  0.279184
560  571  0.275807
561  568  0.0121551
561  570  0.286663
570  579  0.0426598
570  613  0.0286896
571  578  0.0440211
571  603  0.0129375
571  612  0.0283956
572  577  0.0439203
572  602  0.0129389
572  611  0.0246823
573  601  0.012657
574  609  0.0448927
575  608  0.0506364
576  586  0.0127109
576  607  0.160324
577  585  0.0127137
577  605  0.229648
578  584  0.0114995
578  604  0.230025
579  603  0.23922
580  602  0.239325
581  601  0.239263
582  595  0.113768
582  600  0.211668
583  594  0.143613
583  599  0.141854
584  593  0.140675
584  595  0.0390319
585  594  0.039608
585  597  0.0169995
585  602  0.0570884
586  601  0.0584202
587  597  0.0413478
587  600  0.0500618
588  596  0.0478211
588  601  0.0650985
589  594  0.126586
589  595  0.0393794
589  600  0.208297
590  597  0.0155789
590  599  0.225911
591  596  0.0149568
591  598  0.228013
592  597  0.185768
593  606  0.0263664
594  605  0.0286546
595  604  0.0263554
601  620  0.0106344
602  619  0.0106358
603  618  0.010599
607  618  0.0398156
607  621  0.154046
608  617  0.042264
608  620  0.160443
609  616  0.0423885
609  619  0.156059
609  624  0.0290881
610  615  0.0372444
610  618  0.133228
610  623  0.036349
611  622  0.038313
612  621  0.0387012
613  620  0.0369282
638  646  0.0106125
639  645  0.0125318
