1  8  0.626689
1  23  0.0576791
1  174  0.0527384
1  183  0.0376912
1  538  0.0470861
2  7  0.623528
2  9  0.0112992
2  173  0.052868
2  182  0.0378833
2  537  0.047155
3  8  0.011798
3  16  0.0141804
3  21  0.0967078
3  172  0.0530948
3  181  0.0378966
3  536  0.046003
4  15  0.0140232
4  20  0.0968069
4  171  0.0523075
4  180  0.033843
5  14  0.0133047
5  19  0.0964249
5  170  0.043118
6  18  0.0948373
7  17  0.0812607
7  110  0.0292394
8  109  0.0313466
9  15  0.0464525
9  108  0.0310803
9  544  0.0107265
10  107  0.0300715
10  543  0.01178
10  546  0.0822137
11  106  0.0276668
11  542  0.0105014
11  545  0.141893
12  544  0.138677
14  36  0.0118263
14  126  0.0213386
14  542  0.226998
15  32  0.0126235
15  35  0.0135797
15  36  0.0446713
15  125  0.0298742
15  541  0.265389
16  31  0.0139592
16  34  0.0147989
16  35  0.0493905
16  124  0.0304579
16  489  0.0130782
16  540  0.267227
17  30  0.0120113
17  34  0.0386025
17  123  0.0287136
17  140  0.0389644
17  488  0.0140291
18  29  0.0118992
18  32  0.0240025
18  122  0.0239915
18  139  0.0595777
18  543  0.163484
19  28  0.0138942
19  31  0.0110473
19  32  0.0272652
19  138  0.0643814
19  486  0.0327818
19  542  0.210549
20  27  0.0114282
20  30  0.011566
20  31  0.0274331
20  32  0.104546
20  137  0.0657657
20  485  0.0969745
20  541  0.221987
21  29  0.0265352
21  30  0.0276462
21  31  0.115003
21  136  0.0659737
21  484  0.122592
21  540  0.222225
22  28  0.0216248
22  29  0.0196221
22  30  0.114742
22  135  0.0658179
22  483  0.122927
22  541  0.0655056
23  29  0.109091
23  134  0.0659582
23  482  0.123726
23  540  0.070154
24  133  0.0585391
24  481  0.122367
24  539  0.0374876
25  480  0.109306
26  63  0.0223078
26  132  0.0111299
26  537  0.0149902
26  540  0.0130471
27  62  0.0196821
28  58  0.0124337
28  62  0.031908
29  57  0.0131297
29  58  0.421531
29  61  0.0381585
29  128  0.0386564
29  477  0.123713
29  517  0.050035
30  56  0.012089
30  57  0.471903
30  60  0.0356271
30  127  0.0386954
30  128  0.0213841
30  476  0.123628
30  516  0.0500835
31  56  0.475609
31  102  0.0110145
31  127  0.0212629
31  515  0.0499363
32  55  0.476319
32  101  0.0110303
32  474  0.0398662
33  42  0.0160336
33  100  0.0110233
33  124  0.0243798
33  514  0.0396387
33  526  0.0278916
33  534  0.0306388
34  41  0.0204684
34  54  0.502701
34  57  0.0341857
34  104  0.0101171
34  472  0.0944796
34  513  0.0357453
34  525  0.028937
34  533  0.0316362
35  53  0.502807
35  56  0.0342848
35  102  0.0856651
35  471  0.12738
35  512  0.0291948
35  524  0.0288109
35  532  0.0314289
36  55  0.0326649
36  101  0.0891615
36  470  0.127386
37  52  0.500729
37  100  0.090553
37  469  0.127412
38  51  0.495495
38  99  0.0891262
38  468  0.10197
39  50  0.438214
39  467  0.070349
39  468  0.0232866
40  467  0.0464988
41  48  0.0667485
41  96  0.0872035
41  466  0.0697209
41  506  0.0385808
42  95  0.0866111
42  105  0.014054
42  376  0.113057
42  504  0.0129371
42  505  0.0487769
42  538  0.0539902
43  48  0.468682
43  94  0.0848363
43  375  0.113164
43  537  0.0542048
44  53  0.0101325
44  57  0.0156445
44  104  0.0426139
44  337  0.014803
44  374  0.11353
44  503  0.105813
44  536  0.0519852
45  52  0.0101037
45  69  0.0332769
45  103  0.0427617
45  336  0.0148113
45  373  0.113458
45  502  0.10615
45  534  0.0496704
46  56  0.148433
46  68  0.0354424
46  102  0.0427555
46  335  0.0148336
46  501  0.106246
46  533  0.0475861
47  55  0.149344
47  67  0.0348432
47  101  0.0426017
47  334  0.0148138
47  500  0.106059
48  54  0.147604
48  66  0.0201977
48  333  0.0146277
48  499  0.105539
48  532  0.0200899
49  99  0.0415477
49  498  0.105584
50  98  0.0335982
50  496  0.0289674
50  497  0.0766248
51  96  0.0251109
51  97  0.0165772
51  495  0.0575533
51  496  0.0476771
52  65  0.116723
52  95  0.0427262
52  494  0.104407
53  64  0.117135
53  94  0.042722
53  493  0.104395
54  63  0.116593
54  93  0.0427291
54  492  0.10421
55  92  0.0392681
55  98  0.010794
55  137  0.05623
56  97  0.0117406
56  136  0.0607023
56  490  0.0591985
57  96  0.0116484
57  135  0.0608064
57  489  0.0589487
58  134  0.0607502
58  488  0.0481798
59  133  0.0608046
60  86  0.0450395
60  94  0.0498032
60  132  0.0526052
60  372  0.114119
61  85  0.0452295
61  93  0.10017
61  132  0.0105718
61  371  0.114513
62  84  0.0175826
62  92  0.100815
62  129  0.0416969
62  131  0.0182454
62  370  0.114313
62  540  0.0330644
63  83  0.0173653
63  91  0.100926
63  128  0.0472394
63  130  0.0181607
63  369  0.114546
63  539  0.408284
64  82  0.0448036
64  90  0.0976076
64  127  0.0459026
64  337  0.0199471
64  368  0.114526
64  538  0.497251
65  87  0.100813
65  124  0.0704453
65  336  0.0200323
65  367  0.113553
65  537  0.497089
66  77  0.0220989
66  81  0.0317556
66  86  0.0514777
66  123  0.0732305
66  137  0.0111299
66  138  0.0460003
67  76  0.0297985
67  80  0.0322355
67  85  0.0516751
67  122  0.0740237
67  136  0.0126738
67  137  0.0585561
67  527  0.0480425
67  535  0.5017
68  75  0.0330624
68  79  0.0322694
68  84  0.102995
68  121  0.0741115
68  135  0.0131424
68  136  0.0592719
68  526  0.0529684
68  534  0.505191
69  74  0.0290002
69  83  0.102706
69  120  0.0581078
69  199  0.0388703
69  525  0.054589
69  533  0.505538
70  82  0.101877
70  119  0.0422306
70  198  0.0389671
70  524  0.0543411
70  532  0.503435
71  197  0.0390358
72  133  0.0786541
72  196  0.038792
73  79  0.166362
73  132  0.081239
73  195  0.0376866
74  78  0.0702082
74  79  0.0717079
74  131  0.0812234
74  526  0.0199373
74  529  0.0720471
75  82  0.01468
75  130  0.0806992
75  172  0.0229539
75  525  0.0247258
75  528  0.0753968
76  171  0.0227104
77  170  0.0204253
78  168  0.0112033
79  167  0.0113851
79  521  0.0309084
80  166  0.0110766
80  520  0.0365794
80  521  0.222728
81  133  0.0270332
81  519  0.0374901
81  520  0.203503
82  93  0.238727
82  132  0.0315173
83  92  0.241667
83  131  0.031609
83  518  0.420413
84  91  0.242568
84  130  0.0315997
84  517  0.468179
85  90  0.219842
85  128  0.0154342
85  516  0.467633
85  517  0.0713003
86  127  0.0153781
86  128  0.0155846
86  515  0.464668
86  516  0.0720138
87  127  0.0155815
87  513  0.0792538
87  515  0.072065
88  99  0.0114893
88  512  0.0772021
89  98  0.0140434
89  125  0.0134182
89  509  0.047606
89  511  0.0272575
90  97  0.0146759
90  124  0.013499
90  508  0.0621286
91  96  0.0138044
91  121  0.0118422
91  506  0.064829
92  120  0.0113764
93  105  0.0241064
93  119  0.0111581
93  504  0.539527
94  104  0.0288594
94  117  0.176953
94  503  0.544082
95  103  0.0288907
95  116  0.177422
95  502  0.545338
96  102  0.0279916
96  115  0.179516
96  128  0.0257107
96  501  0.544109
97  101  0.0106586
97  114  0.179482
97  127  0.0256524
97  500  0.532302
98  499  0.483192
99  113  0.178031
99  529  0.0156867
100  112  0.1783
100  528  0.0190069
101  125  0.0340003
101  496  0.528962
101  527  0.0190055
102  111  0.169965
102  124  0.0349087
102  344  0.0168259
102  495  0.545161
102  526  0.0189924
103  110  0.171945
103  343  0.0287977
103  494  0.545433
104  109  0.160117
104  161  0.0101125
104  342  0.0288478
104  493  0.545397
105  121  0.157543
105  160  0.0100666
105  341  0.0288541
105  492  0.544343
106  120  0.18118
106  340  0.0276371
106  491  0.322035
107  119  0.184145
107  491  0.213692
108  118  0.186256
108  338  0.0172078
108  488  0.0184635
108  490  0.42019
109  117  0.187402
109  337  0.0176787
109  487  0.0188485
110  116  0.182794
110  336  0.0175362
110  338  0.0148062
110  486  0.0178349
110  488  0.505281
111  115  0.0989094
111  164  0.0348763
111  335  0.0133207
111  337  0.0158954
111  487  0.509762
112  163  0.0349941
112  336  0.0158937
112  486  0.509483
113  162  0.0351163
114  161  0.035166
114  202  0.0141484
114  484  0.0334097
115  160  0.034523
115  201  0.0149547
115  344  0.0239469
115  483  0.0316479
116  159  0.0199761
116  164  0.543471
116  343  0.0266741
117  134  0.0260538
117  163  0.544034
117  341  0.0133101
117  342  0.0148527
118  133  0.0264213
118  162  0.546093
118  340  0.0251198
119  132  0.0264445
119  161  0.520466
119  339  0.0250769
120  131  0.026689
120  160  0.0537792
120  338  0.025374
121  130  0.0265662
121  156  0.010266
121  159  0.0790825
121  167  0.0122615
121  337  0.0248371
122  158  0.541103
122  166  0.0125365
123  165  0.012599
124  156  0.520428
124  164  0.012573
124  198  0.0193302
125  155  0.261446
125  197  0.0196637
126  155  0.322568
126  162  0.0141637
126  196  0.0193727
127  154  0.595196
127  161  0.0146628
127  179  0.0374199
127  195  0.0184166
128  153  0.59535
128  160  0.0146646
128  178  0.0377369
129  152  0.59508
129  159  0.0105749
129  177  0.0369654
130  151  0.595241
130  540  0.0121426
131  142  0.0129128
131  150  0.587686
131  171  0.0186042
131  175  0.0372983
131  539  0.0123714
132  141  0.0148877
132  144  0.0245989
132  170  0.0261781
132  174  0.038143
132  538  0.012402
133  140  0.014228
133  143  0.0278452
133  149  0.567283
133  169  0.0300784
133  173  0.0379255
133  537  0.0123472
134  142  0.0323444
134  148  0.571157
134  168  0.0346106
134  172  0.0346629
134  536  0.0119598
135  141  0.0333766
135  147  0.56864
135  167  0.0361651
135  168  0.0342451
136  166  0.0359906
136  167  0.0458165
137  165  0.034769
137  166  0.045903
138  144  0.227889
138  165  0.0416886
139  144  0.0147064
140  162  0.12793
140  491  0.013808
141  160  0.0131918
141  161  0.141049
141  490  0.0148905
142  160  0.140845
142  489  0.0134153
143  158  0.130611
143  159  0.070485
143  365  0.068903
144  157  0.238226
144  364  0.1001
145  156  0.255634
145  363  0.109717
146  155  0.255644
146  362  0.109704
147  154  0.255663
147  361  0.109741
148  153  0.228007
148  360  0.109737
149  359  0.109594
149  538  0.0312969
150  358  0.109497
150  537  0.0313241
151  357  0.109568
151  536  0.0314193
152  356  0.0504938
152  534  0.0122423
152  535  0.0206968
153  355  0.0502767
153  533  0.0331592
154  354  0.109564
154  532  0.0331546
155  353  0.087236
155  531  0.0308863
157  351  0.101244
158  350  0.109283
158  527  0.040482
159  349  0.109288
159  526  0.0457604
159  534  0.014289
160  348  0.109241
160  525  0.0534259
160  533  0.0181743
161  347  0.108844
161  524  0.0533684
161  532  0.0181423
162  488  0.0502152
162  523  0.0431227
162  531  0.0134364
163  345  0.0301402
163  487  0.171389
164  344  0.0980627
164  486  0.171559
165  485  0.529857
166  202  0.01114
166  484  0.580051
166  485  0.0148519
167  201  0.0220315
167  342  0.0570223
167  483  0.603322
167  484  0.0153321
168  200  0.0207507
168  341  0.0577983
168  482  0.612533
168  483  0.0147013
169  340  0.0601617
169  481  0.58583
170  339  0.0580947
171  338  0.0530271
171  479  0.653233
172  195  0.0979356
172  336  0.0231833
172  478  0.659037
173  194  0.203784
173  477  0.654591
174  193  0.203795
175  192  0.172554
175  475  0.638218
176  189  0.206013
176  474  0.655145
177  188  0.266097
177  473  0.65491
178  187  0.283632
178  472  0.653982
179  186  0.281427
179  471  0.654149
180  185  0.15211
181  469  0.59284
182  467  0.232438
182  468  0.365803
182  470  0.0139357
183  466  0.433232
183  469  0.0170477
184  465  0.385715
185  467  0.0746026
186  463  0.0977719
186  466  0.07375
187  463  0.0272724
187  466  0.0137013
189  465  0.147972
189  542  0.0779037
190  464  0.193129
190  541  0.106168
191  378  0.0110446
191  458  0.015541
191  463  0.194639
191  540  0.10871
192  377  0.462741
192  539  0.108687
193  376  0.648819
193  538  0.108752
194  375  0.649018
194  537  0.108749
195  333  0.0537275
195  374  0.649317
195  536  0.107828
196  332  0.0555699
196  373  0.325558
196  535  0.10125
197  331  0.0565756
197  372  0.32346
197  534  0.0700082
198  330  0.0562472
198  342  0.0124085
198  371  0.648509
199  327  0.0631233
199  341  0.0138708
199  370  0.647707
200  326  0.0648217
200  340  0.0138482
201  325  0.0650376
201  335  0.0104138
201  337  0.135868
201  347  0.0124572
201  369  0.0170399
201  533  0.0766515
202  324  0.0647782
202  335  0.734883
202  346  0.0126033
202  532  0.0760585
203  323  0.0646986
203  334  0.729478
203  345  0.0119126
204  322  0.0643075
205  321  0.0632892
205  332  0.737279
205  531  0.0545992
206  320  0.0595767
206  331  0.856557
206  530  0.0652634
207  218  0.0103047
207  319  0.0505546
207  330  0.396524
207  529  0.0669615
208  217  0.0185789
208  318  0.0452382
208  329  0.401458
208  528  0.067205
209  216  0.0141351
209  317  0.0368884
209  328  0.863793
209  527  0.0671432
210  327  0.863746
210  526  0.0670926
211  326  0.761323
212  326  0.0359448
213  324  0.130082
214  323  0.113167
214  324  0.571631
215  322  0.0781484
215  323  0.743638
216  322  0.798484
217  321  0.830782
217  341  0.0346545
218  340  0.033688
219  319  0.886358
219  339  0.0279182
220  316  0.0864932
220  318  0.903579
221  315  0.0865626
221  317  0.903635
222  314  0.0866149
222  316  0.903574
224  313  0.10036
224  315  0.890055
225  312  0.100827
225  314  0.890446
226  313  0.889811
227  310  0.209925
227  312  0.690098
228  309  0.962307
229  308  0.981754
230  307  0.980379
231  306  0.974259
235  244  0.112515
235  301  0.209392
236  243  0.119918
236  300  0.219095
237  242  0.114802
237  281  0.033664
237  298  0.0186545
239  277  0.622585
240  276  0.747461
241  275  0.730645
242  273  0.487366
242  275  0.0134879
243  272  0.48762
243  274  0.0241995
243  276  0.0542942
245  272  0.0344149
245  274  0.432331
246  270  0.508577
246  271  0.0172877
246  273  0.433624
247  269  0.539697
247  272  0.433762
248  268  0.54161
248  271  0.433569
249  267  0.541229
249  270  0.431165
250  268  0.0101271
251  263  0.687977
252  262  0.725296
253  261  0.729716
254  260  0.727111
254  269  0.0145953
255  259  0.528294
255  268  0.0151579
257  268  0.175789
258  267  0.175605
259  265  0.0132476
259  266  0.133196
282  296  0.97359
283  295  0.974633
284  294  0.973251
285  293  0.957738
286  291  0.0413038
287  291  0.0157175
317  337  0.0396671
318  336  0.0396514
320  334  0.0412266
321  333  0.0434054
322  332  0.036744
323  331  0.0299366
324  330  0.0201395
324  331  0.0150788
325  330  0.021524
335  344  0.0230595
336  343  0.0472264
336  368  0.311696
337  342  0.0459364
337  367  0.315199
338  366  0.313013
338  520  0.010933
339  365  0.305062
339  519  0.0132493
340  364  0.278215
340  518  0.0140878
341  347  0.0174017
341  348  0.209437
341  363  0.0855068
341  369  0.31684
341  377  0.0161939
341  517  0.0135901
342  346  0.010935
342  347  0.170103
342  359  0.0149673
342  362  0.0684445
342  368  0.317197
342  376  0.0220838
342  487  0.10865
343  358  0.0153117
343  360  0.0173639
343  361  0.0481303
343  367  0.317125
343  375  0.0221418
343  486  0.109403
344  357  0.016088
344  359  0.0346594
344  366  0.29423
344  374  0.0223001
345  356  0.0151046
345  358  0.0237966
345  373  0.0222725
345  485  0.190112
346  372  0.0222895
346  484  0.198173
347  356  0.0252188
347  371  0.0222908
347  483  0.198897
348  353  0.0149598
348  370  0.0222605
348  482  0.19894
349  354  0.0150065
349  363  0.583092
349  481  0.198584
350  362  0.591774
350  480  0.198691
351  361  0.592064
351  479  0.19835
352  360  0.612308
352  478  0.198348
353  359  0.615465
353  477  0.168868
354  358  0.499521
355  460  0.151173
356  459  0.200047
357  458  0.200105
358  457  0.200066
359  456  0.200046
360  455  0.192362
362  446  0.0562064
363  445  0.0574849
364  444  0.0575727
365  443  0.0540608
366  442  0.0538285
367  441  0.0576955
368  440  0.0576984
368  451  0.135398
369  439  0.0576398
369  450  0.136222
370  449  0.135842
372  397  0.0442307
373  396  0.0488838
374  395  0.0491549
374  445  0.136249
375  394  0.0486384
375  444  0.137296
376  443  0.137471
377  442  0.137235
377  458  0.0400589
377  460  0.158214
378  390  0.0481965
378  441  0.137562
378  457  0.372705
378  459  0.396559
379  389  0.0520259
379  440  0.137131
379  456  0.376352
379  458  0.399299
380  388  0.0519749
380  402  0.0955199
380  455  0.377237
380  457  0.399447
381  387  0.0392604
381  401  0.0544505
381  454  0.341922
381  456  0.388954
382  401  0.0784502
382  454  0.19429
383  400  0.125898
383  453  0.217975
384  399  0.122285
384  451  0.10927
385  398  0.117763
385  399  0.0249249
385  450  0.107829
385  451  0.447694
386  398  0.0293975
386  450  0.445657
386  451  0.0499287
387  397  0.0335979
388  395  0.138962
388  450  0.220835
389  394  0.131419
389  449  0.238198
390  446  0.551612
390  448  0.228243
391  445  0.572971
391  447  0.212064
392  444  0.587977
393  443  0.588771
393  446  0.203565
394  442  0.589753
394  445  0.204682
395  441  0.589924
395  444  0.204656
396  440  0.586331
396  443  0.204833
397  439  0.546313
397  442  0.204336
398  406  0.0974517
398  441  0.169267
399  405  0.0969931
399  437  0.0448396
399  441  0.0343618
400  404  0.0369261
400  439  0.0888914
400  440  0.0681371
401  436  0.0670351
402  435  0.0684269
402  439  0.023287
403  434  0.0573791
403  437  0.802198
404  436  0.805601
405  435  0.761157
406  435  0.0413807
407  434  0.0861303
408  432  0.796875
408  433  0.0868062
409  431  0.906717
409  432  0.0670945
410  430  0.950457
410  431  0.0436752
411  429  0.976329
411  430  0.0204354
412  428  0.996424
413  427  0.996627
414  426  0.997912
415  425  0.998314
416  424  0.999142
417  423  0.996797
418  422  0.379456
462  472  0.138758
463  471  0.158337
464  470  0.128354
465  472  0.0183987
466  471  0.020332
485  539  0.0227204
486  528  0.0104352
486  538  0.0664053
487  537  0.0664573
488  521  0.0574279
489  516  0.0244862
489  517  0.0153089
489  520  0.0601561
489  525  0.105341
489  533  0.0357443
490  515  0.0247094
490  516  0.0143469
490  517  0.0266139
490  519  0.0668675
490  524  0.105537
490  532  0.0357511
491  514  0.0208613
491  518  0.0743313
491  523  0.0996655
491  531  0.0332576
492  504  0.160533
492  516  0.131875
492  517  0.0503886
493  503  0.162407
493  515  0.15864
493  516  0.0251736
494  502  0.162849
494  514  0.183712
495  501  0.161828
495  513  0.183653
496  500  0.0616052
496  512  0.0973396
497  512  0.0853742
498  511  0.170226
499  508  0.0100705
499  510  0.170283
500  507  0.010934
500  509  0.171855
501  506  0.0111327
501  508  0.171771
505  514  0.542521
506  513  0.683525
507  512  0.680789
525  534  0.0887829
526  533  0.0977716
528  534  0.0100488
