1  73  0.673377
2  12  0.0335811
2  72  0.829696
3  11  0.0842435
3  26  0.0113087
3  71  0.830004
4  10  0.0841965
4  25  0.0113634
4  40  0.0256146
4  70  0.829989
5  9  0.0353301
5  24  0.0105348
5  39  0.0257115
5  69  0.826885
6  23  0.0104205
6  38  0.0255069
6  68  0.822677
7  13  0.0109888
7  37  0.024532
7  67  0.806078
7  75  0.0137386
8  22  0.141251
8  74  0.0146726
9  21  0.154456
9  48  0.0372359
9  73  0.0146631
10  20  0.158029
10  26  0.0623012
11  19  0.158014
11  25  0.0623695
11  46  0.149191
11  70  0.015971
12  18  0.0957213
12  24  0.0623253
12  36  0.058547
12  45  0.15115
12  69  0.015761
13  18  0.0267349
13  23  0.0618702
13  35  0.0824444
13  44  0.151529
14  34  0.082794
14  43  0.121994
15  31  0.121136
15  33  0.0825916
15  66  0.440068
15  76  0.0351605
16  30  0.146689
16  32  0.0824883
16  65  0.473629
16  75  0.0351828
17  29  0.147205
17  64  0.476758
17  74  0.0350424
18  28  0.146905
18  31  0.0814073
18  63  0.477252
18  72  0.0278052
19  26  0.143403
19  30  0.0812601
19  62  0.476921
19  71  0.0284584
20  25  0.108758
20  29  0.0725611
20  60  0.276905
20  70  0.0287041
21  58  0.0103034
21  59  0.255374
21  69  0.0233977
23  49  0.198125
23  57  0.475723
24  48  0.197951
24  56  0.477246
25  55  0.477576
26  46  0.195822
26  54  0.47776
28  44  0.267814
28  53  0.477032
29  43  0.269224
29  52  0.476773
30  42  0.2395
30  51  0.476823
31  41  0.209346
31  42  0.0860509
31  50  0.461775
32  40  0.172758
32  41  0.253789
32  42  0.0174608
32  47  0.425603
33  40  0.284486
33  41  0.0175998
33  46  0.427942
34  39  0.292834
34  40  0.015882
34  45  0.426995
36  43  0.420889
37  42  0.369022
40  76  0.0102512
41  75  0.0101159
41  76  0.0767923
42  75  0.077068
43  74  0.0771163
44  49  0.0304252
44  73  0.0293713
45  73  0.081553
46  72  0.114829
47  71  0.115086
48  70  0.114894
49  69  0.113449
50  66  0.359491
50  67  0.0327896
51  65  0.510996
52  64  0.512978
53  63  0.513677
54  62  0.503938
55  60  0.0219031
