1  268  0.0253716
2  267  0.0285372
2  269  0.0300428
3  268  0.0332679
5  261  0.0529916
6  146  0.012959
6  260  0.0577027
6  268  0.0108638
7  145  0.0176173
7  259  0.0587421
7  262  0.0519111
7  264  0.0125724
7  267  0.0116185
8  144  0.0188884
8  244  0.0216301
8  261  0.0569508
9  143  0.0173134
9  243  0.0216767
9  262  0.102011
10  242  0.0214894
10  261  0.107725
11  241  0.0208879
11  260  0.0947782
12  257  0.848244
13  138  0.0156142
13  237  0.0372613
13  256  0.911032
14  137  0.0156911
14  236  0.0425305
14  255  0.915478
15  136  0.015673
15  235  0.0367792
15  254  0.821093
16  135  0.0156001
16  234  0.036203
16  253  0.815019
16  254  0.0935257
17  251  0.189947
17  253  0.094659
18  148  0.0437509
18  233  0.0182147
18  250  0.188473
18  252  0.132123
19  147  0.043885
19  249  0.14092
20  146  0.0438512
21  145  0.0439273
21  229  0.772622
22  144  0.0435063
22  228  0.924597
23  227  0.924077
24  35  0.0123917
24  226  0.923224
25  34  0.0231865
25  141  0.0287804
25  225  0.922602
26  33  0.0221874
26  139  0.012483
26  140  0.0290193
26  224  0.910413
27  32  0.0185638
27  139  0.027817
27  223  0.818643
29  109  0.0633951
29  136  0.195216
29  221  0.183114
30  108  0.146787
30  135  0.0643981
30  136  0.0150483
30  145  0.021503
30  220  0.177225
31  107  0.182647
31  134  0.0845514
31  144  0.0322601
31  148  0.026883
31  157  0.014681
32  106  0.0921485
32  133  0.225872
32  134  0.0382178
32  147  0.0267621
32  156  0.0136231
33  106  0.106672
33  132  0.225255
33  133  0.0362729
33  146  0.0220147
34  105  0.216849
34  142  0.0240856
35  104  0.217077
35  131  0.335261
35  140  0.0653285
35  143  0.23505
36  103  0.202951
36  130  0.346231
36  139  0.0691616
36  142  0.259792
37  103  0.0151923
37  105  0.0106747
37  129  0.346358
37  138  0.0690604
37  142  0.0139448
38  100  0.0112294
38  101  0.0285674
38  102  0.0269248
38  104  0.0162986
38  131  0.0625931
38  140  0.308239
39  99  0.0118228
39  103  0.0166388
39  127  0.343811
39  130  0.066373
39  139  0.31276
40  99  0.0202835
40  126  0.343866
40  129  0.0664791
40  138  0.312577
41  125  0.338935
42  98  0.572483
42  120  0.018192
42  124  0.318488
42  128  0.0846779
43  97  0.573549
43  119  0.0221665
43  127  0.0846997
44  96  0.573559
44  118  0.0221579
44  126  0.0846956
45  95  0.570026
45  125  0.0837463
46  94  0.55968
46  120  0.31416
46  124  0.0804584
47  119  0.314269
48  64  0.697161
48  118  0.27143
49  63  0.892872
50  62  0.955573
51  61  0.955654
51  88  0.0232532
52  60  0.948305
52  87  0.0253924
53  86  0.0253779
54  85  0.0253088
55  84  0.0252864
56  83  0.0252403
57  82  0.0249549
59  112  0.0100472
60  79  0.0217345
60  111  0.010629
61  78  0.0204003
61  110  0.0107577
62  75  0.0210906
62  109  0.0106631
63  74  0.0229774
64  73  0.0229586
64  107  0.0121815
64  112  0.0172567
64  117  0.0212555
65  106  0.0122278
65  111  0.0195986
66  105  0.0121867
66  110  0.0200184
66  115  0.0169677
66  119  0.0307673
67  103  0.0108225
67  109  0.0167266
67  115  0.243659
67  118  0.0317683
68  102  0.0101127
68  116  0.0234263
69  115  0.0231006
70  112  0.307648
70  114  0.0167989
71  111  0.328011
72  97  0.0147282
72  110  0.33249
73  90  0.0375365
73  96  0.0148126
73  109  0.319282
74  89  0.0378534
74  91  0.0136394
74  92  0.0223616
74  108  0.288392
75  88  0.0379108
75  107  0.237501
76  87  0.0376967
76  90  0.893351
76  105  0.0214645
77  89  0.902793
77  104  0.0186172
78  88  0.912577
79  87  0.912974
80  86  0.814048
81  85  0.407562
82  103  0.0139528
83  102  0.0183329
84  101  0.0191311
85  100  0.0194295
86  99  0.0195993
87  98  0.0198243
88  97  0.0168589
90  114  0.0104429
91  113  0.0137468
92  112  0.0144049
93  106  0.0830796
93  111  0.0146799
94  103  0.015439
94  105  0.0994631
94  109  0.0622332
95  102  0.014914
95  104  0.0681363
95  108  0.0980084
96  107  0.155693
97  106  0.161138
98  103  0.20405
98  105  0.159936
105  137  0.33217
106  136  0.33275
106  218  0.0250372
107  135  0.33291
107  217  0.0321271
108  134  0.332047
108  216  0.0318138
109  133  0.299927
109  214  0.11809
110  132  0.301704
110  213  0.174822
111  131  0.294872
111  212  0.187607
112  130  0.251718
112  131  0.0362713
112  211  0.188607
112  212  0.0124127
113  129  0.173474
113  130  0.0645938
113  210  0.187204
113  211  0.0135974
114  129  0.096205
114  209  0.183125
114  210  0.013645
115  128  0.133303
117  126  0.299493
117  129  0.0184228
117  207  0.038396
118  125  0.299049
118  128  0.0186097
119  124  0.286693
119  205  0.230677
120  126  0.0179101
120  204  0.23104
121  203  0.230511
122  202  0.230558
123  201  0.230722
124  200  0.230275
125  199  0.223734
127  197  0.214244
129  137  0.0121629
129  196  0.214416
130  195  0.21428
131  194  0.193407
132  193  0.0975021
133  192  0.065544
134  158  0.012542
135  153  0.160329
135  157  0.0244324
136  152  0.160752
136  156  0.0243901
137  150  0.289148
138  144  0.0145856
138  149  0.294403
138  154  0.0119851
139  148  0.297084
139  153  0.0292204
140  147  0.27625
140  152  0.0290653
141  151  0.0276231
143  149  0.0187889
144  220  0.0702606
146  218  0.0303127
146  219  0.355765
146  222  0.0741582
147  217  0.0210004
147  218  0.414449
147  221  0.0886062
148  217  0.419312
148  220  0.0896998
149  215  0.528535
149  219  0.0824277
150  214  0.573683
151  213  0.589644
152  212  0.594034
152  218  0.0286985
153  211  0.594462
153  217  0.0315093
154  210  0.563499
155  174  0.055762
155  194  0.0182121
155  213  0.0968702
156  173  0.0833574
156  193  0.111058
156  208  0.212441
156  209  0.0152903
156  212  0.104602
157  172  0.0854976
157  192  0.137503
157  207  0.147564
157  211  0.10471
158  171  0.0855018
158  191  0.140675
159  170  0.0849947
159  190  0.140231
160  168  0.0687076
160  189  0.138776
160  207  0.59949
161  166  0.0314832
161  206  0.714589
162  188  0.0414346
162  205  0.717024
164  203  0.702265
165  202  0.738167
166  201  0.756547
167  200  0.751928
168  179  0.0106027
169  178  0.0107799
169  180  0.128785
169  198  0.763438
170  177  0.0101441
170  179  0.129715
170  197  0.760863
171  178  0.129031
172  177  0.119244
172  195  0.761842
173  194  0.763868
174  193  0.746186
175  192  0.7454
176  190  0.840124
177  189  0.842238
178  188  0.842402
179  184  0.0111097
179  187  0.830296
180  186  0.540068
216  229  0.0532365
217  228  0.0656417
218  227  0.0656665
219  226  0.0655426
220  225  0.0622969
233  251  0.494185
234  249  0.188046
234  250  0.542475
235  248  0.915775
235  257  0.0113127
236  247  0.923384
236  256  0.0115983
237  246  0.923444
237  255  0.0117499
238  245  0.909704
238  254  0.0117461
239  253  0.0111892
240  252  0.0110008
240  260  0.0263294
241  259  0.0321708
242  258  0.0337427
243  257  0.0340214
244  256  0.0340519
245  255  0.0341042
245  257  0.0205224
246  254  0.0263368
246  256  0.0216212
247  252  0.0152249
247  255  0.0218458
248  254  0.0217404
259  268  0.0176317
260  267  0.0188146
261  266  0.0129001
