1  43  0.0225883
2  7  0.0168702
2  42  0.0768832
2  616  0.0138483
3  41  0.125031
3  135  0.0149522
3  137  0.0171282
3  614  0.0100956
3  615  0.0218319
4  134  0.0148657
4  136  0.0169754
5  133  0.0143259
6  132  0.0132348
6  134  0.0169634
7  38  0.323237
7  133  0.0211456
8  37  0.357083
8  132  0.0232191
9  36  0.373061
9  131  0.0266503
9  544  0.294484
10  35  0.377973
10  130  0.0287338
10  543  0.297819
10  625  0.0226213
11  34  0.377012
11  128  0.0150724
11  129  0.0300419
11  542  0.298117
11  618  0.0482373
11  623  0.0173231
11  624  0.0248427
12  33  0.346491
12  127  0.0131601
12  128  0.0302499
12  488  0.0489547
12  541  0.298778
12  617  0.0637001
12  622  0.0206613
12  623  0.0245763
13  127  0.0289993
13  487  0.0204446
13  540  0.102968
13  616  0.0657011
13  621  0.0213375
13  622  0.0234959
14  31  0.16953
14  486  0.032726
14  539  0.103483
14  615  0.0670022
15  30  0.387016
15  48  0.0752182
15  124  0.010155
15  485  0.0673375
15  538  0.299147
15  564  0.0289416
15  614  0.0440622
16  29  0.388362
16  47  0.0754421
16  123  0.0101341
16  484  0.0673421
16  537  0.299118
16  563  0.029627
16  612  0.0109207
16  618  0.0407762
17  28  0.148175
17  46  0.0750922
17  483  0.0671477
17  536  0.278755
17  562  0.0288643
17  617  0.0337772
18  27  0.148299
18  44  0.0253398
18  45  0.0498361
18  431  0.0371576
18  482  0.0476001
18  512  0.0116649
18  535  0.147338
18  561  0.027558
18  614  0.0123305
18  615  0.0307702
19  26  0.388853
19  43  0.0526724
19  44  0.0250354
19  50  0.0181634
19  61  0.111692
19  428  0.0205766
19  433  0.0151164
19  482  0.0188853
19  512  0.0624671
19  534  0.0190688
19  560  0.0185435
19  613  0.0164457
19  614  0.0299937
20  25  0.38105
20  42  0.0783144
20  49  0.0182777
20  60  0.11522
20  427  0.0206886
20  429  0.0752204
20  432  0.0162756
20  481  0.0372793
20  511  0.0623473
20  612  0.0286323
21  41  0.0785602
21  48  0.0183333
21  59  0.115262
21  426  0.0187582
21  428  0.0793364
21  431  0.0224897
21  469  0.0766067
21  479  0.0482952
21  564  0.0752097
22  40  0.0785525
22  47  0.0183333
22  58  0.115033
22  427  0.0792611
22  430  0.0224706
22  468  0.0766543
22  478  0.0496925
22  563  0.0752443
23  39  0.0744656
23  46  0.0181838
23  57  0.114513
23  361  0.102136
23  429  0.0190412
23  467  0.0766512
23  477  0.0280224
23  562  0.0749989
24  36  0.0224685
24  38  0.0501315
24  45  0.0161107
24  56  0.0591689
24  360  0.189186
24  466  0.0749874
24  561  0.073823
25  35  0.0714022
25  41  0.0184825
25  56  0.0552732
25  359  0.189878
25  464  0.0749974
25  538  0.010507
25  560  0.0710516
25  564  0.011764
26  34  0.0771884
26  40  0.0186707
26  55  0.110215
26  357  0.251086
26  463  0.0758292
26  537  0.0106714
26  563  0.0118834
27  33  0.070382
27  39  0.0191559
27  54  0.110007
27  356  0.264403
27  536  0.0106702
27  562  0.0118771
28  32  0.0409052
28  38  0.0189598
28  53  0.111119
28  354  0.11088
28  355  0.226892
28  360  0.010717
28  535  0.0106901
28  561  0.0118805
29  37  0.0185886
29  52  0.106799
29  353  0.155936
29  354  0.183568
29  359  0.0107269
29  534  0.0105912
29  560  0.0117543
30  51  0.0997569
30  318  0.0127011
30  352  0.195651
30  358  0.0106696
30  533  0.0102533
31  317  0.0157714
31  318  0.0167283
31  351  0.190646
31  352  0.0212604
31  357  0.0104308
32  39  0.0139548
32  316  0.0166111
32  317  0.0181132
32  350  0.175251
32  351  0.0205679
33  38  0.0101214
34  315  0.371654
35  314  0.368964
36  312  0.0120305
36  313  0.36449
36  531  0.012036
37  311  0.016047
37  312  0.355262
37  530  0.0141305
38  310  0.0139321
38  311  0.330434
38  529  0.0145795
39  131  0.0208392
39  528  0.0148244
40  48  0.0231966
40  50  0.125999
40  130  0.0585145
40  308  0.371354
41  47  0.0231329
41  49  0.126107
41  129  0.0704423
41  307  0.381793
41  526  0.0149455
42  48  0.126188
42  306  0.381969
42  525  0.0152099
43  47  0.0480377
43  128  0.276329
43  305  0.33834
43  524  0.0108908
44  127  0.278914
44  304  0.221207
45  126  0.298492
45  303  0.266073
45  523  0.0105945
46  125  0.338102
46  302  0.381674
46  522  0.0149211
47  124  0.339039
47  301  0.381986
47  521  0.0149987
48  123  0.338967
48  300  0.381977
48  520  0.0150044
49  122  0.338185
49  124  0.0980777
49  299  0.38194
49  517  0.0143154
50  121  0.337268
50  123  0.0982637
50  297  0.187821
50  298  0.194116
50  516  0.0175015
51  122  0.101511
51  296  0.375274
51  515  0.0176866
52  119  0.0164088
52  121  0.0997933
52  295  0.375399
52  514  0.0177459
52  617  0.015288
53  117  0.0267822
53  294  0.376879
53  513  0.017759
53  616  0.0161755
54  116  0.0333469
54  153  0.012707
54  293  0.293188
54  512  0.0142435
54  615  0.0161566
55  115  0.0334744
55  118  0.471789
55  151  0.0555356
55  614  0.0149556
56  114  0.0334773
56  117  0.47272
56  150  0.0557425
56  291  0.237122
56  510  0.0137347
57  113  0.0207557
57  116  0.720925
57  149  0.0558095
57  509  0.0131702
58  113  0.0245108
58  115  0.721338
58  148  0.0558111
58  493  0.0132871
58  508  0.0121088
59  112  0.0373486
59  114  0.721308
59  492  0.0133395
60  111  0.0374161
60  113  0.721076
60  147  0.0565356
60  491  0.0132197
61  109  0.0155436
61  110  0.0312533
61  112  0.72032
61  146  0.0565384
61  490  0.0131407
62  75  0.0384768
62  108  0.0232811
62  145  0.0565053
63  79  0.0433714
63  84  0.128539
63  107  0.0230412
63  111  0.0977347
63  144  0.0561027
63  534  0.0546974
64  73  0.0597112
64  76  0.0281675
64  78  0.0386569
64  83  0.13064
64  106  0.0184609
64  110  0.0953183
64  533  0.0656139
65  72  0.0636865
65  75  0.033447
65  82  0.130358
65  142  0.0124396
65  532  0.0670058
66  71  0.057767
66  74  0.0321324
66  76  0.0178997
66  80  0.0117373
66  81  0.118808
66  531  0.0660275
67  75  0.0185746
67  79  0.0151496
67  140  0.0348161
67  141  0.0141579
68  72  0.0138745
68  139  0.0435553
68  140  0.0118978
69  108  0.0225084
69  138  0.0461616
70  79  0.0316694
70  107  0.0225609
70  137  0.0484647
70  455  0.0127486
71  136  0.0480442
71  454  0.0124054
71  528  0.0818762
72  77  0.0118561
72  80  0.365464
72  527  0.0826678
72  562  0.0184823
73  79  0.432978
73  90  0.0206357
73  135  0.0425855
73  561  0.0205458
74  79  0.0379149
74  84  0.0389384
74  89  0.0207471
74  134  0.0251377
74  525  0.0853699
74  560  0.0206994
75  83  0.0395256
75  88  0.0204029
75  524  0.0839066
75  559  0.0206653
76  82  0.0359189
76  87  0.0174012
76  132  0.0427778
76  558  0.0202197
77  131  0.0456843
77  522  0.0750338
78  130  0.0456131
78  521  0.0856543
79  109  0.0326663
79  126  0.011088
79  129  0.0450479
79  520  0.0859482
79  555  0.0190473
80  108  0.0330806
80  125  0.0118062
80  519  0.0835842
80  554  0.0168875
81  107  0.0331047
81  111  0.337578
81  124  0.0118527
81  518  0.0798763
82  110  0.336386
82  123  0.0118385
83  122  0.0118003
83  517  0.0747902
84  109  0.303281
84  121  0.0117054
84  450  0.0465053
84  516  0.0751289
85  108  0.309486
85  449  0.0499401
85  515  0.0619071
86  106  0.769116
86  448  0.0502228
86  513  0.020468
87  105  0.827013
87  447  0.0501563
87  553  0.0258825
88  104  0.832833
88  446  0.0500615
88  552  0.0292932
89  103  0.806169
89  445  0.0496649
89  551  0.0296696
90  102  0.769761
90  103  0.0249867
90  550  0.0296885
91  102  0.0410818
91  103  0.117383
91  549  0.0296806
92  102  0.133933
92  548  0.0280293
93  100  0.0938192
93  101  0.803884
93  547  0.0232448
94  100  0.766677
101  540  0.0237957
102  539  0.0246986
103  538  0.0248124
104  537  0.0241046
105  442  0.0389023
106  441  0.0531081
106  512  0.111986
107  127  0.0426951
107  440  0.0531783
107  511  0.113021
108  126  0.0164207
108  439  0.0531459
108  510  0.112859
109  125  0.0166985
109  438  0.0531082
109  509  0.113139
110  124  0.0433847
110  508  0.113022
111  123  0.0433813
111  434  0.052928
112  122  0.0432473
112  433  0.0543647
112  506  0.0783196
113  121  0.0427941
113  432  0.0544654
113  505  0.11309
114  293  0.0105254
114  431  0.0545324
114  504  0.113135
115  292  0.0106198
115  430  0.0545342
115  503  0.113076
116  291  0.010651
116  429  0.054532
116  502  0.112367
117  287  0.255965
117  290  0.0115051
117  428  0.0544953
117  501  0.107187
118  286  0.256174
118  289  0.0115423
118  427  0.0544643
118  500  0.106884
119  288  0.0108682
121  283  0.372111
121  359  0.0147404
121  360  0.0245515
122  282  0.389013
122  358  0.0149829
123  281  0.398153
124  279  0.0186807
124  280  0.397586
124  357  0.052277
125  278  0.0193171
125  279  0.261625
125  356  0.0529311
126  277  0.0119213
126  355  0.0535675
127  137  0.0165955
127  277  0.409055
127  354  0.0535638
128  136  0.0166727
128  276  0.41769
129  135  0.0165577
129  275  0.41959
129  353  0.0528718
129  625  0.0274262
130  274  0.404923
130  352  0.0525964
130  623  0.247666
130  624  0.024855
131  273  0.383119
131  351  0.0518591
131  622  0.335512
131  623  0.0207882
132  350  0.0497841
132  621  0.376324
132  622  0.0161021
133  349  0.0416412
133  620  0.391575
133  621  0.0111665
134  269  0.0138191
134  322  0.0432734
134  619  0.401851
135  268  0.0137302
135  273  0.0129578
135  321  0.0479323
135  618  0.407916
136  267  0.0121112
136  269  0.15614
136  274  0.0122588
136  617  0.403581
137  268  0.163311
137  273  0.0160698
137  319  0.0489225
137  616  0.402322
138  267  0.162096
138  318  0.0482545
139  266  0.156477
139  317  0.0428632
140  265  0.0377264
140  269  0.623477
140  314  0.0456266
141  268  0.663107
141  313  0.0544679
142  267  0.65632
142  312  0.0544361
143  266  0.651941
143  311  0.0544322
144  310  0.0543585
145  265  0.813357
145  309  0.0288434
146  264  0.867957
146  306  0.0159496
146  308  0.0181329
147  263  0.868147
147  305  0.0160091
147  307  0.0392512
148  262  0.868131
148  285  0.0102436
148  304  0.0160385
148  305  0.0333847
149  261  0.866669
149  284  0.0102426
149  303  0.0159371
149  304  0.033378
150  258  0.0787575
150  259  0.0162407
150  260  0.36842
151  256  0.837783
151  303  0.0386423
152  255  0.840569
152  302  0.0380347
153  254  0.841147
154  253  0.386764
154  256  0.0176379
154  300  0.039413
155  252  0.387774
155  255  0.0393281
155  293  0.0559832
155  299  0.0519538
156  251  0.839503
156  254  0.0404089
156  292  0.0565805
156  298  0.051981
157  250  0.753214
157  253  0.0405888
157  291  0.0561735
157  297  0.0519253
158  189  0.014269
158  252  0.0409483
158  290  0.0560434
158  296  0.0518699
159  167  0.0160957
159  188  0.0153949
159  251  0.0407907
159  295  0.0519256
160  166  0.016952
160  187  0.015487
160  207  0.309999
160  249  0.0208859
160  250  0.0408755
160  289  0.0523504
160  294  0.0518867
161  186  0.0154419
161  206  0.736171
161  288  0.0545278
162  185  0.0153232
162  205  0.803514
162  287  0.0545357
163  204  0.800893
163  286  0.0487523
164  203  0.792973
164  285  0.0334812
165  179  0.0118474
165  202  0.771131
165  284  0.0330397
166  178  0.0129361
166  283  0.013622
168  176  0.0211212
168  206  0.0308364
169  175  0.0220766
169  205  0.0354147
171  206  0.0100754
172  205  0.0116413
173  200  0.897681
174  199  0.95219
175  198  0.95865
176  197  0.950281
178  195  0.963799
179  194  0.970835
180  193  0.970403
181  192  0.968863
182  191  0.965355
183  190  0.90035
204  252  0.0316299
205  250  0.0131432
205  251  0.034207
206  217  0.0171591
206  249  0.012046
206  250  0.0312372
207  216  0.647242
207  293  0.0230113
208  215  0.96427
208  292  0.0230232
209  214  0.972111
209  291  0.0229317
210  290  0.0165931
216  249  0.336423
217  248  0.892834
217  293  0.0111533
218  247  0.948797
218  292  0.0107906
219  246  0.981636
220  245  0.98269
221  244  0.982564
222  243  0.976521
224  241  0.981685
225  240  0.991379
226  239  0.990238
227  238  0.967906
228  236  0.0264899
247  290  0.0177721
248  289  0.0107157
249  288  0.0221443
250  287  0.0424728
252  285  0.0504062
254  283  0.090278
255  282  0.101179
256  281  0.109111
258  280  0.126389
259  279  0.129058
260  278  0.129017
261  277  0.129071
262  276  0.128608
263  275  0.128732
264  273  0.124535
265  272  0.103862
270  617  0.0101303
271  279  0.0177383
271  616  0.0116536
272  278  0.017722
273  277  0.0139663
273  614  0.339572
274  613  0.343368
275  612  0.340842
275  618  0.0243737
276  617  0.0247405
277  570  0.0354895
277  616  0.024785
278  569  0.0314952
279  615  0.0112766
280  493  0.468213
281  492  0.470101
282  491  0.470456
283  488  0.0128571
283  490  0.466808
284  489  0.461243
285  486  0.390896
286  485  0.55652
287  484  0.55717
288  483  0.556893
289  482  0.557202
290  481  0.256874
291  480  0.255628
292  479  0.556978
293  478  0.556246
294  299  0.0396514
294  363  0.175132
294  364  0.135406
295  362  0.270899
295  363  0.0684672
296  361  0.353765
296  474  0.0134535
296  475  0.0308283
297  360  0.358667
298  359  0.355373
299  471  0.0328401
299  472  0.0511655
300  469  0.200363
301  357  0.358846
301  468  0.200868
302  356  0.360269
302  467  0.200791
303  355  0.360711
303  466  0.200883
304  354  0.360631
304  465  0.200608
305  353  0.350593
305  464  0.200903
306  463  0.200846
307  315  0.0739664
307  331  0.138929
307  355  0.0118944
307  462  0.0692598
308  314  0.065839
308  316  0.0884922
308  330  0.1492
308  356  0.0582684
309  315  0.112943
309  329  0.169325
309  354  0.0150901
309  355  0.0719938
309  458  0.028918
310  328  0.169331
310  353  0.0151935
310  354  0.0713097
310  457  0.0304234
311  327  0.146881
311  456  0.0178756
312  324  0.0106966
312  326  0.08724
312  456  0.0185563
312  458  0.0111345
313  323  0.0138463
313  327  0.0187593
313  455  0.0310746
313  457  0.0112568
314  320  0.0195118
314  324  0.0546407
314  326  0.0659625
314  454  0.0292357
314  456  0.0101345
315  319  0.015272
315  321  0.0997464
315  325  0.0815621
315  450  0.0295529
316  320  0.0382222
316  324  0.0723087
316  449  0.0294699
319  353  0.0731314
319  446  0.0181681
320  352  0.0734279
320  445  0.0243156
321  441  0.0126675
321  444  0.0289478
322  443  0.0266632
323  348  0.751003
323  440  0.0614431
324  347  0.754786
324  439  0.0632298
325  346  0.756351
325  438  0.0650429
326  345  0.71558
326  437  0.0650983
327  345  0.0139731
327  436  0.0651516
328  343  0.0147405
328  435  0.0651524
329  343  0.722651
329  434  0.0645521
330  342  0.762175
330  433  0.0598513
331  340  0.0109258
331  341  0.752985
331  348  0.0274219
331  432  0.0596989
332  339  0.019204
332  340  0.68899
332  343  0.0245207
332  347  0.0644282
333  342  0.0586242
333  346  0.0748857
333  378  0.0126428
333  431  0.0141599
334  338  0.0116772
334  341  0.0550412
334  345  0.0726484
334  349  0.0259135
334  377  0.0128508
334  430  0.0110977
335  340  0.0342513
335  348  0.0289998
336  343  0.0604476
336  347  0.0302584
337  342  0.0591696
337  346  0.030372
337  374  0.0132018
338  373  0.0126819
339  372  0.0120555
340  371  0.0108852
342  424  0.0161129
343  353  0.0111722
343  423  0.0162636
344  422  0.0162593
345  421  0.0162516
346  376  0.0344709
346  420  0.0161835
347  375  0.0347365
348  374  0.0348882
349  373  0.0344617
350  372  0.0305337
354  460  0.019067
354  556  0.0111291
355  370  0.0492701
355  459  0.0199155
355  555  0.0141944
356  369  0.0513315
356  458  0.0200782
356  554  0.0139241
357  368  0.0516306
357  457  0.0200505
357  462  0.214438
358  367  0.0454824
358  456  0.0175665
358  461  0.215235
358  552  0.0197996
359  460  0.215453
359  551  0.0204326
359  556  0.048775
360  365  0.0242371
360  459  0.215365
360  550  0.0203689
360  555  0.0490013
361  421  0.0463132
361  458  0.129217
361  554  0.0472257
362  420  0.0711654
362  477  0.0188353
362  553  0.0410798
363  419  0.0836653
363  425  0.175027
363  476  0.028455
364  418  0.0846217
364  424  0.19449
365  423  0.196276
365  552  0.0239978
366  417  0.127925
366  420  0.0216056
366  422  0.178057
366  473  0.360433
367  416  0.163949
367  419  0.10491
367  472  0.401067
367  550  0.0116676
368  415  0.165561
368  418  0.114709
368  420  0.0809177
368  471  0.419995
368  549  0.0364741
369  415  0.0294326
369  417  0.10461
369  419  0.0795379
369  470  0.421944
369  548  0.0364288
370  414  0.369644
370  469  0.42284
370  547  0.0361033
371  413  0.390255
371  418  0.0651565
371  468  0.422534
371  546  0.0359564
372  411  0.0107064
372  412  0.393052
372  417  0.0653491
372  467  0.300982
373  410  0.014086
373  411  0.351962
373  416  0.0654306
374  412  0.0124199
374  415  0.0652567
375  409  0.775921
376  408  0.895614
376  518  0.0108874
377  407  0.904271
377  517  0.0120356
378  406  0.90621
378  516  0.0121116
379  405  0.906932
379  515  0.0120982
380  404  0.881521
380  514  0.0119575
381  403  0.876791
381  404  0.0255083
381  430  0.0706409
381  513  0.0113715
382  403  0.0258749
382  429  0.0876227
383  401  0.907838
383  428  0.0907104
384  400  0.907973
384  427  0.0907145
385  396  0.0247181
385  399  0.878418
385  426  0.0903104
386  395  0.0353805
387  394  0.0361171
387  397  0.834739
387  424  0.0791992
388  393  0.0341656
388  396  0.833847
388  423  0.0907537
389  394  0.0239842
389  422  0.0907304
390  395  0.0192755
390  421  0.0906658
391  420  0.0902391
392  419  0.0892879
393  418  0.0653205
395  416  0.0874634
396  415  0.0881528
397  414  0.0736183
398  414  0.0113481
399  412  0.0476976
399  413  0.0219874
401  412  0.0112479
412  465  0.246206
412  466  0.0928204
413  464  0.421904
414  463  0.422615
415  457  0.0182002
415  462  0.422448
416  461  0.369584
417  456  0.0901511
417  458  0.301993
418  455  0.142944
418  457  0.423974
419  454  0.142175
419  456  0.42401
420  455  0.416714
421  450  0.476889
422  449  0.576314
423  448  0.582944
425  446  0.583816
426  445  0.584268
426  450  0.0709833
427  444  0.582409
427  446  0.0100079
427  449  0.0726573
427  547  0.0354441
428  445  0.0100235
428  448  0.0727765
428  546  0.0354592
429  442  0.405794
429  545  0.0354981
430  441  0.58614
430  446  0.0720434
430  512  0.0620331
430  544  0.0336048
431  440  0.585536
431  445  0.0733008
431  511  0.0621973
432  438  0.051798
432  444  0.0729874
432  512  0.0391344
433  437  0.0197203
433  439  0.0295478
433  510  0.102275
433  511  0.0195966
434  438  0.0232623
434  442  0.0350801
434  509  0.190847
435  441  0.06895
435  508  0.192947
436  507  0.192897
437  506  0.192468
438  505  0.192682
440  504  0.194874
441  503  0.194872
442  502  0.097676
444  500  0.194314
445  499  0.194399
446  498  0.0394048
447  497  0.0231864
448  496  0.177868
449  495  0.17498
450  455  0.0265451
450  457  0.0952121
451  456  0.0694213
453  491  0.0370819
454  490  0.0342332
460  489  0.233083
461  488  0.235583
462  487  0.235799
463  485  0.242508
463  486  0.0104839
464  484  0.252902
465  483  0.252288
466  481  0.252233
467  480  0.253141
468  479  0.253581
468  482  0.0138718
469  478  0.252572
469  481  0.0139803
470  480  0.016242
471  479  0.0163282
471  509  0.0794623
472  508  0.0796402
473  507  0.0794186
474  506  0.0773646
478  504  0.078069
479  503  0.0780045
480  502  0.0393312
481  499  0.0142369
481  501  0.0297338
482  498  0.0142947
482  500  0.0643922
483  497  0.0141444
484  491  0.0316502
484  499  0.0269394
485  490  0.0318418
485  498  0.0267874
486  494  0.0142551
487  493  0.0149536
488  501  0.0146158
489  500  0.0168379
489  616  0.0586601
490  499  0.0244666
490  615  0.0691125
491  498  0.0218424
492  499  0.110163
492  613  0.021483
493  498  0.108662
493  612  0.0676405
494  611  0.0192847
495  567  0.459296
496  566  0.524553
497  565  0.543167
498  564  0.548277
499  563  0.548019
500  547  0.544714
501  546  0.544836
501  562  0.0115096
502  545  0.546866
502  561  0.011496
503  544  0.546748
503  560  0.011479
505  543  0.526441
506  542  0.527969
507  541  0.532626
508  540  0.267609
509  540  0.30484
510  539  0.60866
511  538  0.618669
512  537  0.619191
513  535  0.823109
514  534  0.834886
515  533  0.841162
516  525  0.0148894
516  532  0.843061
517  524  0.0143995
517  531  0.842115
518  523  0.0126247
518  530  0.835367
519  529  0.820382
520  525  0.0148095
520  528  0.720052
521  527  0.210124
522  526  0.107272
542  558  0.0115421
543  551  0.0104728
543  557  0.0133278
544  550  0.0108645
544  556  0.0134635
545  555  0.0133036
545  616  0.0296373
545  618  0.0252424
546  554  0.0103642
546  564  0.240511
547  563  0.238965
549  561  0.0336875
549  615  0.0150146
550  560  0.0309434
550  561  0.764194
550  614  0.0133532
551  560  0.768086
552  559  0.742739
553  558  0.603147
554  562  0.0177053
555  561  0.0201026
555  615  0.0191332
556  560  0.0124557
556  614  0.0191516
557  613  0.0190098
558  612  0.0184335
559  611  0.012672
560  571  0.0166838
561  570  0.0248757
562  569  0.0232816
568  613  0.325333
569  612  0.228762
570  611  0.694928
571  610  0.973977
572  609  0.979784
573  608  0.98123
574  607  0.983378
575  606  0.97967
576  605  0.963955
577  604  0.883696
578  601  0.26482
578  603  0.675463
579  600  0.830846
580  599  0.937901
581  598  0.935856
582  596  0.989564
583  595  0.994783
584  594  0.994871
585  593  0.995444
586  592  0.991442
587  591  0.377408
