1  43  0.0151596
1  48  0.795403
2  42  0.014731
2  47  0.797178
2  109  0.0193117
3  39  0.0111509
3  41  0.011118
3  108  0.0264419
4  38  0.0238729
4  45  0.107331
4  54  0.0775619
4  107  0.0161595
5  37  0.0273108
5  44  0.809885
5  53  0.031428
5  54  0.0154024
5  106  0.0155168
6  36  0.0273543
6  43  0.81444
6  53  0.0154693
6  105  0.0232852
7  35  0.0271263
7  42  0.811448
7  51  0.0883129
8  41  0.79951
8  50  0.098458
8  103  0.0269147
9  49  0.0979492
9  102  0.0276402
10  31  0.0223752
10  40  0.785142
11  30  0.0269237
11  39  0.797855
11  46  0.148829
12  29  0.0274448
12  38  0.812675
12  45  0.14928
13  28  0.0275685
13  37  0.81587
13  44  0.149312
14  27  0.0274921
14  36  0.815706
14  43  0.149641
15  26  0.027536
15  35  0.774929
15  42  0.149561
16  25  0.0174326
16  30  0.4881
16  41  0.149211
17  25  0.0122295
17  29  0.661434
17  40  0.14834
18  24  0.0223633
18  28  0.676391
18  32  0.117115
18  39  0.147735
19  27  0.670724
19  31  0.110188
19  38  0.144651
20  26  0.637975
21  25  0.371095
21  28  0.0442511
21  36  0.112548
21  37  0.0287636
22  35  0.0783672
23  34  0.0406508
23  35  0.0692897
24  34  0.103617
25  33  0.0921777
26  31  0.0256527
41  51  0.0107867
42  50  0.0109489
43  49  0.0107491
45  57  0.0114201
46  56  0.0127487
48  55  0.044387
49  54  0.0642381
50  109  0.0331137
51  104  0.012654
51  108  0.0448063
52  103  0.0152057
52  107  0.0396545
52  108  0.0102142
53  102  0.0111187
54  102  0.040749
55  105  0.0739924
55  106  0.012706
55  107  0.0164901
55  108  0.0299815
56  104  0.109496
56  105  0.0184517
56  106  0.0255448
56  107  0.0336717
56  108  0.0146554
57  103  0.111045
57  104  0.0164703
57  105  0.0239983
57  106  0.0295961
57  107  0.0131406
58  102  0.0932956
60  102  0.011011
61  77  0.981631
62  76  0.990494
63  75  0.990532
64  74  0.988697
65  73  0.980967
66  72  0.941887
67  71  0.471887
77  102  0.0106588
78  101  0.998305
79  100  0.999886
80  99  0.999986
81  98  0.999988
82  97  0.999973
83  96  0.999425
84  95  0.999939
85  94  0.999697
86  93  0.999887
87  92  0.987567
