4  205  0.0299288
5  204  0.0279741
6  172  0.982639
7  171  0.983089
8  170  0.240349
9  170  0.753908
10  169  0.993474
11  168  0.993196
13  166  0.993992
14  165  0.997569
15  164  0.997618
16  163  0.995798
17  162  0.993735
18  161  0.995233
19  160  0.995854
20  159  0.850309
21  137  0.632853
22  136  0.633514
22  157  0.310053
23  135  0.633039
24  134  0.632832
24  157  0.0391855
25  133  0.633429
25  154  0.300806
25  156  0.0407527
26  132  0.612822
27  102  0.202668
27  131  0.575453
28  46  0.0244471
28  101  0.223447
28  123  0.0186761
28  128  0.0109065
28  130  0.485634
28  153  0.0422939
29  45  0.0432105
29  100  0.259151
29  122  0.0243048
29  127  0.0198646
29  152  0.0425858
30  44  0.0432029
30  121  0.0226029
31  43  0.0431169
31  98  0.91728
32  42  0.0427993
32  97  0.921946
33  41  0.0406054
33  96  0.920835
35  94  0.943793
36  93  0.944185
37  92  0.943767
38  91  0.94039
39  90  0.919863
43  67  0.127556
43  86  0.801426
44  66  0.128081
44  85  0.802799
45  65  0.127554
45  84  0.802272
47  67  0.0149203
51  62  0.935398
52  61  0.99776
53  60  0.997738
54  59  0.938267
65  78  0.808026
66  77  0.808525
67  76  0.808308
68  75  0.663947
69  74  0.436484
72  90  0.0171177
74  88  0.145637
75  87  0.178091
76  86  0.187756
77  85  0.187683
78  84  0.18631
92  119  0.0244328
93  118  0.0266133
94  117  0.0267885
95  100  0.0326555
95  116  0.0249933
100  111  0.466098
100  128  0.0614797
101  110  0.490746
101  127  0.062444
102  109  0.409404
102  126  0.0563875
104  121  0.0118376
105  120  0.0132441
105  143  0.218688
106  119  0.0131527
106  142  0.261033
107  141  0.264196
110  117  0.0525646
110  128  0.0489854
110  138  0.317144
111  116  0.0442574
111  127  0.05048
111  137  0.318849
112  122  0.0253231
112  136  0.31885
113  121  0.0216533
113  135  0.309112
114  134  0.261669
115  134  0.011521
116  123  0.0400122
116  126  0.0430533
116  128  0.0136075
116  133  0.0134167
117  122  0.0433225
117  125  0.0579919
117  127  0.0197706
117  134  0.0388468
118  125  0.0104446
119  132  0.276343
120  131  0.311972
121  129  0.0134161
121  130  0.325777
122  128  0.0178917
122  129  0.324436
127  138  0.0250739
128  137  0.0262958
129  136  0.0262574
130  135  0.0229764
139  157  0.510235
140  155  0.0152286
140  156  0.523094
141  154  0.0135455
141  155  0.510003
145  152  0.471955
146  152  0.0744167
151  159  0.0129395
152  158  0.017836
175  205  0.102581
176  204  0.0481339
176  205  0.841354
177  204  0.843756
178  202  0.117561
178  203  0.796481
179  201  0.0617369
179  202  0.756074
180  200  0.101973
181  199  0.161243
181  201  0.655943
182  198  0.0888632
182  200  0.611904
183  197  0.0185087
184  198  0.719826
185  197  0.972592
186  196  0.998291
187  195  0.998368
188  194  0.989433
206  245  0.630856
207  244  0.912652
208  243  0.996343
209  242  0.996763
210  241  0.994169
211  240  0.994126
212  239  0.994499
213  238  0.995288
214  237  0.998261
215  236  0.999972
216  235  0.99999
217  234  0.999957
218  233  0.99993
219  232  0.999699
220  231  0.999939
221  230  0.999423
222  229  0.999886
223  228  0.987567
