1  185  0.0105646
1  436  0.135607
2  17  0.013009
2  184  0.0119873
2  193  0.0271075
2  435  0.165008
3  16  0.0157642
3  190  0.346545
3  192  0.032509
3  434  0.149561
4  15  0.0144955
4  189  0.347105
4  191  0.0293113
5  182  0.202093
5  188  0.338404
5  432  0.231055
6  181  0.245818
6  187  0.335087
6  431  0.294586
7  180  0.257652
7  430  0.304568
8  179  0.257149
8  186  0.349201
8  429  0.304383
8  437  0.0191565
9  185  0.347799
9  427  0.0113135
9  428  0.225185
9  436  0.0191364
10  184  0.341279
10  426  0.0212538
10  435  0.017784
11  93  0.0103833
11  183  0.317851
11  425  0.0191474
12  92  0.0145828
12  424  0.0143057
13  91  0.0151285
14  90  0.0145674
14  102  0.0395644
14  117  0.0129113
14  177  0.211132
15  85  0.0130662
15  101  0.0475524
15  116  0.0170751
15  176  0.217383
15  179  0.0567916
15  426  0.0123943
16  84  0.0217893
16  100  0.0480768
16  115  0.017323
16  175  0.218088
16  178  0.0663778
16  425  0.0134536
16  429  0.0202757
17  83  0.0216798
17  89  0.522267
17  428  0.0206996
18  82  0.0191424
18  88  0.574619
18  98  0.048636
18  427  0.0215973
19  87  0.585658
19  97  0.0491541
19  112  0.0145937
19  115  0.0195463
19  426  0.0215336
20  86  0.581773
20  96  0.0491939
20  111  0.0146303
20  114  0.0207799
20  430  0.0117948
21  84  0.0118506
21  85  0.573941
21  95  0.0492154
21  109  0.0142934
21  112  0.0226285
21  429  0.0118003
22  79  0.0451626
22  83  0.0175409
22  108  0.0134272
22  111  0.0226592
23  78  0.0424323
23  84  0.0956171
23  93  0.0434957
23  107  0.0125196
23  110  0.0209946
24  81  0.0328696
24  82  0.0279899
24  83  0.0940174
24  92  0.0418869
25  80  0.0291689
25  81  0.0262692
25  82  0.0866979
25  91  0.0318684
26  77  0.965898
27  76  0.975528
28  75  0.975997
29  74  0.976099
30  73  0.975246
31  72  0.976089
32  71  0.976147
32  426  0.0167905
33  70  0.976098
33  425  0.0168736
34  69  0.965154
34  424  0.016826
35  68  0.859239
35  423  0.0166851
36  60  0.0353764
36  64  0.0753187
37  59  0.0377699
37  63  0.075613
37  419  0.0166175
38  58  0.0378151
38  62  0.0441353
38  65  0.8529
38  418  0.0167207
39  57  0.0378591
39  61  0.0159577
39  62  0.0242155
39  64  0.853022
39  417  0.016736
40  56  0.0376127
40  416  0.0166553
41  49  0.015508
41  55  0.0337194
41  61  0.884892
41  62  0.0321364
41  415  0.0143932
42  48  0.0160025
42  60  0.897285
42  61  0.0233767
43  59  0.905777
44  52  0.0135858
44  58  0.857947
44  60  0.0124715
45  59  0.0124703
46  56  0.550533
56  403  0.015984
57  402  0.0169813
58  401  0.0169791
59  400  0.0169808
61  398  0.0169432
62  397  0.0226734
63  396  0.022684
64  395  0.0225897
65  394  0.0215871
71  305  0.0221632
72  304  0.0224134
73  303  0.0225402
74  302  0.0225411
75  301  0.0223254
76  300  0.0195603
78  86  0.0381229
78  427  0.112939
79  84  0.33184
79  85  0.0406488
79  105  0.0263271
79  297  0.0102611
79  426  0.132367
80  84  0.0160563
80  103  0.0127996
80  104  0.0218642
80  425  0.128122
81  102  0.0203668
81  103  0.0172983
81  258  0.025569
82  101  0.0260623
82  102  0.0127479
82  257  0.0368796
83  100  0.0309874
83  256  0.0383188
84  99  0.0388847
84  255  0.0400757
84  422  0.133449
84  423  0.0168638
85  98  0.0376126
85  254  0.0400795
85  421  0.186807
86  181  0.0384571
86  253  0.0399383
86  420  0.204282
87  180  0.0496888
87  252  0.0395936
87  419  0.206953
88  95  0.0379966
88  179  0.0474286
88  251  0.0390097
88  418  0.206849
89  94  0.0237586
89  178  0.0367467
89  250  0.0365926
89  417  0.206536
90  416  0.205933
91  120  0.0319983
91  176  0.0196743
91  177  0.249007
91  415  0.16674
92  119  0.045395
92  175  0.0206299
92  176  0.294262
93  118  0.0495446
93  174  0.013541
93  413  0.188342
93  414  0.0140901
93  423  0.0194076
94  174  0.610793
94  412  0.188508
94  413  0.0139901
94  422  0.0121789
95  173  0.619949
95  411  0.18833
95  412  0.0112393
95  421  0.0147535
96  115  0.0563922
96  172  0.340657
96  410  0.177078
96  420  0.024562
97  111  0.0186524
97  114  0.219525
97  171  0.338881
97  419  0.0246022
98  110  0.0186816
98  113  0.2199
98  170  0.624946
98  418  0.0245931
99  109  0.0185987
99  112  0.219953
99  169  0.625086
99  417  0.0245876
100  108  0.0131643
100  111  0.209027
100  168  0.624588
100  416  0.021668
102  108  0.0105776
103  108  0.0325461
103  165  0.585494
104  164  0.6138
104  424  0.0402325
105  163  0.62328
105  414  0.0217419
105  423  0.0482236
106  162  0.625439
106  413  0.0216056
106  422  0.0482166
107  161  0.625289
107  421  0.0482987
108  160  0.624813
108  420  0.0483277
109  159  0.62371
109  419  0.0481106
111  158  0.579874
111  417  0.0315527
112  133  0.0200735
112  156  0.0108166
112  157  0.538154
112  416  0.011183
113  132  0.020534
113  416  0.0303319
114  131  0.0205953
114  415  0.0416298
115  130  0.019922
115  138  0.0342368
115  402  0.0484175
115  414  0.0394696
116  401  0.0385909
117  136  0.559323
117  401  0.0131855
118  135  0.601186
118  399  0.0254579
118  400  0.0235024
118  406  0.0163072
118  425  0.0444406
119  134  0.601998
119  398  0.0250663
119  405  0.015499
119  424  0.0450375
120  133  0.602265
120  397  0.0242776
120  402  0.118843
120  423  0.0451307
121  132  0.565554
121  401  0.116933
121  422  0.0445943
122  421  0.0372964
123  398  0.275406
124  129  0.457229
124  130  0.0152959
124  248  0.0127622
124  397  0.2982
125  131  0.0152084
125  247  0.0127611
125  396  0.29831
129  208  0.359462
130  207  0.369884
131  206  0.3704
132  205  0.370125
133  204  0.370349
134  203  0.370016
135  202  0.370074
136  200  0.131532
136  201  0.236823
137  153  0.222496
137  199  0.262994
138  151  0.468147
138  152  0.111521
138  198  0.259325
139  150  0.647848
139  197  0.0472669
139  199  0.0373038
140  149  0.648433
141  148  0.649146
141  197  0.249626
142  147  0.620714
142  196  0.306981
143  195  0.305741
144  181  0.0246657
144  194  0.265612
145  180  0.0750942
145  192  0.0153834
146  179  0.0746448
146  181  0.208962
147  180  0.258738
148  178  0.016224
148  179  0.250017
149  176  0.229844
149  177  0.0122404
149  178  0.0915461
150  175  0.340885
151  174  0.347144
152  173  0.347162
153  172  0.345205
153  178  0.0109349
154  177  0.0108832
155  171  0.0442838
156  175  0.0123659
157  169  0.343099
158  168  0.347615
158  173  0.020782
159  167  0.345124
159  172  0.0240192
160  165  0.0175061
160  171  0.024084
161  170  0.0241108
162  169  0.0238702
179  199  0.0117452
180  198  0.011773
181  197  0.0117491
182  191  0.0949708
183  190  0.164178
183  192  0.0899038
183  195  0.0149782
184  189  0.107937
184  191  0.0710512
185  193  0.133889
186  192  0.157661
187  191  0.0600344
189  438  0.0133764
190  437  0.0160949
191  438  0.330886
192  437  0.423238
193  436  0.422672
194  434  0.605101
195  433  0.620588
197  431  0.623331
198  430  0.62403
199  429  0.62403
200  428  0.62231
201  427  0.621654
202  425  0.0385401
202  426  0.582607
203  424  0.0759254
204  246  0.359041
204  398  0.0498713
204  423  0.0744478
205  245  0.359473
205  248  0.0328113
205  397  0.0663701
205  416  0.113412
205  422  0.0128287
206  244  0.359466
206  247  0.0341068
206  396  0.066551
206  415  0.125472
207  243  0.358716
207  246  0.0232029
207  414  0.125724
208  242  0.349309
208  245  0.0118788
208  246  0.075242
208  413  0.122457
209  241  0.344873
209  245  0.0901867
209  248  0.529013
210  244  0.101556
210  247  0.52956
211  221  0.010533
211  240  0.314003
211  243  0.101395
211  246  0.532442
212  220  0.0108594
212  239  0.282736
212  242  0.0954584
212  245  0.532462
213  219  0.0109194
213  222  0.0109645
213  244  0.53196
214  221  0.0113383
214  237  0.0516666
214  242  0.301649
215  220  0.011308
215  236  0.0376383
215  239  0.391672
215  241  0.286305
216  238  0.485792
217  237  0.469417
217  239  0.245189
217  240  0.0122214
218  238  0.217483
219  235  0.77816
219  237  0.0386879
220  234  0.970071
221  233  0.969964
222  232  0.965163
223  231  0.936795
224  233  0.0200338
225  230  0.463038
225  232  0.0235913
226  231  0.020665
247  397  0.0109782
248  396  0.0110029
248  425  0.373283
249  424  0.387924
250  395  0.549328
250  423  0.389724
251  394  0.551483
251  422  0.379533
252  393  0.584851
253  392  0.589461
254  391  0.590164
255  390  0.588896
256  301  0.065321
256  388  0.0197277
256  419  0.0131162
257  300  0.0633226
258  386  0.0101316
258  416  0.355553
259  297  0.493844
259  298  0.0850969
259  415  0.361049
260  296  0.515115
260  414  0.362605
261  295  0.513451
261  296  0.100893
261  413  0.362551
262  295  0.10181
262  296  0.0163937
262  412  0.361798
263  295  0.0166841
263  411  0.359646
264  293  0.991916
265  292  0.994337
266  291  0.99518
267  290  0.996819
268  289  0.996823
269  288  0.995953
270  287  0.993008
271  286  0.94721
274  280  0.0199906
275  279  0.0169012
275  281  0.110033
275  282  0.210452
276  283  0.0186506
276  284  0.04271
276  285  0.033214
277  283  0.0363443
277  284  0.034269
278  283  0.0241564
294  401  0.193409
295  400  0.234411
295  410  0.040369
296  399  0.234886
296  409  0.0409053
297  398  0.232339
297  408  0.0277211
298  384  0.0152662
298  397  0.2302
298  402  0.121936
299  384  0.261844
299  401  0.12254
300  382  0.169404
300  383  0.292206
300  400  0.122317
301  381  0.41623
301  382  0.285234
301  399  0.122225
302  380  0.454067
302  397  0.0606169
302  398  0.0563781
303  379  0.453998
303  381  0.357201
303  396  0.0633753
304  377  0.347543
304  378  0.0924109
304  380  0.374152
304  395  0.0449232
304  397  0.0531419
305  376  0.363459
305  379  0.374052
305  396  0.0531496
306  378  0.316682
307  375  0.785913
307  377  0.206525
308  374  0.853396
309  373  0.981619
310  372  0.994282
311  371  0.994588
312  370  0.994055
313  369  0.991182
314  368  0.95629
316  364  0.0663141
316  366  0.0366539
318  331  0.0132943
318  362  0.469639
318  363  0.0184682
318  364  0.0217871
318  366  0.104384
319  330  0.0223888
319  361  0.503351
319  365  0.103942
320  329  0.0224395
321  328  0.0219322
321  360  0.178919
324  358  0.0124251
325  356  0.813806
326  355  0.961884
327  354  0.973475
328  353  0.972179
329  352  0.973509
330  351  0.973063
335  346  0.972247
336  345  0.975143
337  344  0.968185
338  343  0.847725
359  367  0.0239645
360  365  0.0109802
377  390  0.14268
378  389  0.157432
379  388  0.161956
380  387  0.161316
381  386  0.134868
382  395  0.235341
383  394  0.236729
384  393  0.237006
385  392  0.233935
386  391  0.189955
394  418  0.045723
395  417  0.0503774
396  416  0.0570776
397  415  0.0570967
399  412  0.390906
400  411  0.39709
400  419  0.0164385
401  410  0.401924
401  418  0.0165237
402  409  0.404974
402  417  0.0165272
403  408  0.266313
403  416  0.0111085
417  423  0.0310835
418  422  0.0119332
419  425  0.0449119
420  424  0.0171866
