1  19  0.238834
1  398  0.0464543
2  18  0.390505
2  397  0.0610112
3  17  0.434991
4  395  0.0743489
5  16  0.472375
5  394  0.0766789
5  611  0.0615798
6  15  0.472073
6  393  0.07676
6  610  0.0615152
6  612  0.0122162
7  392  0.0766651
7  609  0.0429031
7  620  0.0326066
8  391  0.0764082
8  619  0.0359989
9  390  0.0736868
9  618  0.0320297
10  398  0.186546
11  388  0.0765837
11  397  0.220325
11  442  0.0101052
11  612  0.0172389
12  387  0.0766704
12  396  0.218209
12  397  0.112629
12  441  0.0100087
12  442  0.0352339
12  612  0.0101583
13  386  0.0766435
13  396  0.11668
13  441  0.0355977
13  610  0.0323701
14  440  0.0218212
14  609  0.0326787
15  384  0.0765632
15  394  0.390072
15  608  0.0350501
16  383  0.0765768
16  393  0.39072
16  607  0.0345511
17  382  0.0764383
17  392  0.390751
18  391  0.388798
18  605  0.0285049
19  390  0.388107
20  388  0.384207
21  387  0.384243
21  602  0.0309961
22  386  0.384092
22  612  0.0132998
23  277  0.0107076
23  600  0.0426945
23  612  0.243707
24  41  0.0216331
24  276  0.0229263
24  384  0.378044
24  599  0.0461337
24  611  0.477258
25  40  0.0216325
25  275  0.0229344
25  383  0.377904
25  598  0.0461382
25  610  0.47744
26  37  0.0588232
26  274  0.0229135
26  382  0.374141
26  597  0.0461378
26  609  0.477409
27  36  0.18373
27  41  0.0901138
27  68  0.0389367
27  84  0.0114313
27  91  0.0129182
27  381  0.0628244
27  596  0.0459116
27  608  0.476606
28  35  0.181704
28  40  0.0905356
28  67  0.0391409
28  83  0.0105767
28  90  0.0120026
28  595  0.0457302
28  607  0.475092
29  34  0.171023
29  39  0.0897377
29  606  0.444196
30  38  0.0822775
30  65  0.111056
30  345  0.0271659
30  594  0.0457586
31  36  0.0153924
31  41  0.0400361
31  64  0.126173
31  344  0.0326359
31  593  0.0460214
31  603  0.0576414
31  604  0.0127364
32  37  0.0257095
32  40  0.0400973
32  63  0.126196
32  343  0.0326367
32  592  0.0460283
32  602  0.0600134
33  62  0.126008
33  342  0.0306782
33  591  0.0456584
34  61  0.125567
34  341  0.0256576
34  590  0.045323
35  60  0.125665
35  329  0.0182627
35  603  0.379738
36  58  0.126017
36  328  0.023978
36  393  0.0478382
36  589  0.0409706
36  602  0.388174
37  57  0.12596
37  327  0.0241125
37  446  0.0146856
37  588  0.0398025
37  601  0.382711
38  56  0.121147
38  391  0.11211
38  445  0.0140532
39  53  0.0867915
39  390  0.125335
39  600  0.308371
40  52  0.103252
40  324  0.0252979
40  389  0.129259
40  599  0.308248
41  51  0.0997551
41  323  0.0251318
41  388  0.129175
41  586  0.0246146
41  598  0.292463
42  322  0.0248113
42  387  0.128999
42  442  0.230343
42  585  0.0245811
42  597  0.139042
43  383  0.0249767
43  386  0.107776
43  441  0.245008
43  584  0.0244143
43  595  0.0895799
44  51  0.0149414
44  382  0.092556
44  440  0.246024
44  594  0.0882818
45  50  0.0921289
45  327  0.0122274
45  381  0.431636
45  439  0.246354
45  582  0.0159132
45  593  0.0828595
46  52  0.0369614
46  321  0.0116921
46  326  0.0122442
46  380  0.432517
46  438  0.240362
47  320  0.0117315
47  325  0.0121734
47  379  0.432186
48  319  0.0104494
48  378  0.431919
48  578  0.0246426
49  323  0.0122094
49  377  0.432299
49  577  0.0248583
50  58  0.154695
50  322  0.0122303
50  376  0.431709
50  409  0.0480557
50  576  0.0248565
51  57  0.142896
51  318  0.131038
51  321  0.0119048
51  375  0.0671843
51  408  0.0507114
51  575  0.0247947
51  596  0.035254
52  58  0.0120329
52  316  0.421828
52  407  0.0506996
52  574  0.0247849
52  595  0.0351758
53  315  0.427884
54  314  0.428517
54  406  0.0153553
54  592  0.122016
55  312  0.438312
55  404  0.0362899
55  405  0.0113423
55  591  0.124121
56  311  0.446601
56  403  0.042595
56  590  0.124678
57  310  0.450445
57  402  0.0466167
57  589  0.124801
58  309  0.450744
58  401  0.0336709
58  588  0.118471
59  308  0.45014
60  307  0.448202
60  399  0.0125983
60  521  0.0775138
61  306  0.25737
61  398  0.0142989
61  520  0.0877573
62  306  0.183171
62  398  0.0296055
62  435  0.214009
62  519  0.0889158
63  276  0.0208287
63  302  0.0355432
63  305  0.366477
63  434  0.247379
63  518  0.0894472
64  275  0.0207039
64  301  0.0355145
64  304  0.362085
64  396  0.0457979
64  433  0.24743
64  517  0.0894317
65  395  0.0462644
65  432  0.24719
65  516  0.0805855
66  276  0.184053
66  302  0.0247595
66  379  0.0177419
66  394  0.0463756
66  431  0.246206
66  514  0.0166486
67  378  0.0217527
68  275  0.272088
68  377  0.0235475
68  393  0.0467572
68  511  0.0158622
69  274  0.273608
69  376  0.0235047
69  392  0.0467647
69  510  0.015102
70  391  0.0456293
71  80  0.452081
71  83  0.0446592
71  88  0.0173811
71  390  0.0417447
71  430  0.213422
72  79  0.610918
72  82  0.0601411
72  87  0.0210556
72  381  0.0168684
72  389  0.0346652
72  429  0.229347
73  78  0.597943
73  81  0.0579296
73  86  0.0197337
73  380  0.0169107
73  428  0.23083
74  379  0.0162128
74  427  0.230272
75  426  0.225617
76  425  0.225883
77  388  0.0273829
78  387  0.0303373
78  424  0.224084
79  386  0.0303643
79  423  0.22734
80  385  0.0302789
80  422  0.230425
81  383  0.0297671
81  421  0.230406
81  510  0.0585208
82  303  0.0188964
82  382  0.0297514
82  420  0.229468
82  509  0.0612022
83  508  0.061254
84  301  0.0135178
84  303  0.0118888
84  417  0.0118588
84  418  0.0238342
84  507  0.0612489
85  398  0.0172043
85  506  0.0589449
86  383  0.0112134
86  387  0.0261767
86  397  0.0198874
86  418  0.0674406
86  505  0.0528044
87  382  0.0112551
87  386  0.0262734
87  396  0.0199073
87  417  0.068122
88  385  0.0252735
88  395  0.0105384
88  416  0.0541967
90  459  0.0120923
91  297  0.0111893
91  303  0.012261
91  382  0.0182712
91  409  0.0105977
91  423  0.0145314
91  458  0.0132262
91  460  0.0273772
91  509  0.0130066
92  398  0.0303961
92  422  0.0163398
92  459  0.0275464
92  508  0.0131939
93  130  0.0137023
93  383  0.0110248
93  397  0.0349636
93  407  0.0133521
93  421  0.0167061
93  457  0.0394824
93  458  0.018417
93  507  0.0132424
94  129  0.0137083
94  382  0.011086
94  396  0.0349871
94  406  0.0135875
94  420  0.0167155
94  456  0.0500176
94  505  0.0180269
95  128  0.0110381
95  395  0.011502
95  455  0.0591471
95  504  0.0229576
96  130  0.023607
96  268  0.646266
96  403  0.0234623
96  454  0.0591791
96  502  0.011091
96  503  0.0197008
97  129  0.0315182
97  267  0.68338
97  402  0.0255098
97  417  0.0175803
97  453  0.0592813
97  501  0.0223866
97  502  0.0106527
98  128  0.0318391
98  266  0.683513
98  401  0.0255092
98  416  0.0175894
98  452  0.0590056
98  500  0.0317458
99  127  0.0317404
99  265  0.68396
99  400  0.0255197
99  415  0.0175296
99  451  0.058302
99  499  0.0319103
100  107  0.031182
100  264  0.683762
100  398  0.0340474
101  106  0.0300766
101  263  0.683922
101  397  0.03519
101  450  0.0136842
101  497  0.0322899
102  262  0.683653
102  396  0.0351122
102  496  0.0320411
103  261  0.59612
103  495  0.0241626
104  494  0.0165885
105  115  0.186792
105  138  0.0228317
106  111  0.0515257
106  114  0.262583
106  135  0.043282
106  494  0.0128677
107  113  0.224859
107  134  0.0417715
107  493  0.0154857
108  492  0.0155197
109  491  0.014021
111  129  0.194866
111  138  0.0496533
112  128  0.195166
112  137  0.0393296
114  123  0.0297465
114  126  0.2744
114  409  0.0688758
115  122  0.0384219
115  125  0.597175
115  408  0.0765581
116  121  0.0361401
116  124  0.597429
116  258  0.131914
116  407  0.0765698
117  123  0.581075
117  257  0.131429
117  406  0.0763562
118  256  0.115344
119  253  0.0128127
120  252  0.0134171
120  258  0.0105586
121  139  0.148884
121  251  0.0133013
121  253  0.101845
122  138  0.169865
122  252  0.103442
122  402  0.0552476
123  137  0.17301
123  250  0.0325329
123  251  0.0855392
123  401  0.0554029
124  136  0.181312
124  249  0.0330761
124  250  0.0852164
124  400  0.0555391
125  248  0.0335536
125  399  0.0555325
126  135  0.465796
126  249  0.0854693
126  398  0.0501115
126  419  0.0105177
126  483  0.0373586
127  134  0.470873
127  248  0.0854687
127  397  0.0501285
127  418  0.0105513
127  441  0.0121365
127  482  0.0376247
128  133  0.468127
128  245  0.0330783
128  247  0.0791697
128  396  0.0395609
128  440  0.0130308
128  481  0.0375651
129  244  0.0423517
129  246  0.0733096
129  439  0.013341
129  480  0.0376523
130  243  0.0441487
130  244  0.0182387
130  415  0.0104679
130  438  0.0132833
130  479  0.0376554
131  478  0.025233
132  477  0.0128012
132  478  0.0123787
133  240  0.105011
133  395  0.100785
133  477  0.0247367
134  239  0.111075
134  394  0.124511
134  408  0.0309235
134  419  0.0107109
134  476  0.0371564
135  238  0.11084
135  393  0.125785
135  407  0.0309396
135  418  0.0107148
135  475  0.0356539
136  233  0.109779
136  392  0.125825
136  406  0.0309428
136  417  0.0106881
137  232  0.110321
137  260  0.0115675
137  390  0.126323
137  405  0.0307592
138  231  0.118082
138  389  0.126617
138  398  0.0158492
138  419  0.0475761
138  474  0.0385056
139  230  0.118101
139  258  0.435049
139  388  0.126138
139  397  0.0174549
139  418  0.047735
139  473  0.0386746
140  229  0.118104
140  257  0.543226
140  387  0.125471
140  396  0.0182038
140  402  0.0518575
140  417  0.0478158
140  472  0.038675
141  228  0.117984
141  256  0.552117
141  395  0.0181974
141  401  0.0520872
141  416  0.0478557
141  471  0.0386512
142  227  0.117755
142  255  0.557862
142  394  0.018061
142  400  0.0518109
142  415  0.0477196
142  470  0.0386642
143  254  0.557213
143  469  0.038219
144  253  0.553615
144  398  0.0596222
144  468  0.0338137
145  224  0.0177761
145  252  0.542533
145  397  0.0639633
146  166  0.0165138
146  167  0.0101519
146  221  0.0860837
146  396  0.0229856
147  165  0.0188847
147  166  0.0171362
147  220  0.108034
147  390  0.0280487
148  219  0.110056
148  249  0.52247
148  389  0.0329478
148  394  0.0950661
148  464  0.0249236
149  218  0.109844
149  248  0.522041
149  388  0.0328562
149  393  0.0952856
149  463  0.0248593
150  163  0.800649
150  387  0.0301377
150  392  0.0953418
151  162  0.81984
151  391  0.0889664
152  161  0.82222
152  459  0.0229737
153  160  0.823421
153  387  0.0708874
153  388  0.0307656
153  458  0.0234864
154  159  0.766302
154  199  0.0113226
154  386  0.0721222
154  387  0.0308349
154  457  0.0234828
155  198  0.0114359
155  386  0.0307642
155  456  0.0229968
156  197  0.0114688
156  384  0.121067
157  196  0.0114606
157  383  0.121567
158  382  0.121551
158  453  0.0211638
159  194  0.01203
159  381  0.119831
159  452  0.0211425
160  193  0.0120332
160  380  0.116276
160  451  0.0211708
161  192  0.0118636
161  450  0.0169321
163  174  0.0201177
163  448  0.0131057
164  173  0.0184094
165  251  0.0116543
165  375  0.0230387
166  174  0.0739063
166  193  0.0162898
166  250  0.0133993
166  374  0.0241206
167  173  0.0695635
167  191  0.131005
167  240  0.459604
167  373  0.0243606
167  385  0.125357
168  190  0.147569
168  239  0.514881
168  249  0.0174637
168  372  0.024433
168  384  0.157497
169  189  0.147631
169  238  0.514904
169  248  0.0175696
169  371  0.0243638
169  383  0.157687
170  188  0.148043
170  236  0.512685
170  247  0.0175507
170  382  0.157225
171  187  0.146413
171  235  0.513358
171  246  0.0174431
171  381  0.150386
172  234  0.508157
172  379  0.0104383
173  184  0.0107087
173  185  0.0680704
173  233  0.502673
174  183  0.0160201
174  184  0.0594491
174  232  0.501253
175  182  0.0135992
175  378  0.239958
176  183  0.0270404
176  184  0.602558
176  377  0.274279
177  183  0.606052
177  376  0.274738
178  182  0.230957
178  375  0.274348
179  374  0.272301
180  373  0.253264
181  371  0.0999687
182  371  0.136364
183  369  0.132847
183  370  0.153852
184  368  0.137314
184  369  0.149236
185  367  0.136298
186  230  0.386787
187  229  0.392677
188  228  0.392507
188  366  0.284121
189  227  0.39264
189  234  0.0220142
189  365  0.305507
190  226  0.391983
190  233  0.0318183
190  364  0.305564
191  220  0.272619
191  223  0.0499988
191  224  0.0138826
191  232  0.0327711
191  363  0.305401
192  219  0.286539
192  222  0.0552332
192  231  0.151707
192  362  0.305576
193  218  0.273996
193  230  0.151793
193  361  0.305576
194  216  0.0125628
194  229  0.151769
194  360  0.305345
195  215  0.0126035
195  228  0.122508
196  214  0.0124499
196  217  0.942986
196  227  0.0182651
197  216  0.94475
197  226  0.0181276
198  215  0.945271
199  214  0.944034
200  212  0.837141
201  211  0.820181
204  209  0.0463642
204  210  0.0966753
208  234  0.0157291
209  233  0.0186463
210  232  0.0187224
211  231  0.0187967
212  230  0.0186905
216  227  0.0205744
217  226  0.0206609
218  225  0.0387472
218  227  0.137787
218  359  0.289084
219  226  0.136226
219  358  0.288847
222  331  0.258094
223  330  0.259176
224  329  0.259246
225  303  0.0284689
225  328  0.258766
226  302  0.0301958
226  324  0.112472
226  327  0.156667
227  301  0.030195
227  323  0.132608
228  300  0.028629
228  322  0.13251
229  321  0.13089
229  324  0.0964319
229  325  0.0349742
230  320  0.127867
230  324  0.0392631
231  297  0.0235845
231  322  0.0963746
231  323  0.0386619
232  244  0.0142047
232  295  0.0255819
232  319  0.18571
232  321  0.0760567
233  243  0.014185
233  294  0.0262199
233  318  0.263389
234  242  0.0118658
234  293  0.0268215
234  317  0.269562
235  292  0.0267226
235  316  0.270252
236  291  0.0259956
236  315  0.270024
237  290  0.0257941
237  314  0.269953
238  249  0.0621772
238  313  0.224141
239  248  0.0667023
240  247  0.054302
240  311  0.0647998
240  312  0.0107882
243  310  0.029982
245  308  0.0331272
247  306  0.196456
248  276  0.0294065
248  305  0.210611
249  275  0.0294392
249  289  0.0104013
249  304  0.209806
250  274  0.0294419
250  288  0.0237456
250  303  0.208506
251  273  0.0288577
251  287  0.0239029
251  301  0.0153323
252  286  0.0241073
252  302  0.0318619
252  313  0.0370097
253  269  0.0259535
253  285  0.0237746
253  299  0.165251
253  301  0.0292105
253  312  0.0370581
254  268  0.0266501
254  298  0.180857
254  300  0.0143324
254  311  0.0370747
255  267  0.0264614
255  297  0.182883
255  310  0.0369495
256  280  0.0295193
257  266  0.0245515
257  279  0.041635
257  282  0.0146684
257  283  0.0122048
257  295  0.18683
258  265  0.0246424
258  278  0.0415546
258  281  0.0147225
258  282  0.0121345
258  294  0.186018
259  264  0.0162173
262  278  0.0273026
263  276  0.270081
264  275  0.270923
265  274  0.271983
266  273  0.261174
273  284  0.0293424
273  296  0.107623
274  283  0.0353486
274  295  0.132276
274  381  0.118983
275  282  0.031463
275  286  0.012638
275  294  0.131973
275  380  0.118981
276  285  0.0129971
277  378  0.129615
278  304  0.0205526
278  377  0.136775
279  292  0.395838
279  303  0.0372946
279  376  0.136633
280  291  0.402745
280  375  0.0264544
281  290  0.403836
281  301  0.0303538
281  303  0.0535298
281  304  0.0602838
282  289  0.404467
282  301  0.020821
282  303  0.0892756
283  288  0.386887
283  301  0.128515
284  299  0.010154
284  300  0.100529
286  297  0.509822
287  296  0.537477
288  295  0.541942
289  294  0.541908
298  375  0.160432
299  374  0.201648
300  373  0.213717
301  372  0.219539
302  371  0.219544
303  370  0.218661
304  336  0.0149906
304  359  0.0154688
304  369  0.211276
305  358  0.0154761
306  334  0.163234
307  333  0.190742
308  332  0.195452
309  322  0.0571941
309  331  0.195878
310  321  0.0702928
310  330  0.108447
311  320  0.0692433
311  329  0.0550729
311  330  0.0908993
312  319  0.058117
312  329  0.147936
313  328  0.206509
314  327  0.206733
316  326  0.195881
317  325  0.19567
318  323  0.21127
319  348  0.112011
319  354  0.0150426
320  332  0.0276349
320  347  0.153006
320  353  0.0191335
321  331  0.0300371
321  346  0.15557
321  352  0.0194112
322  327  0.010739
322  330  0.0275735
322  351  0.0168459
322  366  0.138552
323  329  0.0276533
323  344  0.16907
323  365  0.238583
324  328  0.0247633
324  343  0.169149
324  346  0.0101216
324  364  0.240743
325  342  0.135353
325  363  0.240622
326  361  0.240808
327  360  0.240835
328  359  0.240472
329  341  0.179455
329  358  0.238752
330  340  0.221212
330  357  0.226588
331  339  0.230284
332  338  0.216495
333  352  0.0107521
334  351  0.0122348
335  350  0.0110827
337  348  0.0141207
337  354  0.581092
338  347  0.0163136
338  353  0.724641
339  346  0.0162449
339  352  0.735195
340  351  0.733766
341  350  0.730422
342  349  0.700726
346  380  0.0255819
347  379  0.025702
348  378  0.0255315
349  377  0.0245937
350  376  0.0152566
355  375  0.252341
356  367  0.104575
356  374  0.286239
357  366  0.129142
357  373  0.295686
358  365  0.138985
358  372  0.29995
359  364  0.13794
359  371  0.299951
360  370  0.298897
361  369  0.277978
380  397  0.0125397
381  396  0.0127123
382  395  0.0134559
383  394  0.0137997
384  393  0.0137986
385  392  0.0126394
392  452  0.0146372
393  419  0.0268169
393  451  0.0162316
394  418  0.0269604
394  441  0.121255
394  450  0.0162196
395  417  0.0103818
395  440  0.165901
396  416  0.0102903
396  439  0.203855
397  415  0.026849
397  438  0.203597
398  409  0.0561347
398  414  0.0206803
398  437  0.173213
398  612  0.0926322
399  408  0.393936
399  611  0.373131
400  407  0.3955
400  610  0.373827
401  406  0.392054
401  609  0.372962
402  608  0.368107
404  606  0.345708
405  605  0.36328
406  604  0.321589
407  419  0.0124821
407  603  0.328914
408  418  0.0124143
408  602  0.381901
409  446  0.0258981
409  601  0.34538
410  444  0.0138121
410  445  0.0259418
411  443  0.0173622
415  441  0.265654
416  436  0.384725
416  440  0.265552
417  435  0.46479
417  439  0.262508
418  434  0.491386
418  438  0.245357
419  433  0.504975
420  432  0.504477
420  435  0.207561
421  431  0.505389
421  434  0.232663
422  430  0.50443
422  433  0.107358
423  429  0.500362
423  432  0.107093
424  428  0.406535
424  431  0.232844
425  430  0.188955
438  570  0.0211009
438  585  0.0230154
438  598  0.0318987
439  569  0.0213358
439  584  0.0231291
439  597  0.0323695
439  607  0.0251172
440  568  0.0213276
440  583  0.023038
440  606  0.0261981
441  449  0.0910682
441  567  0.0213357
441  582  0.0226174
441  605  0.0216106
442  448  0.0912883
442  566  0.021299
442  604  0.0256806
443  447  0.034777
443  565  0.0213111
443  603  0.0320566
444  564  0.0212555
444  581  0.0115037
444  602  0.0304063
445  563  0.0212481
445  580  0.0231067
446  562  0.0211678
446  579  0.0236186
447  551  0.0104726
447  561  0.0101146
447  600  0.0273095
448  550  0.0168899
448  577  0.0243109
448  598  0.576212
449  549  0.0169202
449  576  0.0243128
449  597  0.75377
450  548  0.0165277
450  575  0.0242246
450  596  0.817821
451  574  0.0241992
451  595  0.817878
452  594  0.81634
453  547  0.0167827
453  593  0.809547
454  546  0.0169487
455  528  0.325583
455  545  0.0169306
455  589  0.0289388
455  591  0.0196852
455  592  0.0140906
456  526  0.0130678
456  527  0.751702
456  544  0.0154567
456  588  0.0316502
457  523  0.0149082
457  525  0.012917
457  526  0.840034
457  543  0.0132804
458  522  0.0285729
458  525  0.84272
459  521  0.0289052
459  524  0.829099
460  520  0.0205809
460  522  0.207982
460  523  0.380768
461  519  0.01041
461  520  0.825676
462  519  0.890338
463  474  0.0430753
463  518  0.907277
464  473  0.0431153
464  517  0.904072
465  472  0.0409013
466  471  0.0297321
466  516  0.0677085
467  515  0.0668827
468  513  0.796713
469  512  0.9038
470  511  0.911171
471  510  0.886959
473  508  0.88783
474  507  0.912823
475  506  0.913594
476  505  0.91099
478  503  0.945936
479  502  0.95463
480  501  0.954754
481  499  0.143848
481  500  0.812016
482  498  0.1477
482  499  0.804256
483  497  0.122715
484  496  0.0691085
485  495  0.0333987
486  495  0.0114082
486  496  0.01558
486  497  0.824887
487  495  0.0151084
487  496  0.861668
488  495  0.835545
489  494  0.383611
526  537  0.0191289
527  536  0.0193473
528  535  0.0190169
528  588  0.011894
532  572  0.0211107
532  587  0.767622
533  571  0.027918
533  586  0.894426
534  570  0.0283987
534  585  0.945576
535  569  0.0284034
535  584  0.947057
536  568  0.028387
536  583  0.947033
537  567  0.0283987
537  582  0.941472
538  566  0.028264
539  565  0.0265688
539  578  0.93256
540  564  0.0249206
540  577  0.941266
541  576  0.941213
542  575  0.939166
543  550  0.0223509
543  574  0.730687
544  549  0.0218603
544  574  0.204127
545  573  0.408793
546  571  0.7345
546  572  0.204427
547  570  0.949646
548  569  0.949622
549  567  0.114424
549  568  0.83416
550  566  0.118698
550  567  0.831076
551  565  0.474376
551  566  0.464343
552  562  0.0158673
552  564  0.82894
553  561  0.0147246
553  563  0.792391
553  564  0.0129957
554  565  0.0653578
555  562  0.572952
555  564  0.0682793
599  607  0.0100393
601  609  0.0138268
602  608  0.0205806
