2  118  0.0361448
2  229  0.027654
2  289  0.262909
2  291  0.0131764
2  500  0.0560235
3  117  0.0437288
3  228  0.045475
3  288  0.754086
3  290  0.0221393
3  492  0.0306784
3  499  0.06249
4  116  0.0437333
4  227  0.045456
4  287  0.754456
4  289  0.022118
4  491  0.0336644
4  498  0.0626951
5  115  0.0437027
5  190  0.0449455
5  286  0.757264
5  288  0.0219527
5  490  0.0319819
6  114  0.0436782
6  189  0.0449635
6  285  0.757301
6  287  0.0219118
7  188  0.0447539
7  284  0.755936
8  187  0.0441977
8  283  0.755067
8  396  0.0220486
9  186  0.039381
9  282  0.754111
9  395  0.0233268
9  487  0.0212157
10  172  0.0158579
10  185  0.0108757
10  281  0.752807
10  394  0.0193548
10  395  0.0134569
10  399  0.0290263
10  486  0.0227397
11  171  0.0158702
11  280  0.693325
11  398  0.0286005
11  485  0.0226576
12  100  0.0110808
12  170  0.0156866
12  397  0.02383
12  484  0.0211592
13  48  0.0273989
13  99  0.0115507
13  392  0.086805
14  47  0.0583547
14  97  0.057295
14  391  0.0938479
14  482  0.017437
15  47  0.0122832
15  96  0.0598887
15  116  0.0149216
15  167  0.01831
15  390  0.0940015
16  44  0.46777
16  45  0.137841
16  95  0.0593369
16  115  0.055016
16  166  0.0192515
16  389  0.0939255
17  43  0.641951
17  114  0.0550342
17  165  0.0192464
17  388  0.0939157
17  479  0.0185309
18  42  0.643337
18  92  0.0671839
18  113  0.0547925
18  145  0.0505263
18  164  0.0129365
18  386  0.0318349
18  387  0.0568857
18  478  0.0185194
19  29  0.0249477
19  41  0.644228
19  91  0.0753918
19  112  0.0543713
19  144  0.0830252
19  202  0.010465
19  385  0.0635971
19  477  0.0184926
20  28  0.0251312
20  40  0.644207
20  90  0.0754048
20  111  0.0346429
20  143  0.0833533
20  201  0.0105063
20  384  0.0635004
20  476  0.0180778
21  27  0.0244573
21  39  0.642034
21  89  0.0757036
21  111  0.0195971
21  142  0.0873095
21  200  0.0105173
22  26  0.0100882
22  37  0.076648
22  38  0.252493
22  87  0.0665856
22  88  0.0101267
22  110  0.0389409
22  141  0.0876189
22  199  0.0104009
22  382  0.0543338
23  36  0.0664406
23  86  0.0688899
23  109  0.0372927
23  140  0.0875761
23  381  0.0521648
23  475  0.0157065
24  36  0.0933505
24  139  0.0873677
24  474  0.0168642
25  84  0.0738931
25  132  0.0733612
25  472  0.0146658
26  33  0.1064
26  34  0.0212254
26  36  0.0407537
26  83  0.0816043
26  131  0.0769795
26  378  0.0534292
26  471  0.0243722
27  32  0.112712
27  35  0.0570938
27  38  0.274493
27  106  0.0329177
27  130  0.0778523
27  198  0.0114889
27  377  0.0538415
27  470  0.0246027
28  37  0.370572
28  41  0.0108007
28  81  0.0860369
28  129  0.0778577
28  197  0.0116904
28  376  0.0531293
28  469  0.024749
29  36  0.358161
29  40  0.0109516
29  80  0.0860609
29  128  0.0470389
29  196  0.0116962
29  375  0.0528306
29  468  0.0246877
30  39  0.0109447
30  79  0.0860668
30  103  0.0352596
30  126  0.0129387
30  128  0.0308525
30  195  0.0116901
31  78  0.0822161
31  102  0.0308602
31  125  0.0105628
31  127  0.0616207
31  466  0.0244163
32  100  0.0139013
32  126  0.0615777
32  465  0.0245706
33  76  0.0353399
33  464  0.0244663
34  75  0.0327407
34  99  0.0338614
34  463  0.0244282
35  74  0.0276164
35  98  0.0391069
35  116  0.0129776
35  289  0.0309732
35  462  0.0244184
36  71  0.0178514
36  72  0.0115071
36  75  0.0466777
36  115  0.0698716
36  172  0.0121215
36  288  0.0361512
36  385  0.0191083
36  461  0.0187568
37  70  0.0293346
37  74  0.0495201
37  97  0.0527466
37  114  0.0698836
37  171  0.0121266
37  287  0.0360134
37  384  0.0191139
38  69  0.027278
38  73  0.0508723
38  96  0.0541326
38  113  0.069477
38  170  0.0121128
38  383  0.0190711
38  459  0.0147294
39  66  0.019411
39  72  0.052722
39  95  0.0588828
39  112  0.0469369
39  169  0.0120911
39  382  0.013386
39  458  0.0146514
40  65  0.0257648
40  71  0.0524422
40  94  0.0587322
40  112  0.0207661
40  168  0.0120556
40  284  0.0449918
41  64  0.0257868
41  70  0.0516914
41  111  0.0408383
41  167  0.0120504
41  283  0.0465547
41  381  0.0110704
41  455  0.0109915
42  63  0.0288494
42  282  0.0469635
43  62  0.0292897
43  91  0.0956756
43  110  0.0686347
43  281  0.0472506
44  61  0.027171
44  68  0.0515482
44  90  0.0958659
44  109  0.0675102
44  280  0.0449025
45  67  0.0528431
45  89  0.096073
46  66  0.0528181
46  88  0.0960406
46  107  0.0686365
47  57  0.0265528
47  65  0.0528181
47  87  0.0960748
47  106  0.0703078
47  279  0.0988909
48  56  0.025839
48  64  0.0495102
48  86  0.0946302
48  105  0.0701451
48  276  0.481103
48  278  0.0774938
48  418  0.0118055
49  55  0.017959
49  85  0.0869163
49  104  0.0698398
49  275  0.674081
49  277  0.0124286
49  417  0.0119207
50  103  0.0696198
50  274  0.699803
50  416  0.011935
51  84  0.0570493
51  273  0.699334
52  83  0.0552907
52  101  0.0232522
52  272  0.698761
53  82  0.0347431
53  100  0.0219386
53  271  0.697719
54  99  0.0151925
54  270  0.686782
55  63  0.0446609
55  269  0.638148
56  62  0.0483481
56  81  0.108072
56  91  0.0145728
56  99  0.0205299
56  268  0.435207
57  61  0.0392663
57  80  0.1082
57  90  0.0147292
57  98  0.0218481
58  79  0.10763
58  89  0.0147312
58  97  0.0207767
59  88  0.014227
60  82  0.0414463
60  96  0.0104574
60  116  0.0735155
60  390  0.0152293
61  75  0.0314002
61  77  0.0120495
61  81  0.0431719
61  115  0.386663
61  389  0.0171375
62  74  0.0324312
62  80  0.0427003
62  114  0.386798
62  262  0.298862
62  388  0.0171445
63  73  0.0323722
63  79  0.0329543
63  113  0.386596
63  261  0.29894
63  386  0.0108162
64  72  0.0314116
64  75  0.105213
64  112  0.386564
64  166  0.0128441
64  260  0.297697
64  385  0.0198314
65  70  0.0279279
65  74  0.111336
65  111  0.384847
65  165  0.012903
65  259  0.294894
65  384  0.0198322
66  73  0.11258
66  78  0.0161797
66  164  0.0129837
66  383  0.019818
67  72  0.29561
67  77  0.0215126
67  94  0.144055
67  110  0.0107361
67  163  0.0130221
67  382  0.0197991
68  76  0.0209549
68  93  0.146375
68  162  0.0127512
69  75  0.017935
69  107  0.0100728
70  84  0.0114398
70  91  0.265735
70  110  0.0188534
71  83  0.0124701
71  90  0.266447
71  97  0.066174
71  109  0.0187791
71  379  0.0191664
72  82  0.0126783
72  89  0.267177
72  96  0.100937
72  157  0.0131331
72  378  0.0196894
73  81  0.0119096
73  88  0.266916
73  95  0.104388
73  107  0.0139274
73  130  0.0686832
73  156  0.0130115
73  258  0.20293
73  377  0.019727
74  87  0.267308
74  94  0.104147
74  106  0.0208503
74  129  0.0687493
74  155  0.013009
74  257  0.20317
74  376  0.019712
75  86  0.254722
75  105  0.0208407
75  128  0.068669
75  154  0.012831
75  256  0.183606
75  375  0.0190134
76  83  0.0543561
76  85  0.192571
76  90  0.0881608
76  104  0.0208612
76  127  0.068533
76  153  0.0122088
77  82  0.0642285
77  89  0.103774
77  103  0.0207609
77  126  0.0679758
77  253  0.143996
77  369  0.0202268
78  84  0.0172557
78  88  0.104435
78  152  0.0106508
78  251  0.135152
78  252  0.0732046
78  368  0.0203559
79  87  0.104324
79  250  0.215295
79  367  0.0203847
80  112  0.0170715
80  124  0.051586
80  249  0.216224
80  366  0.0203851
81  100  0.0188197
81  111  0.0171307
81  123  0.0518888
81  149  0.0110826
81  248  0.217115
81  365  0.0203844
82  99  0.01824
82  110  0.0114543
82  122  0.0514475
82  247  0.216834
82  364  0.0203748
83  246  0.214087
83  363  0.0202813
84  121  0.0190797
84  245  0.183429
84  362  0.0192771
85  361  0.0129526
86  120  0.0551662
87  97  0.163512
87  119  0.0674807
87  181  0.0110637
87  227  0.0104841
88  96  0.16779
88  118  0.0674766
88  131  0.064662
88  180  0.011175
88  226  0.0133105
89  95  0.177915
89  117  0.0663878
89  130  0.0885672
89  225  0.0125204
90  94  0.110211
90  115  0.0659568
90  129  0.0886229
90  178  0.0113508
90  224  0.0126296
91  100  0.0109851
91  114  0.065736
91  128  0.088591
91  177  0.0113516
91  223  0.0138791
92  99  0.0146295
92  176  0.0113165
92  222  0.01267
93  98  0.0147677
93  127  0.0376425
93  175  0.0112958
93  236  0.0150799
93  380  0.0253383
94  126  0.0372072
94  174  0.0111928
94  201  0.0131448
94  235  0.0153694
94  379  0.0269175
95  111  0.0199578
95  200  0.0137186
95  234  0.015148
95  378  0.0269377
96  108  0.13155
96  110  0.0242147
96  112  0.137717
96  199  0.0138599
96  233  0.0125841
96  377  0.0236484
97  107  0.178532
97  156  0.0152798
97  198  0.0138587
97  232  0.0123734
97  376  0.0198369
98  106  0.217451
98  110  0.447411
98  112  0.0328146
98  155  0.0161267
98  197  0.013802
99  105  0.20953
99  109  0.448212
99  111  0.0327723
99  154  0.0165475
99  196  0.0132176
100  108  0.444171
100  110  0.0325419
101  107  0.419606
101  108  0.0252287
102  107  0.0264275
103  152  0.0243089
104  151  0.0263741
104  457  0.0100017
105  150  0.0271512
105  456  0.0100201
106  149  0.0274124
106  455  0.0100354
107  148  0.0273735
108  147  0.0272898
109  146  0.0264968
110  285  0.018806
110  289  0.0103386
111  144  0.0267182
111  244  0.0792568
111  284  0.0214817
111  288  0.0150802
111  290  0.0115398
112  143  0.0266431
112  243  0.0792931
112  283  0.0216686
112  287  0.0150818
112  289  0.0115353
113  242  0.0759121
113  282  0.0217335
114  124  0.162105
114  260  0.0100233
114  281  0.0217985
114  286  0.0245418
115  123  0.162177
115  237  0.0509966
115  259  0.0100317
115  280  0.021796
115  285  0.0245444
116  122  0.15411
116  124  0.0677806
116  244  0.0135326
116  260  0.349288
116  279  0.013456
116  284  0.0245136
117  123  0.0672896
117  234  0.134849
117  243  0.0135407
117  259  0.350301
117  283  0.024541
118  233  0.483105
118  282  0.0244639
119  232  0.550576
119  281  0.0244238
120  231  0.546639
120  280  0.0236533
122  142  0.010419
122  229  0.629093
123  141  0.0108865
123  228  0.635769
123  244  0.0152434
123  260  0.0111496
124  227  0.635482
124  243  0.0152484
124  259  0.0111536
125  242  0.0137217
126  138  0.685467
127  137  0.68506
128  136  0.685189
129  135  0.657199
132  147  0.0111407
133  146  0.0121746
134  145  0.0123639
134  161  0.0122981
135  144  0.0124332
135  160  0.0137153
135  228  0.0108702
135  232  0.169648
136  143  0.0112332
136  159  0.0137104
136  227  0.0105594
136  231  0.170643
137  158  0.0137141
137  226  0.0103834
137  230  0.171546
138  157  0.0136919
138  229  0.171703
139  156  0.013161
139  225  0.598991
139  228  0.163801
140  224  0.654425
141  223  0.667351
141  227  0.0727586
142  222  0.408703
143  190  0.856354
144  189  0.858365
145  188  0.857874
146  187  0.856733
147  186  0.84991
148  185  0.790218
149  160  0.313424
149  184  0.565285
150  159  0.333442
150  182  0.137301
151  158  0.333649
151  181  0.134308
151  182  0.114485
152  157  0.272152
152  180  0.119232
152  181  0.107683
152  182  0.0150697
155  181  0.0235777
156  179  0.156817
157  163  0.219088
157  178  0.145606
158  162  0.0834669
160  177  0.17551
160  274  0.0355573
161  176  0.1896
161  183  0.22719
161  273  0.0362593
162  175  0.191337
162  180  0.0833469
162  182  0.295098
162  272  0.0363833
163  174  0.190636
163  179  0.0863102
163  181  0.298799
163  271  0.0363823
164  270  0.0121509
165  172  0.202908
165  178  0.74638
166  171  0.201547
166  177  0.746729
167  176  0.745819
168  175  0.746739
169  174  0.734305
171  178  0.0106367
172  177  0.0104908
173  185  0.0118881
174  184  0.0173295
175  183  0.0171905
176  182  0.0162623
179  270  0.0257888
180  269  0.0317786
181  268  0.033813
182  267  0.034059
183  266  0.0309686
185  264  0.0187939
186  263  0.018739
188  261  0.0403509
189  260  0.0422172
190  259  0.0421934
191  219  0.854055
192  218  0.931453
193  217  0.948124
194  216  0.947927
195  215  0.948438
196  214  0.945675
200  212  0.950716
201  211  0.953479
202  210  0.946091
203  222  0.0100175
206  219  0.0381463
207  218  0.0405102
208  217  0.041067
209  216  0.0408162
210  215  0.0370036
227  244  0.0118524
228  243  0.011937
231  499  0.0842114
232  498  0.0908113
233  240  0.110775
233  259  0.0221522
233  497  0.0909816
234  239  0.149538
234  258  0.557853
234  496  0.0901009
235  257  0.56349
235  495  0.0885185
237  255  0.731851
238  254  0.732792
238  492  0.0188211
239  253  0.73318
239  491  0.0189254
240  252  0.730709
241  251  0.693663
243  249  0.719434
244  248  0.584878
252  396  0.0104312
253  395  0.0105963
256  392  0.0776508
257  391  0.0905791
258  390  0.09075
259  284  0.0133502
259  389  0.0907086
260  271  0.0367676
260  283  0.0138783
260  388  0.090491
261  270  0.0407334
261  282  0.0139844
262  269  0.0407277
262  281  0.0139918
263  268  0.035138
267  276  0.0215935
267  277  0.0138737
267  278  0.0246076
268  275  0.0253929
268  276  0.0163695
268  277  0.0315832
268  278  0.0116602
269  274  0.0235228
269  275  0.0162565
269  276  0.0323804
269  277  0.0158116
270  275  0.028157
270  276  0.016467
273  278  0.0144573
280  382  0.0119222
280  385  0.0852993
281  294  0.0115158
281  381  0.0119293
281  384  0.0853383
282  293  0.0141705
282  380  0.0118843
282  383  0.0852613
283  292  0.015853
283  382  0.0852528
284  291  0.0158623
284  378  0.0120218
284  381  0.0778936
285  290  0.0159846
285  377  0.0143634
286  378  0.0454877
287  376  0.0601063
287  377  0.0326089
288  375  0.0741169
289  374  0.0753011
289  376  0.0350178
289  499  0.18954
290  375  0.0353665
290  498  0.199825
290  501  0.0130177
291  370  0.232078
291  499  0.22624
292  369  0.263429
292  498  0.24294
293  368  0.264061
294  367  0.264311
294  377  0.686431
295  366  0.26422
295  376  0.687031
296  365  0.264106
296  375  0.685753
298  364  0.100524
298  374  0.129474
299  363  0.0954307
299  371  0.0973719
300  370  0.0956367
300  371  0.0717213
301  370  0.0800467
301  371  0.127382
302  370  0.141355
302  371  0.0172454
303  370  0.0171534
303  371  0.020635
304  368  0.0462399
304  370  0.0236171
305  329  0.105881
305  369  0.0239646
306  328  0.127763
306  367  0.709191
307  327  0.125071
307  366  0.710741
308  326  0.123715
308  365  0.711151
309  325  0.0826336
309  328  0.13038
309  364  0.697751
310  324  0.0631373
310  327  0.0652877
310  363  0.661137
311  327  0.564364
312  326  0.746904
313  321  0.0318565
313  325  0.915603
314  320  0.0313686
314  324  0.934159
315  323  0.965115
316  322  0.961287
317  321  0.36593
330  355  0.993734
331  354  0.995306
332  353  0.994233
333  352  0.993424
334  351  0.991924
336  348  0.131597
336  349  0.164025
337  347  0.136583
338  346  0.131014
338  350  0.0627064
339  348  0.702006
339  349  0.134069
340  347  0.716854
340  348  0.130523
341  346  0.804944
369  374  0.114495
373  499  0.0326524
374  498  0.0356461
375  499  0.0118602
376  498  0.0121332
378  495  0.75685
378  496  0.0166992
379  494  0.766058
380  493  0.771728
381  492  0.769937
382  491  0.770054
383  393  0.0161553
383  470  0.198223
384  389  0.0300666
384  392  0.0223167
384  469  0.226511
385  391  0.0225238
385  468  0.226425
385  474  0.0310872
386  473  0.0372256
387  470  0.168501
387  472  0.0376564
387  473  0.0283855
388  409  0.0305128
388  469  0.192914
388  472  0.0347048
389  400  0.0153382
389  468  0.192836
390  399  0.0352365
390  409  0.0109074
390  470  0.20671
391  399  0.0377051
391  406  0.392399
391  469  0.25093
392  398  0.033964
392  405  0.394146
392  468  0.25057
393  397  0.0170237
393  404  0.393629
393  467  0.250768
394  403  0.392748
394  466  0.249251
395  402  0.361499
395  465  0.247623
396  464  0.164815
397  463  0.0826654
397  464  0.0936121
397  493  0.0451875
398  463  0.177477
398  492  0.0564154
399  462  0.260648
399  491  0.0587647
400  409  0.0245786
400  461  0.260789
400  488  0.199208
400  490  0.0552331
401  408  0.0229132
401  460  0.260064
401  487  0.200948
402  409  0.0136411
402  458  0.0594731
402  486  0.200249
402  488  0.044083
403  457  0.0516512
403  487  0.041002
404  456  0.0374295
404  457  0.194773
405  456  0.207707
406  420  0.0281522
406  455  0.21445
407  419  0.0298174
408  417  0.0898564
408  418  0.0163139
408  421  0.0580908
408  422  0.014389
408  466  0.0485712
409  416  0.106444
409  420  0.0771831
409  421  0.0143658
409  465  0.0510017
410  419  0.0715343
410  464  0.0504074
411  463  0.0488168
412  420  0.0446457
412  462  0.0481757
412  465  0.649933
413  419  0.0365874
413  464  0.653625
414  460  0.0186226
414  463  0.655783
415  462  0.657066
416  458  0.049745
416  461  0.657158
417  457  0.0500664
417  460  0.401453
418  456  0.0508374
418  460  0.249278
419  455  0.0499137
419  459  0.498133
420  458  0.489032
421  457  0.468571
421  458  0.163354
422  456  0.45121
422  457  0.172695
423  448  0.797978
423  456  0.166491
424  447  0.79792
424  455  0.17043
426  440  0.147724
426  445  0.631628
427  439  0.147946
427  444  0.827842
428  438  0.0508366
428  443  0.835485
429  437  0.0512519
429  442  0.837419
430  436  0.14792
430  441  0.837401
431  435  0.0916181
431  440  0.83681
432  439  0.730767
441  448  0.146698
442  447  0.142713
468  483  0.28774
469  482  0.2879
470  481  0.287696
471  480  0.287422
472  479  0.276535
473  478  0.138636
473  489  0.434874
474  488  0.638937
475  487  0.639778
476  486  0.639597
476  490  0.0278765
477  485  0.574137
477  489  0.0278297
478  487  0.0340405
479  483  0.0540701
479  486  0.0349082
480  485  0.0253992
