2  16  0.197155
2  962  0.029622
3  15  0.394878
3  961  0.0331565
4  14  0.395176
4  960  0.0328541
5  13  0.391078
5  959  0.0276068
5  963  0.0306549
6  12  0.35486
6  962  0.0526516
7  961  0.0544342
8  956  0.0155872
8  960  0.0522492
9  955  0.0169521
10  961  0.0157589
11  960  0.0149942
11  961  0.0183719
12  960  0.0155565
12  961  0.248665
13  958  0.0128412
13  960  0.268592
14  959  0.278261
15  957  0.529755
16  956  0.598414
16  961  0.0119651
17  26  0.0111646
17  955  0.61539
17  960  0.0177084
18  27  0.0512146
18  954  0.566424
18  959  0.0181411
19  26  0.109412
19  955  0.0150435
20  25  0.0860351
20  27  0.0389121
20  952  0.0227573
20  954  0.0142604
20  962  0.0242878
21  26  0.0485628
21  955  0.0557648
21  961  0.0272163
22  951  0.0341369
22  952  0.0761841
22  954  0.055357
23  950  0.0232834
23  951  0.0721517
23  953  0.0511331
23  962  0.0118866
24  961  0.0109335
25  958  0.156773
26  957  0.168728
27  956  0.131643
29  59  0.996008
30  58  0.99656
31  57  0.996187
32  56  0.996228
33  55  0.996166
34  54  0.985956
36  52  0.784151
38  50  0.972163
39  49  0.994027
40  48  0.99636
41  47  0.98204
62  950  0.793036
63  949  0.978723
64  948  0.996342
65  947  0.99836
66  946  0.998362
67  945  0.998146
69  943  0.976653
70  942  0.996376
71  941  0.985751
72  872  0.018085
72  940  0.929946
73  871  0.583241
74  870  0.878854
75  869  0.990638
76  868  0.998742
77  867  0.999239
78  866  0.998187
79  865  0.998249
80  864  0.997985
81  863  0.546607
82  801  0.011687
82  862  0.0333128
83  800  0.0118285
84  104  0.948519
85  103  0.975538
86  102  0.974673
89  99  0.981795
90  98  0.981524
91  97  0.979237
92  96  0.37277
107  863  0.364189
108  799  0.0151259
108  862  0.939603
109  798  0.0151285
109  861  0.96343
110  797  0.0149658
110  860  0.96258
111  859  0.963712
112  858  0.962987
113  857  0.881255
114  856  0.805945
115  853  0.148289
115  855  0.798591
116  852  0.204274
116  854  0.749039
117  167  0.0142746
117  851  0.113175
117  853  0.692141
118  166  0.0723669
118  850  0.401935
118  852  0.0825968
119  165  0.0776493
119  786  0.015226
119  849  0.554194
119  852  0.241705
120  164  0.0786696
120  785  0.0169135
120  848  0.562511
120  851  0.290396
121  163  0.0787893
121  776  0.0232721
121  784  0.0171183
121  847  0.555524
121  850  0.24626
122  152  0.0101004
122  162  0.0787849
122  775  0.0233343
122  783  0.0170132
122  846  0.551032
122  849  0.245641
123  151  0.0104762
123  160  0.0781006
123  774  0.0231605
123  845  0.55016
123  848  0.270386
124  150  0.0105746
124  159  0.0788923
124  812  0.0130649
124  844  0.191885
125  149  0.0105858
125  158  0.0768008
125  811  0.0158186
126  812  0.0152533
126  842  0.0328667
127  156  0.0788167
127  772  0.014202
127  841  0.0691142
127  842  0.0234253
128  155  0.0789723
128  771  0.0141843
128  841  0.023635
129  154  0.0756621
129  770  0.0142652
129  809  0.316374
129  810  0.0260065
129  840  0.0277683
130  145  0.46578
130  769  0.0109299
130  809  0.0348703
131  144  0.474447
131  807  0.395836
132  143  0.479736
132  806  0.39556
133  142  0.482077
133  151  0.0733919
133  805  0.396202
134  141  0.463816
134  150  0.0398792
134  804  0.21441
135  149  0.0426396
135  803  0.213867
136  148  0.0764426
136  802  0.395759
137  147  0.0765097
137  801  0.393835
138  146  0.0764099
138  800  0.369611
139  145  0.0736268
139  797  0.299836
139  799  0.0903526
140  796  0.357804
141  795  0.368392
142  794  0.369558
142  796  0.0106212
143  198  0.0109075
143  795  0.0107134
144  197  0.0118014
144  793  0.369657
144  805  0.024796
145  196  0.0118352
145  781  0.0107029
145  792  0.368897
145  804  0.027771
146  195  0.012
146  780  0.285407
146  788  0.254174
146  791  0.110163
146  803  0.0689966
146  840  0.0213203
147  193  0.0136081
147  779  0.285173
147  787  0.378971
147  802  0.0728076
147  839  0.0203601
148  192  0.0209332
148  778  0.277379
148  786  0.387402
148  801  0.0737178
148  838  0.0106588
149  187  0.0175863
149  191  0.0211675
149  785  0.387714
149  800  0.0737592
150  186  0.0219088
150  190  0.0220756
150  776  0.28897
150  784  0.388756
150  799  0.0738427
150  819  0.0166689
151  185  0.021873
151  189  0.0220708
151  775  0.289249
151  783  0.388425
151  798  0.0734221
151  818  0.0165922
152  184  0.021968
152  188  0.0208296
152  774  0.28859
152  782  0.370344
152  817  0.0163593
153  219  0.0174695
153  773  0.275329
153  796  0.0115682
153  816  0.0137183
154  183  0.100366
154  218  0.0213348
154  586  0.0200061
154  772  0.272193
154  781  0.0966827
155  182  0.100709
155  585  0.0189218
155  795  0.0726771
156  180  0.121594
156  195  0.0615361
156  215  0.179612
156  217  0.0474033
156  584  0.0139043
156  608  0.0399859
156  623  0.129755
156  659  0.0121973
156  734  0.0685932
156  794  0.0768721
157  194  0.0616394
157  214  0.178881
157  216  0.0474212
157  583  0.0139003
157  607  0.0412327
157  622  0.129805
157  658  0.0121842
157  733  0.0685706
157  793  0.0768843
158  178  0.224967
158  214  0.0515495
158  606  0.0411886
158  621  0.110223
158  792  0.0762194
159  177  0.323954
159  213  0.0814839
159  605  0.0410874
159  791  0.0749294
160  176  0.332834
160  211  0.161113
160  212  0.0824996
160  604  0.0400926
160  618  0.0170215
160  790  0.0732228
160  847  0.0154521
161  175  0.332888
161  198  0.177003
161  210  0.249396
161  211  0.0412787
161  789  0.0491259
161  846  0.0155148
162  174  0.333168
162  197  0.214114
162  209  0.313695
162  845  0.0155375
163  172  0.333596
163  196  0.215414
163  208  0.313971
163  844  0.0155354
164  171  0.332987
164  195  0.21609
164  207  0.312713
164  612  0.0120544
164  843  0.0150733
165  170  0.251964
165  194  0.195998
165  842  0.0146083
166  193  0.192327
166  841  0.0116627
167  192  0.211118
167  608  0.0106581
167  852  0.0514682
168  191  0.210115
168  607  0.0105374
168  851  0.0577042
169  203  0.258403
169  816  0.010554
169  850  0.0572064
170  189  0.0576251
170  190  0.0390281
170  202  0.330912
170  650  0.0142975
170  815  0.0120429
170  849  0.0560624
171  183  0.0805943
171  201  0.33465
171  649  0.0143072
171  814  0.0120442
171  848  0.0559949
172  182  0.105662
172  189  0.03534
172  200  0.336349
172  648  0.0149035
172  813  0.0118749
172  847  0.0175678
173  181  0.108246
173  187  0.0484433
173  188  0.0301711
173  199  0.335051
173  647  0.0148936
173  812  0.0107804
174  180  0.108737
174  185  0.0768475
174  186  0.0519893
174  198  0.311862
174  646  0.0148411
175  179  0.0413953
175  184  0.139185
175  645  0.0124774
176  183  0.139458
176  196  0.0279569
176  197  0.309258
177  187  0.0138064
177  196  0.308404
178  186  0.0177395
178  195  0.31561
179  185  0.0134385
180  193  0.432319
180  657  0.0155279
181  192  0.434584
181  656  0.0157321
182  191  0.434207
182  619  0.022456
182  655  0.0157416
183  190  0.418795
183  591  0.0102935
183  618  0.0270971
183  654  0.0158087
183  769  0.01202
183  847  0.0300349
184  617  0.026544
184  653  0.0157592
184  768  0.0118749
184  846  0.0300507
185  587  0.0146627
185  616  0.0189548
185  652  0.0155666
185  845  0.0286593
186  586  0.0164064
186  651  0.0154638
186  844  0.0281866
187  585  0.0163858
187  766  0.0297846
188  198  0.0289809
188  584  0.0163183
188  765  0.0367553
188  846  0.0122921
189  197  0.0313368
189  583  0.0161293
189  764  0.0377587
189  842  0.0211271
189  845  0.0145781
190  196  0.0312156
190  218  0.0139334
190  763  0.037729
190  781  0.099592
190  841  0.0215618
190  844  0.0146354
191  195  0.0193373
191  217  0.0156511
191  780  0.108435
191  840  0.0199013
192  216  0.0156355
192  779  0.108141
192  817  0.0112644
192  839  0.0164282
193  778  0.10555
193  816  0.0215832
194  215  0.0101913
194  249  0.0419653
194  632  0.0135755
194  734  0.0422778
194  777  0.105387
194  786  0.0111961
194  815  0.0234557
195  214  0.0180044
195  248  0.0421574
195  631  0.0140909
195  733  0.0427035
195  785  0.0115731
195  814  0.0234627
196  213  0.017932
196  247  0.0424873
196  618  0.035873
196  630  0.0141892
196  770  0.0263072
196  776  0.154409
196  784  0.0123951
196  813  0.0209927
197  212  0.0179078
197  246  0.0424517
197  617  0.035434
197  629  0.0141548
197  769  0.025748
197  775  0.154548
197  783  0.0123945
198  616  0.0295132
198  628  0.0141264
198  774  0.154421
198  782  0.0118419
198  787  0.0144691
199  627  0.0137477
199  773  0.152976
199  786  0.0191921
200  208  0.017799
200  613  0.348036
200  626  0.0131356
200  772  0.150585
200  785  0.0195612
201  207  0.0186943
201  243  0.0420376
201  612  0.484747
201  784  0.0176136
202  242  0.0421689
202  611  0.478084
203  241  0.0422055
203  609  0.0115717
203  610  0.427688
203  782  0.0148453
204  240  0.0213916
204  607  0.0876801
204  781  0.0148327
205  240  0.0211625
205  606  0.0882422
205  607  0.0457803
206  239  0.0420009
206  606  0.0317133
206  607  0.357706
207  238  0.0420119
207  606  0.380296
208  237  0.0401057
208  604  0.242572
208  605  0.346629
209  603  0.244477
209  604  0.344019
210  602  0.166875
211  601  0.0642431
211  602  0.46012
212  601  0.544964
213  235  0.0157503
213  599  0.0294369
213  600  0.541264
213  787  0.0190559
214  234  0.0254166
214  786  0.0242928
215  233  0.0254246
215  235  0.0128224
215  598  0.624934
215  785  0.0244754
216  232  0.024049
216  234  0.0132602
216  594  0.012534
216  597  0.651969
216  775  0.0177986
216  784  0.0235193
216  809  0.0175159
216  815  0.015019
217  233  0.0132263
217  593  0.0125936
217  596  0.653401
217  774  0.0179013
217  808  0.0175388
217  814  0.0150362
218  229  0.0186505
218  232  0.010361
218  595  0.582971
218  783  0.017801
218  807  0.0172854
218  813  0.0150188
219  228  0.0235028
219  583  0.0167555
219  782  0.0158019
219  812  0.0143241
220  227  0.0241336
220  582  0.198502
221  226  0.023664
221  581  0.242361
221  582  0.0267883
222  580  0.164045
222  806  0.0246074
223  579  0.0822146
223  580  0.735914
223  805  0.0261328
224  233  0.0109085
224  579  0.823359
224  804  0.0261298
225  232  0.0150219
225  578  0.935203
226  231  0.0147354
226  577  0.935263
227  576  0.919288
228  575  0.581663
229  574  0.0289846
231  574  0.903837
232  573  0.931833
233  572  0.934952
234  571  0.93582
235  570  0.933978
236  569  0.935422
237  568  0.935879
238  567  0.935153
239  566  0.91976
240  565  0.741621
242  561  0.778398
243  560  0.785521
243  562  0.0482979
244  559  0.773258
244  561  0.0471356
245  560  0.0396464
246  554  0.0244112
246  557  0.768429
247  553  0.0245077
247  556  0.768912
248  546  0.0211704
248  552  0.0231492
248  555  0.761047
249  554  0.75095
250  539  0.0100469
250  545  0.67873
250  551  0.190713
250  555  0.010897
250  843  0.0492487
251  538  0.0100937
251  544  0.680948
251  550  0.197959
251  554  0.0115411
251  842  0.0493417
252  537  0.010075
252  543  0.681911
252  553  0.0118409
252  841  0.0493874
253  542  0.712485
253  548  0.167625
253  840  0.0493901
254  541  0.328526
254  547  0.20202
254  839  0.0493461
255  540  0.327604
255  546  0.202338
255  838  0.0445484
256  539  0.713212
256  545  0.202315
256  837  0.0446073
257  538  0.712982
257  544  0.202034
257  836  0.0491091
258  537  0.662424
258  543  0.0453947
258  835  0.0428087
259  536  0.299437
260  271  0.488758
260  287  0.248069
261  270  0.51559
261  286  0.271791
261  534  0.117001
262  268  0.0308683
262  269  0.415412
262  285  0.275762
262  533  0.110786
263  284  0.242005
264  284  0.0155136
265  282  0.015768
265  300  0.019399
266  282  0.308681
266  296  0.0120774
266  299  0.0216379
267  281  0.354983
267  295  0.013136
267  298  0.0219033
268  280  0.352565
268  294  0.0131246
268  297  0.0218408
269  274  0.0358719
269  278  0.183503
270  277  0.171337
275  536  0.3616
276  535  0.51794
277  291  0.0377622
277  534  0.549428
277  543  0.0164194
278  290  0.0409893
278  533  0.552646
278  542  0.0211488
279  289  0.0409416
279  531  0.0215186
279  532  0.529361
280  288  0.0404284
280  530  0.127048
281  529  0.127788
281  530  0.404414
281  539  0.0210801
282  538  0.0179422
283  528  0.527789
284  525  0.0135586
284  527  0.579418
284  532  0.0178556
285  524  0.0138238
285  526  0.581234
285  531  0.0194587
285  537  0.0178288
286  536  0.0208359
287  522  0.0138539
287  535  0.0231115
288  466  0.0309602
288  521  0.0137844
288  523  0.547967
288  534  0.0269873
288  543  0.134769
289  465  0.0360471
289  489  0.0819747
289  522  0.542103
289  542  0.174306
290  307  0.0156311
290  464  0.037014
290  488  0.0931005
290  521  0.539408
290  541  0.174313
291  306  0.399197
291  463  0.106274
291  487  0.0992704
291  520  0.0760941
291  539  0.164298
291  833  0.049322
292  305  0.399396
292  462  0.10626
292  486  0.0992844
292  538  0.171761
292  832  0.0493543
293  304  0.398688
293  485  0.0992353
293  515  0.0144813
293  518  0.0663605
293  537  0.135569
293  831  0.0188318
294  303  0.400026
294  460  0.102169
294  484  0.0992968
294  514  0.0201249
294  517  0.0234927
294  536  0.0105315
294  830  0.0188444
295  302  0.384567
295  459  0.0238607
295  483  0.0992859
295  513  0.0201369
295  516  0.0114543
295  535  0.0403952
295  829  0.0493714
296  301  0.329815
296  458  0.0269328
296  482  0.0989713
296  512  0.0194732
296  515  0.0570046
296  534  0.144901
296  828  0.0227538
297  457  0.1095
297  481  0.0952553
297  514  0.0680449
297  529  0.0283061
297  530  0.022042
297  533  0.126981
297  827  0.0226512
298  456  0.109869
298  468  0.0682312
298  480  0.0347784
298  513  0.0576378
298  528  0.0325744
298  529  0.0309509
298  533  0.0162965
298  826  0.0493638
299  455  0.108717
299  467  0.0748159
299  512  0.0481922
299  527  0.0329693
299  532  0.030677
299  825  0.0487016
300  454  0.107628
300  466  0.0783385
300  526  0.0326244
300  531  0.030073
301  452  0.10579
301  465  0.0788847
301  509  0.0129059
301  530  0.022607
301  822  0.0434808
302  451  0.10656
302  464  0.0762723
302  508  0.0129786
302  525  0.208318
302  821  0.0487424
303  450  0.106843
303  462  0.0557514
303  507  0.0130227
303  524  0.211228
303  820  0.04894
304  449  0.0406278
304  460  0.140232
304  461  0.0392461
304  819  0.0486214
305  459  0.143759
305  460  0.0387758
305  522  0.215001
305  818  0.0228338
306  313  0.100522
306  458  0.183749
306  521  0.219576
307  312  0.111235
307  457  0.18839
307  520  0.514936
307  816  0.0326273
308  456  0.188407
308  519  0.587675
308  815  0.048391
309  454  0.0638742
309  455  0.12445
309  518  0.614049
309  814  0.0482987
310  453  0.186765
310  517  0.617091
310  813  0.0469327
311  452  0.186483
311  516  0.617936
312  450  0.167298
312  515  0.618283
313  449  0.166093
313  514  0.618273
313  810  0.0414998
314  449  0.0932671
314  513  0.617552
314  809  0.0456699
315  447  0.170308
315  448  0.0970558
315  512  0.305154
315  808  0.0316526
316  446  0.172814
316  447  0.0909182
316  511  0.210905
316  512  0.0729324
317  445  0.0869665
317  510  0.407803
317  511  0.145784
317  512  0.0344442
317  806  0.0457472
318  445  0.260923
318  510  0.14597
318  511  0.0388156
318  805  0.0457832
319  444  0.348573
319  507  0.0321603
319  508  0.0637903
319  510  0.0383322
319  804  0.045682
320  443  0.348725
320  506  0.0417128
320  509  0.0399151
320  803  0.0410032
321  442  0.348973
321  505  0.0397724
321  507  0.169292
322  441  0.334599
322  474  0.0182697
322  506  0.135576
322  801  0.0432118
323  439  0.0153456
323  505  0.0393008
323  800  0.0456237
324  438  0.0111421
324  472  0.321521
324  473  0.0410739
324  799  0.0457793
325  378  0.0119158
325  438  0.339227
325  471  0.570415
325  798  0.0455921
326  377  0.0156984
326  437  0.344483
326  470  0.571743
326  797  0.0450541
327  376  0.0158821
327  436  0.348602
327  469  0.572147
328  375  0.0159312
328  435  0.348716
328  468  0.570949
328  794  0.037783
329  374  0.0158956
329  434  0.347776
329  466  0.112633
329  793  0.0374698
330  465  0.0566406
330  789  0.0184165
331  465  0.511805
331  788  0.0341957
332  464  0.568304
332  787  0.0357072
333  370  0.0422267
333  428  0.0118184
333  430  0.221731
333  463  0.569823
333  786  0.0359469
334  369  0.0424281
334  372  0.0202352
334  427  0.0118129
334  429  0.2218
334  462  0.569409
334  785  0.0359484
335  368  0.0263429
335  370  0.0534414
335  371  0.0311707
335  375  0.0263217
335  384  0.0293683
335  390  0.0943235
335  405  0.450917
335  428  0.114583
335  461  0.0317259
335  784  0.0129098
336  369  0.045791
336  374  0.0263362
336  383  0.0295144
336  389  0.0951924
336  404  0.453754
336  427  0.0961844
336  782  0.0180094
337  369  0.0368526
337  373  0.0266026
337  382  0.0293052
337  388  0.0955188
337  403  0.45297
337  781  0.0179448
338  372  0.0241488
338  424  0.0212371
339  367  0.889849
339  423  0.0228039
340  366  0.897849
340  422  0.0160177
341  365  0.899155
341  416  0.0110309
342  364  0.899192
342  382  0.0471453
342  415  0.011035
343  363  0.898867
343  381  0.0496667
343  414  0.0109479
344  362  0.863936
344  380  0.0470645
344  413  0.0103032
346  358  0.886155
347  357  0.894916
348  356  0.975678
349  355  0.974714
350  354  0.603691
357  377  0.0871688
358  376  0.0877586
359  375  0.0893103
360  374  0.0892959
362  373  0.0893956
363  372  0.089811
364  371  0.0902269
365  370  0.0884323
368  376  0.0177655
368  385  0.0527075
368  400  0.339135
369  375  0.0258896
369  384  0.067423
369  399  0.519758
369  460  0.0129766
370  374  0.0210164
370  398  0.519893
371  382  0.0865217
371  397  0.519375
371  432  0.0387364
371  454  0.0156585
371  458  0.045832
372  377  0.056129
372  381  0.105865
372  431  0.03928
372  453  0.017021
372  457  0.0519421
373  380  0.0960213
373  393  0.0712807
373  430  0.0396572
373  431  0.0174046
373  456  0.0518555
373  776  0.0105188
374  392  0.0598625
374  393  0.0641314
374  428  0.0604211
374  430  0.0192236
374  775  0.0105328
375  427  0.060455
375  429  0.0194554
375  450  0.0301179
375  774  0.0105375
376  392  0.0156122
376  426  0.0427121
376  773  0.0103119
377  448  0.0328472
377  454  0.0186026
378  391  0.0594829
378  447  0.0325806
379  452  0.0334749
380  389  0.570703
380  446  0.0396246
380  451  0.0363579
381  388  0.602728
381  445  0.0401531
381  450  0.0364961
382  387  0.540704
382  393  0.0220722
382  449  0.0358757
383  392  0.0197108
383  443  0.0764259
383  852  0.0107283
384  432  0.0191538
384  442  0.0801866
384  851  0.0120368
385  431  0.01925
385  441  0.0802908
385  850  0.0120904
386  440  0.0803415
386  443  0.0168633
386  849  0.0121005
387  429  0.0230238
387  439  0.0804262
387  442  0.0174349
387  848  0.012114
388  393  0.0212925
388  428  0.0324852
388  438  0.075818
388  441  0.0174255
388  460  0.0106187
388  847  0.0120571
389  440  0.0174505
389  459  0.0106326
389  846  0.0120494
390  427  0.0357914
390  439  0.0174313
390  458  0.0106172
390  845  0.0120178
391  426  0.0347689
395  422  0.236157
395  778  0.0410701
396  421  0.299778
396  461  0.0106021
396  777  0.0454412
397  420  0.32352
397  460  0.0120488
397  776  0.0469851
398  419  0.18914
398  428  0.0421999
398  459  0.0120319
398  775  0.0469895
399  427  0.0425958
399  458  0.0120355
399  774  0.0469892
400  417  0.350673
400  426  0.0414574
400  773  0.0469398
401  416  0.370808
401  772  0.0469405
402  415  0.370407
402  424  0.0424135
402  771  0.0461972
403  408  0.0110788
403  414  0.371484
403  423  0.0438952
403  770  0.0429559
404  413  0.333205
404  422  0.0419763
406  412  0.018644
407  411  0.0109143
407  419  0.0135722
407  461  0.0256986
409  417  0.0335932
409  459  0.199797
410  416  0.0349777
410  458  0.234377
411  415  0.0133213
411  609  0.0367658
412  608  0.04128
413  433  0.0110254
413  455  0.445945
413  607  0.0417016
414  427  0.0128978
414  432  0.0116199
414  454  0.467783
414  606  0.0419915
415  426  0.0152704
415  431  0.0116147
415  453  0.469518
415  605  0.0387662
416  425  0.0155959
416  430  0.0116259
416  452  0.468231
416  604  0.0383607
417  424  0.0113156
417  451  0.46834
418  450  0.291106
419  602  0.037903
420  448  0.467673
420  601  0.0438436
421  447  0.469191
421  600  0.0440773
422  446  0.46816
422  599  0.0442777
423  445  0.46231
423  598  0.04432
424  443  0.431962
424  597  0.0442214
425  442  0.430548
425  596  0.043719
426  436  0.0945586
426  444  0.0182412
427  435  0.130745
427  440  0.276134
427  443  0.0198932
428  434  0.130348
428  439  0.414803
428  442  0.0199517
429  438  0.399494
429  441  0.0155309
429  555  0.0304384
430  554  0.031172
431  436  0.108487
431  439  0.0125302
431  553  0.0311306
432  438  0.0143361
432  552  0.0312049
434  551  0.0315943
435  550  0.031633
436  549  0.0297242
439  545  0.0329437
440  544  0.0302085
441  543  0.0301358
442  542  0.0401708
443  541  0.0401667
444  540  0.0402071
445  539  0.0401389
447  536  0.0380956
448  535  0.0426825
449  534  0.043197
450  457  0.0113839
450  533  0.0430897
451  509  0.0220249
452  508  0.0244647
452  532  0.0389197
453  507  0.0246292
453  531  0.0389763
454  506  0.0129545
454  529  0.0296594
454  530  0.011871
455  528  0.0301844
457  526  0.0261721
458  468  0.0484934
459  467  0.0487809
459  525  0.0544421
460  466  0.0487331
460  524  0.0571133
461  523  0.0267117
462  522  0.0292152
463  521  0.0600734
464  519  0.087184
464  520  0.0303866
465  518  0.129358
466  473  0.0191
466  517  0.135794
467  472  0.0118687
467  516  0.13707
468  515  0.136733
470  511  0.154516
470  512  0.0820855
471  510  0.155892
471  511  0.082636
471  512  0.0146524
472  508  0.212548
472  510  0.0603412
472  511  0.0148759
473  507  0.259361
473  510  0.0185747
474  507  0.0248845
474  508  0.0587421
475  507  0.0632053
476  505  0.784952
477  504  0.845606
478  503  0.86349
478  504  0.0108318
479  502  0.857793
480  501  0.020105
480  502  0.0168589
481  501  0.870412
482  500  0.890762
483  499  0.891213
484  498  0.891117
485  497  0.59236
486  495  0.0119387
486  497  0.296205
487  496  0.863047
488  494  0.0173607
488  495  0.800743
490  528  0.0568789
491  527  0.0839029
492  526  0.0875821
493  525  0.103737
494  524  0.10491
495  523  0.104915
496  522  0.103298
499  519  0.10433
500  518  0.103585
501  517  0.101262
502  516  0.099212
505  513  0.0985798
506  512  0.0799977
513  524  0.0101492
514  523  0.0102275
541  561  0.0121974
542  553  0.0104432
542  560  0.0127065
543  552  0.0502416
543  559  0.0131603
544  551  0.0506899
544  558  0.0142646
545  550  0.0471917
545  557  0.014322
546  553  0.394607
546  556  0.0203285
546  562  0.0820486
547  555  0.0210353
547  561  0.0840598
548  554  0.0201239
548  560  0.068483
550  558  0.115843
551  557  0.115897
552  556  0.0717869
556  595  0.0259607
557  594  0.0273491
558  593  0.0273296
559  592  0.0180115
561  592  0.0136632
562  591  0.0297509
563  590  0.0350813
564  589  0.0383775
565  588  0.0388482
566  587  0.0389747
567  586  0.0389792
568  585  0.0332905
569  582  0.023933
570  581  0.033041
572  579  0.0355167
573  578  0.0361715
579  798  0.0291389
580  797  0.0297887
581  796  0.0302751
582  795  0.0302946
583  594  0.788085
583  794  0.0302949
584  593  0.79526
584  793  0.0288915
585  592  0.811331
585  792  0.0285613
586  591  0.808674
586  790  0.0292692
587  789  0.0298273
588  788  0.0295101
589  787  0.0282479
591  785  0.016555
593  773  0.0531597
593  783  0.0205936
594  772  0.0574715
595  771  0.10248
595  781  0.12398
596  632  0.0110954
596  770  0.105019
596  780  0.137652
597  631  0.0110886
597  779  0.137543
598  630  0.011083
598  769  0.115835
598  778  0.131699
599  768  0.114789
599  777  0.121731
600  777  0.0164251
601  766  0.0331172
601  775  0.112052
601  776  0.0228245
602  627  0.0106889
602  765  0.117572
602  773  0.025511
603  626  0.0113218
603  764  0.119119
603  772  0.0255912
603  774  0.0366298
604  625  0.0113243
604  763  0.118649
604  771  0.0251434
604  772  0.125031
605  619  0.0331726
605  624  0.0112529
605  771  0.152571
606  618  0.0427563
606  623  0.0108262
606  770  0.208441
606  776  0.0154772
607  617  0.0424362
607  769  0.208425
607  775  0.0155519
608  616  0.040966
608  774  0.0154802
609  773  0.0137044
610  766  0.197497
611  765  0.20278
612  764  0.202624
612  771  0.0316017
613  618  0.0326988
613  767  0.0924664
613  769  0.0594661
613  770  0.031132
614  766  0.0714245
614  768  0.0620763
615  765  0.0388229
615  766  0.120979
616  765  0.151898
617  764  0.17476
618  763  0.175445
619  762  0.0400654
620  811  0.0194314
621  810  0.0214622
622  732  0.759732
622  809  0.0222745
623  731  0.760334
623  808  0.0222655
624  730  0.761332
624  777  0.118397
624  807  0.0147505
625  729  0.761388
625  776  0.169961
626  728  0.761343
626  775  0.170765
627  727  0.746674
627  774  0.170805
628  773  0.170739
629  652  0.0146075
629  725  0.745642
629  772  0.170693
630  651  0.0153542
630  724  0.755186
630  771  0.170912
631  650  0.0212203
631  723  0.754359
631  770  0.169068
632  649  0.0212116
632  722  0.755003
633  648  0.0207408
633  721  0.752413
633  769  0.156944
634  720  0.745115
634  768  0.145762
637  666  0.223847
637  717  0.712682
638  646  0.0174371
638  665  0.225636
638  716  0.710936
639  645  0.0150467
639  664  0.227324
639  715  0.657775
640  663  0.228623
641  662  0.196282
646  657  0.552178
646  679  0.0257725
647  656  0.55402
647  678  0.0279238
648  655  0.553182
648  657  0.0508342
648  660  0.158576
648  677  0.0283018
648  696  0.0340259
649  654  0.418765
649  656  0.0517388
649  659  0.164882
649  665  0.0305115
649  676  0.0282238
649  695  0.03794
649  697  0.035787
650  655  0.0513201
650  658  0.163207
650  675  0.0282159
650  694  0.0376402
650  696  0.0358014
651  663  0.0347131
651  674  0.0230144
651  695  0.0355255
652  656  0.0306506
652  662  0.059753
652  692  0.0268682
653  661  0.060639
653  689  0.0679182
654  660  0.0606741
654  688  0.0710718
654  820  0.0138638
655  659  0.0375858
655  670  0.0114054
655  687  0.0710566
655  819  0.0134983
655  852  0.0108597
656  667  0.0159998
656  669  0.0107905
656  685  0.0132293
656  686  0.0567747
656  817  0.0161023
657  666  0.0232381
657  684  0.0422779
657  816  0.0169402
658  665  0.0221615
658  683  0.0431562
658  684  0.0166159
658  815  0.0172361
658  849  0.0114092
659  667  0.0165146
659  682  0.0552506
659  706  0.0363084
659  712  0.0173967
659  814  0.0172372
659  848  0.0114967
660  666  0.0169372
660  681  0.0190593
660  705  0.0385958
660  813  0.0168691
660  847  0.0121215
661  681  0.0483335
661  704  0.0384513
661  846  0.0121191
662  680  0.0678109
662  703  0.035677
662  710  0.0807675
662  711  0.0200456
662  845  0.0120997
663  679  0.0680431
663  709  0.0961504
663  710  0.022698
664  678  0.0681363
665  677  0.0671456
665  708  0.172392
665  842  0.0120263
666  675  0.0488088
666  706  0.51969
666  808  0.0144275
666  841  0.0120255
667  674  0.0301332
667  702  0.0682417
667  705  0.546287
667  767  0.177247
667  807  0.0187399
667  840  0.0105111
668  684  0.0103662
668  701  0.067651
668  704  0.52137
668  766  0.177585
669  676  0.0176424
669  683  0.0114712
669  700  0.0519346
669  765  0.177478
670  675  0.0187139
670  682  0.0117783
670  764  0.176804
670  804  0.0296396
671  681  0.011637
671  701  0.0257556
671  803  0.0296786
672  680  0.0108173
672  802  0.0296611
673  699  0.591705
673  801  0.0295754
674  698  0.624808
674  735  0.150553
674  800  0.0292243
675  697  0.629881
675  734  0.181216
675  799  0.027247
676  696  0.629336
676  698  0.0115783
676  733  0.181124
677  695  0.629806
677  697  0.0124169
677  732  0.181356
678  694  0.61201
678  696  0.0124067
678  731  0.181069
679  695  0.012392
679  705  0.0355678
679  730  0.177109
680  692  0.524875
680  704  0.036033
681  703  0.036235
681  709  0.0129888
682  691  0.629754
682  702  0.036243
682  728  0.0341476
683  690  0.604491
683  707  0.0193427
683  726  0.150554
683  727  0.0302886
684  689  0.518111
684  698  0.0351691
684  706  0.0201467
684  725  0.158294
684  726  0.0256678
685  697  0.036168
685  705  0.0210476
686  704  0.02094
686  723  0.186256
687  696  0.037522
687  722  0.18794
688  695  0.0359503
688  702  0.0210979
688  721  0.188968
689  701  0.0209852
689  720  0.0946184
690  700  0.0182198
690  720  0.0962855
691  719  0.196414
692  698  0.0171927
692  718  0.196152
693  697  0.0137661
693  717  0.196813
693  810  0.0101569
694  716  0.196176
694  809  0.0154927
695  808  0.0155135
696  807  0.0155064
697  712  0.0363651
697  806  0.0153707
699  711  0.236733
700  710  0.251045
701  709  0.255367
702  708  0.254055
704  713  0.0207804
705  712  0.021915
706  796  0.028246
707  795  0.0404204
708  794  0.0452122
711  791  0.054628
712  790  0.055695
713  789  0.0555767
714  788  0.0538393
717  785  0.055474
718  784  0.0562428
719  783  0.0562465
720  782  0.056231
721  781  0.0562439
722  780  0.0562282
723  779  0.0561212
724  778  0.0552618
725  777  0.0519989
727  773  0.0177195
728  772  0.0175468
728  774  0.0156046
729  771  0.0171641
729  772  0.0183045
730  771  0.0186485
731  770  0.0158155
731  775  0.0189688
732  774  0.0190676
733  765  0.0640138
733  773  0.0193455
734  763  0.0900939
734  764  0.0721228
734  772  0.0193064
735  762  0.0463057
736  762  0.821958
737  761  0.977035
738  760  0.977023
739  759  0.984506
740  758  0.983729
741  757  0.988725
742  756  0.988898
743  755  0.988378
744  754  0.98889
745  753  0.98054
746  752  0.741848
763  770  0.0962326
764  769  0.0906525
774  807  0.0100574
775  806  0.0100387
776  805  0.01
778  787  0.0116384
779  786  0.0128243
779  849  0.0289596
780  785  0.0127178
780  844  0.0103124
780  848  0.0352037
781  843  0.0158199
781  847  0.280213
782  846  0.280412
783  793  0.0145499
783  805  0.0261292
783  842  0.0196169
783  845  0.28055
784  792  0.0146633
784  804  0.0263813
784  841  0.0196822
784  844  0.279663
785  791  0.0112558
785  803  0.0263631
785  813  0.157185
785  840  0.0193954
785  843  0.0879274
786  802  0.0263555
786  812  0.156552
786  839  0.0186042
786  842  0.0797299
787  801  0.0258228
787  811  0.143093
787  838  0.0100667
788  800  0.0189314
792  798  0.021024
792  799  0.0334191
792  810  0.210902
792  816  0.0117403
793  797  0.0131306
793  798  0.027286
793  809  0.246048
793  815  0.0120771
794  808  0.245212
794  814  0.0120238
796  806  0.0360005
797  805  0.0597032
797  806  0.201152
798  804  0.0547694
798  805  0.206758
798  842  0.0218688
799  804  0.184654
799  841  0.0339519
800  840  0.0397103
801  839  0.0374569
802  838  0.0118835
803  863  0.0119707
804  862  0.0225386
805  816  0.0948504
805  861  0.0228612
806  815  0.114478
806  860  0.0107554
807  814  0.11642
808  813  0.106288
808  858  0.0165861
809  857  0.0242231
810  856  0.024219
811  855  0.0242414
812  854  0.0243111
813  844  0.340194
813  853  0.0243273
814  843  0.630806
814  852  0.0242274
815  842  0.63088
815  851  0.0242137
816  841  0.419107
818  839  0.279115
819  848  0.0237745
820  838  0.81078
820  847  0.0239219
821  837  0.876816
821  846  0.0229209
822  836  0.887606
823  835  0.89874
823  845  0.0135781
824  834  0.89909
824  844  0.0138305
825  833  0.899874
825  843  0.0211024
826  832  0.894632
826  842  0.0210996
827  831  0.340556
827  841  0.0208317
828  840  0.0192687
830  839  0.0155637
831  838  0.0153535
832  837  0.0147919
871  939  0.414781
872  938  0.910731
873  937  0.996864
874  936  0.99698
875  935  0.380584
876  934  0.380209
877  933  0.996558
878  932  0.505158
879  931  0.0138957
879  932  0.491594
880  931  0.982981
881  930  0.996411
882  929  0.996871
883  928  0.995589
884  922  0.0370251
885  895  0.0508012
885  921  0.037978
886  891  0.288637
886  894  0.559332
886  920  0.0178291
886  923  0.0108346
886  924  0.0654142
887  893  0.42385
887  922  0.0128838
887  923  0.0627947
888  921  0.0140391
891  921  0.0120875
892  922  0.110879
893  921  0.10728
894  921  0.0335796
895  919  0.919403
895  920  0.0232945
896  918  0.988843
897  917  0.996818
898  916  0.997591
899  915  0.997311
900  914  0.984814
902  913  0.932862
903  912  0.933381
904  911  0.572118
