2  970  0.503929
3  969  0.827721
4  968  0.82754
5  967  0.826921
6  966  0.826471
6  989  0.0552536
7  988  0.0394221
8  835  0.0452355
8  988  0.0255989
9  834  0.0798377
9  844  0.10872
9  846  0.736978
9  987  0.0349706
10  833  0.0799008
10  843  0.10874
10  845  0.737051
10  986  0.0349209
11  832  0.0797902
11  842  0.0924824
11  844  0.742717
11  985  0.0343147
12  831  0.0795624
12  841  0.0757964
12  842  0.782438
12  846  0.0113593
13  35  0.0571205
13  840  0.0556235
13  841  0.79905
13  842  0.0230268
14  34  0.0655285
14  838  0.0179692
14  840  0.81513
14  841  0.0227637
14  844  0.0119724
15  33  0.0655192
15  839  0.85258
15  843  0.0119765
16  32  0.0619835
16  34  0.0187894
16  837  0.445541
16  838  0.438256
16  842  0.011868
17  33  0.0189118
17  833  0.0130595
17  836  0.847629
18  31  0.0304967
18  32  0.0189496
18  832  0.013254
18  835  0.845792
18  840  0.0114402
19  29  0.0101578
19  30  0.0179611
19  31  0.0108031
19  831  0.0132568
19  834  0.844839
20  26  0.0553389
20  28  0.0100707
20  29  0.0186806
20  30  0.0108939
20  35  0.129619
20  832  0.586664
20  835  0.0157474
20  838  0.0126195
21  26  0.0337093
21  28  0.0320118
21  29  0.0188519
21  34  0.150058
21  831  0.588565
21  834  0.0160295
21  837  0.0127131
22  27  0.0286756
22  33  0.12224
22  830  0.576299
22  833  0.0149645
22  836  0.0121559
23  36  0.0165021
23  829  0.492372
24  31  0.0557901
24  32  0.0195864
24  35  0.0313575
25  30  0.0451955
25  31  0.0172414
26  33  0.369657
26  36  0.162884
27  32  0.329315
27  35  0.141801
28  33  0.0119875
28  829  0.0599957
29  828  0.0949256
29  829  0.0108401
30  827  0.097395
30  828  0.0121055
30  829  0.0111365
31  826  0.097031
31  827  0.0116072
31  828  0.0127163
31  829  0.0124139
32  825  0.0964369
32  827  0.0121121
32  828  0.0144554
33  824  0.0802547
34  823  0.0756527
35  826  0.19175
36  822  0.0713916
37  821  0.0713886
37  824  0.911062
38  820  0.071372
38  823  0.915633
39  819  0.0547785
39  822  0.924115
40  818  0.0337646
40  821  0.924179
41  820  0.924141
42  819  0.871373
43  818  0.659783
44  247  0.980163
45  246  0.995308
46  245  0.994939
47  244  0.995509
48  243  0.995483
49  242  0.990558
50  241  0.833877
52  239  0.664711
53  238  0.216088
53  241  0.13616
54  237  0.116098
54  240  0.303527
55  236  0.58164
55  239  0.306085
56  235  0.678091
56  238  0.306431
57  234  0.637227
57  237  0.275235
58  236  0.220556
59  65  0.0161006
60  65  0.0109528
61  237  0.0286312
62  236  0.0745687
63  235  0.0951896
64  234  0.102854
65  233  0.0542147
66  233  0.917083
67  232  0.990242
68  231  0.994269
69  230  0.995269
70  229  0.995269
71  228  0.993841
72  227  0.993741
73  226  0.991763
75  223  0.227326
76  222  0.236797
77  222  0.0366032
78  220  0.933865
78  221  0.0262262
79  199  0.0148248
79  219  0.947897
80  198  0.0148078
80  218  0.930139
81  197  0.014595
81  217  0.431223
82  89  0.0755558
82  196  0.0141245
83  88  0.0817331
84  215  0.0239837
85  213  0.0153264
85  214  0.0234033
86  212  0.0150471
86  215  0.0965628
87  192  0.0210613
87  214  0.103692
87  217  0.457196
88  191  0.0219665
88  216  0.60755
89  190  0.0217961
89  212  0.0304722
89  215  0.600564
90  213  0.0258196
90  214  0.404347
91  188  0.0213078
91  211  0.925109
92  187  0.0213289
92  210  0.928665
93  186  0.0144693
94  208  0.93048
95  207  0.938993
96  134  0.041744
96  206  0.936422
97  133  0.041933
97  204  0.936505
98  132  0.0430039
98  203  0.935183
99  131  0.0429992
99  202  0.934669
100  120  0.0328799
100  129  0.088789
100  136  0.0361046
100  148  0.0299304
100  191  0.0245731
101  128  0.088625
101  190  0.0220291
102  127  0.0869415
103  119  0.584335
103  126  0.0500491
104  118  0.910865
105  117  0.982631
106  116  0.982662
107  115  0.98334
108  114  0.978524
119  195  0.132571
120  193  0.0660193
120  194  0.166032
122  190  0.0633173
123  135  0.287575
123  189  0.0801424
123  190  0.0791308
123  191  0.0397022
123  199  0.0583437
124  132  0.216753
124  134  0.292071
124  189  0.101199
124  195  0.0356636
125  131  0.215161
125  133  0.291993
125  187  0.0823828
125  188  0.0986045
125  194  0.0366651
126  186  0.0807767
127  185  0.0681574
127  193  0.0121268
128  158  0.038827
128  192  0.0106632
128  194  0.0242368
129  157  0.0426017
129  185  0.0167698
129  193  0.0297997
130  156  0.0422688
130  190  0.0365159
131  189  0.0406891
131  191  0.110587
132  154  0.0405143
132  157  0.118667
132  188  0.0342118
133  153  0.0306861
133  156  0.125732
133  186  0.0150838
133  189  0.351381
133  195  0.0228719
134  155  0.121043
134  185  0.0150125
134  188  0.339872
134  194  0.0233415
135  154  0.115357
135  155  0.0258242
135  184  0.0135554
135  185  0.0114964
135  187  0.326263
135  188  0.0214845
135  193  0.0196447
136  154  0.0330533
136  157  0.0168106
136  184  0.0116132
136  185  0.0215707
136  187  0.0360908
137  153  0.0372865
137  156  0.0170338
137  186  0.0375613
138  147  0.904346
138  155  0.0166541
138  185  0.0347496
139  146  0.930201
139  184  0.0294281
140  145  0.945889
140  183  0.0277049
141  152  0.0137358
145  154  0.0292986
146  153  0.0309436
147  152  0.0298356
147  189  0.0118907
148  188  0.0120187
151  186  0.300578
151  195  0.0136792
152  185  0.3287
152  193  0.287336
152  194  0.0128938
153  184  0.328411
153  192  0.294443
154  183  0.331864
154  190  0.0123963
154  191  0.290948
155  162  0.0253773
155  181  0.350132
155  189  0.2427
155  190  0.0611232
156  161  0.0235441
156  180  0.350136
156  188  0.235367
157  179  0.35041
157  189  0.0496672
158  178  0.349191
158  186  0.224406
159  177  0.314961
159  185  0.154605
159  187  0.0278244
160  186  0.0300707
161  174  0.307864
162  173  0.330047
162  184  0.539018
163  172  0.326354
163  181  0.0126631
163  183  0.580244
164  180  0.0127005
164  182  0.580179
165  170  0.0194557
165  179  0.0126761
165  181  0.291708
166  178  0.0126109
166  181  0.320485
167  176  0.0176732
167  180  0.609081
168  175  0.0183196
168  179  0.60948
169  174  0.0138703
169  178  0.607906
170  177  0.582142
171  176  0.26818
176  190  0.0114223
177  189  0.0163738
178  188  0.0163795
179  187  0.016476
180  186  0.0163312
181  185  0.0118599
185  206  0.0224574
186  205  0.0228434
188  203  0.0239519
189  202  0.0239449
190  201  0.0212998
193  199  0.0464366
194  199  0.0274813
209  220  0.0125665
210  219  0.0127535
248  814  0.102625
249  814  0.60461
249  815  0.0127419
250  813  0.983581
251  812  0.992136
252  811  0.994979
253  810  0.994383
254  809  0.995176
255  808  0.994882
256  739  0.0174561
256  807  0.856448
257  738  0.0343429
258  736  0.402592
258  737  0.0245256
258  804  0.0131826
258  805  0.0272733
259  735  0.690757
260  734  0.689498
261  283  0.21434
261  388  0.0208336
261  733  0.675358
262  280  0.238295
262  282  0.291596
262  329  0.197226
262  338  0.0650938
262  344  0.0376453
262  387  0.021291
262  738  0.0146001
263  279  0.236801
263  281  0.291432
263  328  0.222567
263  337  0.0653124
263  343  0.0383271
263  386  0.0213547
263  737  0.0157935
264  280  0.304313
264  327  0.253431
264  336  0.0648978
264  342  0.0387083
264  385  0.0213791
265  326  0.253203
265  341  0.0387125
265  384  0.0213628
265  735  0.0179369
266  325  0.225705
266  334  0.0361385
266  340  0.0355671
266  383  0.0198544
266  734  0.0179124
267  276  0.884803
267  333  0.0364515
267  733  0.017598
268  275  0.908718
268  332  0.0345138
269  274  0.895592
273  330  0.0415269
273  335  0.0154706
274  282  0.0100886
274  329  0.054798
274  334  0.0188119
275  281  0.0100748
275  328  0.0554546
275  333  0.0189492
276  327  0.0560749
276  332  0.0209186
277  326  0.0560605
277  331  0.020837
278  325  0.052987
280  318  0.0927354
281  316  0.457066
281  317  0.0480225
281  334  0.0828084
281  379  0.0175828
282  315  0.506125
282  319  0.064652
282  333  0.0855367
282  378  0.0175837
283  314  0.507119
283  332  0.0896654
284  313  0.508239
284  317  0.151299
284  331  0.0895406
284  803  0.212169
285  312  0.507973
285  316  0.153074
285  329  0.0904915
285  802  0.212885
286  311  0.508326
286  315  0.153925
286  328  0.0905745
286  375  0.0180508
286  801  0.212853
287  310  0.49508
287  314  0.153617
287  327  0.0906265
287  374  0.0194488
287  800  0.140088
288  306  0.118177
288  313  0.153851
288  326  0.0906022
288  373  0.0194508
288  799  0.0529288
289  305  0.121427
289  312  0.152366
289  325  0.0874282
289  372  0.0190835
289  738  0.0861859
290  297  0.0390559
290  304  0.121675
290  308  0.370837
290  311  0.103785
290  323  0.0104951
290  371  0.0170978
290  737  0.0967141
290  797  0.0168681
291  296  0.0446851
291  303  0.117248
291  307  0.534319
291  322  0.0104206
291  323  0.0149832
291  370  0.0143613
291  736  0.0981418
292  306  0.54613
292  351  0.012536
292  735  0.0997695
292  793  0.0208416
293  301  0.120668
293  305  0.537075
293  321  0.0586942
293  350  0.0154136
293  734  0.0991717
293  792  0.0208465
294  300  0.112488
294  304  0.497963
294  320  0.0612246
294  349  0.0161157
294  733  0.0926691
294  791  0.0205712
295  348  0.0160471
295  790  0.0188688
296  301  0.042751
296  347  0.0150707
297  301  0.066375
298  317  0.104804
298  345  0.0176769
298  800  0.0671544
299  799  0.0698426
300  316  0.19647
300  344  0.0223109
300  798  0.0726446
301  315  0.0908354
301  343  0.0223528
301  797  0.0723204
302  314  0.0926446
302  342  0.0224058
302  796  0.0691417
303  313  0.200138
303  341  0.0224047
303  747  0.0307019
303  795  0.0541222
304  312  0.197704
304  340  0.0220356
304  746  0.0308454
304  794  0.0488892
305  311  0.162473
305  745  0.0309073
306  311  0.0122568
306  744  0.0309528
307  743  0.0303364
309  334  0.024991
310  333  0.0267151
311  332  0.0279549
311  738  0.02863
312  737  0.0307996
312  787  0.0121631
313  736  0.0308022
313  786  0.0122577
314  330  0.0368771
314  760  0.0200328
315  329  0.0476668
315  734  0.0207719
315  759  0.0298556
316  328  0.023943
316  733  0.0274529
316  758  0.0302463
317  328  0.357408
317  732  0.0132089
317  757  0.0301231
318  324  0.0184139
318  327  0.582008
319  326  0.579789
320  325  0.380815
329  732  0.546826
330  731  0.752782
331  730  0.772358
332  729  0.77261
333  728  0.772497
333  761  0.032531
334  760  0.0327149
335  727  0.762372
335  759  0.0328825
336  726  0.762745
336  732  0.0287236
336  758  0.0328803
337  725  0.761555
337  731  0.0288709
338  724  0.759179
338  730  0.0288958
338  757  0.0259738
339  729  0.0287261
339  756  0.0241623
340  755  0.0195833
341  733  0.0580526
342  726  0.0289287
342  732  0.114977
343  725  0.0288921
343  731  0.115522
344  724  0.0284741
344  730  0.115645
345  729  0.115607
347  641  0.792362
348  640  0.874366
349  639  0.950608
350  638  0.949487
351  370  0.010433
351  637  0.946552
352  369  0.0237359
352  636  0.946125
353  368  0.0254073
353  635  0.948607
354  367  0.0261877
354  634  0.948478
355  366  0.0263426
355  633  0.942165
355  805  0.0115382
356  365  0.0260016
356  632  0.77336
356  804  0.0120512
357  410  0.0874384
357  623  0.118962
357  630  0.427528
357  631  0.116343
357  803  0.0120952
358  409  0.0880178
358  622  0.130521
358  629  0.430848
358  630  0.218434
358  802  0.0120941
359  408  0.0819129
359  621  0.142488
359  628  0.436029
359  801  0.0117865
360  620  0.146085
360  627  0.353142
361  366  0.20369
361  619  0.147156
361  624  0.0140743
362  379  0.0118071
362  618  0.136914
362  622  0.0285806
362  626  0.0609635
362  629  0.0542853
362  798  0.0116527
363  378  0.0115188
363  406  0.0112045
363  617  0.127623
363  621  0.0286375
363  624  0.0222139
363  625  0.0580099
363  628  0.054458
363  797  0.0116768
364  405  0.0110839
364  620  0.0235775
364  623  0.0156604
364  627  0.0522991
365  623  0.180493
365  626  0.0423495
366  374  0.091604
366  419  0.0406198
366  426  0.0351272
366  622  0.186923
366  623  0.0307509
366  795  0.0114593
367  373  0.0887914
367  374  0.374556
367  418  0.0182946
367  425  0.0339978
367  426  0.0233748
367  622  0.035329
367  794  0.0114214
368  372  0.0338055
368  373  0.366891
368  417  0.019587
368  425  0.0197726
368  426  0.235976
368  793  0.0114374
369  416  0.0411425
369  425  0.227545
369  792  0.0108905
370  627  0.0238052
371  414  0.0550283
371  422  0.0226599
371  626  0.028743
372  413  0.0584904
372  625  0.030686
373  412  0.0603066
373  421  0.345027
373  624  0.0296458
374  411  0.060327
374  420  0.352365
375  410  0.058813
375  419  0.370322
375  622  0.016661
376  405  0.0248418
376  418  0.370059
377  404  0.0255229
377  405  0.0101952
377  417  0.368248
378  404  0.0119752
378  416  0.369574
378  620  0.204126
378  629  0.0774166
379  402  0.161198
379  415  0.369546
379  619  0.212391
379  624  0.0600149
379  628  0.0776149
380  401  0.163158
380  414  0.109504
380  618  0.176324
380  623  0.0599659
380  627  0.0623859
381  396  0.217105
381  400  0.163609
381  426  0.298895
381  622  0.0566909
381  626  0.0177405
382  399  0.162145
382  425  0.299884
382  626  0.0205612
383  394  0.465912
383  398  0.0817273
383  424  0.299435
383  625  0.0307576
384  393  0.500555
384  397  0.0588334
384  423  0.296473
384  624  0.0300857
385  392  0.50837
385  619  0.0112071
386  391  0.333976
386  425  0.0546599
387  424  0.0779173
389  422  0.39237
390  421  0.408892
390  805  0.0207237
391  420  0.408677
391  804  0.0208257
392  419  0.409888
392  803  0.0208614
393  418  0.409364
393  802  0.0206405
394  417  0.409422
395  416  0.409863
396  415  0.41032
397  800  0.0103934
398  414  0.636677
399  413  0.727797
400  412  0.770448
401  411  0.768528
402  410  0.74791
409  472  0.0424643
410  471  0.0437006
410  632  0.016505
411  470  0.0438559
411  631  0.0950164
412  469  0.0439837
412  630  0.10459
413  468  0.0439825
413  629  0.104714
414  467  0.0439495
414  628  0.103062
415  465  0.0421045
415  627  0.0524614
416  464  0.0439884
417  463  0.0439665
418  462  0.0439767
418  625  0.11122
419  461  0.0440438
419  624  0.116163
420  460  0.0440004
420  623  0.121451
420  630  0.0565588
421  459  0.0440772
421  622  0.123564
421  629  0.0658913
422  458  0.0440166
422  621  0.122922
422  628  0.0233147
423  457  0.0434464
423  620  0.102544
423  627  0.0268504
424  626  0.0709505
425  625  0.0714366
426  456  0.013485
426  619  0.0881389
426  624  0.0713279
427  618  0.0945456
427  623  0.0689318
428  454  0.0434894
428  616  0.907226
429  453  0.0440116
429  615  0.953213
430  452  0.0439989
430  614  0.950584
431  451  0.0438559
431  613  0.947062
433  611  0.175545
433  612  0.117389
434  611  0.117134
435  609  0.867344
435  610  0.0595957
436  449  0.0386784
436  608  0.954062
437  448  0.0386409
437  607  0.954082
438  446  0.0181893
438  447  0.0229817
438  606  0.94548
439  445  0.0159235
443  604  0.946006
444  603  0.946316
445  602  0.945116
446  601  0.940616
447  586  0.0236047
447  589  0.267469
448  583  0.255047
448  584  0.0197912
448  585  0.0330399
448  588  0.319052
448  594  0.100333
448  600  0.0500026
449  582  0.373105
449  584  0.0269583
449  587  0.326299
449  593  0.105003
449  599  0.0307494
450  581  0.373316
450  586  0.307691
450  592  0.104762
451  477  0.146348
451  478  0.0168598
451  585  0.220315
451  591  0.100564
452  476  0.148994
452  477  0.0418956
452  579  0.421992
452  584  0.194463
452  596  0.0251818
453  475  0.148903
453  578  0.625037
454  476  0.109136
454  477  0.0156366
454  577  0.64251
455  475  0.109581
455  576  0.642546
456  473  0.0287026
456  476  0.037389
456  575  0.642647
457  472  0.0286411
457  475  0.0375173
457  574  0.64265
458  473  0.275345
458  573  0.642324
459  471  0.0215397
459  472  0.275819
459  572  0.642336
460  471  0.112077
460  571  0.245499
461  469  0.0381537
461  470  0.102915
461  570  0.244816
462  468  0.0363019
462  469  0.265365
462  569  0.641521
463  568  0.629388
464  567  0.478167
465  520  0.0123456
465  565  0.142446
466  516  0.0220621
466  519  0.0117169
466  564  0.0708493
466  565  0.0240082
467  563  0.0514868
468  481  0.0324923
468  514  0.354348
468  526  0.160347
468  538  0.0178252
469  480  0.0326036
469  513  0.370469
469  525  0.161696
469  537  0.0181492
470  479  0.0141326
470  512  0.369981
470  524  0.161812
470  536  0.0180842
471  478  0.0123895
471  511  0.367301
471  523  0.162188
471  535  0.0179525
472  477  0.0298197
472  493  0.395882
472  521  0.179577
472  533  0.0109771
473  492  0.396573
473  520  0.179648
473  532  0.0172263
474  484  0.142024
474  491  0.396375
474  531  0.0165383
475  483  0.162002
475  490  0.396586
475  515  0.0315613
475  759  0.0237465
476  482  0.161813
476  489  0.394815
476  514  0.0316199
476  526  0.0188345
476  758  0.0246651
477  481  0.100275
477  487  0.0160063
477  513  0.0316182
477  525  0.0188851
477  757  0.0246752
478  487  0.322039
478  512  0.0312208
478  524  0.018873
478  586  0.166661
478  756  0.0169554
479  486  0.350744
479  488  0.0257183
479  511  0.0299652
479  523  0.0187925
479  585  0.350306
480  510  0.0184195
480  584  0.352348
481  486  0.0275839
481  491  0.016713
481  583  0.353122
482  490  0.0193241
482  521  0.0512819
482  582  0.355147
483  489  0.019107
483  520  0.0513614
483  581  0.35516
484  519  0.0484659
484  580  0.354794
485  579  0.354881
486  578  0.355168
487  515  0.205306
487  577  0.355161
488  514  0.205475
488  576  0.355155
489  575  0.353426
490  513  0.210953
490  574  0.341375
491  499  0.0137311
491  502  0.0131446
491  512  0.233933
491  516  0.0374649
492  498  0.0184636
492  501  0.0179989
492  511  0.240635
492  515  0.0480771
492  573  0.214656
493  514  0.0477618
493  572  0.213878
494  510  0.534999
494  567  0.013618
495  509  0.656959
495  566  0.0204751
496  508  0.659839
496  565  0.0207618
498  508  0.0243663
501  508  0.11592
503  533  0.0107359
504  532  0.011528
505  531  0.0113103
506  530  0.0110947
508  529  0.0136538
508  568  0.0168065
508  573  0.0128676
509  528  0.0141857
509  567  0.0248554
510  527  0.0147018
510  566  0.0289183
510  572  0.0228049
511  526  0.0147352
511  565  0.0292272
511  571  0.16266
512  570  0.163437
513  569  0.162654
513  573  0.0145225
514  521  0.27725
514  573  0.0255189
515  520  0.271983
515  571  0.0177858
515  572  0.0253474
516  570  0.0173286
518  568  0.0137406
519  567  0.0166554
520  567  0.015193
520  573  0.0525632
521  565  0.0608116
521  572  0.0525735
523  564  0.724135
523  571  0.0617775
524  563  0.730186
524  570  0.0618053
525  562  0.732601
525  569  0.0618221
526  561  0.731722
526  568  0.0614226
527  560  0.740824
527  567  0.0599945
528  550  0.0174795
528  559  0.740866
528  566  0.058324
529  549  0.0221946
529  558  0.735826
529  565  0.0566659
530  548  0.0236571
530  557  0.736665
530  564  0.0299881
531  547  0.0242146
531  556  0.734497
532  546  0.0243587
532  555  0.716087
532  562  0.0352282
532  567  0.0459761
533  545  0.0239816
533  558  0.0462443
533  566  0.0875581
534  557  0.0604093
534  565  0.0954167
535  543  0.0286982
535  553  0.683234
535  556  0.0616902
535  559  0.0137712
535  564  0.101083
535  565  0.0103813
536  541  0.0147337
536  542  0.0296449
536  552  0.677668
536  555  0.0526039
536  563  0.0996822
537  541  0.02441
537  554  0.0369562
537  555  0.0203023
537  562  0.0996509
537  563  0.0105558
538  544  0.0167232
538  554  0.0310145
538  561  0.0961628
538  562  0.0114037
539  543  0.0137224
539  553  0.0392115
539  559  0.0114015
540  554  0.0133905
540  560  0.105988
541  553  0.014505
541  559  0.106814
542  548  0.0113308
542  549  0.010357
542  553  0.0396775
542  558  0.101002
543  552  0.0899486
544  551  0.0753669
545  554  0.0272365
546  553  0.0254276
550  561  0.0122744
551  560  0.0164853
552  559  0.0172325
578  587  0.0139805
579  586  0.0143331
580  585  0.0189838
586  599  0.0245518
587  598  0.0294435
587  750  0.0154002
588  749  0.0152791
590  599  0.410047
591  598  0.489669
591  744  0.0377348
592  597  0.30384
592  599  0.162736
592  743  0.0393601
593  598  0.192148
593  742  0.0393554
594  741  0.0294802
595  740  0.0195778
595  741  0.0111723
596  740  0.0210125
597  739  0.0308296
598  738  0.0407577
599  737  0.0408618
600  736  0.0409221
601  735  0.0409125
602  734  0.040888
604  732  0.0396303
605  731  0.0395651
606  730  0.0394488
608  728  0.0360348
609  727  0.0336187
613  630  0.0434248
614  629  0.0439226
615  628  0.0439661
616  627  0.043883
617  626  0.0439872
618  625  0.0413693
624  630  0.0228908
638  725  0.0259838
639  724  0.0280535
640  723  0.0300615
643  718  0.987
644  717  0.998268
645  716  0.998013
646  715  0.998325
647  714  0.997283
648  713  0.99632
649  712  0.994128
650  657  0.0523386
651  656  0.0894816
651  664  0.0433018
651  665  0.066156
651  695  0.0133562
651  711  0.0135369
652  664  0.0711827
652  694  0.0133679
653  661  0.485443
653  666  0.149001
653  693  0.0133392
654  660  0.460989
654  665  0.258214
655  664  0.271326
656  661  0.034288
657  664  0.0257481
666  711  0.827137
667  710  0.928815
667  711  0.0244353
668  709  0.98078
669  708  0.981156
670  707  0.968727
672  705  0.960311
673  704  0.980253
674  703  0.975235
675  702  0.925936
678  699  0.676666
679  698  0.679919
680  697  0.681605
680  701  0.0263657
681  688  0.228614
681  696  0.682345
681  700  0.0267541
682  687  0.266333
682  695  0.656114
682  699  0.025822
686  697  0.0267759
687  693  0.0902868
687  696  0.0269709
688  692  0.0571711
688  694  0.0274908
688  695  0.0260893
689  693  0.010655
689  701  0.25775
690  700  0.273899
691  699  0.274027
692  698  0.272666
696  711  0.0139791
697  710  0.0139957
698  709  0.0140011
700  708  0.0138623
701  707  0.0130346
721  731  0.0191433
722  730  0.0251416
723  729  0.0250638
724  728  0.0156764
734  749  0.0731269
735  748  0.0784445
736  747  0.0807439
737  746  0.0804261
738  745  0.074712
741  799  0.0220503
742  798  0.0474607
742  802  0.0144566
743  797  0.0475086
743  801  0.0146899
743  804  0.567685
744  796  0.0469578
744  799  0.023795
744  800  0.0151606
744  803  0.707716
745  795  0.042613
745  798  0.0620343
745  802  0.708026
746  797  0.062057
746  801  0.0323054
747  801  0.677796
748  793  0.0335593
748  795  0.113046
748  800  0.714336
749  792  0.0335097
749  794  0.116147
749  799  0.713882
750  793  0.117069
750  798  0.709228
751  792  0.112036
751  796  0.0157784
752  796  0.0632924
753  790  0.0122583
754  796  0.0679374
756  785  0.153204
756  794  0.539516
757  784  0.158603
757  793  0.584792
758  783  0.158549
758  792  0.583754
759  782  0.153581
759  791  0.580571
760  770  0.0399892
760  781  0.0984789
760  790  0.532215
761  766  0.108648
761  768  0.0790929
761  769  0.0595225
762  767  0.06272
762  768  0.0510419
762  788  0.0603455
762  789  0.0175471
765  785  0.014478
766  784  0.0114696
766  785  0.0156362
767  785  0.72926
768  784  0.82631
769  783  0.827712
770  782  0.827269
771  780  0.960962
771  781  0.0382386
772  779  0.980476
772  780  0.0193415
773  778  0.999377
786  793  0.0527537
786  795  0.0718884
787  792  0.034753
787  794  0.06015
835  964  0.0302273
836  963  0.0751149
837  962  0.0791361
838  961  0.0791546
839  960  0.0766195
840  959  0.0391436
841  958  0.0379606
841  959  0.0373828
842  958  0.0378264
843  937  0.0505642
843  957  0.0115612
844  861  0.0124818
844  936  0.0506561
845  860  0.0145432
845  935  0.0512214
845  987  0.0889505
846  859  0.0145305
846  934  0.051167
846  986  0.0890576
847  881  0.0367208
847  963  0.013257
847  965  0.0783054
847  985  0.0886563
848  857  0.0141064
848  880  0.0423278
848  963  0.0262788
849  856  0.0138504
849  861  0.0177781
849  879  0.0434834
849  961  0.709028
849  962  0.0135787
850  860  0.0188777
850  878  0.043346
850  960  0.744659
850  981  0.15705
851  859  0.0188574
851  877  0.0433011
851  959  0.744676
851  980  0.157285
852  858  0.0169412
852  958  0.741062
852  979  0.157214
853  957  0.724228
853  978  0.157302
854  977  0.157131
857  871  0.0155403
857  955  0.737335
857  974  0.153857
858  870  0.0162059
858  954  0.755542
858  973  0.155077
859  868  0.0357409
859  953  0.758347
859  972  0.154874
860  867  0.0389231
860  952  0.758288
860  970  0.157939
861  951  0.707647
861  969  0.158442
862  950  0.676274
862  951  0.0445324
862  968  0.158062
863  949  0.626169
863  950  0.0712002
863  967  0.154284
864  948  0.459435
864  949  0.0977213
865  948  0.11829
866  948  0.0102825
867  946  0.668014
867  965  0.162255
868  945  0.524289
868  964  0.162287
869  963  0.162174
870  943  0.610192
870  962  0.15805
872  951  0.0471322
873  950  0.0563279
874  949  0.0587491
875  948  0.0597931
876  938  0.783638
876  947  0.0604693
877  935  0.0106299
877  937  0.858983
877  946  0.060471
878  934  0.0106575
878  936  0.859154
878  945  0.0604265
879  935  0.852774
880  934  0.794733
881  933  0.722429
882  928  0.820935
882  932  0.123233
883  927  0.974278
884  926  0.975758
885  925  0.923286
888  921  0.993041
889  920  0.993395
890  919  0.991665
891  918  0.993344
892  917  0.990648
893  916  0.971078
895  911  0.0152206
895  914  0.853883
895  915  0.038017
896  910  0.0165149
896  913  0.827639
896  914  0.0324841
897  909  0.0185679
898  908  0.0121783
898  911  0.0218486
898  912  0.783454
899  908  0.151561
899  911  0.801209
900  907  0.163472
900  910  0.811406
901  906  0.101429
901  909  0.706531
902  907  0.170806
903  907  0.0893398
929  934  0.110124
936  960  0.0100231
937  959  0.0100197
944  954  0.126091
945  953  0.140503
946  952  0.139964
947  951  0.0532837
951  961  0.0202586
952  960  0.07936
953  959  0.0777296
954  958  0.0295905
977  990  0.69945
978  989  0.837634
979  988  0.839062
980  987  0.839753
981  986  0.820136
