1  13  0.151385
2  12  0.394363
2  120  0.0486552
3  11  0.462994
3  23  0.0123349
3  119  0.10135
3  229  0.0117183
3  243  0.360042
4  10  0.458835
4  22  0.0148061
4  118  0.10137
4  228  0.0117284
4  242  0.360914
5  9  0.333145
5  21  0.0154007
5  117  0.101315
5  227  0.0116825
5  241  0.360272
6  20  0.0151199
6  116  0.0781702
7  233  0.0154054
8  64  0.0112864
8  114  0.0320802
8  232  0.0170677
8  237  0.0332273
9  63  0.0121068
9  113  0.0314624
9  231  0.0172098
10  17  0.0587694
10  230  0.0127937
10  235  0.100717
10  236  0.145191
10  239  0.0210019
11  16  0.0603593
11  21  0.022463
11  234  0.123145
11  235  0.143909
11  238  0.0213836
12  20  0.0230606
12  60  0.014071
12  233  0.109052
13  19  0.0221425
13  26  0.0103113
13  59  0.0144375
13  181  0.174541
13  232  0.0511859
13  246  0.194806
14  25  0.0113802
14  58  0.0144568
14  180  0.203657
14  245  0.356188
15  24  0.0116516
15  57  0.0140019
15  179  0.211423
15  244  0.383564
16  23  0.0116034
16  56  0.0113844
16  113  0.0689678
16  119  0.0546727
16  178  0.213172
16  243  0.388185
17  112  0.0629958
17  118  0.05454
17  177  0.201891
17  242  0.369651
18  32  0.0135208
18  112  0.0332035
18  116  0.0979577
19  31  0.0150952
19  111  0.0469651
19  115  0.109796
19  121  0.201188
20  30  0.014392
20  39  0.0244465
20  54  0.0269784
20  109  0.253094
20  110  0.0244397
20  114  0.108754
20  120  0.201209
20  239  0.0972008
21  38  0.0316976
21  53  0.0369812
21  108  0.316814
21  113  0.106824
21  119  0.200451
22  36  0.0154406
22  37  0.0276774
22  52  0.0317201
22  107  0.315054
22  117  0.0276248
22  237  0.0931691
23  35  0.0217464
23  36  0.0231142
23  51  0.0318362
23  106  0.309836
23  110  0.0821323
23  236  0.0915816
24  34  0.0254369
24  35  0.017922
24  50  0.0375564
24  105  0.294447
24  109  0.0964135
24  114  0.241381
24  235  0.0796848
25  49  0.0378281
25  108  0.0974516
25  113  0.287309
26  32  0.0303053
26  112  0.287942
26  233  0.036944
27  31  0.024386
27  111  0.286772
27  231  0.0102353
30  44  0.255685
30  228  0.011014
31  43  0.27558
31  48  0.0711324
31  51  0.0129263
31  100  0.181034
31  227  0.0112377
32  39  0.221064
32  42  0.242397
32  47  0.0724619
32  50  0.0129274
32  99  0.178363
33  38  0.30466
33  46  0.0728043
33  49  0.0125672
34  38  0.0103111
36  95  0.199311
37  44  0.106314
37  94  0.202349
37  231  0.0243451
38  43  0.10744
38  93  0.202252
38  230  0.0243533
43  76  0.0267234
44  75  0.0189262
44  77  0.0126081
45  74  0.0105556
46  72  0.0101662
46  75  0.193523
46  96  0.550353
46  225  0.0115212
47  71  0.0101584
47  74  0.199449
47  95  0.553339
47  224  0.0116018
48  70  0.0101335
48  73  0.206459
48  94  0.554135
48  214  0.0236376
48  223  0.0116233
49  72  0.206987
49  93  0.552614
49  213  0.0236547
49  222  0.0116233
49  234  0.0301111
49  245  0.050432
50  71  0.20694
50  212  0.0236531
50  221  0.0116071
50  233  0.0301456
50  244  0.0510382
51  70  0.204596
51  211  0.0236657
51  243  0.0511739
52  68  0.159735
52  69  0.0417423
52  76  0.0470242
52  210  0.0236479
52  231  0.0749544
52  242  0.0510696
53  75  0.047185
53  88  0.49674
53  209  0.0236634
53  230  0.0751176
53  241  0.0510237
54  66  0.218438
54  70  0.0150411
54  74  0.0467237
54  87  0.498482
54  208  0.0223901
54  229  0.0750723
55  65  0.216642
55  69  0.0153548
55  73  0.0466664
55  86  0.498142
55  228  0.0740911
56  64  0.14271
56  72  0.0410995
56  85  0.494971
56  89  0.0187602
56  227  0.0702537
57  64  0.0811105
57  67  0.0779876
57  84  0.482234
57  88  0.0212156
57  226  0.0555642
58  62  0.0133756
58  63  0.145788
58  66  0.102996
58  70  0.0265108
58  87  0.0228541
59  65  0.0938751
59  69  0.0211744
59  86  0.0227144
60  64  0.0545397
60  83  0.0131613
60  85  0.0175017
62  82  0.518487
63  81  0.519815
64  80  0.519018
65  79  0.507153
66  78  0.4991
68  75  0.141072
68  240  0.0751598
69  79  0.0134805
69  185  0.0696108
69  193  0.0130565
69  239  0.0753745
70  75  0.0761698
70  78  0.0168817
70  184  0.0753514
70  192  0.0137223
70  204  0.0100278
70  238  0.0753776
71  77  0.0217682
71  183  0.0744374
71  191  0.0137312
71  203  0.0101224
71  237  0.0727752
72  76  0.0172827
72  190  0.0137431
72  202  0.0101339
73  189  0.0137165
74  188  0.0136099
74  232  0.062489
75  187  0.0134345
75  231  0.0652963
76  180  0.138559
76  230  0.0630499
77  179  0.19424
78  87  0.263123
78  178  0.202328
79  86  0.263374
79  177  0.202234
80  85  0.262857
80  176  0.202123
81  175  0.202017
82  174  0.200952
86  125  0.04372
87  120  0.0635817
87  124  0.0460023
88  119  0.0776278
89  118  0.0741522
91  113  0.15778
92  112  0.158156
92  116  0.0219926
93  111  0.156801
93  115  0.0233597
94  123  0.0110383
95  109  0.141534
95  114  0.0266559
95  122  0.0111082
96  108  0.138901
96  113  0.0272851
96  121  0.0111049
97  112  0.0225366
111  240  0.218177
112  239  0.219291
113  238  0.218515
115  123  0.102673
115  204  0.012844
115  235  0.178636
116  122  0.10221
116  203  0.0128946
116  232  0.0140587
116  234  0.0987933
117  121  0.0804824
117  202  0.0129148
117  231  0.0172244
117  233  0.0987516
118  201  0.0127456
118  230  0.0132637
118  232  0.179736
119  200  0.0121722
120  198  0.0104115
120  228  0.0120162
120  231  0.271248
121  197  0.0108463
121  227  0.017188
121  230  0.271227
121  245  0.124546
122  244  0.125603
123  175  0.555887
123  243  0.124635
124  174  0.55645
124  242  0.0851761
127  171  0.98399
128  170  0.984284
129  169  0.984538
130  168  0.982023
134  165  0.97068
135  164  0.987432
136  163  0.99435
137  162  0.994422
138  160  0.994944
139  159  0.994943
140  158  0.993671
141  157  0.991541
142  156  0.990671
144  152  0.0561381
144  155  0.877612
145  151  0.0597113
145  154  0.875341
174  235  0.203898
174  241  0.0125967
175  234  0.205127
175  240  0.0126422
176  233  0.204431
177  185  0.0179332
177  193  0.0103568
177  232  0.179736
177  236  0.0264794
177  239  0.0105167
178  184  0.0188834
178  192  0.0109303
178  235  0.0279518
178  238  0.0105949
179  191  0.0109139
179  230  0.173764
179  232  0.0166223
179  234  0.0261721
179  237  0.0101951
180  190  0.0106989
180  229  0.228699
180  231  0.0250878
180  233  0.0128043
181  228  0.223192
184  228  0.0198693
184  229  0.507517
185  228  0.497855
187  200  0.0127612
187  225  0.952064
188  199  0.0133709
188  224  0.957043
189  198  0.0135277
189  223  0.958271
190  197  0.0133086
190  222  0.958273
191  221  0.957187
192  220  0.949128
196  219  0.958548
197  218  0.963794
198  217  0.962724
199  216  0.631926
201  214  0.963432
202  213  0.965537
203  212  0.96375
204  211  0.952906
205  210  0.625112
216  229  0.0288861
217  228  0.0290187
218  227  0.0290793
219  226  0.0290772
220  225  0.0282817
234  244  0.0103811
235  243  0.0114175
