1  773  0.572944
1  889  0.119049
2  772  0.714093
2  878  0.0221468
2  888  0.146146
3  771  0.764678
3  877  0.0367563
3  887  0.151135
4  876  0.0367259
4  886  0.150321
5  770  0.810664
5  875  0.0366772
5  885  0.142877
6  769  0.810779
6  874  0.0366556
6  884  0.142799
7  873  0.0305459
7  883  0.109131
8  872  0.019677
9  766  0.41905
11  764  0.85794
12  763  0.950083
13  762  0.955301
15  760  0.989813
16  759  0.998437
17  758  0.998479
18  757  0.998517
19  756  0.996444
20  755  0.997443
21  754  0.998531
22  753  0.998433
23  752  0.967929
24  747  0.783232
24  751  0.211495
25  746  0.990213
26  745  0.992391
27  744  0.992384
28  743  0.987313
29  47  0.0471413
30  741  0.0254906
30  742  0.0113285
31  45  0.95722
32  44  0.961709
34  42  0.98198
35  41  0.975669
36  40  0.766935
46  739  0.0266198
47  739  0.479815
48  638  0.0114989
48  738  0.975829
49  637  0.0116972
49  737  0.976388
50  636  0.0116981
50  736  0.976248
51  635  0.0116636
51  735  0.961822
52  634  0.0116103
53  633  0.0115072
53  732  0.0210412
54  632  0.0100646
54  732  0.0646871
55  729  0.943487
56  630  0.0111979
56  728  0.973005
57  629  0.0113384
57  727  0.974813
58  628  0.0113239
58  726  0.974833
59  725  0.924968
60  92  0.161767
60  513  0.029753
60  724  0.75554
61  91  0.169663
61  92  0.0824737
61  288  0.52438
61  511  0.014116
61  695  0.0113871
61  723  0.0779662
62  90  0.169858
62  91  0.082786
62  287  0.544492
62  511  0.0438949
62  694  0.0114016
63  89  0.107049
63  90  0.0823786
63  286  0.550417
64  285  0.550202
64  507  0.169305
65  87  0.22759
65  88  0.0196302
65  89  0.0105843
65  506  0.171508
66  77  0.0573755
66  81  0.0249822
66  86  0.279626
66  87  0.0192614
66  88  0.0102646
66  90  0.231355
66  505  0.172178
67  76  0.0560013
67  80  0.0214146
67  85  0.285867
67  86  0.016247
67  89  0.23237
67  504  0.172084
68  83  0.0182363
68  84  0.282877
68  503  0.171714
69  82  0.0204688
69  83  0.246262
69  502  0.171693
70  80  0.232748
70  86  0.23321
70  501  0.170796
71  79  0.369045
71  85  0.236551
71  500  0.168089
72  78  0.378773
72  82  0.0422126
72  84  0.23299
72  498  0.108488
73  77  0.234888
73  81  0.0448403
73  497  0.0913969
73  499  0.045693
74  83  0.0193781
74  498  0.0429905
75  82  0.0164831
75  84  0.0235541
75  494  0.15091
76  83  0.0990241
76  493  0.163958
77  82  0.113612
77  492  0.169974
78  284  0.0242973
78  491  0.174557
79  283  0.0200188
79  490  0.174254
80  489  0.028949
82  284  0.0151148
82  487  0.17437
83  486  0.173762
84  284  0.0791405
84  485  0.171579
85  283  0.0704312
85  484  0.143732
86  282  0.0186598
86  481  0.0152687
86  482  0.0147691
87  480  0.0166186
87  481  0.0147185
87  482  0.0664939
88  479  0.016183
88  480  0.0148811
88  481  0.0677355
89  478  0.0132435
89  479  0.0122806
89  480  0.0553031
91  451  0.163372
92  450  0.169959
93  257  0.803931
93  449  0.170492
94  256  0.804318
94  448  0.170498
95  255  0.804332
95  447  0.170484
96  254  0.804356
96  446  0.169934
97  253  0.801879
97  445  0.169823
98  115  0.0384799
98  247  0.126936
98  248  0.0357603
99  114  0.0327129
99  249  0.0158698
99  251  0.0295539
100  246  0.681564
101  112  0.259549
101  245  0.734355
102  111  0.260517
102  244  0.734854
103  110  0.242372
103  243  0.734486
104  242  0.734883
105  241  0.734061
106  240  0.727426
109  134  0.49088
110  133  0.677426
111  132  0.730113
112  131  0.730161
113  130  0.727132
114  124  0.0394601
114  129  0.685506
115  123  0.134053
115  125  0.0186773
115  249  0.221562
116  122  0.132905
116  124  0.0169834
116  248  0.257128
117  121  0.104544
117  247  0.262438
118  124  0.0127386
118  246  0.262384
119  125  0.0171057
119  126  0.446315
119  245  0.261139
120  125  0.373678
120  126  0.0452903
120  244  0.258742
121  125  0.0283295
122  241  0.0244052
123  134  0.127727
123  240  0.0260947
123  242  0.0669238
124  133  0.176487
124  239  0.016661
124  241  0.0592006
125  132  0.232971
125  240  0.0344597
126  131  0.231626
126  135  0.015921
127  134  0.012578
135  239  0.778246
136  238  0.993534
137  237  0.993234
138  236  0.992966
139  235  0.992477
140  147  0.901567
140  228  0.0606893
141  146  0.855524
141  227  0.0609984
142  226  0.0609944
143  225  0.0551195
143  233  0.0237096
144  224  0.0453948
144  232  0.0269749
145  222  0.0127442
145  231  0.0267524
146  185  0.0144433
146  230  0.0202517
147  184  0.0144532
149  183  0.0219942
149  216  0.0117601
149  228  0.932599
150  182  0.0220053
150  227  0.933128
151  181  0.0219856
151  215  0.0179212
151  226  0.932784
152  214  0.0234346
152  225  0.822709
153  170  0.016677
153  176  0.0346603
153  177  0.0221266
153  213  0.0238407
153  222  0.0184995
154  165  0.0298347
154  169  0.0162189
154  219  0.0185295
154  221  0.0218362
154  222  0.0236578
155  164  0.0349261
155  218  0.0158722
155  221  0.0291996
155  222  0.0949028
156  163  0.0362912
156  167  0.0151586
156  173  0.419443
156  221  0.0657724
157  162  0.0337684
157  166  0.0148177
157  172  0.488832
157  194  0.162789
158  171  0.621893
158  193  0.277046
159  170  0.627213
159  192  0.282304
160  169  0.576336
161  190  0.285494
162  167  0.0400361
162  189  0.291309
163  188  0.291019
164  187  0.290774
165  186  0.290662
165  217  0.0122307
166  185  0.291176
166  216  0.0221424
167  184  0.197128
167  215  0.0214263
169  182  0.135201
170  181  0.284982
171  176  0.0875129
171  180  0.185168
172  213  0.207147
173  212  0.238525
174  211  0.388919
174  213  0.0197134
176  210  0.311025
177  210  0.0245005
178  208  0.624458
179  207  0.673106
180  206  0.67673
181  205  0.68226
182  204  0.682283
183  202  0.681995
184  201  0.682133
185  200  0.6821
186  199  0.668743
189  196  0.0843689
189  198  0.53958
190  197  0.577337
191  196  0.553463
194  211  0.0979703
194  216  0.0439465
195  210  0.101351
195  215  0.0456722
196  209  0.101912
196  213  0.0150696
198  207  0.0777211
198  211  0.0432413
198  213  0.0770513
198  216  0.0369186
199  206  0.102383
199  210  0.0432647
199  215  0.036816
200  205  0.0830881
200  209  0.041514
200  211  0.162174
201  210  0.16295
202  209  0.153323
210  216  0.0613768
211  215  0.0498464
249  444  0.161984
250  443  0.162649
251  442  0.149272
253  288  0.0367769
253  352  0.0916943
254  289  0.0110827
254  351  0.0917446
255  287  0.0771718
255  350  0.0915784
256  286  0.0811451
256  349  0.0917401
257  285  0.0848355
257  348  0.0916553
259  346  0.0702444
260  282  0.827988
260  345  0.0702363
261  281  0.917204
261  344  0.0697399
262  280  0.917302
262  343  0.069737
263  279  0.91643
264  278  0.916567
265  277  0.913052
267  274  0.0153427
268  275  0.0111277
271  309  0.0501777
272  308  0.0692535
273  307  0.0692641
274  306  0.0685767
276  304  0.0676554
277  303  0.0677237
279  301  0.0686978
280  300  0.0692738
281  299  0.0692731
282  298  0.0691557
285  295  0.0670447
285  347  0.0214257
285  723  0.013411
285  724  0.0903962
286  294  0.0666408
286  346  0.0211379
286  722  0.0113289
287  292  0.0230436
287  345  0.0208138
287  722  0.250434
288  343  0.013246
288  721  0.275752
289  342  0.0129705
289  435  0.011058
289  720  0.456232
290  341  0.0119487
290  434  0.0100241
291  436  0.0655445
291  718  0.799869
292  435  0.0682428
292  717  0.815075
293  434  0.0641499
293  716  0.814088
294  312  0.0118809
294  357  0.084873
294  715  0.81379
295  311  0.0117863
295  356  0.0849302
295  714  0.812469
296  309  0.0122147
296  355  0.0390065
296  710  0.57807
296  712  0.0216574
297  308  0.0128653
297  354  0.0390931
297  709  0.696385
298  307  0.0128406
298  353  0.0848231
298  708  0.696642
299  308  0.0129032
299  352  0.0843541
299  707  0.694877
299  709  0.118511
300  307  0.0129209
300  351  0.0842928
300  705  0.0244926
300  706  0.608218
300  708  0.118845
301  350  0.0792422
301  704  0.0485955
302  346  0.0623927
302  702  0.423534
302  705  0.0182394
302  706  0.182003
303  345  0.0626722
303  701  0.424626
303  705  0.254858
304  344  0.0623103
304  700  0.405209
304  704  0.263674
305  343  0.0545442
305  699  0.331797
305  703  0.241867
306  689  0.0949053
306  699  0.0154844
306  702  0.236588
306  703  0.0283721
307  688  0.513108
307  698  0.0278752
308  687  0.513889
308  697  0.0277322
308  701  0.253381
309  686  0.514335
309  690  0.0212313
309  700  0.253485
310  685  0.514504
310  689  0.0231232
310  699  0.253693
311  336  0.123527
311  337  0.020694
311  684  0.455895
311  688  0.0238026
311  698  0.252992
312  335  0.179138
312  687  0.0237896
312  697  0.229506
313  318  0.0608268
313  334  0.770196
314  333  0.761359
316  331  0.745135
317  330  0.801691
318  329  0.802901
318  697  0.0327709
319  328  0.801453
319  696  0.148949
320  327  0.794392
320  695  0.191323
321  694  0.191654
322  693  0.191485
323  692  0.190727
324  691  0.190505
325  690  0.129862
326  686  0.0103028
326  690  0.0577928
327  685  0.0120819
327  689  0.115413
328  684  0.011818
328  688  0.0806024
329  686  0.0316811
329  688  0.088473
330  687  0.122861
331  686  0.121057
332  683  0.0498654
332  685  0.108033
333  682  0.0649922
335  347  0.0164967
335  680  0.771478
336  346  0.0165478
336  679  0.803895
337  345  0.0183793
337  678  0.810132
338  344  0.0173931
338  677  0.809469
339  343  0.0101046
339  676  0.809083
340  675  0.809062
341  674  0.80951
342  673  0.809278
343  487  0.0276503
343  513  0.146368
343  655  0.246455
344  488  0.0472484
344  512  0.145783
344  654  0.228548
344  656  0.127385
345  452  0.030976
345  486  0.0737724
345  487  0.0612728
345  511  0.1335
345  655  0.156989
346  454  0.0298566
346  485  0.243433
346  513  0.0432342
347  450  0.43573
347  453  0.030651
347  484  0.244526
347  512  0.0433097
348  449  0.461791
348  452  0.0331121
348  483  0.243525
348  511  0.0362666
349  448  0.461823
349  451  0.0331133
349  482  0.243482
349  493  0.0164648
350  447  0.211948
350  450  0.0327659
350  455  0.0140186
350  481  0.207857
350  492  0.0189895
351  446  0.21296
351  449  0.0329868
351  452  0.0440317
351  454  0.0434879
351  491  0.0435562
352  445  0.461916
352  448  0.0299287
352  450  0.0745757
352  451  0.0225974
352  453  0.044513
352  490  0.0440544
353  438  0.0739688
353  444  0.445788
353  449  0.0987284
353  452  0.0514009
354  437  0.0933453
354  439  0.0137212
354  448  0.0961096
354  451  0.0504828
354  477  0.0163612
354  488  0.0442591
355  435  0.0200004
355  438  0.0120704
355  441  0.0196237
355  442  0.0782505
355  443  0.0496518
355  476  0.0111091
355  487  0.0438305
356  434  0.019526
356  435  0.169309
356  441  0.273148
356  442  0.0232398
356  446  0.0974514
356  449  0.051248
356  476  0.0671137
356  485  0.0503785
357  436  0.315992
357  445  0.100108
357  448  0.0510807
357  475  0.0718197
357  484  0.0509259
358  433  0.326345
358  435  0.313774
358  444  0.0721952
358  483  0.047907
359  432  0.534591
359  434  0.243173
360  431  0.792547
361  430  0.822481
362  429  0.822506
362  453  0.0431795
363  428  0.822281
363  452  0.148032
364  427  0.820676
364  451  0.148114
365  408  0.517301
365  426  0.299087
365  450  0.148132
366  407  0.765389
366  425  0.0597175
366  449  0.148684
367  406  0.776789
367  424  0.0567508
367  448  0.148649
368  405  0.785364
368  447  0.148216
369  403  0.0665552
369  404  0.767324
369  446  0.141341
370  402  0.067237
370  403  0.76853
370  444  0.132612
371  402  0.765282
371  443  0.13258
372  442  0.117979
373  399  0.748432
373  442  0.013363
374  398  0.755822
374  440  0.0152884
374  441  0.0212157
375  384  0.106556
375  400  0.0408437
375  439  0.0225154
376  383  0.158536
376  396  0.391907
376  399  0.0474103
377  382  0.156263
377  395  0.768845
377  398  0.048323
378  394  0.767391
379  393  0.679541
379  397  0.0516865
380  393  0.0171232
380  396  0.05305
381  391  0.474907
381  395  0.0536354
382  390  0.324522
382  394  0.0526485
383  390  0.492527
384  389  0.756021
384  399  0.01176
385  398  0.0151134
385  435  0.146262
386  397  0.0149265
386  434  0.146205
387  396  0.0137358
387  433  0.144946
388  432  0.139459
389  429  0.0129613
389  431  0.129609
390  428  0.0162419
391  427  0.0156554
391  429  0.105069
393  426  0.118076
394  425  0.13413
395  424  0.138431
396  423  0.138526
397  422  0.139343
398  421  0.139389
399  417  0.0268445
399  420  0.109451
400  416  0.0989629
401  415  0.12104
402  414  0.121643
404  411  0.117724
405  410  0.182651
407  417  0.0145444
408  416  0.0227242
409  415  0.0232145
409  425  0.0387405
409  454  0.011034
410  414  0.0169287
410  424  0.0406586
410  426  0.513262
410  453  0.0134625
411  425  0.66006
411  452  0.0146714
412  421  0.0887607
412  424  0.664432
412  451  0.0146726
413  420  0.0866768
413  423  0.638736
413  450  0.0146591
414  449  0.014759
415  421  0.0484059
415  422  0.0420571
415  448  0.0134392
416  420  0.0158703
416  421  0.0362971
416  447  0.0131165
417  446  0.0137434
426  444  0.0127534
427  443  0.0127834
429  442  0.0145725
430  441  0.016246
431  440  0.0162248
432  439  0.015673
435  445  0.0194077
436  441  0.0775869
436  443  0.115535
436  444  0.0274965
437  442  0.0769253
441  447  0.0128078
451  476  0.0303886
451  513  0.418665
452  475  0.0304906
452  512  0.419051
453  476  0.324165
453  511  0.420219
454  475  0.255783
454  510  0.390821
456  473  0.78317
456  508  0.0118749
457  472  0.963688
458  471  0.974017
459  470  0.973991
460  469  0.963138
463  468  0.0197015
473  501  0.163402
474  500  0.382085
475  483  0.0166592
475  499  0.471266
476  482  0.0165064
476  498  0.471378
477  497  0.463863
478  496  0.447555
479  495  0.394186
479  496  0.0110201
480  495  0.0156251
482  491  0.0493043
482  513  0.0161013
483  490  0.0486245
483  492  0.416704
483  512  0.0161081
484  491  0.425607
484  511  0.0151174
485  490  0.419524
486  508  0.0234472
487  507  0.0256354
488  506  0.0252574
489  505  0.0240585
489  511  0.0139904
489  672  0.120459
490  499  0.0138006
490  504  0.0167476
490  671  0.121175
491  498  0.0137646
491  507  0.124021
491  670  0.121172
492  506  0.154247
492  669  0.105393
493  501  0.0114678
493  505  0.162643
493  668  0.105788
494  500  0.0107511
494  504  0.16331
494  667  0.120915
495  503  0.162369
495  666  0.120332
496  502  0.153032
496  665  0.117248
497  664  0.117444
499  663  0.120451
500  662  0.12021
501  661  0.118968
504  658  0.111348
505  657  0.119846
506  656  0.119817
507  655  0.118697
510  690  0.0284737
511  689  0.0306177
511  721  0.0357367
512  688  0.0316033
512  720  0.0359088
513  687  0.0315855
513  718  0.0201216
514  651  0.822726
514  686  0.0109173
515  650  0.908957
516  649  0.931244
517  648  0.940186
518  646  0.493276
518  647  0.469707
519  645  0.967799
520  644  0.972305
521  643  0.972592
522  642  0.971241
523  539  0.0107393
523  641  0.972753
524  538  0.0107407
524  640  0.973317
525  536  0.0112267
525  639  0.973248
526  535  0.0221155
526  638  0.957496
527  534  0.0209317
527  637  0.935753
528  635  0.0413434
529  537  0.0958996
529  539  0.13441
529  606  0.277989
529  634  0.0225543
530  536  0.0928395
530  538  0.13298
530  605  0.277448
530  629  0.0351396
531  536  0.0881766
531  604  0.224291
531  610  0.0161871
531  628  0.034892
531  636  0.0116797
532  609  0.0161025
532  635  0.0119968
533  608  0.0132217
533  634  0.010023
534  604  0.0158361
534  628  0.141141
534  629  0.174135
535  603  0.019604
535  627  0.1413
535  628  0.174562
535  629  0.0364665
536  588  0.0595103
536  602  0.0196192
536  606  0.135855
536  614  0.0140796
536  626  0.0363554
537  586  0.349303
537  601  0.0196113
537  605  0.132837
537  613  0.0140463
537  627  0.152301
538  585  0.494129
538  626  0.151045
538  637  0.0161757
539  584  0.49918
539  600  0.01961
539  636  0.0190361
540  547  0.0546485
540  583  0.501223
540  599  0.019623
540  624  0.0221475
540  625  0.127544
540  633  0.0238568
540  635  0.0165652
541  546  0.0359335
541  582  0.499733
541  598  0.019598
541  623  0.0328194
541  624  0.125883
541  632  0.0303014
541  634  0.0157215
542  622  0.0314274
542  631  0.0314316
543  622  0.0656096
543  630  0.0317893
544  579  0.498335
544  596  0.0191986
544  621  0.062642
545  578  0.499841
545  595  0.0192181
545  629  0.0503626
545  636  0.0490723
546  628  0.0502183
547  576  0.487534
547  593  0.0195902
547  627  0.0500722
547  636  0.0101097
548  575  0.487395
548  592  0.019561
548  633  0.134367
549  573  0.0398651
549  574  0.444842
549  591  0.0195123
549  632  0.175353
550  572  0.0777874
550  590  0.0181483
550  618  0.180573
550  631  0.183689
551  572  0.0513938
551  617  0.19794
551  630  0.186495
552  569  0.0832497
552  616  0.202276
552  629  0.186474
553  568  0.0807561
553  569  0.0165435
553  615  0.141491
553  628  0.158064
554  567  0.0386786
554  568  0.0185476
554  569  0.0419537
554  627  0.0676266
555  569  0.0946683
555  613  0.170151
555  627  0.0152067
556  567  0.34984
556  568  0.063591
557  566  0.47055
557  567  0.0319072
557  611  0.451641
558  565  0.507027
558  610  0.471285
559  564  0.496167
559  609  0.471065
560  608  0.471451
561  607  0.471443
562  606  0.471037
563  605  0.436664
564  584  0.371032
564  604  0.038252
565  583  0.481708
566  582  0.480953
567  581  0.47665
568  580  0.458568
569  577  0.0543639
569  579  0.446411
570  576  0.0543346
570  578  0.44285
571  576  0.0103645
588  604  0.714343
589  603  0.96482
590  602  0.976413
591  601  0.976422
592  600  0.973325
593  599  0.93853
605  614  0.021564
606  613  0.0222827
607  612  0.0147019
610  633  0.0127108
611  632  0.0146879
612  629  0.171063
612  631  0.0140902
614  627  0.370932
615  626  0.764173
616  625  0.765311
617  624  0.716573
618  623  0.54263
639  738  0.0112616
640  737  0.0112778
641  736  0.0112733
642  735  0.0112512
643  734  0.0112598
644  733  0.011233
653  716  0.0110149
654  715  0.0133692
655  714  0.0138593
656  713  0.0113266
657  672  0.875136
658  671  0.877865
659  670  0.877838
660  669  0.875996
661  668  0.876016
662  667  0.874689
677  718  0.0184275
678  717  0.0418613
678  724  0.0571945
679  716  0.0409605
679  723  0.0612283
680  722  0.0628676
681  714  0.0377494
681  721  0.0627567
682  713  0.0358229
682  716  0.0464586
683  715  0.052843
684  714  0.0534768
684  718  0.022093
685  713  0.0324001
685  717  0.0217657
686  710  0.119424
686  712  0.013174
687  709  0.141028
688  696  0.0122402
688  708  0.141301
689  695  0.019531
689  698  0.350361
689  707  0.141375
690  697  0.300317
690  705  0.027634
690  706  0.133392
691  704  0.0359507
692  703  0.0294524
693  702  0.0221902
693  703  0.204445
694  701  0.0177961
694  702  0.229229
695  701  0.222186
696  700  0.084616
697  709  0.0134864
698  708  0.013524
699  707  0.0135274
699  720  0.010006
700  706  0.0109435
761  878  0.0260538
762  877  0.0366568
763  876  0.0359018
764  875  0.0297637
765  874  0.0263048
766  875  0.0192716
767  874  0.0258636
768  873  0.0380001
770  871  0.160629
771  870  0.162451
772  869  0.158382
772  889  0.0166862
773  867  0.0200792
773  888  0.0237471
774  866  0.0472005
774  868  0.0960765
774  869  0.0121972
774  887  0.026727
775  866  0.323162
775  868  0.0146599
775  886  0.018972
777  865  0.836884
778  864  0.926558
779  863  0.957125
780  862  0.993178
781  861  0.993231
782  860  0.359509
783  859  0.340012
784  858  0.96644
785  857  0.803199
788  856  0.0100046
790  833  0.691529
791  832  0.952734
792  831  0.98275
793  830  0.986895
794  829  0.989526
795  828  0.495549
796  828  0.494704
797  827  0.99578
798  826  0.994251
799  825  0.915203
801  823  0.978892
802  822  0.9991
803  821  0.997675
804  820  0.998859
805  819  0.999511
806  818  0.998484
807  816  0.172923
807  817  0.816817
808  815  0.323635
809  814  0.245015
809  815  0.0932752
810  814  0.0492574
811  816  0.0286802
831  851  0.0101522
832  850  0.0114309
833  849  0.0124306
834  848  0.0131089
834  855  0.291568
835  846  0.0157424
835  853  0.452428
835  855  0.45277
836  845  0.0157785
836  852  0.481684
836  854  0.480406
837  844  0.0155956
837  851  0.480852
837  853  0.476506
838  849  0.282891
838  850  0.243251
838  852  0.429927
838  854  0.0145849
839  848  0.556046
839  853  0.0145164
840  847  0.495553
840  851  0.344705
841  850  0.343201
842  849  0.316312
863  889  0.0303943
864  888  0.0490805
865  887  0.0586921
867  885  0.726938
868  884  0.804036
869  883  0.31025
870  882  0.308815
871  881  0.801924
871  882  0.0105932
872  880  0.794387
872  881  0.0234702
872  882  0.0646212
873  880  0.0270601
873  881  0.0720254
874  880  0.0714901
875  879  0.0272729
