2  892  0.108763
2  903  0.0149895
2  917  0.421721
3  10  0.0212988
3  891  0.192279
3  902  0.0167786
3  916  0.480574
4  9  0.0140015
4  890  0.186762
4  901  0.0163107
4  915  0.482441
5  888  0.0103598
5  889  0.141317
5  900  0.0135309
5  914  0.468872
6  887  0.0113351
6  895  0.0183247
6  913  0.422516
6  917  0.0176235
7  894  0.0243517
7  916  0.0178065
8  893  0.0197504
9  892  0.0129623
9  893  0.0979098
9  910  0.126765
9  913  0.125603
10  892  0.11047
10  909  0.166877
10  910  0.019938
10  912  0.217694
11  713  0.70001
11  907  0.0174289
11  911  0.212783
12  712  0.721336
12  906  0.0157389
12  910  0.205181
13  711  0.989962
14  710  0.990096
15  709  0.990316
16  708  0.990851
17  707  0.897304
18  706  0.890191
19  705  0.984389
22  703  0.91796
23  702  0.987163
24  701  0.990798
25  700  0.990607
26  699  0.887045
27  46  0.812037
27  698  0.162571
28  43  0.0179292
28  45  0.813194
28  51  0.0165711
29  40  0.0186908
29  42  0.0167547
29  44  0.809221
29  50  0.0262588
29  696  0.0558417
29  697  0.0115273
30  39  0.111873
30  43  0.751122
30  49  0.0323601
30  695  0.037578
31  38  0.406681
31  48  0.0324735
31  695  0.0116581
32  37  0.398877
32  40  0.146003
32  47  0.0323769
32  589  0.0200987
32  693  0.0128818
32  694  0.0125124
33  39  0.121288
33  588  0.0195607
33  692  0.0119766
34  41  0.0265475
34  587  0.0171742
35  40  0.0254752
35  44  0.032824
35  50  0.0121454
36  43  0.0350018
36  49  0.0262041
37  48  0.0262465
38  47  0.026057
43  693  0.0334172
44  692  0.0339048
45  691  0.0341933
45  697  0.0466727
46  690  0.0341067
46  696  0.0475138
47  591  0.0505232
47  695  0.0339658
47  698  0.8176
48  590  0.0702704
48  694  0.0288676
48  697  0.818208
49  589  0.103689
49  693  0.0164717
49  696  0.807175
50  588  0.189766
51  586  0.555434
51  587  0.181139
52  585  0.768596
52  586  0.161458
53  584  0.841532
53  585  0.136717
54  583  0.872811
54  584  0.112586
55  582  0.933199
55  583  0.0565102
56  581  0.988252
57  580  0.990065
58  579  0.990225
59  578  0.974118
60  577  0.975124
62  576  0.989359
63  575  0.988014
64  574  0.990021
65  573  0.990024
66  572  0.988355
67  571  0.981146
69  565  0.57787
69  566  0.0594366
69  567  0.0246533
69  569  0.0987929
69  570  0.0224351
70  564  0.814698
70  565  0.0496356
70  566  0.0225135
70  568  0.0457217
71  563  0.935597
71  564  0.0362373
71  565  0.0178869
72  562  0.95386
72  563  0.0208996
72  564  0.0152584
73  561  0.976435
74  560  0.989999
75  559  0.990038
76  558  0.989979
77  557  0.961569
79  555  0.734057
80  554  0.970712
81  505  0.0149278
81  553  0.236506
82  504  0.0164033
83  503  0.0165707
83  551  0.97283
84  502  0.0165715
84  550  0.973146
85  501  0.0165712
85  549  0.973056
86  500  0.0165059
86  548  0.956344
87  499  0.0163288
87  527  0.030597
88  498  0.0127944
88  526  0.0306445
88  546  0.174313
89  525  0.030641
89  546  0.333471
90  544  0.184198
90  545  0.298523
91  134  0.0165524
91  523  0.0305263
91  542  0.878898
92  133  0.0185074
92  522  0.0305229
92  528  0.03209
92  541  0.901965
93  132  0.0205982
93  521  0.0244929
93  527  0.033576
93  540  0.901759
94  131  0.0206028
94  526  0.0335466
94  539  0.900081
95  130  0.0186498
95  525  0.0280032
95  537  0.0503776
96  129  0.0185932
96  505  0.556944
96  524  0.0274453
96  536  0.0438418
96  537  0.0136451
97  128  0.0205707
97  504  0.708801
97  523  0.0253179
98  127  0.0205825
98  503  0.735116
98  523  0.0113406
98  534  0.182254
99  126  0.020573
99  502  0.735091
99  522  0.0371014
99  533  0.182342
100  521  0.047385
100  532  0.180655
101  500  0.720054
101  520  0.0474174
101  531  0.179647
102  373  0.0145759
102  380  0.0447942
102  499  0.738329
102  519  0.0471928
103  124  0.0198075
103  372  0.014585
103  379  0.0443654
103  498  0.738324
104  123  0.0192652
104  371  0.01249
104  497  0.702578
105  496  0.568474
106  494  0.0250508
107  120  0.0200205
107  378  0.04182
107  493  0.0212305
107  495  0.0101637
107  513  0.0849249
107  530  0.0309299
108  119  0.0203075
108  377  0.0480377
108  492  0.0109871
108  512  0.0938628
108  529  0.040778
109  118  0.0201868
109  376  0.0483675
109  495  0.0342344
109  511  0.0946187
109  528  0.0413263
110  375  0.0441301
110  397  0.631428
110  494  0.0226757
110  510  0.0930808
110  527  0.0393194
111  374  0.0409454
111  396  0.632254
111  493  0.02093
111  509  0.0920401
111  526  0.0354378
112  395  0.421093
112  508  0.076508
113  128  0.0135535
113  371  0.0164315
113  394  0.21083
113  395  0.303508
113  504  0.0277108
114  127  0.0169513
114  370  0.0162487
114  380  0.0309734
114  394  0.530318
114  503  0.0290695
114  523  0.0304206
115  126  0.0169535
115  345  0.0662801
115  379  0.0309784
115  384  0.0124524
115  393  0.743309
115  502  0.0281489
115  522  0.0305104
116  125  0.0164764
116  344  0.0675032
116  378  0.0286812
116  383  0.0125579
116  389  0.0126921
116  392  0.743018
117  343  0.0682768
117  382  0.0124415
117  388  0.0186855
117  391  0.74329
117  520  0.0249894
118  342  0.0680434
118  387  0.0185774
118  390  0.73993
118  499  0.02181
118  519  0.0248836
119  497  0.0105833
120  128  0.0103018
120  371  0.10432
120  496  0.0103715
120  508  0.0194903
121  127  0.0144756
121  330  0.0378273
121  340  0.0120393
121  343  0.0481982
121  370  0.145843
121  386  0.0247079
121  387  0.0646419
121  507  0.0224193
122  326  0.0106528
122  329  0.0380516
122  369  0.144235
122  494  0.0100957
122  506  0.0223043
123  325  0.0106942
123  328  0.0379425
123  341  0.152815
123  368  0.122563
123  383  0.166733
123  389  0.0365065
123  505  0.021743
124  327  0.0374479
124  340  0.191083
124  367  0.0551665
124  382  0.16906
124  388  0.0382831
124  504  0.011744
125  326  0.0347638
125  338  0.444601
125  395  0.0159555
126  179  0.0147937
126  322  0.0164193
126  337  0.512781
126  380  0.113991
126  386  0.0250973
126  394  0.0176462
126  503  0.0132104
127  177  0.0264067
127  178  0.0135311
127  321  0.0162998
127  336  0.512812
127  345  0.0338729
127  379  0.114001
127  384  0.0573145
127  393  0.0179555
127  502  0.0119779
128  176  0.0340902
128  334  0.451424
128  344  0.0340616
128  378  0.0929277
128  383  0.0557675
128  389  0.0225407
128  392  0.0178915
129  175  0.0362047
129  332  0.251937
129  333  0.481452
129  343  0.0341786
129  382  0.0500839
129  388  0.04331
129  391  0.0177753
130  174  0.0360089
130  175  0.0216614
130  331  0.255919
130  332  0.534608
130  342  0.0341149
130  387  0.0432767
130  390  0.0169938
131  173  0.0332192
131  174  0.0220646
131  330  0.256319
131  331  0.53721
131  340  0.0328866
131  386  0.0424916
132  339  0.0328696
132  384  0.0126397
133  171  0.020226
133  173  0.0291916
133  329  0.689516
133  338  0.0112235
134  172  0.0345874
134  328  0.81656
135  170  0.0170895
135  171  0.0349771
135  327  0.819377
135  330  0.0108969
136  169  0.0209681
136  170  0.0306077
136  326  0.819044
136  329  0.0110125
137  168  0.0243992
137  325  0.812743
137  328  0.0109576
138  167  0.0153069
138  319  0.018933
138  324  0.810604
138  327  0.0103681
138  397  0.0132406
139  318  0.019066
139  323  0.421984
139  396  0.0131242
140  165  0.0329705
140  323  0.398696
141  156  0.0258134
141  164  0.049163
141  316  0.0307889
141  322  0.782739
141  394  0.0112982
142  155  0.0262571
142  163  0.0497638
142  177  0.0628759
142  315  0.0308375
142  321  0.762645
142  393  0.0146225
143  154  0.0271478
143  162  0.049283
143  176  0.391913
143  321  0.0157536
143  392  0.0146169
144  153  0.0274334
144  175  0.484999
144  313  0.0334567
144  319  0.0131385
144  320  0.3328
144  391  0.0146201
145  152  0.0257984
145  174  0.484183
145  312  0.0334498
145  319  0.332206
145  390  0.0145488
146  278  0.026786
146  317  0.262055
147  159  0.209426
147  173  0.336673
147  277  0.0299546
147  310  0.0257624
147  316  0.262201
147  322  0.0124257
148  158  0.217015
148  276  0.0299577
148  309  0.0339238
148  315  0.262073
148  321  0.0124335
149  157  0.218343
149  171  0.362001
149  275  0.0297785
149  308  0.0340734
149  313  0.0280718
149  314  0.219836
149  320  0.0139932
150  156  0.210167
150  170  0.36126
150  171  0.0433263
150  274  0.0297061
150  307  0.0340493
150  312  0.0286756
150  313  0.215665
150  319  0.0125384
151  169  0.362482
151  170  0.0443562
152  168  0.192159
152  181  0.0423731
152  182  0.146524
152  193  0.0106859
152  272  0.018476
152  305  0.0336245
153  168  0.234373
153  180  0.0427235
153  181  0.147222
153  192  0.0108159
153  271  0.0184618
153  304  0.0336469
154  167  0.405613
154  191  0.0108194
154  303  0.0298489
155  164  0.0191313
155  166  0.406253
155  179  0.235205
155  190  0.010828
155  302  0.0144604
156  163  0.018707
156  165  0.405411
156  178  0.235331
156  181  0.0238744
156  189  0.0107909
156  301  0.0135667
157  163  0.331683
157  177  0.235333
157  180  0.0243863
158  179  0.0276208
159  178  0.0274141
163  173  0.427193
163  205  0.0116219
163  382  0.0120241
164  172  0.433599
164  204  0.0117426
164  381  0.0120577
165  171  0.430316
165  203  0.0119079
165  380  0.0120788
166  202  0.0103704
166  379  0.0118143
168  198  0.0161633
169  197  0.0270675
170  196  0.0276499
171  195  0.0280649
171  376  0.0108511
172  194  0.0281754
173  182  0.0135178
173  193  0.0268883
174  181  0.0154569
174  192  0.0251181
175  180  0.0145548
177  191  0.0206731
177  317  0.492301
178  190  0.0243588
178  310  0.0116051
178  316  0.611396
178  322  0.0221261
179  189  0.02624
179  309  0.0164679
179  315  0.61276
179  321  0.0221434
180  188  0.0261256
180  297  0.020728
180  308  0.038908
180  314  0.614174
180  320  0.0221139
180  388  0.017483
181  187  0.02581
181  296  0.0207992
181  307  0.0388947
181  313  0.61589
181  319  0.0219896
181  387  0.0174946
182  295  0.0207997
182  312  0.615544
182  386  0.0174243
183  285  0.657259
183  294  0.0206559
184  284  0.753808
184  293  0.019558
185  283  0.79353
185  292  0.0166715
185  311  0.0167868
185  383  0.0121205
186  282  0.806407
186  302  0.0517716
186  310  0.020216
186  382  0.0121888
187  301  0.0543714
187  309  0.0202654
188  281  0.841857
188  300  0.0544656
188  381  0.0120844
189  280  0.85959
189  299  0.0545811
189  380  0.0121173
190  279  0.846942
190  379  0.0121145
191  279  0.0129257
191  298  0.0548914
191  378  0.0105532
192  278  0.860227
192  297  0.0568615
192  320  0.0160985
193  277  0.863426
193  296  0.056866
193  319  0.0161016
194  276  0.864782
194  318  0.0160748
195  275  0.86686
195  295  0.0574878
195  317  0.0159656
196  274  0.866477
196  294  0.0574504
196  316  0.0157959
197  293  0.0577606
198  272  0.349939
198  273  0.215179
198  292  0.0579977
199  271  0.643522
199  272  0.213749
199  291  0.058006
199  315  0.0152019
200  290  0.0566624
200  314  0.0175931
201  269  0.72611
201  270  0.149077
201  289  0.0473429
201  313  0.0182343
202  214  0.0112687
202  268  0.736526
202  269  0.14739
202  288  0.0476861
202  312  0.0181527
203  213  0.0113466
203  267  0.873132
203  287  0.055514
204  212  0.0113657
204  266  0.871841
205  211  0.0113582
205  264  0.901473
205  309  0.017764
206  263  0.93386
207  262  0.931547
209  261  0.146934
210  259  0.966525
211  258  0.973418
212  257  0.956923
214  255  0.973795
215  254  0.973659
216  253  0.974284
217  252  0.973708
219  235  0.825326
220  234  0.965519
221  233  0.975444
222  232  0.979027
223  231  0.971326
224  229  0.600498
242  251  0.805588
243  250  0.970276
244  249  0.956421
263  286  0.0446629
264  285  0.0720444
265  284  0.0799592
266  283  0.0825776
267  282  0.0833771
268  281  0.0828198
270  279  0.0811526
271  278  0.0828514
272  277  0.0803591
279  316  0.0297498
280  315  0.0297954
281  314  0.0278855
285  309  0.116032
286  308  0.910418
287  307  0.913658
288  306  0.91326
289  305  0.823282
290  304  0.0781428
291  303  0.170586
292  302  0.913045
293  301  0.89578
294  300  0.589714
321  337  0.0815701
322  336  0.0816804
323  335  0.0817084
324  334  0.0813375
325  333  0.0757965
332  384  0.0885497
333  376  0.0292534
333  383  0.0898277
334  375  0.0369269
335  374  0.0380957
335  381  0.221578
336  373  0.0384112
336  380  0.268933
337  372  0.0378686
337  376  0.0157171
337  379  0.268898
338  374  0.133509
338  378  0.249897
339  367  0.0108368
339  373  0.289935
339  380  0.0367375
340  366  0.0113328
340  372  0.289671
340  376  0.171946
340  379  0.0366608
341  365  0.0108525
341  371  0.267728
341  375  0.156669
342  361  0.037038
343  360  0.0372123
343  372  0.273246
344  359  0.0371667
344  371  0.283237
345  358  0.0367787
345  370  0.283715
346  367  0.55377
346  369  0.210836
347  366  0.668089
348  357  0.0182892
348  366  0.0422905
349  356  0.0203048
349  364  0.846544
350  355  0.0155259
350  363  0.930794
351  362  0.948922
352  361  0.951108
353  360  0.945838
354  359  0.686352
364  375  0.0184561
365  374  0.0251427
365  389  0.0302388
366  373  0.0274007
366  380  0.0105899
366  388  0.0397719
367  372  0.0198926
369  377  0.0196211
369  385  0.0679673
370  376  0.0201897
370  384  0.0705724
371  381  0.0718557
371  383  0.058786
372  380  0.200566
372  382  0.0468848
373  379  0.201542
383  508  0.0122427
384  507  0.0186361
384  527  0.0603608
385  506  0.0178434
386  526  0.0889445
387  525  0.0920363
388  524  0.0920514
389  523  0.0852181
390  502  0.113664
390  522  0.0686058
391  501  0.180846
392  500  0.197935
393  499  0.200544
394  498  0.157574
395  495  0.0110048
396  494  0.0166744
396  496  0.173646
397  495  0.176169
398  492  0.75824
399  491  0.97994
400  490  0.980289
401  489  0.980108
403  487  0.747381
404  486  0.671933
405  486  0.184895
406  484  0.254148
407  484  0.346785
408  483  0.717643
409  482  0.780392
410  481  0.992294
411  480  0.997553
412  479  0.995574
413  478  0.996601
414  477  0.997645
415  476  0.997664
416  475  0.997667
417  474  0.996817
418  473  0.921189
419  473  0.0127223
420  473  0.039884
421  469  0.021173
421  472  0.0771222
422  448  0.0470967
422  470  0.822259
422  471  0.0397369
423  447  0.051462
423  469  0.885039
424  446  0.0496524
424  465  0.0581012
424  468  0.837976
425  464  0.0587877
425  467  0.817715
426  466  0.573233
427  462  0.389054
427  466  0.112305
428  442  0.329914
428  461  0.403067
428  465  0.216938
429  441  0.330582
429  460  0.402542
430  438  0.011546
430  440  0.694584
430  463  0.192469
431  439  0.69935
431  462  0.239523
432  438  0.700816
432  461  0.239219
433  437  0.266815
434  458  0.0149724
435  457  0.016599
435  460  0.0224295
436  455  0.0178791
436  460  0.0126698
437  454  0.0178817
437  458  0.218099
438  453  0.0178673
438  457  0.231111
439  456  0.231466
440  455  0.231355
440  457  0.0342312
441  456  0.400927
442  451  0.149159
442  453  0.0895027
442  455  0.401069
443  450  0.14404
443  452  0.0844326
443  454  0.395337
444  468  0.0118349
445  456  0.014495
445  467  0.0173108
446  451  0.398438
446  455  0.0139825
446  466  0.0222453
447  465  0.0263983
448  464  0.0256202
449  463  0.0225454
451  461  0.0117229
451  465  0.244797
452  464  0.244035
453  463  0.209044
455  461  0.263665
456  460  0.214219
457  465  0.0137901
458  464  0.012351
501  520  0.0138026
502  519  0.0222683
505  516  0.14219
506  515  0.356367
507  514  0.372024
508  513  0.281653
510  518  0.0824214
511  517  0.110047
512  516  0.0419064
513  557  0.0117971
514  556  0.0169974
515  555  0.0169996
516  529  0.0482348
516  554  0.0169988
517  528  0.0509563
517  553  0.0169604
518  538  0.0115684
519  526  0.0521433
520  525  0.0520027
520  550  0.0148717
521  535  0.666097
521  549  0.0149172
522  534  0.719974
522  548  0.0147942
523  533  0.719429
523  547  0.0147878
524  532  0.722759
525  531  0.717945
525  545  0.0140729
526  544  0.0139886
532  541  0.061536
533  540  0.0706197
534  539  0.067532
588  697  0.0117487
590  695  0.890451
591  694  0.897881
592  693  0.932335
593  692  0.937498
594  691  0.938921
595  688  0.0450395
595  690  0.518682
596  687  0.0653198
596  689  0.484804
597  686  0.0435944
597  688  0.890249
598  685  0.0219247
598  686  0.928717
599  685  0.961582
600  684  0.998798
601  683  0.998799
602  682  0.998792
603  681  0.998605
604  679  0.584074
604  680  0.255031
605  678  0.589879
606  673  0.624748
606  674  0.0236617
607  672  0.819989
607  673  0.0122755
608  671  0.977546
609  670  0.998842
610  669  0.998886
611  668  0.997238
614  635  0.0343309
614  667  0.0585236
615  666  0.0629528
616  633  0.973085
616  665  0.0172739
617  632  0.994526
618  631  0.997112
619  630  0.992723
620  629  0.997662
621  628  0.994614
634  666  0.390902
635  662  0.499377
635  665  0.387009
635  666  0.0208448
636  662  0.067999
636  665  0.0208298
637  660  0.895352
637  662  0.0928251
638  659  0.89897
638  661  0.092969
639  658  0.899407
639  660  0.0902563
640  657  0.893189
640  658  0.0149135
641  656  0.839783
642  651  0.0671901
642  653  0.179348
643  650  0.0710842
643  652  0.21143
643  654  0.116399
643  657  0.103785
644  656  0.115957
645  655  0.17433
646  652  0.0452498
646  654  0.179992
672  677  0.16078
673  679  0.118117
674  678  0.045479
712  899  0.225758
713  898  0.287236
714  897  0.365019
714  905  0.0336286
715  896  0.384458
715  904  0.04264
716  895  0.385188
716  903  0.0443283
717  894  0.338386
717  902  0.03816
718  859  0.984598
719  858  0.994337
720  857  0.998465
721  856  0.998483
722  855  0.998469
723  854  0.997874
724  853  0.997892
725  852  0.997321
726  850  0.0873357
727  849  0.0873074
728  842  0.0216899
728  848  0.0653902
729  841  0.997331
730  840  0.998491
731  839  0.998498
732  838  0.997951
733  837  0.998483
734  836  0.997579
735  835  0.998292
736  834  0.996588
738  832  0.982226
739  831  0.915043
740  831  0.0741654
741  829  0.52492
741  830  0.139559
742  827  0.852442
742  829  0.133844
743  826  0.862113
744  753  0.0151843
744  777  0.0506661
744  825  0.862042
744  827  0.0383508
745  752  0.0151855
745  776  0.0506454
745  824  0.860589
746  751  0.0167468
746  753  0.182484
746  775  0.0466154
746  777  0.0562215
746  825  0.0395163
747  752  0.178325
747  774  0.0464963
747  776  0.0561939
747  823  0.62114
747  824  0.0394079
748  775  0.0536881
748  822  0.581536
749  822  0.0148326
752  772  0.0836835
752  819  0.642989
753  771  0.0854547
753  818  0.671999
754  769  0.0967057
754  817  0.684275
754  820  0.113024
755  768  0.0993843
755  816  0.682161
755  819  0.113789
756  767  0.0992435
756  815  0.657824
756  818  0.113598
756  823  0.019897
757  766  0.0733288
757  814  0.515072
757  817  0.112482
757  822  0.0429225
758  765  0.0671406
758  769  0.0131507
758  770  0.321917
758  785  0.0118785
758  813  0.096886
758  816  0.0702234
758  821  0.0460109
759  764  0.0745586
759  768  0.0125758
759  769  0.369036
759  770  0.0196047
759  773  0.057523
759  784  0.0108527
759  785  0.0556083
759  812  0.0337677
759  820  0.0458388
760  768  0.367783
760  769  0.0211264
760  772  0.0582149
760  784  0.055449
760  819  0.0355916
761  767  0.358812
761  771  0.0421382
761  782  0.0105811
761  783  0.0542082
762  781  0.0104332
762  782  0.0432446
763  769  0.0453631
763  784  0.0236379
763  816  0.0158907
764  783  0.0249753
764  815  0.0127088
765  782  0.0297447
766  781  0.0331002
767  780  0.0325067
770  778  0.0575928
771  777  0.0655874
772  776  0.053245
772  787  0.695188
773  786  0.730319
774  785  0.749719
776  784  0.759574
777  783  0.752109
782  826  0.0653101
783  825  0.0885186
784  824  0.0885634
785  818  0.0171673
785  823  0.0890996
786  817  0.0177247
786  821  0.0333733
786  822  0.0566011
787  814  0.175658
787  820  0.0340243
787  821  0.0499541
788  813  0.729496
788  819  0.0292056
789  812  0.922809
790  811  0.993793
791  810  0.994596
792  809  0.987067
794  807  0.996787
795  806  0.998499
796  805  0.993398
797  804  0.751624
842  850  0.904702
843  849  0.901284
844  848  0.378317
861  886  0.998947
862  885  0.999912
863  884  0.999927
864  883  0.999914
865  882  0.999008
866  881  0.999363
867  880  0.999902
868  879  0.997973
869  878  0.391384
870  875  0.977323
890  913  0.010532
891  912  0.0203737
892  911  0.0211555
892  915  0.0178485
893  914  0.0235746
894  913  0.0244645
894  917  0.0185212
895  916  0.019923
896  915  0.0187819
897  914  0.0104172
898  907  0.123438
898  911  0.243373
899  906  0.115854
899  910  0.219772
900  905  0.0878655
900  909  0.210257
901  908  0.153313
901  918  0.0115451
902  917  0.0219756
903  916  0.0205487
904  915  0.017876
904  916  0.0825926
905  914  0.0147454
905  915  0.0922105
906  914  0.096754
907  913  0.097631
