2  17  0.206504
2  20  0.148008
2  266  0.0186324
3  16  0.248531
3  19  0.174398
3  265  0.0384066
4  264  0.038164
5  14  0.253116
5  16  0.721596
5  267  0.0174526
6  13  0.251933
6  15  0.724945
6  266  0.0174806
7  14  0.722986
7  265  0.0171177
8  13  0.524708
13  260  0.0147294
14  259  0.0149106
15  258  0.0148752
16  257  0.0148626
19  25  0.0300982
32  255  0.993809
33  254  0.99957
34  253  0.999725
35  252  0.999818
36  251  0.999837
37  250  0.998902
39  96  0.022588
39  97  0.0167857
39  98  0.225392
40  96  0.0163419
40  97  0.345821
41  96  0.351469
42  93  0.980097
42  94  0.0102519
43  92  0.998983
44  91  0.999148
45  90  0.999884
46  89  0.999857
47  88  0.998762
48  87  0.65351
49  86  0.306992
49  87  0.345992
50  85  0.153753
50  86  0.691278
51  85  0.844567
52  84  0.999856
53  83  0.999169
55  81  0.998835
56  80  0.998182
58  78  0.946345
59  77  0.995435
60  76  0.997612
61  75  0.998511
62  74  0.999608
63  73  0.973131
64  71  0.833459
64  73  0.0217658
65  72  0.0340603
98  238  0.0349072
99  237  0.0347471
99  249  0.721947
100  236  0.0294233
100  248  0.889809
101  247  0.931652
102  234  0.0294109
102  246  0.940447
103  233  0.0380346
103  244  0.0109516
104  232  0.0381155
104  245  0.947277
105  231  0.0380781
105  244  0.946489
106  230  0.0380239
106  243  0.945515
107  242  0.895051
110  227  0.809764
111  226  0.998533
112  225  0.998776
113  224  0.998748
114  223  0.998748
115  222  0.99872
116  221  0.996974
117  220  0.998142
118  219  0.9985
119  218  0.739107
120  218  0.242344
121  213  0.478359
121  217  0.482753
122  212  0.482404
123  211  0.478849
124  209  0.477593
124  214  0.512709
125  208  0.479344
125  213  0.512766
126  207  0.479819
126  212  0.511712
127  206  0.4793
128  205  0.477573
128  210  0.0920784
129  204  0.472505
130  135  0.0126754
130  203  0.444577
130  208  0.488166
131  207  0.488179
132  205  0.0130518
133  200  0.293978
134  199  0.291109
134  200  0.0259445
135  199  0.0276507
136  201  0.596513
137  200  0.636229
138  197  0.287884
138  199  0.635955
139  196  0.294177
140  195  0.293177
140  197  0.571555
141  194  0.24637
141  196  0.45779
141  197  0.0742636
142  193  0.163077
142  195  0.342904
142  196  0.210478
143  194  0.228893
143  195  0.326109
144  191  0.0200892
144  193  0.115431
144  194  0.483509
145  190  0.0206245
145  193  0.669374
146  188  0.0187181
146  189  0.0122579
146  192  0.90306
147  187  0.0250713
147  191  0.931495
148  186  0.0250335
148  190  0.933679
149  157  0.0120113
149  185  0.0134045
149  189  0.814735
149  209  0.0212789
150  156  0.0105226
150  159  0.0554726
150  188  0.810581
150  208  0.0249037
151  158  0.0552139
151  186  0.0397498
151  187  0.851452
151  207  0.0249579
152  185  0.0800705
152  206  0.0249466
153  184  0.0710095
153  186  0.0102675
153  205  0.0247792
154  204  0.0237525
155  170  0.0134608
155  181  0.0622883
155  184  0.0148488
156  169  0.0119681
156  180  0.0596358
156  200  0.0252038
157  169  0.0209473
157  180  0.231981
157  199  0.0252331
158  168  0.0235921
158  179  0.242443
158  182  0.0118791
158  198  0.0252808
159  166  0.032629
159  180  0.164461
159  197  0.0252684
160  178  0.892338
161  177  0.899965
162  169  0.0284338
162  176  0.900296
163  168  0.0285711
164  174  0.895242
164  180  0.0115336
165  173  0.898851
165  179  0.014762
166  172  0.878898
166  178  0.0151427
167  177  0.0151341
168  176  0.0149076
172  186  0.0231001
173  184  0.0561135
174  183  0.0683767
175  182  0.0678051
180  189  0.0440163
181  188  0.0492376
182  187  0.0502636
229  240  0.922854
230  239  0.947777
231  238  0.951559
232  237  0.944339
257  267  0.0154806
257  269  0.903256
258  266  0.0154398
258  268  0.911243
259  265  0.0141857
259  267  0.915177
260  266  0.892656
261  265  0.482919
270  645  0.945821
271  644  0.976071
272  643  0.978765
273  294  0.0476354
273  642  0.924079
274  293  0.0241491
274  294  0.0301035
274  642  0.0131071
275  640  0.120599
275  641  0.0241288
276  291  0.137139
276  639  0.83494
276  640  0.0230507
277  290  0.13909
277  638  0.82741
277  639  0.0190805
278  289  0.139321
279  288  0.139066
279  636  0.850265
280  287  0.100917
280  635  0.858739
281  634  0.859164
282  633  0.855302
283  632  0.836943
284  302  0.0137588
284  630  0.0110965
284  631  0.79952
285  301  0.029852
285  630  0.689107
286  300  0.0342792
287  299  0.0343815
287  627  0.534545
288  308  0.0175628
288  315  0.160507
288  626  0.588019
289  297  0.0406703
289  307  0.0175929
289  314  0.160754
289  625  0.587708
290  296  0.0382836
290  306  0.0166701
290  624  0.559401
291  312  0.159026
291  604  0.46849
291  623  0.142899
292  311  0.157309
292  603  0.470984
292  622  0.133738
293  310  0.137833
293  602  0.475191
294  601  0.475708
295  600  0.474898
296  599  0.0271074
296  618  0.0146384
297  599  0.447157
297  616  0.119809
298  307  0.0356879
298  308  0.124609
298  315  0.0195682
298  598  0.471113
298  615  0.121352
299  306  0.0354703
299  307  0.122526
299  314  0.0195713
299  597  0.468191
299  614  0.121261
300  305  0.0351528
300  313  0.0167551
300  596  0.336447
300  613  0.111399
301  536  0.0235326
302  535  0.0243578
302  594  0.156288
303  534  0.0218931
303  537  0.0647778
303  593  0.144433
304  536  0.0700472
304  592  0.0552344
305  535  0.0638786
306  509  0.0966927
306  534  0.0389825
306  539  0.0498687
306  542  0.010995
306  608  0.02401
306  641  0.124261
307  508  0.106229
307  538  0.0523826
307  541  0.0115238
307  607  0.0241042
307  640  0.135206
308  507  0.10392
308  508  0.271266
308  639  0.135308
309  507  0.275359
309  638  0.123015
310  506  0.377883
311  505  0.378607
311  635  0.119627
312  504  0.380007
312  545  0.211633
312  634  0.121141
312  636  0.0143964
313  503  0.37903
313  544  0.220113
313  633  0.113514
313  635  0.0149911
314  502  0.378939
314  543  0.220105
314  634  0.0149477
315  501  0.377473
315  541  0.219865
316  336  0.0507477
316  500  0.259534
316  540  0.219381
316  630  0.222264
317  335  0.139058
317  499  0.077571
317  539  0.219089
317  629  0.333524
318  334  0.147838
318  499  0.0134521
318  538  0.218358
318  628  0.378205
319  333  0.149329
319  627  0.379321
320  342  0.0559393
320  536  0.0175266
320  626  0.380043
321  331  0.150575
321  341  0.0559219
321  535  0.212296
321  625  0.379393
322  330  0.137007
322  534  0.207813
323  533  0.190703
324  623  0.125144
325  622  0.12421
327  620  0.355863
328  619  0.385179
329  618  0.391054
330  339  0.228508
330  617  0.394744
331  338  0.228873
331  616  0.394754
332  337  0.229493
332  510  0.0586396
332  615  0.393842
333  510  0.0184122
333  614  0.391837
335  506  0.485178
336  505  0.56508
337  504  0.608354
338  503  0.616675
339  502  0.616188
340  501  0.167661
342  499  0.879797
343  498  0.998018
344  497  0.99912
345  496  0.999207
346  495  0.998665
347  494  0.995229
348  493  0.972525
349  464  0.0154517
349  492  0.608115
350  463  0.0206619
350  492  0.0270542
350  493  0.0258049
351  490  0.853387
351  492  0.0480128
352  388  0.0199286
352  461  0.115592
352  489  0.796305
352  491  0.0557
353  387  0.0199499
353  460  0.118266
353  488  0.796261
353  490  0.055625
354  386  0.0204998
354  458  0.313437
354  459  0.0596598
354  487  0.52435
355  385  0.0206469
355  423  0.0293646
355  457  0.849457
355  486  0.0712435
356  456  0.849773
357  383  0.016719
357  421  0.0889
357  455  0.849829
358  382  0.0212324
358  420  0.0892296
358  454  0.848766
359  381  0.0212589
359  419  0.0893363
359  453  0.844769
360  380  0.0213158
360  418  0.0892755
360  452  0.848477
361  379  0.0212932
361  417  0.0890131
361  451  0.848853
362  376  0.0213573
362  378  0.0133853
362  411  0.0122599
362  415  0.0143382
362  416  0.053436
362  449  0.635042
362  450  0.155723
363  375  0.0213594
363  377  0.0133683
363  410  0.0127245
363  448  0.661118
363  477  0.0183392
364  374  0.0214469
364  376  0.025248
364  411  0.0457585
364  445  0.0542387
364  446  0.0496839
364  447  0.519725
364  449  0.0102875
364  476  0.0190179
365  373  0.0205761
365  375  0.0132623
365  409  0.107065
365  444  0.0472007
366  375  0.0135815
366  408  0.107278
366  442  0.0380217
366  444  0.73594
366  474  0.0201212
367  374  0.0259058
367  407  0.107537
367  441  0.0391606
367  443  0.760974
367  473  0.0211383
368  373  0.0240994
368  406  0.107086
368  440  0.0385751
368  442  0.757625
368  472  0.0211847
369  440  0.474394
369  471  0.021184
370  403  0.879479
370  439  0.0386596
370  470  0.0211378
371  402  0.882351
371  438  0.0291334
371  469  0.0211422
372  401  0.882854
372  468  0.0211478
373  436  0.0378422
373  467  0.0211697
374  399  0.885516
374  435  0.0378721
374  466  0.021136
375  388  0.0105811
375  398  0.893851
375  434  0.0299418
376  387  0.010582
376  397  0.893791
377  395  0.442845
377  396  0.445652
377  432  0.0173354
377  449  0.025898
378  386  0.0112149
378  394  0.885439
378  431  0.0339048
378  448  0.0259797
379  385  0.0115702
379  393  0.887659
379  430  0.0335747
379  447  0.0258502
380  392  0.859483
380  446  0.0256051
381  391  0.761201
381  445  0.0244204
383  389  0.093804
383  402  0.0138699
383  426  0.0161404
384  401  0.0179404
384  425  0.0184547
385  400  0.0181745
385  424  0.0185843
387  398  0.0430704
387  443  0.0248817
388  397  0.0430675
388  442  0.0248947
389  396  0.0326054
389  441  0.0248146
390  440  0.0246308
391  402  0.0113028
392  401  0.0161906
393  400  0.0163222
398  463  0.0108792
399  462  0.0323946
400  461  0.0321746
404  420  0.020198
405  419  0.0268089
405  440  0.169392
406  439  0.848615
407  417  0.0344558
407  438  0.849065
408  416  0.0351031
408  437  0.850392
409  415  0.0353588
409  436  0.849515
410  414  0.0134763
411  435  0.348546
412  433  0.0632495
412  435  0.161874
413  432  0.0641755
413  434  0.542507
414  431  0.0211639
414  433  0.507975
416  431  0.798874
417  430  0.846576
418  429  0.796548
424  486  0.0442411
425  485  0.0439297
426  484  0.0345493
428  473  0.0868411
429  472  0.0933917
430  471  0.0934666
431  470  0.0929107
432  469  0.0921654
434  468  0.0915269
435  467  0.0921532
436  466  0.0916891
437  463  0.0304188
438  461  0.0687016
438  462  0.0191781
439  460  0.0807642
439  463  0.0112879
440  462  0.0104991
441  458  0.132885
442  457  0.145609
443  456  0.145649
444  455  0.145685
445  454  0.14482
446  453  0.134342
447  452  0.112775
460  489  0.0420584
461  488  0.0433904
463  486  0.837777
464  485  0.837798
465  484  0.837459
466  482  0.018688
466  483  0.821926
466  491  0.0346759
467  481  0.840432
467  490  0.0346905
468  480  0.836509
468  489  0.0338789
469  479  0.833678
470  477  0.422124
470  478  0.420743
470  487  0.0333554
471  476  0.83993
471  486  0.0344532
472  485  0.0239501
474  483  0.126752
475  482  0.127106
476  481  0.124263
505  606  0.0276969
506  605  0.0638627
507  598  0.0566422
507  604  0.168232
508  597  0.0543851
509  600  0.087433
510  596  0.0337827
510  599  0.0942558
510  601  0.191118
510  607  0.0159938
510  609  0.0166107
511  532  0.790385
511  600  0.1629
512  531  0.791206
513  530  0.795728
513  599  0.190286
514  529  0.796206
514  598  0.196918
515  528  0.795821
515  597  0.196917
516  527  0.7964
516  596  0.196834
517  526  0.79531
517  532  0.195981
518  525  0.601436
518  531  0.19607
519  530  0.196349
520  529  0.196298
521  528  0.150621
541  595  0.43265
541  598  0.15867
542  594  0.430229
543  597  0.25285
544  596  0.254698
545  595  0.247345
546  592  0.731217
546  594  0.13979
547  591  0.946068
548  590  0.36189
549  589  0.36445
549  595  0.0368136
550  588  0.94964
550  594  0.0371131
551  587  0.934487
551  593  0.0376633
552  586  0.750359
552  592  0.0377502
553  591  0.0377477
554  563  0.132775
554  584  0.0297356
554  590  0.0308735
555  562  0.293217
555  581  0.694198
556  561  0.289092
556  580  0.695415
559  577  0.659577
559  578  0.0228589
560  575  0.0103314
560  576  0.515627
560  577  0.0231066
562  573  0.675326
563  572  0.703086
564  571  0.687122
564  586  0.157511
565  570  0.632161
565  585  0.218951
566  584  0.242448
567  581  0.0155496
567  583  0.246175
568  582  0.24632
569  580  0.287025
570  579  0.0509114
571  578  0.0539319
572  577  0.294546
599  604  0.0510007
605  621  0.013099
606  620  0.0138205
607  614  0.0162098
607  615  0.0816747
607  617  0.136336
609  614  0.0380161
609  615  0.21462
609  617  0.0488112
614  628  0.0267486
615  627  0.026858
616  626  0.0249876
