1  215  0.479675
2  214  0.840307
3  213  0.91144
4  212  0.915747
5  211  0.915379
6  210  0.917853
6  358  0.0257246
7  209  0.918697
7  355  0.0100869
7  357  0.0275076
8  208  0.834162
9  354  0.0430468
10  206  0.658404
10  353  0.0497792
11  205  0.659948
11  352  0.0497817
12  204  0.599346
12  351  0.0482061
13  350  0.0415673
14  21  0.0124603
14  27  0.0453239
15  20  0.0135733
15  24  0.117765
15  26  0.0492119
15  199  0.0699644
15  201  0.184601
15  347  0.0213655
16  23  0.13043
16  25  0.0496142
16  198  0.0861627
16  199  0.13743
16  346  0.0245851
17  197  0.0435365
18  197  0.625023
19  196  0.692445
19  300  0.0395337
20  195  0.692057
20  299  0.0395698
21  194  0.685361
21  298  0.0167212
23  296  0.0396121
24  208  0.0328433
24  295  0.0396854
25  191  0.694209
25  207  0.12894
25  294  0.039239
26  190  0.694504
26  206  0.129324
26  292  0.0389498
27  189  0.693558
27  205  0.129076
27  291  0.0396267
28  188  0.662552
28  204  0.128493
28  290  0.0392591
29  289  0.0390193
30  186  0.714463
30  203  0.216282
31  185  0.711998
31  202  0.216361
32  184  0.180501
32  201  0.207766
33  186  0.0203162
33  200  0.196404
34  184  0.589309
34  185  0.0107685
34  199  0.196062
35  183  0.725253
35  198  0.159319
36  182  0.955661
37  181  0.966764
37  193  0.0152503
38  180  0.965305
38  192  0.0166127
39  179  0.967574
39  191  0.0179604
40  178  0.967659
40  190  0.0179605
41  177  0.967381
41  189  0.0179493
42  176  0.963056
42  188  0.012079
43  175  0.490147
44  175  0.474553
45  174  0.949666
45  187  0.012403
46  173  0.951091
46  186  0.0139818
47  172  0.480108
48  172  0.48463
48  183  0.0158094
49  171  0.954511
49  182  0.016673
50  170  0.949963
50  181  0.0167211
51  180  0.0166965
52  115  0.671335
52  116  0.283156
52  179  0.0167263
53  114  0.680105
53  115  0.276721
53  178  0.0167241
54  177  0.0166998
56  111  0.936291
57  110  0.945754
58  109  0.784567
59  109  0.0269582
60  107  0.939008
60  108  0.0152842
61  106  0.910761
64  104  0.855739
65  103  0.970464
66  102  0.992427
67  101  0.994626
68  100  0.994642
69  99  0.994058
70  98  0.993497
71  97  0.993012
74  94  0.540675
76  92  0.463944
76  93  0.326237
78  91  0.962834
79  90  0.978057
80  89  0.976808
81  90  0.0199598
82  89  0.0199986
83  88  0.0133162
116  170  0.0270349
117  163  0.0154271
117  169  0.956355
118  162  0.015403
118  168  0.956684
119  161  0.0138427
119  167  0.953718
120  166  0.946902
121  162  0.0277613
121  165  0.891245
122  161  0.0624533
123  161  0.188222
124  161  0.0740081
125  158  0.292334
126  158  0.160402
127  158  0.0945542
128  155  0.90415
128  156  0.0107278
129  154  0.991072
130  153  0.991427
131  152  0.993122
132  151  0.993708
133  150  0.993088
135  147  0.109488
135  148  0.471903
137  146  0.784692
138  145  0.790373
138  148  0.198845
139  144  0.782576
139  147  0.199393
140  146  0.180422
158  163  0.0433372
183  197  0.132185
184  191  0.0106986
184  196  0.165927
185  190  0.0105534
185  195  0.166158
185  203  0.0320341
186  194  0.166255
186  202  0.0323603
187  193  0.149746
187  201  0.016192
188  192  0.0364933
188  201  0.0357016
188  288  0.0325105
189  200  0.0659371
189  287  0.0402625
190  199  0.0661057
190  286  0.0402681
191  198  0.0656046
191  285  0.0402675
192  197  0.0573449
192  284  0.0402617
193  283  0.0402509
194  282  0.0399374
197  274  0.0166063
198  207  0.127299
198  273  0.0190465
198  354  0.017089
199  206  0.12785
199  272  0.0194069
199  353  0.022263
200  205  0.126006
200  352  0.0222836
201  271  0.0291277
201  351  0.0222618
202  270  0.0297518
202  350  0.0223006
203  269  0.0297617
203  349  0.0223249
204  268  0.0295569
204  348  0.0221244
205  267  0.0282384
206  346  0.0222997
207  262  0.0147641
207  345  0.0223244
208  261  0.0149223
208  344  0.0223113
209  260  0.0155254
209  343  0.0223124
210  342  0.0214559
211  341  0.0159214
212  340  0.0101262
213  257  0.032816
214  256  0.0357589
215  255  0.0359029
215  359  0.0473678
215  360  0.0340084
216  254  0.0360391
216  359  0.0911303
217  253  0.0359008
217  357  0.908484
218  252  0.0169096
218  356  0.924792
219  252  0.0177873
219  355  0.926227
220  251  0.0171629
220  354  0.924744
221  249  0.031651
221  353  0.926362
222  248  0.0324644
222  352  0.925758
223  247  0.0332717
223  292  0.920981
223  351  0.018436
224  291  0.93106
225  245  0.0354483
225  290  0.935837
226  244  0.0387439
226  289  0.93675
226  345  0.0109824
227  243  0.0387491
227  288  0.93628
227  344  0.0110233
228  242  0.0387794
228  287  0.936797
228  343  0.0110566
229  241  0.0388
229  286  0.936703
229  342  0.0110485
230  240  0.0387095
230  285  0.926517
230  341  0.0109138
231  239  0.0386783
231  284  0.875599
232  238  0.0313962
232  340  0.0103307
233  339  0.0106166
234  253  0.020028
234  338  0.0107954
236  251  0.957412
237  250  0.958436
238  249  0.958096
239  248  0.958464
240  247  0.951606
241  246  0.832927
252  260  0.363698
252  273  0.0763236
252  276  0.0168318
252  279  0.0113613
252  280  0.0326076
252  283  0.323666
252  337  0.0102065
253  259  0.361632
253  272  0.0851895
253  278  0.011199
253  279  0.0428349
253  282  0.324811
253  336  0.0101616
254  258  0.137675
254  271  0.0816462
254  277  0.0103315
254  278  0.0426322
254  281  0.321975
255  277  0.0369731
255  280  0.271175
256  274  0.0551262
257  271  0.025418
257  273  0.053004
257  278  0.0633007
258  316  0.0110123
259  269  0.448459
259  315  0.011266
260  268  0.453374
260  314  0.0112664
261  267  0.440302
261  273  0.0723463
261  283  0.323722
262  266  0.167657
262  272  0.0785314
262  282  0.325288
263  271  0.0677748
263  281  0.316028
268  276  0.0990822
268  277  0.141329
268  279  0.0139147
269  276  0.151643
269  278  0.0127518
293  348  0.0142135
293  349  0.0309612
294  349  0.13854
295  347  0.780797
295  348  0.0710631
296  346  0.901402
297  345  0.90143
298  321  0.0122849
298  343  0.108368
299  320  0.0122792
299  342  0.0766975
300  319  0.0123168
300  342  0.0666059
301  318  0.0119238
302  341  0.906177
303  340  0.943481
304  339  0.949045
305  338  0.948561
306  313  0.0113615
306  337  0.950284
307  312  0.0114752
307  336  0.949855
308  335  0.914679
309  317  0.0274802
309  321  0.0187254
310  316  0.0333089
310  320  0.0139687
311  315  0.0199608
311  320  0.0161912
312  319  0.261207
314  331  0.0103311
316  329  0.0103961
317  328  0.0103432
318  327  0.0101262
320  333  0.904006
321  332  0.934974
322  331  0.948397
322  333  0.0101544
323  330  0.936312
323  332  0.0104733
324  329  0.429617
324  331  0.0102683
