2  10  0.0976453
2  701  0.0933496
2  783  0.0189787
2  857  0.0700564
3  9  0.118088
3  680  0.0192241
3  700  0.152444
3  782  0.0228642
3  789  0.01047
3  856  0.15113
4  8  0.0731548
4  699  0.152357
4  781  0.0228648
4  788  0.0113441
4  855  0.161906
5  676  0.428933
5  698  0.151969
5  780  0.0228363
5  787  0.0113279
5  854  0.159963
6  675  0.432282
6  852  0.0103095
6  853  0.137366
7  674  0.43367
7  696  0.0449557
7  851  0.0102864
8  673  0.434132
8  676  0.022138
9  672  0.431538
9  675  0.0222263
9  694  0.103966
10  671  0.347774
10  674  0.0194614
10  693  0.103487
10  850  0.096906
11  692  0.0905347
11  849  0.108868
12  650  0.0167331
12  848  0.111193
13  18  0.0541393
13  19  0.0617779
13  649  0.0182629
13  658  0.150259
13  668  0.0567274
13  676  0.145261
13  688  0.129377
13  847  0.111585
14  18  0.0236667
14  648  0.0167738
14  657  0.15424
14  675  0.0704669
14  687  0.133025
14  846  0.108266
15  643  0.0437534
15  655  0.150264
15  656  0.0778167
15  670  0.0603378
15  674  0.0715617
15  686  0.13513
15  752  0.0147302
15  845  0.104187
16  642  0.0480395
16  654  0.228509
16  669  0.0597348
16  672  0.0300492
16  673  0.139934
16  685  0.135068
16  751  0.0147326
16  844  0.0965012
17  641  0.0490752
17  653  0.234087
17  671  0.0487256
17  750  0.0117952
17  809  0.0332722
17  842  0.0146694
18  626  0.0494174
18  640  0.0491327
18  652  0.234769
18  670  0.052878
18  671  0.0817254
18  804  0.0240099
18  808  0.0308263
18  841  0.0140599
19  37  0.0109619
19  625  0.0634559
19  670  0.133556
19  803  0.0236126
19  807  0.0437891
20  36  0.0109898
20  624  0.0637427
20  650  0.22875
20  806  0.0559427
21  35  0.0110067
21  637  0.0244747
21  649  0.2283
21  668  0.50922
21  805  0.0585234
22  623  0.382428
22  667  0.526194
22  804  0.0589338
23  622  0.38309
23  666  0.526249
23  803  0.0588201
24  621  0.382786
24  665  0.523755
24  802  0.0584788
25  605  0.404048
25  620  0.344456
25  800  0.0375642
26  604  0.647839
26  619  0.16699
26  799  0.0371931
27  603  0.888104
27  798  0.036929
28  602  0.91875
28  797  0.031548
29  601  0.921821
29  675  0.0320269
30  599  0.323979
30  600  0.590252
30  674  0.0324514
31  598  0.643234
31  673  0.0325086
32  598  0.139389
32  672  0.0324115
34  595  0.877685
35  594  0.959075
36  593  0.965763
37  592  0.966517
37  718  0.012459
38  591  0.966013
38  717  0.0124486
39  590  0.966545
39  716  0.011243
40  589  0.966559
40  715  0.0112924
41  588  0.966277
41  714  0.0124633
42  713  0.0124374
43  586  0.964736
43  712  0.0124491
44  585  0.96536
44  711  0.012462
45  584  0.951977
45  710  0.0123912
46  709  0.011792
47  579  0.0510936
47  583  0.0419571
48  578  0.0483293
49  579  0.322573
49  706  0.0117061
50  579  0.22255
50  705  0.0116917
51  577  0.883679
52  576  0.96342
53  575  0.96997
54  574  0.950088
56  572  0.844072
57  107  0.0162561
57  571  0.963039
58  106  0.0215893
58  570  0.971615
59  105  0.0216355
59  569  0.971605
60  103  0.0236872
60  568  0.96978
61  102  0.0258779
61  567  0.969088
62  101  0.0282723
62  517  0.0114967
62  520  0.0381534
62  566  0.755051
63  516  0.01054
63  519  0.0311609
64  99  0.686264
65  98  0.996728
66  97  0.999326
67  96  0.999473
68  95  0.999948
69  94  0.999919
70  93  0.999013
71  91  0.997959
72  90  0.999651
73  89  0.999952
74  88  0.998188
75  87  0.999785
76  86  0.997939
78  84  0.945227
79  83  0.360053
99  165  0.239962
99  446  0.0432137
100  164  0.271312
100  445  0.0337973
100  514  0.0188598
101  163  0.285023
101  513  0.0210461
101  521  0.0454906
102  114  0.127047
102  162  0.288058
102  263  0.0476368
102  443  0.137359
102  444  0.0189765
102  512  0.0213231
102  520  0.0595964
103  113  0.127562
103  161  0.288677
103  262  0.0476718
103  442  0.193363
103  509  0.0895275
103  511  0.0112641
103  519  0.036108
104  112  0.127601
104  160  0.288801
104  177  0.015007
104  261  0.0475304
104  441  0.199253
104  508  0.108193
105  111  0.117256
105  159  0.275603
105  176  0.0160787
105  260  0.0190919
105  264  0.0185816
105  440  0.199122
105  507  0.108646
105  565  0.0461015
106  114  0.249701
106  147  0.0174241
106  158  0.0507633
106  175  0.0157495
106  259  0.0156687
106  263  0.0220666
106  439  0.199501
106  506  0.108911
106  564  0.0461912
107  113  0.249382
107  146  0.0165276
107  258  0.0125911
107  262  0.0217964
107  438  0.0972625
107  505  0.106161
107  563  0.0353981
108  112  0.213758
108  261  0.0213649
108  504  0.104045
109  154  0.0128934
109  436  0.152853
109  561  0.0228992
110  144  0.0386888
110  149  0.0101121
110  153  0.0144566
110  435  0.19863
110  502  0.0209939
110  560  0.0204334
111  143  0.0481742
111  148  0.0116412
111  152  0.0144453
111  169  0.0156912
111  434  0.198766
111  499  0.014424
111  501  0.0197531
112  142  0.0501037
112  147  0.0119393
112  151  0.0140811
112  168  0.031822
112  270  0.0208198
112  433  0.198242
112  498  0.0405027
112  503  0.024926
112  536  0.0107543
113  150  0.0126511
113  167  0.0318424
113  269  0.0208628
113  432  0.155155
113  497  0.0459136
113  502  0.0307899
114  166  0.0318116
114  212  0.0144519
114  234  0.0306576
114  268  0.0208108
114  496  0.0463472
114  501  0.0312537
115  141  0.977595
116  140  0.99351
117  139  0.999552
118  138  0.999045
119  137  0.999097
120  136  0.999662
121  135  0.999626
122  134  0.999439
123  133  0.961463
125  131  0.364603
142  154  0.0549059
142  234  0.0241748
142  495  0.0238048
142  499  0.0285871
143  153  0.0561474
143  494  0.0238277
143  498  0.0282101
144  152  0.0539695
144  493  0.0235103
145  267  0.0144328
145  492  0.0194697
146  266  0.0169039
146  533  0.0416971
147  154  0.0172447
147  234  0.0348989
147  265  0.0171444
147  490  0.0107331
147  495  0.0762811
147  532  0.0518237
148  153  0.0116557
148  264  0.0114636
148  494  0.076397
148  522  0.0122102
148  531  0.0520202
149  202  0.0147323
149  493  0.075747
149  521  0.0116907
149  530  0.0516159
150  492  0.0743266
150  529  0.0505454
151  163  0.0105724
151  491  0.0649425
151  519  0.0154617
151  528  0.0437549
152  162  0.0108415
152  199  0.0740751
152  518  0.0173769
153  161  0.0102895
153  198  0.08852
153  212  0.226682
153  489  0.0170267
154  197  0.103782
154  211  0.404192
154  488  0.0173032
154  512  0.0122209
154  517  0.104712
155  196  0.103148
155  210  0.404362
155  487  0.0172732
155  511  0.0121992
155  516  0.104325
156  195  0.0704267
156  209  0.400615
156  486  0.0107485
156  510  0.0106788
156  515  0.0710599
157  194  0.0366639
157  195  0.0336559
157  208  0.373185
157  514  0.0375335
157  515  0.0377678
158  194  0.066058
158  514  0.0712095
159  193  0.0982543
159  205  0.408934
159  513  0.104258
160  192  0.0975283
160  204  0.417502
160  512  0.104047
161  203  0.417374
162  202  0.416843
163  200  0.14139
163  201  0.280185
164  199  0.27992
164  200  0.143038
165  198  0.417316
166  197  0.399316
166  506  0.133009
166  520  0.0200454
167  185  0.112048
167  194  0.218348
167  196  0.209179
167  505  0.133245
167  514  0.113722
167  519  0.0182018
168  184  0.114095
168  193  0.442437
168  504  0.133592
168  513  0.123928
169  183  0.114386
169  192  0.452792
169  502  0.086377
169  503  0.0666861
169  512  0.125899
169  517  0.0182481
170  182  0.114184
170  191  0.452748
170  501  0.15548
170  511  0.12582
170  516  0.0182429
171  181  0.0992961
171  187  0.0249556
171  190  0.418273
171  500  0.155543
171  510  0.117655
171  515  0.0169029
172  186  0.0997734
172  188  0.0121047
172  189  0.327523
172  499  0.155474
172  509  0.108147
172  514  0.0152995
173  185  0.179347
173  187  0.0168312
173  188  0.223789
173  473  0.0122731
173  508  0.0874719
173  513  0.0105484
174  184  0.196531
174  472  0.0130004
174  508  0.0114248
175  182  0.203141
175  472  0.0169957
175  496  0.158453
175  505  0.034018
176  181  0.181271
176  184  0.239415
176  460  0.0142571
176  495  0.158563
176  504  0.0341694
177  183  0.241098
177  276  0.0108261
177  459  0.0153116
177  470  0.0227572
177  494  0.156967
177  503  0.0135806
178  182  0.0917854
178  275  0.0106744
178  458  0.0153672
178  469  0.030609
178  493  0.155002
179  274  0.0105392
180  457  0.0459217
180  467  0.0799624
180  489  0.14606
181  273  0.0117867
181  456  0.0520591
181  466  0.0878891
181  488  0.147629
181  565  0.116091
182  272  0.0121402
182  455  0.0527865
182  465  0.0879519
182  564  0.117095
183  271  0.0121724
183  454  0.0527904
183  464  0.0879044
183  486  0.147856
183  563  0.117327
184  270  0.0121771
184  453  0.0528007
184  463  0.0713265
184  485  0.14689
184  562  0.113053
185  269  0.0120805
185  452  0.0526593
185  484  0.136316
186  451  0.052034
187  450  0.050146
187  459  0.0153165
190  264  0.0119801
190  456  0.218192
190  539  0.0916132
191  263  0.0121858
191  446  0.0383906
191  448  0.0109577
191  455  0.244138
191  538  0.104914
192  262  0.0121554
192  445  0.0384054
192  447  0.0109277
192  454  0.244179
193  296  0.0127576
193  444  0.038038
193  453  0.244208
193  536  0.130895
194  295  0.0127556
194  443  0.0354156
194  452  0.244008
194  535  0.131305
195  294  0.0126691
195  424  0.0218747
195  451  0.242744
195  534  0.130858
196  293  0.0126027
196  423  0.0310167
196  450  0.243625
196  533  0.131507
197  212  0.014922
197  292  0.012439
197  422  0.0322935
197  449  0.243851
197  532  0.131645
198  211  0.0371926
198  305  0.0183786
198  421  0.0364561
198  448  0.210642
198  531  0.130817
199  210  0.0371811
199  304  0.01826
199  420  0.0363918
199  447  0.130629
199  530  0.130209
200  209  0.0390208
200  419  0.036065
200  529  0.127102
201  208  0.0390196
201  309  0.0563638
201  418  0.0358346
201  528  0.113731
202  207  0.035483
202  308  0.0640138
202  417  0.0261272
203  278  0.0110573
203  415  0.0143628
203  490  0.059969
203  527  0.0256479
204  277  0.0146544
204  280  0.0657091
204  306  0.126031
204  414  0.014045
204  489  0.0873587
204  526  0.0256924
205  276  0.0155803
205  279  0.0918326
205  298  0.0473679
205  305  0.145071
205  310  0.0149044
205  324  0.0259851
205  413  0.0115157
205  488  0.0950414
205  525  0.0252911
206  278  0.0916838
206  297  0.0454704
206  304  0.140082
206  309  0.013351
206  323  0.0272654
206  487  0.0861444
206  524  0.0190327
207  277  0.0897403
207  306  0.0108346
207  322  0.0278614
207  486  0.0885147
207  523  0.0161524
208  274  0.0261223
208  276  0.0826091
208  295  0.0347505
208  300  0.0847531
208  301  0.0236787
208  305  0.0133112
208  321  0.0286756
208  485  0.107907
208  522  0.0134515
209  264  0.0200992
209  273  0.0795713
209  294  0.049718
209  299  0.102852
209  300  0.0151576
209  303  0.0332233
209  320  0.0285923
209  484  0.107895
210  263  0.0282766
210  272  0.110217
210  293  0.0526904
210  298  0.112413
210  302  0.0368199
210  305  0.0260962
210  319  0.0281398
210  483  0.107929
211  262  0.0282139
211  271  0.110332
211  292  0.0552814
211  304  0.0261054
211  318  0.028058
211  482  0.107741
212  270  0.105832
212  296  0.178995
212  300  0.0679669
212  301  0.0133763
212  303  0.0117458
213  269  0.0999595
213  295  0.17006
213  299  0.0912121
213  300  0.0108328
214  233  0.779885
214  294  0.0329754
214  298  0.0952716
215  232  0.793347
215  267  0.0143894
215  297  0.0891775
216  231  0.980525
216  296  0.0116113
217  230  0.991947
218  229  0.991939
219  228  0.992394
220  227  0.991246
221  226  0.977647
232  263  0.0197517
232  293  0.141836
233  261  0.0467862
233  292  0.156594
234  260  0.287136
234  291  0.424517
234  432  0.0279091
235  259  0.32957
235  290  0.424972
235  431  0.170192
235  564  0.0100297
236  258  0.330921
236  289  0.390043
236  430  0.171131
236  563  0.0100199
237  257  0.775159
237  429  0.123427
238  256  0.775521
239  255  0.774377
239  427  0.177823
240  254  0.773354
240  426  0.195436
241  253  0.758602
241  425  0.196704
241  536  0.0104735
242  424  0.196559
242  534  0.0121971
243  423  0.196475
243  533  0.0169254
244  422  0.196609
244  532  0.0205204
245  250  0.0790633
245  251  0.0183857
245  252  0.0113469
245  421  0.184866
245  531  0.0204842
246  420  0.17868
246  530  0.0204935
247  419  0.160054
247  529  0.0149427
249  527  0.0200885
250  526  0.0202223
252  524  0.0137246
253  523  0.0137389
254  314  0.0153843
255  313  0.0176361
256  290  0.0658123
256  312  0.0197462
257  311  0.0197273
258  288  0.576854
259  287  0.643747
260  286  0.645174
261  285  0.647872
262  284  0.647883
262  525  0.053075
263  283  0.647658
263  524  0.0532003
264  521  0.0533504
264  523  0.0288069
265  281  0.632169
265  520  0.0998381
265  522  0.0296212
266  280  0.632972
266  519  0.100184
266  521  0.0540018
267  279  0.607521
267  291  0.011498
267  518  0.0995812
267  520  0.0508229
268  276  0.034167
268  279  0.0279427
268  290  0.0115879
268  517  0.0974269
268  520  0.0132573
269  275  0.0246197
269  277  0.023013
269  278  0.0493039
269  289  0.0115656
269  514  0.0589883
269  516  0.051663
269  519  0.0164055
270  275  0.0306641
270  513  0.108637
271  276  0.272908
271  288  0.0155881
271  512  0.110604
271  517  0.0740075
272  287  0.0159701
272  511  0.110604
272  516  0.0742561
273  286  0.0158346
273  510  0.108926
273  514  0.0301403
273  515  0.0537795
274  509  0.105727
274  513  0.0513233
274  514  0.0334315
275  284  0.0221569
275  512  0.0859617
276  283  0.0222062
276  508  0.078906
276  511  0.0859085
277  282  0.016546
277  507  0.0730983
279  508  0.0820147
280  507  0.0646301
281  508  0.0144321
282  526  0.0511077
283  506  0.203464
283  525  0.104489
284  505  0.203835
284  524  0.10453
285  504  0.203966
285  523  0.104521
286  503  0.200346
286  522  0.102199
287  502  0.163998
287  520  0.0816633
288  499  0.0105647
288  501  0.0153377
288  519  0.0809285
289  497  0.213186
289  518  0.0723054
290  415  0.0113323
290  496  0.227315
291  495  0.227397
291  513  0.0153244
292  324  0.0964091
292  413  0.0257382
292  494  0.226984
292  512  0.0170047
292  517  0.109157
293  323  0.0964776
293  412  0.0250317
293  493  0.227138
293  511  0.0169896
293  516  0.109515
294  322  0.0923417
294  411  0.0239058
294  492  0.2266
294  510  0.0169209
294  515  0.109452
295  410  0.0233742
295  491  0.226831
295  509  0.0170032
295  514  0.110101
296  409  0.0230758
296  490  0.226502
296  508  0.0170106
296  513  0.109861
296  790  0.0109755
297  319  0.146459
297  507  0.0126104
297  789  0.0108504
298  318  0.158944
298  472  0.173509
298  511  0.0839329
299  317  0.159227
299  471  0.173272
299  510  0.0838038
300  316  0.153488
300  469  0.024268
300  509  0.0836813
300  786  0.0150119
301  468  0.0235779
301  481  0.079543
301  508  0.08272
301  785  0.0157595
302  468  0.20412
302  480  0.0807563
302  784  0.0157651
303  313  0.165913
303  467  0.205921
303  783  0.0154195
304  312  0.192681
304  408  0.0115263
304  465  0.128293
304  466  0.10817
304  478  0.0835101
304  506  0.0287986
304  782  0.0132291
305  311  0.190711
305  407  0.0115204
305  460  0.0821989
305  464  0.226418
305  477  0.083552
305  505  0.028381
306  459  0.0883534
306  463  0.224937
306  476  0.0828161
307  458  0.089626
307  462  0.217496
307  475  0.0809334
308  457  0.0903358
308  461  0.204838
308  474  0.0753789
309  456  0.0900441
310  447  0.213314
310  460  0.044632
310  472  0.0376557
311  446  0.594792
311  455  0.142684
312  322  0.0131083
312  445  0.594975
312  454  0.142924
313  321  0.0147214
313  444  0.594767
313  453  0.142936
314  320  0.0131678
314  443  0.574142
314  452  0.142481
315  451  0.138152
316  450  0.127145
317  440  0.381023
318  421  0.25872
318  439  0.374584
318  448  0.113649
319  420  0.259237
319  438  0.373998
319  447  0.0791233
320  419  0.253799
320  437  0.373702
321  436  0.373743
321  445  0.115277
322  417  0.237761
322  435  0.130661
322  444  0.114599
323  416  0.471181
323  443  0.105261
324  415  0.475876
325  412  0.356268
325  414  0.347844
326  411  0.826413
327  410  0.852875
328  407  0.0206402
328  409  0.855287
329  407  0.795627
330  405  0.464013
330  406  0.532312
331  404  0.730722
331  405  0.266638
332  403  0.995205
333  402  0.995095
334  401  0.997308
335  400  0.902064
336  399  0.113115
337  398  0.212307
338  397  0.997221
339  396  0.980059
340  370  0.0128267
340  394  0.0125625
340  395  0.781266
341  393  0.0228993
342  368  0.501947
342  392  0.0217713
343  367  0.978959
344  366  0.979239
345  365  0.979965
346  364  0.492162
346  392  0.0195093
347  364  0.487785
347  391  0.0195487
348  363  0.973832
348  390  0.019546
349  362  0.976003
349  389  0.0195358
350  361  0.975549
350  388  0.0195488
351  359  0.0295772
351  360  0.883752
351  387  0.0194476
352  386  0.019293
353  385  0.0173276
360  378  0.013229
361  377  0.014632
362  376  0.0146355
363  375  0.0145863
364  374  0.0145514
365  372  0.0138498
368  394  0.374044
369  393  0.88794
370  392  0.934182
371  391  0.93404
372  390  0.937271
373  389  0.936902
374  388  0.933834
374  391  0.0388099
375  387  0.368448
375  390  0.0401091
376  384  0.889493
376  386  0.0269846
376  389  0.0401787
377  382  0.0168183
377  383  0.879451
377  388  0.0402837
378  387  0.039687
379  386  0.0340133
406  449  0.0121752
407  448  0.0138896
408  447  0.0138911
409  426  0.0433909
409  446  0.0138385
410  425  0.0644363
410  444  0.0139298
411  424  0.065458
411  443  0.0140232
412  423  0.0682587
413  422  0.0697254
413  441  0.118365
414  432  0.0339948
414  440  0.119079
415  421  0.0355991
415  431  0.0469919
415  439  0.118856
416  420  0.0135674
416  430  0.0448631
416  438  0.11536
417  428  0.03457
417  437  0.106488
418  427  0.0371948
419  426  0.0340412
422  431  0.307926
422  439  0.23127
423  430  0.275847
423  438  0.230742
424  437  0.231434
425  436  0.230809
425  438  0.0414916
426  437  0.0441327
427  434  0.0139537
427  436  0.0446248
428  435  0.0468207
429  434  0.0391118
445  517  0.111994
446  516  0.11117
447  455  0.123537
447  465  0.0578231
447  478  0.0168239
447  564  0.0140949
447  781  0.0113488
448  454  0.124074
448  460  0.0463007
448  464  0.0589966
448  477  0.0169456
448  513  0.137929
448  563  0.0141428
448  780  0.0115391
449  453  0.0769596
449  459  0.0475827
449  463  0.0588875
449  470  0.0191672
449  476  0.0171908
449  512  0.172394
449  517  0.0510665
449  562  0.0134926
449  779  0.0117691
450  458  0.0475147
450  462  0.0488135
450  469  0.0205633
450  475  0.0172857
450  511  0.172239
450  516  0.0511403
450  778  0.0103402
451  457  0.0447735
451  461  0.0381328
451  462  0.0126524
451  468  0.0207687
451  474  0.0173528
451  510  0.171833
451  515  0.0515387
451  528  0.0122626
452  460  0.0249221
452  461  0.0241195
452  467  0.0192566
452  473  0.0175387
452  509  0.172883
452  514  0.0525163
452  527  0.0165682
452  754  0.0119155
453  460  0.0345559
453  472  0.0174903
453  508  0.173038
453  513  0.0526073
453  526  0.0178106
453  753  0.0122072
454  459  0.0201393
454  465  0.0252342
454  506  0.175933
454  512  0.0525477
454  525  0.0178368
454  752  0.0119616
455  464  0.0252869
455  505  0.18352
455  511  0.052538
455  524  0.0178319
455  751  0.0119314
456  504  0.182142
456  510  0.0462576
456  523  0.0177108
457  503  0.171237
457  522  0.0104099
458  502  0.109991
459  467  0.0133272
459  501  0.0968579
459  521  0.0134717
460  466  0.0135953
460  520  0.0134404
463  489  0.0135466
464  483  0.111481
464  488  0.0162591
464  497  0.0871876
464  506  0.0275073
465  481  0.352881
465  482  0.0793977
465  487  0.0162498
465  496  0.08833
465  505  0.027417
466  480  0.393941
466  481  0.0470763
466  486  0.0162316
466  495  0.0883119
466  504  0.0257085
467  479  0.435465
467  484  0.0149827
467  494  0.0869695
468  478  0.438267
468  483  0.0149519
470  477  0.43678
470  480  0.0236886
470  491  0.0559637
471  476  0.440699
471  479  0.0265057
472  478  0.0264269
476  489  0.257705
477  488  0.294472
477  506  0.0973655
478  487  0.294492
478  505  0.0972609
479  486  0.291736
479  504  0.0297902
480  485  0.255779
480  503  0.0192294
481  502  0.0764403
481  503  0.0504699
482  502  0.229932
482  512  0.0120419
483  501  0.331509
483  511  0.0120728
484  500  0.338239
484  509  0.028535
484  749  0.0115404
485  499  0.338877
485  508  0.0363511
485  748  0.0126909
486  498  0.30632
486  507  0.0364186
486  747  0.012896
487  497  0.308217
487  506  0.036506
487  746  0.0128967
488  495  0.0203666
488  496  0.316152
488  505  0.0363916
488  745  0.0128965
489  494  0.0365007
489  744  0.0128612
490  743  0.0128431
491  742  0.0123862
492  503  0.0343216
493  502  0.034741
494  501  0.0330074
503  519  0.025013
504  518  0.036064
505  517  0.0374076
506  516  0.0374104
507  515  0.0364694
508  520  0.01237
510  518  0.0490265
511  517  0.0544666
511  564  0.0149074
512  516  0.0442107
512  563  0.0149705
513  562  0.0137828
515  572  0.0187069
516  525  0.0191701
516  571  0.0216505
517  524  0.0191291
517  570  0.0219619
518  523  0.0138885
518  569  0.0219754
519  568  0.0220847
520  567  0.0219627
523  565  0.719456
524  564  0.733092
525  563  0.736138
526  538  0.0342064
526  562  0.676369
527  537  0.0183015
528  537  0.286494
528  539  0.292937
529  536  0.405971
529  538  0.337072
530  535  0.35551
530  537  0.266122
540  559  0.993096
541  558  0.996181
542  557  0.995842
543  556  0.994273
544  555  0.995425
545  554  0.991932
582  681  0.0205356
583  680  0.024567
584  679  0.0243032
585  678  0.0243068
586  676  0.0260782
587  675  0.0260979
588  674  0.0261575
589  673  0.0261915
590  672  0.0261913
591  671  0.026157
592  670  0.0259236
596  669  0.0487383
597  668  0.0496781
598  667  0.0449309
598  670  0.0115934
599  669  0.01058
600  668  0.0104162
601  667  0.0109566
605  617  0.443659
606  616  0.992691
607  615  0.993263
608  614  0.984303
609  613  0.374693
619  664  0.419887
620  663  0.586833
621  662  0.599822
622  661  0.599951
623  660  0.599953
624  635  0.112802
624  638  0.123069
624  659  0.599111
625  634  0.121875
625  637  0.132576
625  658  0.598587
626  633  0.104837
626  636  0.129063
626  657  0.544007
628  634  0.231335
628  637  0.0910844
628  654  0.0130966
629  633  0.0979289
629  636  0.0785136
629  654  0.0106515
630  643  0.0290506
631  637  0.0105207
631  642  0.0347347
631  654  0.0708385
632  641  0.0289757
632  653  0.0380869
633  641  0.0106965
633  653  0.255999
634  640  0.0154695
634  652  0.291441
634  656  0.0170022
634  680  0.0114163
635  679  0.0112698
636  653  0.150016
636  851  0.0136697
637  652  0.165116
637  850  0.0159506
638  797  0.0165042
638  849  0.016337
639  650  0.579404
639  796  0.0154716
639  848  0.0163129
640  649  0.593204
640  847  0.0162597
641  648  0.568957
641  794  0.0567115
642  793  0.0713887
643  792  0.0712141
644  791  0.070012
646  790  0.0184169
648  789  0.0621062
649  680  0.0109471
649  788  0.0707945
650  787  0.0687864
652  676  0.133162
653  675  0.061853
654  674  0.0675997
654  684  0.0200751
655  673  0.140093
655  683  0.0206672
656  672  0.142527
656  682  0.0213496
657  671  0.146257
657  681  0.021416
658  670  0.148564
658  680  0.0214434
659  679  0.0213612
660  667  0.359073
660  678  0.0204376
661  666  0.357112
664  674  0.0206208
665  673  0.0207563
666  672  0.0190245
669  684  0.115771
670  683  0.115868
671  682  0.0447489
672  681  0.0444782
672  747  0.0161232
673  680  0.11573
673  746  0.0161424
676  743  0.0161663
676  788  0.0104886
677  742  0.0160197
678  703  0.249863
678  741  0.0141096
678  786  0.116632
679  702  0.330313
679  703  0.0108431
679  740  0.0107118
679  785  0.134997
680  701  0.325518
680  784  0.142945
681  701  0.172143
681  783  0.143895
682  700  0.676247
682  782  0.144294
683  699  0.67683
683  781  0.144236
684  698  0.676842
684  780  0.143937
685  697  0.677801
685  746  0.0205046
685  752  0.0427406
685  779  0.0768082
686  745  0.0210136
686  751  0.0428845
686  777  0.0589576
687  696  0.680537
687  744  0.0214167
687  750  0.0359817
687  776  0.0468376
688  695  0.685203
688  699  0.044681
688  743  0.0223037
689  694  0.655338
689  698  0.0453199
690  697  0.0699274
690  743  0.0369888
691  696  0.0459435
691  742  0.036772
692  739  0.0575562
692  741  0.0235173
693  738  0.0829683
694  737  0.091172
695  736  0.0911974
698  707  0.0273969
699  706  0.0280086
699  733  0.0822831
700  705  0.0273158
700  732  0.0825615
701  731  0.0814874
704  732  0.0139877
704  748  0.0480193
704  857  0.742897
705  729  0.0820553
705  731  0.0142734
705  747  0.0496268
705  856  0.756849
706  728  0.0824025
706  730  0.0141002
706  746  0.0495529
706  855  0.760074
707  727  0.0719042
707  745  0.0477662
707  854  0.760023
708  727  0.0186057
708  733  0.010136
708  784  0.0179988
708  853  0.759682
709  725  0.0294205
709  726  0.0287566
709  732  0.0109777
709  783  0.0182913
709  798  0.0361102
709  852  0.684758
710  729  0.064987
710  731  0.0136205
710  782  0.0184594
710  797  0.237214
710  851  0.447819
711  721  0.0261104
711  723  0.0267374
711  728  0.0655218
711  730  0.0134158
711  781  0.0183467
711  796  0.524248
711  850  0.119578
712  720  0.0257633
712  722  0.014121
712  727  0.0638705
712  795  0.64224
713  719  0.0239367
713  722  0.0768175
713  726  0.0538617
713  794  0.680678
714  721  0.101281
714  779  0.0175236
714  793  0.690808
715  720  0.0665406
715  725  0.0454139
715  778  0.0173656
715  791  0.0426936
715  792  0.642427
716  724  0.0492891
716  777  0.01648
716  790  0.0838949
716  791  0.581478
717  723  0.054321
717  776  0.0129118
717  789  0.117751
717  851  0.0105793
718  788  0.116994
718  850  0.0124857
719  849  0.0130229
720  848  0.0130365
721  785  0.0156316
721  847  0.013004
723  783  0.0343104
723  794  0.0242854
724  782  0.034359
724  793  0.0291947
726  789  0.620685
727  788  0.639951
728  787  0.639328
729  785  0.344023
730  784  0.342689
730  785  0.193607
731  745  0.377845
731  748  0.0286725
731  784  0.192588
732  744  0.53695
732  747  0.0362641
732  782  0.181583
733  743  0.567584
733  746  0.0292688
733  781  0.169754
734  742  0.56802
735  741  0.558774
735  753  0.0253567
735  780  0.0431652
736  746  0.068944
736  752  0.0432393
736  779  0.0422253
737  745  0.0751466
737  751  0.0431105
737  777  0.0822066
738  744  0.0645276
738  750  0.0305891
738  776  0.071215
741  750  0.0174004
741  776  0.0171494
742  749  0.0390217
742  775  0.0216433
743  748  0.0389438
744  753  0.010905
744  774  0.16506
745  752  0.0260139
745  773  0.208415
746  751  0.0242062
746  772  0.208427
746  785  0.190144
747  771  0.208419
747  784  0.193237
748  770  0.0713346
748  782  0.0197387
749  770  0.138827
750  769  0.211129
750  783  0.0274522
751  768  0.212199
751  781  0.54563
751  782  0.0179623
752  767  0.212413
752  780  0.565114
753  766  0.211736
753  779  0.55807
754  765  0.211377
755  764  0.208498
756  777  0.596099
757  776  0.74786
758  775  0.770359
759  774  0.777089
760  773  0.779166
761  772  0.77915
762  771  0.775555
764  769  0.0179913
771  782  0.0111858
772  781  0.0111935
773  780  0.0110557
786  856  0.0308075
787  855  0.0406212
788  853  0.011364
788  854  0.0381668
789  852  0.0143958
789  853  0.0336274
790  851  0.014783
791  850  0.0145898
792  849  0.012984
795  851  0.0231347
798  848  0.588193
799  847  0.75398
800  846  0.856312
801  845  0.890575
802  844  0.890368
803  843  0.892117
805  841  0.927482
806  840  0.925776
807  838  0.0134547
807  839  0.920153
808  837  0.017874
808  838  0.911879
809  836  0.0205034
809  837  0.854873
811  835  0.753441
812  833  0.971621
813  832  0.99352
814  831  0.993646
815  830  0.993575
816  829  0.9897
817  828  0.938366
819  826  0.980266
820  825  0.892664
