1  119  0.686339
2  118  0.999773
3  117  0.999984
4  116  0.999972
5  115  0.999419
6  114  0.999927
7  113  0.999818
8  112  0.999559
9  111  0.836779
10  17  0.0294516
10  19  0.0270102
10  22  0.157476
10  110  0.748335
11  16  0.0284553
11  18  0.0262782
11  21  0.212517
11  107  0.0344207
12  20  0.215537
12  106  0.0345321
13  19  0.26511
14  18  0.100939
14  104  0.0318631
15  103  0.02939
16  70  0.010114
17  69  0.0103658
17  98  0.0358721
18  68  0.0103603
18  97  0.0360385
19  67  0.0103413
19  96  0.0360192
20  31  0.766244
20  38  0.0136617
21  30  0.769771
21  37  0.0136752
22  29  0.770806
23  28  0.770139
23  31  0.0318679
23  36  0.0141156
23  110  0.0184309
23  111  0.06417
24  30  0.0316719
24  35  0.0141385
24  110  0.081306
25  29  0.0120581
25  34  0.014129
25  108  0.117862
25  109  0.0432097
26  33  0.0137213
26  107  0.159119
27  106  0.159114
28  105  0.158941
33  88  0.977191
34  87  0.981172
35  86  0.982328
36  85  0.982363
37  84  0.982371
38  83  0.982303
39  82  0.971028
40  78  0.0474584
40  81  0.542235
41  77  0.12079
41  80  0.464828
42  76  0.124279
42  79  0.841774
43  51  0.0118656
43  61  0.0191221
43  75  0.126101
44  49  0.042886
44  60  0.0720829
44  74  0.0745238
46  55  0.317172
46  77  0.059074
47  54  0.339403
47  56  0.0339429
47  76  0.0624399
48  53  0.223063
48  57  0.393608
49  54  0.0169589
49  56  0.422218
49  75  0.0608416
50  55  0.261733
50  74  0.0612492
54  60  0.0385596
54  70  0.0503834
55  59  0.0147261
55  69  0.0503015
55  72  0.0108607
56  68  0.0498098
56  71  0.0138104
59  65  0.0434614
60  64  0.0322107
60  69  0.169361
60  72  0.0144285
61  68  0.213903
61  71  0.0137912
61  77  0.649902
62  67  0.20296
62  76  0.677902
63  69  0.0125743
63  75  0.678194
64  74  0.670688
65  73  0.652958
67  71  0.0545879
69  77  0.0340369
70  76  0.0400424
71  75  0.0248937
79  97  0.0150642
82  94  0.0153742
83  93  0.0154273
84  92  0.0154261
85  91  0.0154078
89  108  0.347008
90  107  0.365675
91  106  0.357748
91  107  0.412023
92  105  0.342483
92  106  0.423479
93  105  0.431839
95  104  0.871507
96  103  0.940633
97  102  0.943904
