1  72  0.999231
2  71  0.999927
3  70  0.999877
4  69  0.993755
5  68  0.993185
6  67  0.99137
7  66  0.739422
8  64  0.0142973
8  66  0.033183
9  65  0.0571928
10  25  0.539359
10  54  0.0119172
10  62  0.0160554
10  65  0.159473
11  24  0.539708
11  53  0.0124208
11  63  0.022806
11  64  0.177716
12  23  0.539462
12  52  0.0120554
12  58  0.0323835
12  63  0.0988779
13  22  0.538038
13  57  0.0347723
13  63  0.0223784
13  64  0.0208915
14  55  0.0343004
15  20  0.0147397
15  54  0.0372683
15  61  0.0108621
17  60  0.0104122
18  51  0.284273
18  59  0.0108199
18  62  0.105268
19  50  0.284552
19  61  0.1053
20  49  0.284308
22  48  0.288622
22  56  0.168506
23  47  0.288322
23  55  0.168485
24  54  0.168413
25  45  0.286532
25  53  0.168049
26  55  0.0533974
27  43  0.34936
27  54  0.0713056
27  65  0.0362311
28  42  0.35897
28  53  0.074889
28  57  0.0222056
28  64  0.0388529
29  41  0.358878
29  49  0.312684
29  52  0.0474107
29  63  0.0204076
30  40  0.358755
30  48  0.555272
30  51  0.0212727
30  55  0.0248394
30  62  0.0114396
31  39  0.294116
31  47  0.571711
31  54  0.0416444
32  46  0.57269
32  53  0.0458015
33  45  0.566592
33  52  0.0452785
34  41  0.0165434
34  44  0.538685
35  40  0.0209046
35  43  0.50401
35  50  0.0479652
36  41  0.0114027
36  42  0.104612
36  49  0.0476374
38  47  0.0462596
39  46  0.0491063
40  45  0.0422239
45  51  0.0199946
46  50  0.0123998
47  58  0.011428
48  57  0.0120146
49  65  0.172443
50  64  0.210457
51  63  0.208526
53  61  0.117218
53  62  0.0259581
55  64  0.152277
56  63  0.318702
57  62  0.333245
