1  11  0.0319991
1  72  0.960123
2  10  0.0320365
2  71  0.960776
3  9  0.0291772
3  70  0.960101
4  8  0.0169538
4  69  0.959706
5  68  0.957034
6  67  0.932249
7  66  0.796446
8  18  0.0132463
8  21  0.0248762
9  17  0.0156875
9  20  0.0264836
10  16  0.0161074
10  20  0.039853
10  25  0.765487
11  15  0.0131167
11  18  0.0283627
11  19  0.0413949
11  24  0.766524
12  18  0.025088
12  23  0.766187
13  22  0.764148
15  20  0.0208731
15  72  0.0351713
16  71  0.0352648
17  70  0.0357767
18  69  0.0359884
19  68  0.0357783
20  67  0.0354428
21  66  0.0317795
22  48  0.227156
23  47  0.226955
25  45  0.225203
27  43  0.990174
28  42  0.998394
29  41  0.999779
30  40  0.999713
31  39  0.99831
32  38  0.901053
33  37  0.451109
49  65  0.995104
50  64  0.99683
51  63  0.996857
52  62  0.995758
53  61  0.987103
54  59  0.017035
55  59  0.0102846
