2  16  0.417076
2  704  0.0489075
3  15  0.775735
3  703  0.0545055
4  14  0.772472
4  702  0.0549655
5  12  0.677826
6  12  0.0254955
6  13  0.0100171
7  11  0.0205973
9  698  0.0701316
10  697  0.0753721
11  699  0.0131567
12  695  0.070272
12  698  0.0148331
13  694  0.0578499
13  698  0.0489288
14  697  0.0516075
16  694  0.401498
17  693  0.851127
18  692  0.999233
19  691  0.999435
20  690  0.999378
21  689  0.998815
23  687  0.0143087
24  402  0.989777
25  401  0.990549
26  400  0.990542
27  399  0.988623
28  398  0.953257
31  396  0.677917
32  162  0.012975
32  395  0.745058
33  394  0.754885
33  395  0.0244028
34  393  0.754044
34  394  0.0231143
35  159  0.949088
35  392  0.0161574
36  158  0.990048
37  157  0.996378
38  156  0.996057
39  155  0.995317
43  153  0.996092
44  152  0.996436
45  151  0.994978
46  150  0.996965
47  149  0.996529
48  148  0.99614
49  147  0.99694
50  146  0.994943
56  138  0.824653
57  137  0.971556
58  136  0.984462
59  135  0.983896
60  134  0.984097
61  126  0.019528
61  132  0.321994
61  133  0.640714
62  125  0.0809386
62  131  0.643072
63  124  0.0827015
63  130  0.643572
64  123  0.0887251
64  129  0.617134
65  125  0.0214415
65  131  0.019774
66  124  0.0224505
66  126  0.463541
66  127  0.0426908
66  130  0.019837
67  125  0.454531
68  119  0.578249
68  124  0.189715
68  127  0.0203889
68  128  0.0430807
69  118  0.700505
69  122  0.0129451
69  124  0.0114814
69  126  0.0252485
69  127  0.0438926
70  125  0.019857
71  116  0.823639
71  125  0.0585383
72  115  0.837905
72  124  0.0629555
73  114  0.847791
73  123  0.0459521
74  113  0.833722
75  108  0.724658
75  112  0.202061
76  107  0.954431
76  123  0.0194002
77  106  0.956081
77  122  0.0199084
78  121  0.0174318
80  103  0.978056
81  102  0.990763
82  101  0.991156
83  100  0.990304
85  99  0.339189
87  97  0.98876
88  96  0.98879
89  94  0.0539849
89  95  0.847628
104  118  0.0314099
105  117  0.031563
106  116  0.0316411
107  115  0.0313856
112  120  0.0225722
113  119  0.026925
114  118  0.0233702
114  124  0.0408817
115  123  0.0747139
116  122  0.0640975
118  123  0.0487065
122  131  0.236607
123  130  0.24389
124  129  0.253564
160  392  0.0117755
161  390  0.591332
162  389  0.726723
163  388  0.759511
164  387  0.774427
165  386  0.774073
166  385  0.769238
166  397  0.14382
167  396  0.144631
168  382  0.766666
168  394  0.119926
168  395  0.0965687
169  381  0.769098
169  393  0.172507
169  394  0.0483295
170  380  0.769122
170  392  0.221496
171  379  0.76352
171  391  0.221751
172  204  0.0169041
172  390  0.22154
173  204  0.0134698
173  389  0.220426
174  202  0.718254
174  388  0.219307
175  199  0.0482843
175  201  0.836982
176  198  0.0457326
176  200  0.823988
176  386  0.0327692
178  198  0.636407
179  196  0.762142
179  197  0.204441
179  199  0.0121833
180  195  0.552525
180  198  0.0121966
181  194  0.553089
181  197  0.011986
182  193  0.971639
182  196  0.0115443
183  192  0.971876
184  191  0.977404
185  190  0.96405
198  384  0.0378902
199  383  0.0382472
201  381  0.0414371
202  380  0.0417848
202  385  0.172283
203  379  0.0418095
203  384  0.172435
204  378  0.0118836
204  383  0.16936
206  378  0.956596
207  377  0.986859
208  376  0.993819
209  375  0.993846
210  374  0.993829
211  373  0.992666
212  330  0.985679
213  329  0.991062
214  328  0.992708
215  327  0.964614
216  327  0.0237092
217  326  0.044373
218  324  0.918792
218  325  0.0296286
219  323  0.981553
219  324  0.0149075
220  322  0.999377
221  321  0.999379
222  320  0.997297
224  318  0.405578
227  292  0.989656
228  291  0.999618
229  290  0.998135
230  289  0.999096
231  288  0.999018
232  287  0.9052
233  286  0.897736
234  285  0.996492
235  284  0.999226
236  283  0.985205
237  282  0.957583
237  283  0.0146203
238  282  0.029047
239  281  0.0270442
240  281  0.100083
241  280  0.112927
241  281  0.576517
242  249  0.0194342
242  275  0.198121
242  280  0.621708
243  248  0.018236
243  274  0.198016
243  276  0.0755016
243  279  0.616745
244  273  0.197996
244  275  0.0826686
245  272  0.197169
245  274  0.0730198
245  277  0.15469
249  272  0.0174141
249  274  0.687765
250  269  0.0239344
250  273  0.762546
251  268  0.023691
251  271  0.255926
251  272  0.693874
252  270  0.328023
252  271  0.619135
253  269  0.348032
255  267  0.931567
256  266  0.944107
256  269  0.0356548
257  265  0.944055
257  268  0.0357414
258  264  0.911945
258  270  0.0137126
259  266  0.0366629
259  269  0.0150352
260  265  0.0360543
260  268  0.0149785
295  312  0.998655
296  311  0.999065
297  310  0.99939
298  309  0.99995
299  308  0.999421
300  307  0.99973
301  306  0.891586
333  370  0.312759
334  369  0.902604
334  372  0.0407046
335  368  0.94396
335  371  0.0437398
336  367  0.951188
336  370  0.0441435
337  366  0.951595
337  369  0.0396968
338  365  0.533864
339  365  0.415269
339  367  0.0370376
340  364  0.829446
340  366  0.04138
341  363  0.420184
341  365  0.041098
342  363  0.558797
343  362  0.979241
344  361  0.981822
345  360  0.99505
346  359  0.997069
347  358  0.996034
348  356  0.0770074
349  355  0.0758232
349  356  0.88061
350  354  0.0293598
350  355  0.876071
403  685  0.987753
404  684  0.991806
405  683  0.99179
406  682  0.990887
411  680  0.990284
412  679  0.991195
413  678  0.990372
416  429  0.428996
417  426  0.0806358
417  427  0.0667327
417  428  0.463429
418  426  0.125195
418  427  0.463591
419  424  0.53441
419  426  0.450143
420  425  0.295398
425  677  0.229376
426  676  0.285412
427  675  0.285095
427  676  0.182204
428  675  0.201662
429  673  0.0152109
429  674  0.175733
430  671  0.842731
430  672  0.0142092
431  670  0.99794
432  669  0.99877
433  668  0.999589
434  667  0.998983
435  666  0.996324
436  665  0.997882
437  664  0.998959
438  663  0.998398
439  662  0.99875
440  661  0.995914
441  618  0.0261489
441  624  0.0491773
441  627  0.0488982
441  642  0.0339183
441  644  0.0703193
441  659  0.0155922
442  626  0.0461479
442  636  0.0713919
442  641  0.0320094
442  643  0.0667304
443  620  0.257275
443  622  0.0160073
443  635  0.0769216
443  657  0.0528113
444  456  0.015089
444  619  0.285748
444  621  0.0164291
444  634  0.0781049
444  656  0.0529713
445  455  0.0180126
445  605  0.0111266
445  618  0.283016
445  642  0.203124
445  644  0.0160888
446  454  0.0178665
446  604  0.0109708
446  613  0.0685009
446  617  0.25656
447  453  0.0168119
447  612  0.116509
447  616  0.047564
447  640  0.428444
448  455  0.0118748
448  473  0.0357684
448  577  0.0215093
448  611  0.14768
448  639  0.479746
449  454  0.0116792
449  472  0.0358519
449  576  0.0215358
449  609  0.275502
449  610  0.108437
449  638  0.47977
450  471  0.0358282
450  608  0.328551
450  609  0.067132
450  637  0.474901
451  574  0.0173821
451  607  0.349624
451  627  0.0130574
451  636  0.458497
452  573  0.0137014
452  606  0.32063
452  626  0.0123947
452  635  0.400885
453  468  0.424865
453  578  0.0117809
453  606  0.0836255
454  467  0.488301
454  577  0.0146034
454  605  0.112634
455  466  0.4884
455  576  0.014604
455  603  0.396449
455  630  0.028807
456  465  0.485527
456  575  0.0117604
456  602  0.399663
456  627  0.0142213
457  574  0.0108369
457  601  0.399505
457  605  0.0122903
457  624  0.0106233
457  626  0.0148493
458  600  0.391574
458  604  0.0121191
458  625  0.0142423
459  599  0.357732
459  603  0.0108801
460  622  0.0100501
463  582  0.0402115
464  581  0.0444751
464  620  0.0570681
465  579  0.0616605
465  580  0.0445156
465  619  0.0586568
466  577  0.352523
466  578  0.0178079
466  584  0.0135767
466  618  0.0581199
467  576  0.352671
467  583  0.0135197
467  617  0.0579884
468  576  0.0256883
468  616  0.0427898
469  575  0.0942806
471  573  0.66725
472  572  0.937456
472  618  0.0103319
473  571  0.937645
473  617  0.0103118
474  570  0.908376
477  568  0.99358
478  567  0.997887
479  566  0.997695
480  565  0.998263
481  564  0.994975
482  563  0.869565
483  497  0.621658
483  560  0.0250944
483  562  0.272587
484  496  0.917305
484  559  0.0296555
485  495  0.956099
485  498  0.0220266
486  494  0.947961
486  497  0.0218628
487  493  0.908738
487  496  0.0207524
488  492  0.528418
491  498  0.0138222
492  497  0.0104783
498  555  0.0310633
499  554  0.0289808
504  547  0.976945
505  546  0.992976
506  545  0.997191
507  544  0.996267
509  542  0.990828
510  541  0.995349
511  540  0.948623
512  536  0.919459
513  535  0.997797
514  534  0.997977
515  533  0.99717
516  532  0.992087
517  528  0.66151
518  527  0.69711
519  526  0.674878
520  528  0.282497
521  527  0.29751
522  526  0.184298
549  555  0.0294008
550  554  0.0112669
553  559  0.0194293
571  611  0.0303092
572  610  0.0299743
573  610  0.0129968
573  631  0.115722
574  609  0.0766146
574  630  0.147021
574  634  0.0190097
575  608  0.0777797
575  619  0.0235024
575  623  0.0153793
575  628  0.0112638
575  629  0.124219
575  633  0.0164852
576  584  0.0106579
576  605  0.046023
576  607  0.0772347
576  611  0.0120826
576  618  0.0619138
576  620  0.0119098
576  622  0.0210454
576  627  0.0179645
576  635  0.0209679
577  583  0.0106175
577  610  0.0114989
577  617  0.0619144
577  619  0.0122595
577  621  0.0211376
577  630  0.0300383
577  634  0.0312577
578  603  0.210097
578  616  0.0538236
578  629  0.0249466
578  633  0.0259278
579  602  0.533722
580  601  0.534655
581  598  0.124714
581  600  0.530714
581  613  0.0525843
582  597  0.161166
582  599  0.512781
582  612  0.0528406
583  596  0.173728
583  611  0.0530062
584  595  0.173491
584  610  0.052546
585  596  0.774187
586  595  0.775642
586  609  0.0407283
587  592  0.128675
587  594  0.74492
587  608  0.0409845
588  607  0.0410486
589  606  0.0344859
602  609  0.0124427
603  624  0.0574849
603  627  0.0643747
604  622  0.135163
604  626  0.0614827
605  621  0.14139
607  619  0.0403716
607  621  0.141969
608  620  0.144885
609  618  0.317782
610  618  0.142261
610  620  0.0188461
611  616  0.587703
611  617  0.0821789
611  619  0.0194261
612  618  0.0189555
619  624  0.0206086
620  628  0.0204854
620  660  0.0357606
621  627  0.027608
621  659  0.0851976
622  658  0.0851245
623  657  0.0849496
624  656  0.0846601
629  643  0.0281775
630  642  0.0386524
631  641  0.0311328
634  639  0.0346824
638  659  0.377815
639  658  0.377934
640  657  0.374207
641  656  0.25506
642  655  0.162822
642  656  0.0663431
643  654  0.100644
643  656  0.0555151
643  660  0.0320795
644  654  0.0106748
644  655  0.279413
645  654  0.2905
645  658  0.401404
646  653  0.213421
646  657  0.413926
647  655  0.0832746
647  656  0.413394
648  654  0.08518
648  655  0.396564
648  658  0.0417692
649  653  0.0331756
649  657  0.0431554
650  654  0.010866
650  656  0.0432271
651  655  0.0267818
697  702  0.0149414
