1  364  0.0104385
2  361  0.0152782
2  363  0.0112792
2  365  0.0190161
3  360  0.0144806
3  364  0.018968
4  266  0.877993
5  265  0.941148
6  264  0.941424
7  263  0.940917
8  262  0.937841
8  356  0.0180292
9  261  0.933312
9  355  0.0186761
10  260  0.246988
10  354  0.0101366
11  16  0.0103787
11  237  0.0325763
11  352  0.015999
12  28  0.0200604
12  351  0.0139898
13  27  0.025644
13  236  0.0108821
14  26  0.0247588
15  270  0.0121074
16  24  0.0902678
16  269  0.0139386
17  23  0.0824076
17  268  0.0138276
18  22  0.0478738
18  29  0.520222
19  28  0.548809
19  237  0.0459101
20  27  0.513945
20  236  0.0366916
21  26  0.389391
24  237  0.036211
25  236  0.0269213
30  114  0.0169648
30  129  0.852858
31  113  0.0194566
31  128  0.978785
32  112  0.0194609
32  127  0.979016
33  111  0.0194504
33  126  0.978494
34  110  0.0194593
34  125  0.979014
35  109  0.0127829
35  124  0.977932
36  123  0.97436
37  107  0.0194543
37  122  0.978444
38  106  0.0194662
38  121  0.979016
39  105  0.0195669
39  120  0.978361
40  104  0.0196491
40  119  0.978822
41  103  0.0196081
41  118  0.978817
42  117  0.976793
43  116  0.967645
44  115  0.941349
45  57  0.0442094
45  110  0.0589558
45  113  0.304922
45  114  0.258429
46  56  0.0466622
46  109  0.0502256
46  112  0.277298
47  55  0.0469178
47  109  0.0806526
47  112  0.349244
48  54  0.0421403
49  107  0.527098
49  110  0.290484
49  113  0.0656867
50  106  0.527265
50  109  0.289891
50  112  0.0656068
51  105  0.488617
51  108  0.268115
51  111  0.0604522
53  103  0.390279
53  106  0.0429321
54  102  0.629819
54  105  0.197672
54  108  0.0425334
55  101  0.629281
55  104  0.196894
55  107  0.0429285
56  100  0.567703
57  81  0.914092
57  103  0.014337
58  80  0.977305
59  79  0.985308
60  78  0.991789
61  77  0.994573
62  76  0.994019
63  75  0.993068
64  74  0.993456
65  73  0.884368
81  102  0.0467857
82  93  0.614498
82  96  0.0120816
82  101  0.0475068
83  92  0.612747
83  100  0.0468175
84  91  0.586489
84  99  0.0439656
85  93  0.099869
85  98  0.0367294
86  92  0.0894677
87  91  0.0447966
93  103  0.109732
93  106  0.0785821
94  102  0.190947
94  105  0.103496
95  101  0.18577
95  104  0.10675
96  103  0.105676
97  102  0.0884682
103  110  0.0537976
103  113  0.012016
104  109  0.0533437
104  112  0.0119961
106  113  0.0289236
107  112  0.0286953
115  146  0.0138229
116  145  0.0138652
117  144  0.013877
118  143  0.0138964
119  142  0.0138945
120  141  0.0136285
122  139  0.012027
123  138  0.0134129
124  137  0.013786
125  136  0.0138147
126  135  0.013747
127  134  0.011721
130  235  0.949816
130  236  0.0108618
131  234  0.956336
131  235  0.0123886
132  233  0.644048
133  232  0.331553
133  233  0.329658
134  232  0.642265
135  230  0.0125983
135  231  0.952863
136  230  0.954626
137  229  0.940074
138  228  0.871265
139  227  0.0792587
141  186  0.839609
142  185  0.961831
143  184  0.961691
145  182  0.962802
146  181  0.963057
147  180  0.944261
150  159  0.0138384
150  176  0.926834
151  158  0.0155833
151  175  0.934966
152  174  0.918323
153  173  0.794678
155  170  0.01898
156  170  0.0610791
157  170  0.404056
158  166  0.0145619
158  169  0.418875
159  166  0.395703
159  167  0.0297074
159  169  0.0211769
160  165  0.496547
160  168  0.0589894
160  175  0.0282285
161  174  0.0284224
162  173  0.0291327
163  172  0.0294749
163  357  0.0154873
164  171  0.0235473
164  356  0.0200285
165  355  0.0206793
166  354  0.0206446
167  353  0.0206702
168  352  0.0206429
173  267  0.0166482
174  266  0.0197992
175  265  0.0200236
176  264  0.0195307
177  263  0.0166407
181  234  0.0184187
182  233  0.0184617
183  232  0.017808
188  227  0.915888
189  226  0.975933
190  225  0.988016
191  224  0.987929
192  223  0.981852
193  222  0.921945
194  222  0.0385368
195  221  0.0752526
199  220  0.814142
200  217  0.0532171
200  219  0.41098
201  216  0.0752193
201  219  0.492937
202  215  0.0782967
202  218  0.909078
203  214  0.0782933
203  217  0.91091
204  213  0.0767428
204  216  0.910626
205  215  0.911036
206  214  0.888054
207  213  0.697049
235  262  0.0245825
236  261  0.017208
237  260  0.614922
238  259  0.984345
239  258  0.9902
240  257  0.990497
241  256  0.990493
242  255  0.955668
245  252  0.0816444
246  252  0.196323
247  251  0.163978
268  350  0.816342
269  349  0.863909
271  347  0.988095
272  346  0.988567
274  344  0.989589
275  343  0.989597
276  342  0.986187
277  341  0.987802
278  340  0.987459
279  301  0.073857
279  318  0.027672
279  339  0.825897
280  300  0.235467
280  306  0.0136539
280  317  0.113987
281  292  0.0162498
281  299  0.235575
281  316  0.114051
281  337  0.22544
282  290  0.0207933
282  291  0.0126352
282  298  0.235388
282  305  0.0256886
282  314  0.0622794
282  315  0.0570555
282  335  0.111674
282  336  0.13948
282  338  0.154732
283  289  0.0265133
283  292  0.0520262
283  297  0.234791
283  304  0.0285048
283  313  0.120086
283  334  0.160203
283  337  0.188841
284  288  0.011153
284  289  0.0141598
284  291  0.0511017
284  295  0.128726
284  303  0.026859
284  312  0.120024
284  333  0.029434
284  336  0.169174
285  294  0.126508
285  306  0.0109657
285  309  0.0115419
285  311  0.120154
288  332  0.0466998
289  294  0.0102091
289  306  0.057024
289  331  0.0475691
290  330  0.0362865
292  329  0.0156759
293  300  0.737536
293  311  0.0120423
294  299  0.739453
294  310  0.0122656
295  309  0.0124693
296  308  0.0104003
306  337  0.114222
309  334  0.270685
309  337  0.0136713
310  317  0.0327681
311  316  0.032025
311  321  0.0212695
311  333  0.780147
312  320  0.0215146
312  332  0.801938
313  319  0.0210737
313  331  0.806825
314  330  0.404817
315  330  0.408699
316  329  0.818249
317  328  0.812371
319  328  0.0342834
319  334  0.016307
320  325  0.529549
320  327  0.0400514
320  333  0.0159383
321  331  0.0227694
322  330  0.0203228
330  338  0.035294
331  337  0.0390966
332  336  0.0164154
352  364  0.0507198
353  362  0.0100267
353  363  0.0542533
354  361  0.0120027
354  362  0.0544237
355  360  0.0102112
