2  20  0.194629
2  99  0.0158774
2  102  0.0101901
2  546  0.0176445
3  98  0.0176544
3  101  0.0167371
3  545  0.0211134
3  582  0.010146
4  18  0.447034
4  100  0.0144663
5  17  0.480238
6  16  0.510858
6  540  0.0815049
7  15  0.5152
7  539  0.0941127
8  14  0.505923
8  88  0.0113779
8  538  0.0952511
8  581  0.0142048
9  87  0.0111289
9  524  0.023476
9  525  0.0184772
9  537  0.0936138
9  580  0.0132038
10  86  0.0108028
10  523  0.0189505
10  524  0.0253422
10  536  0.0921048
11  85  0.0102714
11  523  0.0265843
11  535  0.087936
12  521  0.14019
12  522  0.01382
12  578  0.0262434
13  81  0.0110882
13  102  0.0922595
13  520  0.177424
13  577  0.0297772
13  583  0.0336165
14  80  0.0112198
14  101  0.0938689
14  519  0.184397
14  576  0.0291754
14  582  0.0326748
15  79  0.0111143
15  99  0.0184812
15  518  0.183796
15  575  0.0274345
15  581  0.0314406
15  587  0.0620719
16  517  0.183621
16  586  0.0693494
17  97  0.128168
17  516  0.0919082
17  585  0.0707407
18  96  0.0512375
18  516  0.100398
18  584  0.0710659
19  30  0.0177985
19  95  0.088383
19  232  0.0277368
19  515  0.198992
20  29  0.0169024
20  94  0.180518
20  135  0.012751
20  231  0.028255
20  514  0.199019
20  582  0.075439
21  92  0.0259637
21  93  0.180684
21  134  0.0127365
21  230  0.0283165
21  450  0.0811983
21  513  0.198913
21  569  0.0325505
21  581  0.075199
22  92  0.181107
22  229  0.014361
22  449  0.0827414
22  512  0.192541
22  568  0.0318698
22  580  0.054148
23  229  0.0166491
23  448  0.082942
23  511  0.0854086
23  567  0.0295018
23  587  0.0123045
24  228  0.0307418
24  447  0.0830398
24  586  0.0117559
25  72  0.011897
25  131  0.0274983
25  227  0.0309057
25  446  0.0831371
25  545  0.0901126
25  576  0.0152883
26  71  0.0103202
26  88  0.345743
26  130  0.0277176
26  226  0.0233326
26  445  0.0578397
26  511  0.0945811
26  544  0.0899059
26  575  0.0139083
27  70  0.010179
27  87  0.415049
27  129  0.0277355
27  225  0.0157778
27  510  0.18682
27  574  0.0105726
28  69  0.0112792
28  86  0.43519
28  128  0.0278344
28  225  0.0155991
28  443  0.0821197
28  509  0.197604
28  584  0.0102621
29  85  0.438558
29  127  0.0278596
29  224  0.0231704
29  442  0.0828359
29  508  0.198639
29  541  0.0937755
29  583  0.0105307
30  84  0.438207
30  126  0.0278565
30  223  0.0232178
30  441  0.0822422
30  507  0.198618
30  540  0.0955596
31  66  0.281674
31  83  0.104248
31  125  0.0263376
31  506  0.192911
31  539  0.0955001
32  38  0.0650626
32  65  0.357651
32  164  0.0319283
32  504  0.0252853
32  538  0.043896
32  584  0.0258724
33  37  0.0593012
33  64  0.360296
33  81  0.0316486
33  163  0.0336035
33  504  0.110394
33  583  0.0275732
34  64  0.0631396
34  122  0.0237085
34  536  0.0946316
35  63  0.447989
35  121  0.0238932
35  501  0.196105
35  535  0.0955287
35  581  0.0258889
36  62  0.453325
36  160  0.052841
36  500  0.196762
36  534  0.09509
36  580  0.0259498
37  61  0.453895
37  119  0.0141628
37  159  0.0587827
37  499  0.196808
37  533  0.0926521
37  579  0.0257837
38  60  0.45066
38  118  0.0211029
38  158  0.0587667
38  498  0.189396
38  578  0.0250243
39  59  0.36397
39  117  0.016703
39  157  0.0587657
39  439  0.069061
39  575  0.0174479
40  55  0.233471
40  156  0.0587768
40  264  0.0352436
40  438  0.0803899
40  574  0.0234018
41  54  0.235869
41  56  0.196036
41  57  0.0100687
41  106  0.0839242
41  115  0.0196173
41  155  0.0579295
41  263  0.0435771
41  437  0.0813963
41  495  0.137585
41  573  0.0238357
42  52  0.118564
42  53  0.11917
42  55  0.215841
42  105  0.0840058
42  114  0.0197931
42  154  0.0575421
42  261  0.0591954
42  436  0.0814998
42  494  0.136562
42  572  0.0238343
42  574  0.0105502
43  51  0.237886
43  54  0.216243
43  104  0.0739787
43  113  0.0175147
43  260  0.195855
43  435  0.0814123
43  571  0.0207511
43  573  0.0105717
44  50  0.235401
44  53  0.214742
44  88  0.0192745
44  103  0.0736553
44  153  0.0123904
44  259  0.196026
44  434  0.0801329
44  569  0.0123919
44  572  0.0105638
45  258  0.195851
46  86  0.177129
46  122  0.0199346
46  128  0.0245311
46  257  0.195411
46  431  0.0714528
47  85  0.18699
47  121  0.0208954
47  127  0.0258427
47  256  0.188327
47  430  0.0825602
48  84  0.187092
48  126  0.0258478
48  429  0.0825859
49  83  0.186964
49  119  0.0219667
49  125  0.0245829
49  428  0.0825336
50  82  0.187036
50  118  0.0304414
50  124  0.0186839
50  135  0.010606
50  255  0.100605
50  427  0.0825671
51  81  0.187008
51  117  0.0464423
51  134  0.0106151
51  426  0.0822955
52  80  0.161832
52  83  0.0153156
52  116  0.0467672
52  133  0.011773
52  254  0.197138
52  425  0.0634191
53  72  0.181319
53  80  0.0133833
53  82  0.0348153
53  115  0.0467686
53  132  0.011774
53  253  0.197681
54  71  0.181957
54  79  0.0265725
54  81  0.0348611
54  114  0.0467664
54  252  0.197933
55  61  0.0113987
55  80  0.0341739
55  113  0.0460483
55  131  0.0118343
55  251  0.197919
56  69  0.195754
56  79  0.0277823
56  112  0.0389652
56  130  0.0117772
56  250  0.195727
57  68  0.208756
57  129  0.0116139
57  249  0.188193
58  67  0.212199
58  128  0.0115217
58  247  0.0232371
59  66  0.211439
60  65  0.200938
60  127  0.0116341
60  245  0.190915
61  79  0.0210071
61  126  0.0118193
61  244  0.19798
62  78  0.0290671
62  125  0.0118522
62  243  0.197545
63  76  0.0815137
63  77  0.0234658
63  124  0.0118574
64  75  0.0886347
64  76  0.0164448
64  241  0.195696
65  74  0.0943846
65  240  0.194352
66  73  0.0841924
66  121  0.0112262
66  239  0.17938
67  120  0.011392
68  119  0.0109748
69  78  0.221461
69  83  0.151841
69  118  0.0109622
70  77  0.261889
70  82  0.185201
70  83  0.0530812
70  116  0.0126651
71  76  0.212513
71  80  0.345609
71  82  0.0617774
71  115  0.012668
72  79  0.345654
72  81  0.0616654
72  114  0.0126413
73  78  0.235317
74  424  0.0261428
75  423  0.028352
77  421  0.0339173
78  420  0.0336468
79  106  0.0587235
79  238  0.199064
80  105  0.0590345
80  237  0.199188
81  104  0.0590964
81  236  0.19935
82  103  0.0590901
82  235  0.199353
83  102  0.0581259
83  234  0.198629
83  415  0.0392447
84  101  0.0560457
84  233  0.198829
84  414  0.0464758
85  100  0.0358184
85  232  0.19749
85  413  0.0471887
86  412  0.0467756
87  95  0.0252024
87  414  0.0156597
88  94  0.0251319
88  101  0.0559518
88  413  0.0172134
88  552  0.0159384
89  100  0.0283492
89  412  0.0170933
89  551  0.0159581
90  100  0.0521614
90  550  0.0159319
91  99  0.0965231
91  408  0.0635659
91  549  0.0159253
91  584  0.0995337
92  98  0.0977515
92  407  0.0833679
92  548  0.0156682
93  104  0.293245
93  406  0.0834303
93  582  0.285474
94  103  0.294206
94  405  0.0834303
94  581  0.286541
95  102  0.294102
95  404  0.0833845
95  580  0.290218
96  101  0.287341
96  403  0.0834263
96  579  0.296025
97  402  0.0832063
97  578  0.296834
98  401  0.0821097
98  577  0.295608
99  386  0.0604957
100  385  0.0813593
100  575  0.294659
101  384  0.0829696
101  574  0.296713
102  116  0.01406
102  383  0.0829017
102  573  0.19347
103  115  0.0141169
103  382  0.083062
103  571  0.0311141
103  573  0.109487
104  114  0.014122
104  381  0.0830607
104  569  0.0301328
104  572  0.210129
104  583  0.142572
105  113  0.0136485
105  231  0.196314
105  380  0.0828083
105  545  0.261279
105  571  0.0858145
105  582  0.154388
106  230  0.196649
106  379  0.0826479
106  544  0.252047
106  569  0.0659606
106  581  0.154409
107  229  0.194357
107  378  0.0258978
107  544  0.0494877
107  568  0.042913
107  580  0.154181
108  228  0.169331
108  543  0.35267
108  579  0.153702
109  542  0.360109
109  578  0.152916
110  178  0.0171251
110  541  0.364139
110  577  0.150272
111  176  0.0351139
111  178  0.0735403
111  224  0.0111413
111  540  0.395002
112  175  0.037692
112  177  0.0760383
112  539  0.315707
113  174  0.0378829
113  176  0.0762493
113  223  0.163946
113  538  0.122803
114  173  0.0234964
114  175  0.0761069
114  222  0.165619
114  231  0.0348915
114  530  0.570524
115  174  0.075687
115  221  0.165516
115  230  0.0349537
115  529  0.571649
116  171  0.113525
116  220  0.16465
116  229  0.0349311
116  528  0.572204
117  166  0.132218
117  170  0.15508
117  227  0.0100962
117  228  0.0108682
117  527  0.572313
118  165  0.132191
118  169  0.155392
118  226  0.0102579
118  526  0.57163
119  164  0.131955
119  168  0.155119
119  525  0.570161
120  163  0.131854
120  167  0.155173
120  524  0.569297
121  162  0.131826
121  166  0.152002
122  137  0.0173031
122  161  0.125401
122  522  0.568531
123  136  0.0165777
123  521  0.569932
124  153  0.01069
124  163  0.013798
124  165  0.0189346
124  520  0.566814
125  134  0.0438632
125  160  0.0471858
125  164  0.0193812
125  518  0.0203342
126  131  0.40365
126  133  0.118936
126  142  0.0119771
126  159  0.0497125
126  517  0.0151055
126  519  0.0367838
127  132  0.112016
127  141  0.0120318
127  158  0.042223
127  159  0.0304663
127  162  0.0136904
128  158  0.0296011
128  161  0.0130926
131  154  0.0752859
132  153  0.0815089
132  154  0.0277555
132  224  0.56332
133  153  0.0290515
133  156  0.0541465
133  223  0.569148
134  151  0.182486
134  155  0.0605985
134  222  0.567983
134  231  0.0102596
135  150  0.182556
135  154  0.0605896
135  221  0.566886
135  230  0.0102782
136  149  0.181672
136  153  0.0600399
136  220  0.477293
136  229  0.0100371
137  148  0.180818
137  152  0.0541391
137  219  0.160015
138  147  0.137764
139  147  0.0403509
139  189  0.0355748
140  146  0.0769667
140  149  0.0575498
140  167  0.0119002
140  188  0.0412845
140  225  0.0303016
141  145  0.0660384
141  148  0.0561081
141  187  0.0417049
141  224  0.0318253
142  165  0.0920934
142  186  0.0416755
142  223  0.0316691
143  165  0.064979
143  184  0.0396606
144  163  0.6691
144  183  0.0388629
145  162  0.746269
146  161  0.745967
147  160  0.745741
148  159  0.746255
149  158  0.72589
150  155  0.0275913
151  156  0.172337
164  173  0.0167781
164  182  0.0387901
165  172  0.0197145
165  181  0.0436298
165  222  0.0554893
165  582  0.0431789
166  171  0.0196278
166  180  0.0435544
166  221  0.0555195
166  581  0.0432456
168  579  0.05587
169  177  0.0418229
169  578  0.0595611
170  176  0.041244
170  219  0.512059
170  577  0.0601191
171  175  0.0157054
171  218  0.574179
171  576  0.060882
172  217  0.307491
172  575  0.0607028
173  217  0.2878
173  219  0.0463744
173  574  0.0597276
174  216  0.563087
174  218  0.1448
174  573  0.0590781
175  217  0.145072
175  572  0.0589702
176  215  0.684871
176  216  0.0727109
176  571  0.0582937
177  214  0.757957
177  570  0.0523957
178  213  0.76284
179  212  0.762707
180  211  0.7627
180  222  0.0626587
181  210  0.759429
181  221  0.0626963
181  378  0.052724
182  220  0.0614632
182  377  0.0556702
183  205  0.496387
183  209  0.123124
183  376  0.0560239
184  204  0.498166
184  218  0.0662464
184  338  0.018588
185  203  0.5059
185  207  0.18458
185  217  0.0663153
185  336  0.0461223
186  202  0.506207
186  206  0.250511
186  216  0.0663919
186  335  0.0651907
187  201  0.499149
187  205  0.256754
187  215  0.0663226
187  334  0.0652027
188  198  0.0132344
188  199  0.016171
188  204  0.256708
188  332  0.0703436
189  196  0.0286106
189  197  0.0191069
189  200  0.175019
189  203  0.256508
189  331  0.033509
190  199  0.163201
190  202  0.253992
190  330  0.0348031
191  198  0.163074
191  199  0.0237454
191  329  0.0731505
192  198  0.0238599
192  199  0.146508
192  328  0.0731765
193  198  0.124862
193  199  0.0880703
193  327  0.0732817
194  214  0.0970844
194  326  0.0734061
195  213  0.109954
195  325  0.0733517
196  212  0.110128
196  323  0.0124212
197  211  0.110414
197  321  0.0600318
197  545  0.0221908
198  210  0.0550546
198  320  0.0649715
198  544  0.0179932
199  210  0.0548158
199  319  0.0648248
200  209  0.11077
200  318  0.0644156
200  542  0.0295149
201  208  0.111689
201  541  0.034999
202  207  0.107591
202  540  0.0354536
203  317  0.0640158
203  539  0.0339663
204  316  0.0732469
204  536  0.0306832
204  538  0.0101703
205  315  0.0736443
205  535  0.0423622
206  314  0.0736097
206  534  0.0424088
207  313  0.073652
207  533  0.0425403
208  312  0.0736529
208  532  0.0425409
209  311  0.0735823
209  531  0.0425029
210  310  0.0736334
210  530  0.0422841
211  309  0.0735468
211  529  0.0421765
212  302  0.0703585
213  301  0.0732753
214  300  0.0735431
215  299  0.0735856
216  298  0.0735666
217  297  0.0528852
218  234  0.115706
219  233  0.134329
220  232  0.134476
221  231  0.134524
222  230  0.132051
223  545  0.0168246
224  228  0.0245698
225  543  0.0174051
226  542  0.0174386
227  541  0.0174141
228  516  0.4069
228  540  0.0166904
229  515  0.564463
230  514  0.564668
231  513  0.564654
232  508  0.0103226
232  512  0.563781
232  535  0.05263
233  507  0.011236
233  511  0.560735
233  534  0.0541566
233  577  0.0106327
234  254  0.0205071
234  255  0.0104047
234  488  0.300534
234  506  0.019328
234  533  0.058119
234  576  0.0122325
235  253  0.0215589
235  254  0.0103002
235  263  0.0172615
235  294  0.0417628
235  487  0.296334
235  505  0.0212347
235  532  0.0579437
236  252  0.0216625
236  261  0.484257
236  293  0.0417081
236  504  0.0212068
236  574  0.0238563
237  248  0.0108018
237  251  0.0146751
237  253  0.0109015
237  260  0.529122
237  265  0.0860747
237  530  0.0542339
237  573  0.0261333
238  247  0.0239602
238  252  0.0109007
238  259  0.529241
238  264  0.0863526
238  528  0.0574379
238  529  0.0285994
238  572  0.0261388
239  246  0.0242379
239  251  0.0108655
239  258  0.528394
239  263  0.0878802
239  527  0.0914236
239  530  0.0102405
239  571  0.0261117
240  245  0.0216162
240  257  0.529173
240  262  0.0879067
240  526  0.0901009
240  529  0.0103223
240  570  0.0260842
241  256  0.52907
241  261  0.0879298
241  528  0.0128653
241  569  0.0259677
242  253  0.0141431
242  255  0.512158
242  260  0.0873711
242  527  0.0186521
243  252  0.0197528
243  259  0.0865446
243  523  0.0962026
243  526  0.0175093
244  251  0.0195242
244  253  0.248748
244  254  0.222301
244  258  0.0494608
244  522  0.126409
245  521  0.137622
246  252  0.423577
246  256  0.0842871
246  520  0.139064
247  251  0.262681
247  255  0.0802628
247  519  0.139841
248  518  0.138856
249  517  0.121457
252  514  0.141349
253  513  0.142206
254  512  0.142206
255  511  0.1421
258  491  0.0194203
259  490  0.0232237
259  505  0.14396
260  489  0.0233955
260  504  0.14421
261  487  0.0281285
261  488  0.0259074
261  503  0.144333
262  485  0.624147
262  502  0.143406
263  484  0.662922
263  501  0.14305
264  294  0.0290926
264  483  0.671631
265  293  0.0290572
265  482  0.671651
266  292  0.0287754
266  481  0.671304
267  290  0.0717713
267  480  0.671677
268  289  0.0721479
268  479  0.671685
268  495  0.242444
269  288  0.0728213
269  478  0.671636
269  494  0.243833
270  287  0.0713519
270  477  0.653442
270  493  0.243753
271  473  0.0470945
271  476  0.554399
271  492  0.243865
272  472  0.0594831
272  491  0.24353
273  471  0.0611852
273  473  0.0152427
273  474  0.101272
273  475  0.04622
273  490  0.121804
274  282  0.0793056
274  473  0.098518
274  474  0.0394583
274  490  0.122156
275  281  0.079205
275  469  0.0618419
275  489  0.244097
276  280  0.0490689
276  468  0.0615726
276  473  0.0118733
276  488  0.244139
277  466  0.0131374
277  487  0.243992
278  464  0.0520084
278  471  0.588496
278  485  0.0132197
279  463  0.0523995
279  470  0.599344
280  462  0.0523905
280  469  0.59929
280  484  0.236285
281  332  0.0257224
281  461  0.0483742
281  468  0.523587
281  483  0.243385
282  331  0.0473798
282  460  0.0479952
282  482  0.243273
283  330  0.709562
283  459  0.0153036
283  468  0.0181056
284  329  0.847739
284  458  0.0109019
285  328  0.900859
286  327  0.911422
287  326  0.915525
288  325  0.917161
289  324  0.906925
290  320  0.0225927
291  319  0.0228522
292  318  0.0228417
292  322  0.900171
293  317  0.0225195
293  321  0.901019
294  320  0.900229
295  316  0.321347
295  319  0.574186
296  315  0.82596
297  314  0.914783
298  313  0.924269
299  312  0.924285
300  311  0.922304
301  310  0.904615
302  308  0.0173052
303  308  0.021287
304  309  0.0211231
330  467  0.140357
331  456  0.0259863
331  466  0.825796
332  454  0.0328809
332  455  0.0130294
332  465  0.844699
333  453  0.0494148
333  464  0.860849
334  452  0.0497626
334  463  0.862717
335  451  0.049737
335  462  0.862634
336  461  0.665022
337  461  0.192656
338  448  0.0264
338  460  0.38292
339  373  0.0554336
340  372  0.0760462
340  446  0.0490931
340  458  0.712763
341  371  0.0760616
341  445  0.0491224
341  457  0.847946
342  350  0.010373
342  370  0.0761155
342  444  0.0490675
342  456  0.826569
343  369  0.0750197
343  453  0.171434
344  443  0.0482967
344  452  0.181017
344  454  0.130485
345  442  0.0483023
345  451  0.183635
345  452  0.656348
346  441  0.0482334
346  450  0.183637
346  451  0.656704
346  452  0.020606
347  440  0.0230755
347  449  0.17669
347  450  0.650281
347  451  0.0178127
348  448  0.16146
348  449  0.647087
348  450  0.0224307
349  367  0.112628
349  448  0.449872
349  449  0.0311992
350  360  0.0166053
350  366  0.118022
350  445  0.0109974
350  448  0.0366306
351  359  0.0170891
351  365  0.118254
351  382  0.0513309
351  446  0.79106
352  358  0.0168732
352  364  0.118369
352  381  0.0517552
352  445  0.793338
353  363  0.118881
353  380  0.0534978
353  444  0.790518
354  362  0.11804
354  379  0.0518599
354  443  0.785134
355  361  0.108213
355  378  0.0493634
355  442  0.782826
356  389  0.278861
357  387  0.363019
357  388  0.381576
358  376  0.0685537
358  386  0.373376
358  387  0.377218
359  375  0.0687397
359  385  0.676971
360  382  0.0169807
361  383  0.708806
361  447  0.0145136
362  372  0.0834224
362  380  0.0230321
362  382  0.73024
362  446  0.0182419
363  371  0.0834817
363  379  0.0230488
363  381  0.730075
363  445  0.0182544
364  370  0.10419
364  380  0.702461
364  444  0.0187505
365  377  0.0338122
365  379  0.558823
365  443  0.0185689
366  376  0.0546499
368  374  0.0149796
368  375  0.0461985
368  377  0.0461318
368  378  0.014037
368  440  0.0413304
369  374  0.0366206
369  377  0.0135012
369  439  0.0555223
370  378  0.0542711
370  438  0.0596177
371  376  0.0198374
371  380  0.033631
371  437  0.0597396
372  379  0.0333167
372  436  0.0597856
373  435  0.0585445
376  429  0.0202465
377  428  0.0188451
378  427  0.0142283
378  428  0.0449984
379  427  0.0538567
380  426  0.0584063
381  406  0.0733696
382  405  0.0748846
383  404  0.0749786
384  403  0.0751313
384  444  0.0202532
385  402  0.0750722
386  401  0.0576666
386  443  0.0548772
387  400  0.0483659
387  401  0.017926
387  442  0.0583626
388  400  0.0229741
388  441  0.115578
389  440  0.114465
390  439  0.0840608
392  435  0.0153425
392  437  0.0185212
393  400  0.0523131
393  434  0.0154913
393  436  0.018462
393  441  0.421646
394  433  0.015374
394  439  0.411089
394  440  0.277272
395  432  0.0140272
395  436  0.0417891
395  438  0.605179
395  439  0.131177
396  435  0.0507725
396  437  0.741147
397  430  0.0153232
397  434  0.0497074
397  436  0.743119
398  429  0.0152443
398  433  0.0468729
398  434  0.766709
399  408  0.0243595
399  433  0.76957
400  407  0.0265497
401  406  0.0260243
402  430  0.798245
403  429  0.811299
404  428  0.812016
405  427  0.812407
406  426  0.789133
407  426  0.0137452
408  425  0.0211596
411  425  0.88199
412  422  0.0336173
412  424  0.889359
413  421  0.0351608
413  423  0.889346
414  420  0.0308975
414  422  0.816554
416  420  0.0117649
416  421  0.0220847
451  582  0.0741233
453  580  0.0812554
454  579  0.0829778
455  578  0.0831226
456  577  0.083236
457  576  0.0832391
458  575  0.0831964
459  574  0.0830582
460  573  0.0830523
461  572  0.0806569
462  488  0.0824302
463  487  0.0830879
464  486  0.0830747
465  485  0.0831251
466  484  0.0830912
468  482  0.0741333
469  480  0.326639
470  479  0.326819
471  478  0.320745
472  477  0.29091
487  508  0.161472
488  507  0.162397
489  505  0.224232
489  506  0.0429507
489  571  0.0759543
490  504  0.224239
490  570  0.0755521
491  502  0.159267
491  503  0.112563
492  501  0.273467
492  507  0.0695042
492  508  0.0605873
492  569  0.0154557
493  500  0.271584
493  507  0.0607185
493  567  0.0650817
494  499  0.237817
494  505  0.202015
494  566  0.073338
495  504  0.203012
495  565  0.0733433
496  503  0.188693
496  564  0.0732919
497  509  0.0554048
497  563  0.0731319
498  508  0.0612518
498  562  0.0731583
499  507  0.0650589
499  561  0.0731187
500  506  0.0646536
501  505  0.0508208
501  548  0.0129315
502  547  0.0129307
503  546  0.012921
503  549  0.0340136
504  545  0.0129185
504  548  0.0453361
505  544  0.0128568
505  547  0.0453439
505  554  0.0116957
506  546  0.0449931
506  553  0.0117241
507  545  0.0436495
507  552  0.0115029
508  551  0.0110405
509  543  0.0264027
509  550  0.0101318
512  543  0.0133742
513  530  0.0243739
513  542  0.0322368
514  529  0.0244628
514  541  0.0357477
515  528  0.0233031
515  540  0.0361056
516  539  0.0328248
517  538  0.0225572
519  528  0.0230632
519  534  0.0221032
520  527  0.0265938
520  533  0.0218407
520  576  0.0112635
521  526  0.0174809
521  575  0.0112834
522  531  0.021942
522  574  0.0112721
523  530  0.0219226
523  573  0.0110582
525  579  0.0157752
526  578  0.0193902
527  534  0.0912136
527  544  0.0210493
527  577  0.0203865
528  533  0.0937217
528  543  0.0217532
528  576  0.0189795
529  542  0.0235706
529  545  0.113557
530  541  0.0255324
530  544  0.113899
531  539  0.0137824
531  542  0.0634423
531  543  0.0578671
532  540  0.0631074
532  541  0.12205
533  538  0.411836
533  540  0.118812
534  539  0.0780754
541  571  0.0121009
541  576  0.15645
542  570  0.0137699
542  575  0.157374
542  584  0.0386325
543  569  0.0137357
543  574  0.157546
543  583  0.044566
544  573  0.158571
544  582  0.0522105
545  572  0.158146
545  581  0.0521977
547  566  0.888173
548  565  0.889235
549  564  0.888852
550  560  0.0534747
550  563  0.887058
551  559  0.0634953
551  562  0.88756
552  558  0.0638003
552  561  0.886108
569  579  0.0753997
570  578  0.0797729
571  577  0.08047
571  583  0.119647
572  576  0.0499053
572  582  0.128249
573  581  0.127941
