1  467  0.0111101
2  133  0.0138442
2  466  0.0181145
2  565  0.069152
2  584  0.0102883
2  587  0.413866
2  590  0.0683625
3  12  0.0164436
3  132  0.0399871
3  465  0.0199598
3  564  0.0834088
3  583  0.0122651
3  586  0.500189
3  589  0.0775805
4  11  0.0159774
4  131  0.0440178
4  464  0.0197159
4  563  0.0825356
4  585  0.492065
4  588  0.0769299
5  10  0.0132156
5  130  0.0452088
5  463  0.0174643
5  562  0.0741518
5  584  0.414794
5  587  0.0706105
6  129  0.0461585
6  582  0.0102352
7  127  0.152369
7  128  0.0238874
7  561  0.0155538
7  585  0.0169216
8  126  0.176753
8  580  0.0193184
8  581  0.142409
8  582  0.0274947
9  125  0.17654
9  579  0.0212103
9  580  0.152798
9  581  0.0321336
10  124  0.177491
10  578  0.0183249
10  579  0.147718
10  580  0.02957
11  123  0.178111
11  558  0.0257155
11  573  0.0180184
11  578  0.118843
11  579  0.0211779
12  122  0.176711
12  135  0.386998
12  463  0.0304492
12  557  0.0267119
12  572  0.0156582
13  121  0.174488
13  134  0.39683
13  462  0.0306682
13  556  0.0267387
13  571  0.0111587
13  572  0.19497
14  133  0.396913
14  461  0.0306667
14  555  0.0266961
14  571  0.200911
15  132  0.327051
15  460  0.0164384
15  570  0.203137
16  460  0.014018
16  569  0.194798
17  41  0.0464355
17  42  0.0515574
17  459  0.0278181
17  561  0.073471
17  568  0.149082
18  40  0.051227
18  41  0.0616698
18  131  0.380227
18  458  0.0278024
18  560  0.148646
19  39  0.0539759
19  40  0.0621495
19  130  0.401137
19  457  0.0277865
19  559  0.152528
20  38  0.0516217
20  129  0.400882
20  558  0.151157
21  41  0.0240363
21  128  0.397298
21  542  0.0149731
21  557  0.149477
21  562  0.0428378
22  40  0.0253403
22  127  0.393078
22  541  0.0216975
22  556  0.149989
22  561  0.0431404
23  35  0.017876
23  39  0.0233446
23  85  0.0202253
23  192  0.0120159
23  455  0.0156964
23  540  0.0218576
23  555  0.149551
23  560  0.0319139
23  565  0.0373205
24  34  0.0464413
24  36  0.57863
24  84  0.051633
24  191  0.0163704
24  454  0.0171775
24  539  0.0220654
24  554  0.149698
24  564  0.0398707
25  33  0.0463494
25  35  0.581191
25  83  0.0516509
25  190  0.0163732
25  453  0.0171794
25  538  0.0220277
25  553  0.149519
25  563  0.0398651
26  34  0.581644
26  82  0.051556
26  189  0.0163873
26  539  0.0426799
27  33  0.420651
27  81  0.0402092
27  188  0.0163838
27  452  0.0169594
27  537  0.0189286
27  538  0.0426928
27  551  0.0895385
27  562  0.017397
28  33  0.0434581
28  79  0.0188761
28  187  0.0163871
28  451  0.0169705
28  536  0.0190161
28  537  0.0441771
28  550  0.088109
28  561  0.0174043
29  79  0.0102677
29  94  0.0754488
29  186  0.0160951
29  450  0.0169592
29  535  0.0190604
29  536  0.0347668
29  560  0.0156017
30  78  0.0170974
30  93  0.0954122
30  449  0.0168404
30  534  0.0118677
31  74  0.0633259
31  92  0.0929691
31  534  0.0471641
32  73  0.12827
32  183  0.0151297
32  447  0.0169388
32  533  0.0679572
33  72  0.149456
33  182  0.0155178
33  446  0.0169485
33  532  0.0701778
34  71  0.148812
34  181  0.0155197
34  445  0.0168976
35  68  0.215305
35  531  0.0726423
35  586  0.0136186
36  67  0.218744
36  122  0.0109792
36  530  0.0726592
37  66  0.217041
37  121  0.01118
37  122  0.389381
37  529  0.0724901
37  585  0.0374681
38  64  0.0223273
38  121  0.396708
38  528  0.0584957
38  584  0.046218
39  63  0.015954
39  120  0.476473
39  239  0.0103642
39  484  0.0316285
39  583  0.048093
40  63  0.205785
40  119  0.475244
40  238  0.0105414
40  483  0.0316558
40  582  0.0477582
41  62  0.213353
41  237  0.010386
41  482  0.0312302
41  581  0.0473872
42  61  0.215806
42  481  0.0260766
42  580  0.045252
43  60  0.219103
43  579  0.0367869
44  59  0.222223
44  115  0.768406
45  114  0.76977
46  58  0.223052
46  113  0.769373
47  57  0.223253
47  112  0.769803
48  56  0.223164
48  111  0.769811
49  55  0.222448
49  110  0.769769
50  54  0.0846851
50  73  0.0165257
50  109  0.745471
51  72  0.0393818
51  106  0.0232556
51  108  0.70178
52  71  0.0397973
52  105  0.0727668
53  70  0.0394968
53  104  0.0723093
53  106  0.080374
53  107  0.0754503
54  103  0.0709795
54  105  0.0217254
55  63  0.0165071
55  68  0.0441695
55  102  0.0673963
56  67  0.0446338
56  103  0.0104259
57  66  0.0449469
57  100  0.0307832
58  65  0.0327972
63  105  0.619326
64  104  0.636432
65  94  0.0579046
65  103  0.641824
66  93  0.0636174
66  102  0.647209
67  92  0.0635607
67  101  0.647718
68  100  0.646741
69  80  0.168903
69  95  0.0905437
69  566  0.0166988
70  79  0.191944
70  89  0.0589228
70  94  0.0993296
70  98  0.01636
70  565  0.0231449
71  78  0.214088
71  88  0.0621851
71  90  0.0223193
71  93  0.0980464
71  97  0.0117008
71  564  0.0248222
72  77  0.211869
72  87  0.0606652
72  563  0.0248214
73  562  0.0233031
74  87  0.25752
74  561  0.018702
75  86  0.613955
76  85  0.690194
77  84  0.708438
78  83  0.701011
79  108  0.0139439
80  107  0.0139503
81  88  0.0162895
81  106  0.013415
82  87  0.0162634
82  105  0.0133178
83  104  0.0100943
86  94  0.019954
86  100  0.0111528
87  93  0.0289676
87  99  0.458823
88  98  0.455341
88  559  0.0784882
89  97  0.417978
89  558  0.0932072
90  557  0.0945974
91  556  0.0945327
92  555  0.0941402
93  553  0.0114405
96  551  0.129489
97  550  0.138294
98  549  0.200258
99  548  0.205803
100  547  0.206282
101  546  0.1756
102  546  0.0310023
103  545  0.0607978
105  543  0.0843328
105  544  0.0980731
106  542  0.0428078
107  542  0.163734
108  541  0.207771
109  540  0.208402
110  539  0.208794
111  538  0.20825
112  537  0.20684
115  133  0.0618701
116  132  0.0585376
118  129  0.18089
118  573  0.0484078
119  128  0.19306
119  474  0.0201757
119  572  0.0519326
120  127  0.187741
120  473  0.0202681
120  571  0.0519651
121  126  0.101398
121  180  0.023318
121  442  0.0227902
121  472  0.0122387
121  532  0.0223739
121  570  0.0484851
122  179  0.0234192
122  441  0.023338
122  531  0.0224456
122  569  0.0483121
123  178  0.0231582
123  440  0.0234626
123  530  0.019302
123  568  0.0492341
124  177  0.0217389
124  439  0.0232654
124  529  0.0186358
125  438  0.0226992
125  528  0.0211291
125  566  0.0460488
126  174  0.0121385
126  437  0.0210083
126  527  0.0194633
126  565  0.0505063
127  145  0.0670681
127  173  0.0150267
127  564  0.0499111
128  144  0.0675199
128  150  0.148639
129  143  0.0673937
129  149  0.151792
129  587  0.0127337
130  142  0.0619771
130  148  0.158638
130  586  0.0181327
131  140  0.0104308
131  141  0.0556142
131  147  0.158663
132  139  0.0152597
132  146  0.15852
132  584  0.0281652
133  145  0.173978
133  533  0.0982708
133  583  0.0405212
134  144  0.17255
134  145  0.0107877
134  532  0.195178
134  582  0.0394143
134  583  0.0453157
135  144  0.0107624
135  531  0.195603
135  581  0.0379433
135  582  0.0282613
135  586  0.0103499
136  530  0.195339
136  585  0.0104512
137  580  0.183599
138  579  0.214649
139  578  0.223002
140  527  0.0587216
140  528  0.0302008
140  561  0.0452939
140  576  0.0169871
140  577  0.219617
141  526  0.0658857
141  527  0.0298953
141  560  0.069837
141  576  0.218806
142  525  0.0667625
142  526  0.0272952
142  559  0.0734959
142  574  0.347694
143  524  0.0591925
143  558  0.074507
143  573  0.365064
144  557  0.0744789
144  572  0.368701
145  556  0.0741371
145  571  0.368082
146  465  0.823792
147  464  0.834429
148  463  0.835758
150  461  0.842634
151  460  0.855836
152  171  0.0204959
152  414  0.0210061
152  459  0.857098
153  170  0.0247793
153  413  0.0252473
153  458  0.859278
154  169  0.0251517
154  412  0.0256195
154  457  0.859865
155  168  0.0250944
155  456  0.831285
156  167  0.0250118
156  410  0.0260555
157  165  0.0129795
157  166  0.0123384
157  409  0.0264118
157  454  0.45407
158  164  0.0121862
158  408  0.0263957
159  407  0.0254489
159  452  0.852299
159  562  0.06511
160  406  0.0250358
160  451  0.857541
160  561  0.0697613
161  450  0.85676
161  560  0.0698556
162  448  0.85384
162  559  0.069891
163  447  0.847521
163  558  0.0695876
164  403  0.0235682
164  557  0.0692722
165  402  0.0274573
165  445  0.857404
165  556  0.0692239
166  401  0.027491
166  444  0.864977
166  555  0.0637761
167  240  0.0442269
167  400  0.0274144
167  443  0.866841
167  554  0.0143582
168  239  0.0763831
168  399  0.0241588
168  442  0.866799
169  238  0.0765569
169  398  0.0240611
169  441  0.862702
170  237  0.0763729
170  271  0.0236785
171  236  0.071872
171  270  0.0254711
172  269  0.0260231
173  234  0.0762237
173  268  0.0261719
173  412  0.828359
174  233  0.0766525
174  267  0.025974
174  411  0.86134
175  232  0.0766346
175  266  0.0258381
175  410  0.823616
176  231  0.0663202
176  265  0.0255645
176  410  0.0385627
177  264  0.0252703
177  409  0.862674
178  408  0.862476
179  407  0.862669
180  190  0.0576693
180  406  0.856062
181  189  0.0877129
181  245  0.010243
181  404  0.159234
181  405  0.287234
182  188  0.0820325
182  244  0.0106212
182  403  0.151025
183  187  0.0476813
183  402  0.129146
185  241  0.0138353
186  236  0.0113177
186  237  0.0203044
186  240  0.0164527
186  271  0.0184393
186  399  0.0814264
187  236  0.0244835
187  237  0.0240872
187  238  0.0186614
187  239  0.0154113
187  270  0.0212559
187  398  0.0824651
188  236  0.0294661
188  237  0.0187817
188  269  0.0226233
189  234  0.807
189  268  0.022579
190  233  0.861983
190  404  0.010863
191  232  0.859538
191  403  0.0108464
197  226  0.923415
198  225  0.970966
199  224  0.979956
200  223  0.9839
201  222  0.985239
202  221  0.984959
203  220  0.987958
204  219  0.988698
207  216  0.986209
208  215  0.982657
209  214  0.932941
226  242  0.0143936
227  241  0.0144093
228  240  0.0144096
229  242  0.0221592
230  241  0.0221668
231  240  0.0221585
232  239  0.0211188
234  242  0.0102599
238  403  0.512073
239  402  0.53157
240  401  0.42344
241  397  0.26911
241  523  0.0629803
242  396  0.285417
242  402  0.0144392
242  522  0.068581
243  395  0.233612
243  405  0.0544494
243  521  0.0686271
244  267  0.832941
244  404  0.0658194
244  520  0.068667
245  266  0.833625
245  403  0.0658269
245  519  0.0684943
246  256  0.0105604
246  265  0.835071
246  402  0.0654402
246  517  0.0588249
247  255  0.0123772
247  259  0.0456632
247  264  0.83836
247  516  0.0574833
248  258  0.0458945
248  262  0.82375
248  515  0.0512754
249  256  0.0957843
249  261  0.82443
250  255  0.0959846
250  259  0.769435
250  260  0.0792255
251  258  0.763607
252  257  0.653918
265  400  0.0184872
266  398  0.0104689
266  399  0.0154629
266  400  0.013714
266  510  0.0588421
267  396  0.0229955
267  509  0.0640547
268  395  0.0341039
268  398  0.464197
268  508  0.0646164
269  394  0.0360653
269  397  0.462945
269  507  0.0642969
270  393  0.0327643
270  396  0.452345
270  506  0.0634361
271  393  0.0125303
271  394  0.0332532
271  505  0.05998
272  395  0.0111334
273  392  0.948323
274  391  0.998265
275  390  0.998954
276  389  0.996864
277  388  0.998623
278  387  0.998565
279  386  0.545949
280  386  0.427533
281  301  0.035933
281  385  0.854708
282  384  0.855008
283  299  0.832874
283  383  0.0728612
284  298  0.955667
285  297  0.973934
286  296  0.994594
287  295  0.994612
288  294  0.982293
301  308  0.0244732
302  307  0.0308276
302  319  0.0291966
302  374  0.017608
302  383  0.786493
303  318  0.0292026
303  373  0.0176354
303  382  0.393975
304  317  0.0293172
304  372  0.017645
304  381  0.246389
304  383  0.0318917
305  316  0.0288386
305  371  0.0167114
305  380  0.600694
305  381  0.211724
306  315  0.0272619
306  380  0.248543
307  379  0.326719
308  379  0.291204
309  378  0.940449
310  377  0.940996
311  353  0.0481126
311  376  0.908025
312  352  0.0631163
312  375  0.881708
313  351  0.101257
314  350  0.101473
315  349  0.059425
316  348  0.0176568
316  349  0.0547469
317  346  0.253078
317  348  0.135574
318  345  0.412344
318  347  0.46046
319  346  0.460073
320  343  0.646866
320  345  0.350822
321  342  0.714247
321  344  0.270214
322  341  0.969396
323  340  0.989932
324  339  0.999796
325  338  0.999613
326  337  0.999927
327  336  0.998824
328  335  0.988169
345  375  0.0100641
345  384  0.0210377
346  374  0.168958
346  383  0.0282043
347  382  0.028211
348  372  0.808425
349  371  0.831011
349  374  0.0105079
350  370  0.845588
350  373  0.0104743
350  379  0.0239378
351  369  0.849827
351  378  0.0288072
352  368  0.849723
352  372  0.0113453
352  377  0.0287883
353  367  0.827315
353  371  0.0121291
354  367  0.0134843
355  365  0.782446
355  366  0.0252932
355  369  0.0234974
355  374  0.103706
356  363  0.0114641
356  364  0.718746
356  373  0.103784
357  365  0.0138709
357  368  0.0414341
357  372  0.103378
358  367  0.0433117
358  371  0.0984948
359  366  0.0423673
363  368  0.023159
395  502  0.0237163
396  501  0.0398026
397  499  0.0706197
398  498  0.072889
398  552  0.017494
399  497  0.0732879
399  551  0.0176854
400  496  0.0733454
400  550  0.0177083
401  495  0.0634907
401  549  0.0175809
402  494  0.0345868
403  494  0.0382809
403  547  0.0174715
404  493  0.0668902
404  546  0.0174666
405  492  0.060762
406  488  0.0532538
406  491  0.0169494
406  544  0.0173692
407  487  0.071601
407  543  0.0173566
408  486  0.0721796
408  542  0.0172691
409  485  0.0722575
409  541  0.0172135
410  484  0.0731903
412  483  0.0716584
413  482  0.0707413
414  481  0.05905
416  433  0.845829
417  432  0.968735
418  431  0.977803
419  430  0.981213
420  429  0.979908
441  463  0.0122154
441  475  0.0764275
442  462  0.0122811
442  474  0.0767886
443  461  0.0122791
443  473  0.076781
444  460  0.0113518
444  472  0.0617746
445  454  0.0842127
446  453  0.0841441
447  452  0.0682782
457  469  0.0897613
458  468  0.0897722
459  467  0.0895916
460  466  0.0892994
461  465  0.070216
465  559  0.0163898
466  558  0.0326547
467  557  0.0212109
467  561  0.105017
467  563  0.076263
468  523  0.0129364
468  556  0.0268956
468  560  0.139395
468  562  0.116291
469  522  0.0141983
469  529  0.0336575
469  555  0.0537945
469  559  0.141766
469  561  0.118964
470  488  0.555682
470  558  0.0189023
471  487  0.81648
472  485  0.0170323
472  486  0.814394
473  484  0.0418786
473  583  0.0147145
474  483  0.041797
474  484  0.821247
475  482  0.0400957
475  483  0.820725
476  481  0.0351545
476  482  0.733802
476  580  0.0147558
477  481  0.36721
477  579  0.0146408
478  578  0.0145289
480  575  0.0106104
481  574  0.0102338
483  572  0.0153103
484  571  0.0153251
485  570  0.0138141
486  569  0.0119146
487  529  0.0382881
488  525  0.0183429
488  528  0.0398126
489  525  0.0140098
489  527  0.0364404
490  523  0.618631
490  526  0.0204266
491  522  0.728859
491  525  0.0116085
492  521  0.773005
493  520  0.786031
493  586  0.11131
494  519  0.786079
494  585  0.111386
495  517  0.190426
495  518  0.596268
495  584  0.111313
496  516  0.783207
496  583  0.111288
497  515  0.778076
497  582  0.10849
498  581  0.070416
499  511  0.820735
500  510  0.908486
501  509  0.90852
502  508  0.862135
512  575  0.0750584
513  574  0.0840585
514  573  0.0851644
515  572  0.0852023
516  571  0.0853197
517  570  0.0835026
518  569  0.0796932
519  564  0.0648842
519  573  0.0243838
519  586  0.0177466
520  563  0.06541
520  572  0.0255401
520  585  0.0177898
521  562  0.0584811
521  584  0.0177835
522  570  0.0102284
522  583  0.0177931
523  569  0.0274796
523  582  0.0174918
524  568  0.0282933
525  567  0.0261068
530  539  0.42183
530  554  0.24139
530  573  0.0122348
531  538  0.423235
531  553  0.242632
531  572  0.0124391
532  537  0.407405
532  552  0.242662
532  571  0.0124092
533  551  0.240219
534  550  0.234726
535  545  0.0142189
535  549  0.196231
536  544  0.0172534
536  545  0.0128452
536  549  0.0159056
537  543  0.0171493
537  544  0.0134865
537  547  0.108483
538  543  0.0120637
538  547  0.111158
538  564  0.0130367
539  546  0.217549
539  563  0.0129905
540  545  0.19412
542  558  0.41957
543  557  0.467699
544  556  0.469243
545  555  0.468433
546  554  0.472801
547  552  0.219601
547  553  0.273011
557  564  0.0515042
558  563  0.0516556
561  583  0.0107275
562  567  0.0305369
562  582  0.0106635
564  571  0.0148776
565  570  0.0101018
567  576  0.0112664
567  590  0.0794089
568  575  0.0140666
568  589  0.0864612
569  574  0.0128707
569  588  0.0874815
570  584  0.0118283
570  587  0.0877759
571  583  0.01437
571  586  0.0859086
572  582  0.0119816
573  584  0.0547756
