2  268  0.0109475
3  267  0.0110479
4  267  0.0686291
5  266  0.0762603
5  271  0.040947
6  108  0.122906
6  265  0.0783081
6  270  0.0439579
7  107  0.123788
8  105  0.249997
9  104  0.352744
10  103  0.352976
10  271  0.577483
11  102  0.353153
11  270  0.615841
12  101  0.351921
12  269  0.604198
13  100  0.351592
14  99  0.285072
14  267  0.545651
15  266  0.622008
15  271  0.0105096
16  22  0.234543
16  265  0.62347
16  270  0.0113056
17  264  0.6149
18  104  0.0348809
18  263  0.569492
18  267  0.0138754
19  103  0.0428454
19  266  0.0139267
20  101  0.0235887
20  102  0.0443675
20  265  0.0139803
21  100  0.0245926
21  101  0.0636968
21  264  0.0139158
22  104  0.0202205
22  263  0.0134791
23  99  0.0675244
23  103  0.0201819
24  102  0.0169082
25  98  0.991058
26  97  0.996508
27  96  0.997532
28  95  0.9968
29  94  0.997038
30  93  0.998589
31  92  0.999918
32  91  0.999907
33  90  0.996939
34  89  0.989679
35  74  0.0168124
36  73  0.0199065
37  72  0.011988
39  72  0.714725
40  71  0.995783
41  70  0.996139
42  69  0.993946
43  68  0.989301
46  60  0.025884
46  67  0.0182504
47  59  0.0259112
47  64  0.221181
47  66  0.0186276
48  58  0.0247648
48  62  0.496376
48  63  0.208303
49  61  0.230504
50  60  0.189965
50  61  0.735575
51  60  0.732242
73  88  0.94169
74  87  0.370494
75  86  0.408422
76  85  0.996371
77  84  0.995296
78  83  0.981294
101  254  0.012012
102  117  0.0170013
102  251  0.0113594
102  253  0.0125688
102  261  0.500953
102  263  0.0137619
103  116  0.0170673
103  250  0.0112143
103  252  0.0119361
103  260  0.500725
103  262  0.0105837
104  115  0.0180032
104  249  0.0112307
104  259  0.499769
105  113  0.0683215
105  114  0.0140956
105  116  0.0127339
105  248  0.0103698
105  258  0.373307
105  260  0.1255
106  112  0.0891369
106  115  0.152892
106  259  0.155039
106  265  0.0334155
107  111  0.0374747
107  112  0.0262676
107  114  0.148232
107  247  0.0185626
107  256  0.0350338
107  257  0.0458648
107  258  0.15464
107  264  0.0360053
108  246  0.0199757
108  263  0.0367783
111  243  0.0206206
111  254  0.311306
112  242  0.0207431
112  253  0.315272
112  267  0.0216544
113  241  0.0182077
113  266  0.0226334
114  240  0.0158231
114  254  0.174809
115  123  0.0101275
115  239  0.0107876
115  251  0.0282907
115  253  0.18726
116  122  0.0120731
116  251  0.700277
116  263  0.0677997
116  271  0.0262953
117  238  0.0127596
117  249  0.0305207
117  250  0.698811
117  255  0.0370044
117  262  0.0679462
117  270  0.0269976
118  236  0.0108013
118  254  0.0238861
118  261  0.0642427
119  235  0.0149598
120  234  0.0188458
120  247  0.737377
120  252  0.0917067
120  272  0.0428156
121  233  0.0188796
121  246  0.763847
121  251  0.109028
121  266  0.0249991
121  271  0.0490075
122  232  0.0188622
122  245  0.763586
122  250  0.108124
122  265  0.0254406
122  270  0.0492464
123  231  0.0188108
123  244  0.681818
123  247  0.010779
123  249  0.0903996
123  264  0.0254194
123  269  0.0487048
124  243  0.0371255
124  246  0.0223429
124  263  0.0253939
125  228  0.0185228
125  245  0.022121
125  262  0.0246409
126  227  0.0185097
127  136  0.0139362
127  226  0.0184712
127  244  0.0459656
127  245  0.0165682
128  135  0.0138672
128  243  0.0142965
128  267  0.0601073
129  134  0.0132839
129  198  0.826941
129  266  0.0689623
130  197  0.890978
130  265  0.0699224
131  196  0.89077
131  264  0.0698929
132  195  0.894835
132  263  0.0697732
133  194  0.894818
133  261  0.0695941
134  193  0.885442
134  260  0.0693675
135  192  0.838666
135  259  0.0664734
136  181  0.848117
136  187  0.0252375
137  180  0.848658
137  186  0.0256934
138  179  0.694868
138  185  0.0257189
138  258  0.0454194
139  178  0.0745064
139  184  0.0241248
139  257  0.0771373
140  179  0.156941
140  256  0.0844368
141  178  0.807184
141  255  0.085495
142  177  0.886475
142  254  0.085192
143  176  0.901579
143  253  0.0853253
144  175  0.901843
144  252  0.0845294
145  174  0.903786
146  173  0.89961
146  250  0.0815047
147  171  0.113778
147  249  0.0815675
148  170  0.0693047
148  171  0.704406
148  248  0.0680027
149  169  0.0213816
149  170  0.868172
149  247  0.0343032
150  169  0.923401
151  168  0.884725
153  168  0.0274552
154  165  0.946016
154  167  0.0390579
155  164  0.944648
155  166  0.0390149
156  163  0.903576
156  165  0.0382583
166  246  0.0205975
167  245  0.0205972
168  244  0.0184557
171  246  0.0608086
172  245  0.060672
174  199  0.0801207
175  198  0.0895607
176  197  0.0904276
177  196  0.0902858
178  195  0.090717
179  194  0.0906995
180  192  0.0703395
181  192  0.0142582
182  190  0.954215
183  189  0.944582
201  243  0.804108
202  242  0.972879
203  241  0.970889
204  240  0.953924
205  239  0.95138
206  238  0.17918
207  238  0.755064
208  236  0.0243228
208  237  0.772648
209  235  0.0206576
209  236  0.726364
209  237  0.0821195
210  235  0.504925
210  236  0.0993892
210  237  0.0482232
211  235  0.112277
211  236  0.0531663
212  234  0.0623542
213  234  0.880282
214  233  0.980773
215  232  0.980882
216  231  0.980801
217  230  0.965306
220  227  0.940115
221  226  0.976279
252  266  0.0429465
253  259  0.040367
253  265  0.0539298
254  258  0.0170305
254  259  0.0207975
254  264  0.0541181
255  263  0.0536317
