2  89  0.0387406
2  872  0.142789
3  88  0.091225
3  870  0.398844
3  871  0.301658
4  47  0.0123151
4  87  0.0988972
4  869  0.401499
4  870  0.322961
5  46  0.0134007
5  86  0.0989204
5  868  0.406569
5  869  0.308378
6  45  0.014824
6  85  0.0990011
6  867  0.400613
6  868  0.195751
7  44  0.0148034
7  66  0.0218565
7  84  0.047409
7  866  0.37961
7  872  0.0402933
8  43  0.0145123
8  65  0.0307802
8  83  0.0445172
8  865  0.0771194
8  870  0.0157828
8  871  0.09512
9  64  0.0308717
9  82  0.0955308
9  757  0.0177787
9  869  0.0154863
9  870  0.102327
10  80  0.0474001
10  756  0.0169481
10  868  0.0144192
10  869  0.0967677
11  40  0.0114452
11  60  0.785849
11  79  0.0465242
11  868  0.0124029
12  59  0.869198
12  78  0.0305231
13  58  0.880443
14  57  0.8816
14  78  0.022532
15  38  0.0121522
15  56  0.886834
15  77  0.0513836
16  37  0.0125616
16  54  0.897502
16  76  0.0535641
17  36  0.0126346
17  53  0.898829
17  75  0.0537667
18  31  0.0410092
18  35  0.0121027
18  52  0.881992
18  74  0.047552
19  30  0.041292
19  51  0.881901
19  73  0.0474801
20  29  0.0494954
20  32  0.0101808
20  50  0.866597
21  28  0.0516681
21  31  0.0105731
24  48  0.787841
25  47  0.845354
26  46  0.853648
27  45  0.854957
27  52  0.0218195
27  72  0.0102634
28  44  0.832056
28  51  0.0218114
28  71  0.010265
29  44  0.0215832
30  35  0.0130947
30  42  0.0915562
30  43  0.480048
32  41  0.765401
32  66  0.0201962
33  40  0.772772
33  46  0.0635163
33  65  0.0264963
34  39  0.478764
34  45  0.0740822
34  64  0.0265165
35  44  0.0742099
35  63  0.0265055
36  43  0.0805552
38  59  0.0117311
39  58  0.0121361
39  59  0.015799
40  57  0.0123044
40  58  0.0160607
43  53  0.0392824
44  52  0.0412337
45  51  0.0410406
48  868  0.011498
49  867  0.015003
50  866  0.0164469
51  865  0.0169576
52  864  0.0169241
58  757  0.0420868
59  756  0.042944
60  755  0.0484729
61  754  0.0568337
62  753  0.0573678
63  72  0.0902545
63  752  0.0579567
63  865  0.75135
64  71  0.0903069
64  751  0.0399633
64  864  0.773977
65  70  0.0869859
65  751  0.0252908
65  863  0.773873
66  749  0.0139937
66  750  0.0453011
66  862  0.604923
67  748  0.0156433
67  749  0.0435473
68  860  0.0135659
69  747  0.256793
69  860  0.0104992
70  183  0.0165237
70  746  0.759844
70  859  0.0105153
71  182  0.0231606
71  745  0.83084
71  858  0.0108156
72  181  0.0231855
72  744  0.831189
72  857  0.011725
73  180  0.0232116
73  743  0.831348
74  179  0.0232098
74  742  0.831347
74  855  0.0106701
75  178  0.0209777
75  741  0.830136
75  854  0.0106073
76  177  0.0189862
76  740  0.768384
76  853  0.0103736
77  739  0.709252
78  494  0.0314334
78  738  0.578059
79  493  0.0417823
79  736  0.127255
80  117  0.0301779
80  492  0.0416663
80  735  0.0588516
81  116  0.0686086
81  491  0.0406982
81  494  0.300259
81  734  0.0563945
81  737  0.273112
82  115  0.0686369
82  493  0.310149
82  733  0.122008
82  736  0.273685
83  114  0.0315031
83  127  0.0177541
83  492  0.309693
83  732  0.114257
83  735  0.124549
84  113  0.0317555
84  126  0.0721885
84  490  0.0419815
84  491  0.305864
84  730  0.012173
84  731  0.0393036
84  734  0.111485
85  112  0.068764
85  125  0.0722239
85  489  0.349724
85  733  0.241596
86  111  0.0683703
86  124  0.0713554
86  488  0.349282
86  732  0.209205
87  110  0.0677499
87  123  0.0709101
87  487  0.348376
87  732  0.0147363
88  105  0.0789541
88  459  0.183243
88  726  0.296529
89  104  0.140689
89  458  0.344086
89  725  0.31847
89  829  0.0164129
90  104  0.0301779
90  457  0.34479
90  724  0.318644
90  828  0.0173749
90  865  0.0828252
91  102  0.149319
91  103  0.0288772
91  456  0.345246
91  723  0.319131
91  827  0.0180357
91  864  0.0830257
92  101  0.151939
92  102  0.0265278
92  455  0.344889
92  722  0.319031
92  826  0.0180433
92  863  0.0829864
93  100  0.12046
93  362  0.235071
93  454  0.0886866
93  721  0.257167
93  825  0.0180289
93  862  0.0643016
94  361  0.327321
94  824  0.0180184
95  101  0.0125328
95  110  0.0129347
95  191  0.0110657
95  360  0.34638
95  810  0.0121941
95  823  0.0179846
96  109  0.0129739
96  190  0.0100978
96  359  0.340501
96  718  0.0119905
96  809  0.0118793
96  822  0.0164151
97  108  0.0110743
97  808  0.0100137
97  811  0.0186432
97  821  0.0114717
97  856  0.0117053
98  716  0.0452997
98  810  0.0208768
98  855  0.0117964
99  106  0.0107311
99  356  0.343705
99  715  0.045094
99  717  0.0117661
99  809  0.0213205
99  854  0.0115858
100  105  0.0107573
100  355  0.347087
100  714  0.0317595
100  716  0.0120897
100  808  0.0210559
100  853  0.0100589
101  130  0.0525527
101  138  0.0150727
101  354  0.346996
101  715  0.0105047
101  807  0.0183047
102  129  0.0696262
102  137  0.0152749
102  353  0.346159
102  525  0.0452226
102  806  0.0122007
103  128  0.241099
103  136  0.0155872
103  524  0.0454557
103  784  0.014916
103  786  0.0366737
104  127  0.282558
104  135  0.0155817
104  351  0.345046
104  523  0.0456188
104  783  0.0150303
104  785  0.0392722
105  126  0.284468
105  350  0.347049
105  522  0.0402446
105  784  0.0435099
106  125  0.274985
106  349  0.347889
106  782  0.0350434
106  783  0.0293151
107  124  0.117086
107  348  0.34748
107  781  0.0422976
107  782  0.0230198
108  347  0.348102
108  780  0.0748096
109  123  0.0113209
109  124  0.139784
109  346  0.346666
109  779  0.0747703
110  345  0.333269
110  778  0.0748171
111  122  0.51687
111  777  0.0745178
112  121  0.522239
113  120  0.526328
113  342  0.254082
113  775  0.0740862
114  119  0.526525
114  341  0.267852
114  774  0.0749831
115  295  0.0131444
115  340  0.271116
115  773  0.0749996
116  294  0.01314
116  339  0.270931
116  772  0.0749872
117  155  0.0682209
117  299  0.149898
117  303  0.013228
117  771  0.0644693
118  154  0.086651
118  298  0.175699
118  302  0.0135042
118  770  0.0565665
119  153  0.0920744
119  198  0.0948468
119  297  0.180939
119  301  0.0135501
119  768  0.0232995
120  152  0.0922413
120  197  0.095571
120  296  0.179344
120  724  0.0102174
120  767  0.0158624
121  141  0.0414066
121  151  0.0923056
121  188  0.0113068
121  196  0.0957271
121  723  0.0131032
122  140  0.0419129
122  150  0.0922311
122  187  0.0113558
122  195  0.0957197
122  294  0.178352
122  722  0.01349
123  132  0.0632302
123  133  0.0893624
123  138  0.0160633
123  139  0.0335722
123  186  0.0113016
123  194  0.0918108
123  293  0.180203
123  519  0.0368881
123  520  0.0105015
123  721  0.0155997
124  131  0.064771
124  132  0.0894293
124  137  0.0170904
124  138  0.0333208
124  185  0.0105992
124  341  0.0156503
124  518  0.018912
124  519  0.0104669
124  720  0.0165359
125  130  0.0491552
125  131  0.0809649
125  136  0.0478706
125  182  0.0194923
125  192  0.0899818
125  291  0.180091
125  340  0.0171015
125  517  0.0245846
126  135  0.0481932
126  181  0.0195683
126  191  0.0924633
126  290  0.180096
126  339  0.0171349
126  516  0.0483689
127  180  0.0195838
127  190  0.0752333
127  289  0.180074
127  338  0.015772
127  515  0.0482894
128  179  0.014467
128  189  0.0620398
128  288  0.12614
128  337  0.0148494
128  514  0.048276
129  188  0.0394734
129  513  0.0479532
129  714  0.252583
130  177  0.0163413
130  187  0.0382287
130  188  0.0171138
130  286  0.174153
130  713  0.324213
131  187  0.0170781
131  285  0.173853
131  712  0.357033
132  141  0.0952383
132  283  0.0630373
132  510  0.0484842
132  711  0.357287
132  850  0.0179498
133  140  0.0960853
133  174  0.11526
133  283  0.0479292
133  342  0.0375916
133  509  0.0484975
133  710  0.357349
133  849  0.0188762
134  139  0.0859224
134  173  0.118028
134  341  0.0393276
134  508  0.0484626
134  709  0.357138
134  848  0.0189464
135  149  0.0903443
135  172  0.118696
135  340  0.0395998
135  507  0.0484403
135  708  0.3573
135  847  0.0190072
136  148  0.0900643
136  171  0.115691
136  279  0.110474
136  339  0.0395355
136  506  0.0482215
136  707  0.354818
136  846  0.0190071
137  147  0.0640934
137  170  0.0934024
137  278  0.109479
137  706  0.121101
137  845  0.0189477
138  147  0.0208265
138  170  0.0129837
138  171  0.0372848
138  277  0.105968
138  503  0.0433614
138  689  0.0111245
138  706  0.178141
138  844  0.0188625
139  170  0.0206714
139  276  0.104721
139  502  0.0429096
139  688  0.0112151
139  705  0.174265
139  843  0.0186186
140  145  0.0791046
140  169  0.141185
140  192  0.0161298
140  275  0.101069
140  703  0.0659694
140  704  0.151228
140  842  0.0161723
141  168  0.252446
141  500  0.0366687
141  594  0.0217334
141  684  0.0205595
141  702  0.0684031
141  703  0.0862207
141  841  0.012787
142  167  0.252663
142  190  0.186843
142  499  0.0304696
142  593  0.0240554
142  683  0.0209398
143  166  0.119051
143  189  0.235072
143  498  0.0183618
143  592  0.0250306
143  682  0.021002
143  701  0.023596
144  164  0.0250189
144  188  0.234616
144  271  0.0178362
144  591  0.0248616
144  681  0.0209678
144  700  0.0585173
145  163  0.0252671
145  164  0.230467
145  187  0.228344
145  188  0.174406
145  270  0.0177377
145  679  0.0202963
146  162  0.025238
146  163  0.232301
146  187  0.183585
146  589  0.0239877
146  678  0.0197274
147  161  0.0127342
147  186  0.480511
147  299  0.0303163
148  161  0.26359
148  185  0.480631
148  298  0.0465056
148  587  0.0259178
149  160  0.276179
149  184  0.480616
149  297  0.0497729
149  586  0.0266593
149  675  0.0206654
150  159  0.275809
150  183  0.479117
150  296  0.0500299
150  585  0.0248612
150  674  0.0208385
151  158  0.226255
151  182  0.479694
151  295  0.0501797
151  673  0.0208898
152  157  0.0317278
152  181  0.479208
152  294  0.0498038
152  672  0.0208631
153  180  0.479139
153  293  0.0479218
153  671  0.020748
154  179  0.38019
154  292  0.0164521
154  670  0.0192292
155  581  0.0379356
156  177  0.316067
156  294  0.0121494
156  580  0.0202901
157  176  0.470441
157  293  0.0346535
157  295  0.0264849
157  552  0.0134051
157  579  0.0250201
158  175  0.475905
158  294  0.0166321
158  551  0.0134145
158  578  0.046232
159  174  0.476089
159  292  0.0913075
159  294  0.0176484
159  550  0.0134203
159  577  0.0464648
160  172  0.442249
160  173  0.0305362
160  182  0.0127905
160  291  0.118744
160  293  0.0246237
160  549  0.0129792
160  576  0.0465795
161  170  0.0240886
161  171  0.450547
161  181  0.0128674
161  290  0.11877
161  292  0.0246297
161  575  0.0465795
162  169  0.0361227
162  180  0.0140261
162  289  0.118987
162  291  0.0247804
162  574  0.0464643
163  168  0.034866
163  169  0.421862
163  546  0.0120576
163  573  0.0462438
164  168  0.34936
164  178  0.0459583
164  287  0.133795
164  289  0.0260278
164  545  0.011195
164  554  0.0224442
165  177  0.025183
165  286  0.130231
165  288  0.026039
165  544  0.0108989
165  553  0.0233739
166  176  0.0290156
166  287  0.026096
166  552  0.0237886
167  175  0.0506602
167  284  0.134463
167  286  0.0256284
167  551  0.0237796
168  174  0.0505568
168  283  0.135005
168  285  0.0251472
168  550  0.0235434
169  282  0.132711
169  284  0.0218827
171  178  0.0365246
171  702  0.0112944
172  177  0.0364551
172  277  0.174518
172  701  0.0113805
173  276  0.175757
173  700  0.010253
173  705  0.0101678
174  275  0.175959
174  704  0.0100388
176  273  0.182343
177  272  0.193144
177  545  0.0276379
178  270  0.205437
178  271  0.0967711
178  544  0.0276769
179  269  0.342108
179  545  0.0158141
180  268  0.342159
180  543  0.0656282
181  267  0.342559
181  542  0.0765988
182  266  0.342567
182  541  0.0769791
183  265  0.341977
183  540  0.077053
183  866  0.0152072
184  264  0.342564
184  539  0.0774636
184  865  0.0407966
185  263  0.341586
185  537  0.0159126
185  538  0.0621919
185  864  0.0408509
186  536  0.0312326
186  537  0.0468322
186  863  0.0408501
187  260  0.218928
187  261  0.128967
187  532  0.0270887
187  535  0.0460341
187  862  0.040641
188  259  0.228013
188  260  0.120427
188  531  0.0276316
188  534  0.0460601
188  861  0.0405456
189  258  0.232925
189  530  0.0310593
189  533  0.0428407
190  241  0.0106951
190  529  0.0344595
190  555  0.044094
190  761  0.0408571
191  240  0.0155343
191  242  0.0555173
191  256  0.0138169
191  257  0.0251227
191  528  0.0340962
191  530  0.0378473
191  554  0.181057
191  760  0.0542935
192  217  0.0107936
192  239  0.0155073
192  241  0.0558039
192  255  0.013581
192  527  0.0340616
192  529  0.0408454
192  553  0.18155
192  577  0.0139909
192  759  0.0541132
192  761  0.0299546
193  216  0.0147267
193  238  0.0153408
193  240  0.0560768
193  254  0.0123047
193  256  0.321364
193  528  0.0414626
193  552  0.182061
193  576  0.0330582
193  760  0.0412264
194  215  0.0147252
194  237  0.0151853
194  239  0.0560224
194  255  0.321943
194  526  0.0858777
194  527  0.0207866
194  551  0.181706
194  575  0.033066
194  758  0.088692
194  759  0.020674
195  214  0.0148236
195  238  0.0552995
195  254  0.322279
195  525  0.110542
195  574  0.0332933
195  757  0.114827
196  213  0.0148175
196  240  0.0100802
196  253  0.31955
196  524  0.110582
196  549  0.180811
196  573  0.0332968
196  756  0.114987
197  212  0.0143516
197  235  0.0119717
197  236  0.0423564
197  239  0.0105347
197  252  0.296998
197  523  0.110472
197  548  0.180252
197  572  0.0332713
197  755  0.115143
198  234  0.0138653
198  238  0.0169442
198  240  0.0130428
198  522  0.11041
198  547  0.175785
198  754  0.115132
199  210  0.0108733
199  233  0.0138261
199  521  0.102637
199  546  0.153698
199  570  0.0330507
199  753  0.115229
200  231  0.0892803
200  569  0.0330944
200  752  0.115088
201  230  0.0949324
201  235  0.014929
201  239  0.0263657
201  241  0.0563903
201  568  0.0325333
201  751  0.0571214
202  229  0.0968819
202  234  0.0160342
202  238  0.053859
202  240  0.0748527
202  518  0.0279103
202  519  0.062656
202  750  0.0530003
202  757  0.0100638
203  228  0.0968421
203  233  0.0156969
203  517  0.0280071
203  518  0.0604463
203  566  0.0325593
203  749  0.107023
204  227  0.0909188
204  232  0.0146733
204  236  0.0877094
204  516  0.0226462
204  565  0.0312873
205  226  0.0902133
205  235  0.0927606
205  516  0.0383288
205  562  0.0100388
205  564  0.019849
205  747  0.0317436
206  225  0.0947789
206  234  0.091998
206  515  0.0470983
206  517  0.0364292
206  561  0.0256068
206  746  0.0350783
207  224  0.0906654
207  239  0.0108036
207  241  0.0659304
207  514  0.0445299
207  516  0.0411394
207  560  0.0271772
208  233  0.150493
208  238  0.0218986
208  240  0.0868593
208  494  0.221437
208  515  0.0115894
208  559  0.0275212
208  745  0.0943386
209  223  0.0618664
209  232  0.156106
209  237  0.0218908
209  239  0.0867175
209  493  0.229124
209  558  0.0275283
209  744  0.0943122
210  230  0.403664
210  236  0.0104895
210  492  0.228921
210  513  0.103196
210  557  0.0185831
211  221  0.0469284
211  222  0.0137235
211  229  0.503154
211  491  0.229643
211  512  0.128916
212  220  0.0637497
212  221  0.01369
212  228  0.503642
212  490  0.229599
212  511  0.130999
213  219  0.0216454
213  227  0.503851
213  489  0.229641
213  510  0.13127
214  219  0.0664625
214  226  0.503049
214  487  0.229587
214  509  0.131264
215  225  0.495623
215  486  0.229096
215  507  0.125816
216  223  0.47788
216  485  0.229081
216  506  0.131551
217  222  0.313759
217  505  0.128377
218  504  0.125717
219  238  0.244215
220  237  0.244261
220  503  0.121778
221  236  0.243508
221  502  0.125259
222  235  0.244225
222  501  0.0373757
223  234  0.244695
223  500  0.0400724
224  233  0.244659
224  499  0.13083
225  232  0.234661
225  498  0.131181
226  231  0.0903419
226  497  0.1313
227  496  0.13097
228  495  0.082926
229  495  0.0443022
230  494  0.0446237
231  492  0.0780842
231  493  0.0307089
232  238  0.0745587
232  491  0.0924983
232  757  0.0124383
233  237  0.0284241
234  755  0.0212292
235  754  0.0248189
236  746  0.0168787
236  753  0.0251955
237  245  0.0111001
237  486  0.13085
237  556  0.028581
237  743  0.102619
237  745  0.0206453
237  752  0.0255319
238  244  0.0109751
238  246  0.0141436
238  485  0.13222
238  555  0.0286163
238  742  0.102667
238  744  0.0206486
238  751  0.025579
239  245  0.0154869
239  554  0.0255332
239  741  0.102715
239  743  0.020654
239  750  0.0233459
240  244  0.01257
240  483  0.411175
240  740  0.10269
240  742  0.0204879
241  482  0.415568
241  748  0.025261
242  251  0.30166
242  481  0.416078
242  739  0.113948
242  747  0.0258905
243  250  0.317447
243  480  0.415513
243  497  0.0477675
243  738  0.112264
243  746  0.02586
244  249  0.283129
244  479  0.416261
244  496  0.0478386
244  737  0.110658
244  745  0.0259042
245  478  0.415931
245  495  0.0471405
245  736  0.110259
245  744  0.025902
246  463  0.392375
246  743  0.0243711
247  462  0.396572
248  461  0.376833
248  494  0.181808
249  493  0.210804
250  459  0.414073
250  492  0.21132
251  458  0.417506
251  491  0.211646
252  457  0.417416
252  490  0.211591
253  456  0.417529
253  489  0.211646
254  455  0.417379
254  487  0.211546
255  454  0.286405
255  486  0.211433
256  485  0.210421
257  484  0.161753
258  483  0.0906501
258  484  0.0467368
259  440  0.0314948
259  483  0.0919488
260  439  0.0337422
260  481  0.012305
261  297  0.397557
261  438  0.0337674
261  481  0.163997
262  296  0.40995
262  299  0.013276
262  437  0.0337446
262  480  0.176837
263  295  0.411763
263  298  0.0185039
263  436  0.0337579
263  479  0.176982
264  294  0.411756
264  297  0.0192912
264  435  0.033736
264  478  0.176962
265  293  0.390999
265  296  0.0200741
265  377  0.0281935
265  477  0.173372
266  291  0.370807
266  293  0.0247739
266  295  0.0202245
266  376  0.0347584
266  476  0.169311
267  290  0.370835
267  292  0.0456392
267  294  0.0202253
267  375  0.0347857
267  475  0.169096
268  289  0.373532
268  291  0.0757605
268  293  0.0704326
268  374  0.0366648
268  474  0.0368031
269  288  0.373504
269  290  0.0757828
269  292  0.0704662
269  330  0.0374737
269  373  0.0366678
270  287  0.348028
270  289  0.0750717
270  291  0.0702977
270  329  0.0412079
270  372  0.0366855
270  471  0.0107119
271  287  0.0930902
271  289  0.069484
271  328  0.041971
271  371  0.0366855
271  470  0.012314
272  285  0.210246
272  286  0.107709
272  288  0.0683879
272  327  0.0419363
272  370  0.0365929
272  469  0.0115427
273  326  0.0414281
273  369  0.0343608
274  325  0.0364604
274  368  0.0258331
275  283  0.109641
275  285  0.0740078
275  342  0.0394314
276  323  0.0139185
276  341  0.0395201
277  303  0.0228478
277  322  0.0136149
277  340  0.0390884
278  302  0.022873
279  300  0.0114052
279  320  0.0406318
280  299  0.0124706
280  300  0.029456
280  319  0.0406714
281  298  0.0124307
281  299  0.0300608
281  300  0.0121583
281  318  0.0404419
282  298  0.0279713
282  299  0.0134591
282  317  0.039919
283  298  0.0128409
284  296  0.0118702
285  296  0.0675782
285  314  0.0366196
286  295  0.0777582
286  313  0.0366886
287  294  0.0805802
288  293  0.0794361
288  311  0.0115195
289  310  0.0352912
289  564  0.0139041
290  307  0.0369227
290  563  0.01619
291  306  0.0371679
291  562  0.0161912
292  305  0.0371731
292  561  0.0143022
293  304  0.037206
294  303  0.0356939
294  470  0.0872492
295  301  0.034043
295  469  0.0873395
295  558  0.0187016
296  468  0.0500981
296  557  0.0186958
297  467  0.0461237
297  556  0.0187069
298  466  0.0799996
298  555  0.0130511
299  465  0.0565207
300  339  0.0158883
300  553  0.0183441
301  338  0.799947
301  461  0.0363806
301  552  0.018597
302  337  0.80421
302  460  0.0383895
302  551  0.0185926
303  336  0.804927
303  459  0.0385181
303  550  0.018595
304  334  0.91293
304  549  0.0163675
305  333  0.383653
305  548  0.0134503
306  332  0.387479
307  331  0.917621
308  330  0.350594
309  329  0.351575
309  497  0.0132044
310  328  0.919355
310  496  0.0132095
311  327  0.915445
311  495  0.0132023
312  326  0.874823
312  494  0.0132032
313  493  0.0132152
314  321  0.0276543
314  492  0.013192
315  320  0.0347376
315  323  0.676756
315  324  0.135835
315  325  0.0135395
315  491  0.0132105
316  322  0.668511
316  323  0.136184
316  324  0.0141429
316  490  0.0131948
317  321  0.388628
317  489  0.0112037
329  465  0.0130868
330  464  0.0173624
331  463  0.0173906
333  470  0.0352512
334  469  0.0352949
335  459  0.0203821
335  468  0.0328159
336  458  0.0706604
336  467  0.014784
337  457  0.0706879
338  456  0.0685442
339  453  0.590004
340  452  0.591384
341  451  0.206578
342  450  0.203742
343  449  0.58732
344  448  0.562205
345  447  0.489862
347  366  0.605338
348  365  0.629296
349  364  0.629213
350  363  0.290069
351  362  0.289948
351  458  0.0101507
352  361  0.629519
352  457  0.0102151
353  360  0.585575
353  456  0.0103022
354  455  0.0103012
363  453  0.35838
364  452  0.359345
365  451  0.360397
366  450  0.357373
367  449  0.334902
369  447  0.376589
370  446  0.961773
371  445  0.962231
372  444  0.96221
373  443  0.962231
374  442  0.96223
375  441  0.962212
376  439  0.319719
376  440  0.642499
377  438  0.638726
377  439  0.321396
378  437  0.957827
379  427  0.0259654
379  436  0.959709
380  426  0.0259781
380  435  0.959744
381  425  0.0258803
381  431  0.0104102
381  434  0.943528
382  430  0.0107041
382  433  0.940673
383  423  0.151004
383  429  0.0110016
383  432  0.700324
384  422  0.309366
384  424  0.0181473
384  425  0.0183292
384  431  0.13827
385  421  0.338965
385  422  0.0384802
385  424  0.0206667
385  427  0.368129
386  426  0.368493
387  420  0.615438
387  421  0.0193446
387  425  0.303989
388  419  0.977506
389  418  0.999651
390  417  0.999832
391  416  0.999848
392  415  0.998918
393  414  0.998427
394  413  0.99854
395  412  0.998804
396  411  0.677794
397  410  0.355861
397  411  0.322081
398  408  0.0261652
398  410  0.643651
399  409  0.965028
400  408  0.945428
401  407  0.792418
402  406  0.398463
423  431  0.0179907
423  434  0.0132953
424  432  0.132891
424  433  0.0174789
425  430  0.546256
425  432  0.0231002
426  431  0.0235999
442  479  0.0292377
443  478  0.0293586
444  477  0.0309805
445  476  0.0309856
446  475  0.0309791
447  474  0.0293795
451  471  0.0325388
452  470  0.0338764
453  469  0.0337731
454  465  0.074046
454  468  0.0179118
455  464  0.123189
456  463  0.119361
460  486  0.309286
461  485  0.331363
462  484  0.3435
463  483  0.344611
464  481  0.352393
465  480  0.347393
467  478  0.240974
468  477  0.788796
469  476  0.789683
470  475  0.78138
485  549  0.0492514
486  548  0.0493354
487  547  0.0496291
488  546  0.0497584
489  545  0.0499799
490  544  0.0499422
491  543  0.0499535
492  542  0.0494997
494  540  0.0495089
495  539  0.0504621
495  545  0.16186
495  734  0.101225
495  737  0.454042
496  538  0.0500033
496  544  0.162224
496  733  0.106622
496  736  0.455278
497  537  0.0493713
497  543  0.162223
497  732  0.106679
497  735  0.461412
498  542  0.160524
498  731  0.0839023
498  734  0.460008
499  541  0.155266
499  733  0.430601
500  540  0.128627
500  732  0.427295
501  522  0.162686
501  534  0.041516
501  730  0.571271
502  521  0.163819
502  533  0.0415494
502  546  0.011798
502  729  0.578661
503  520  0.164244
503  532  0.0412971
503  545  0.0124626
503  728  0.578461
504  544  0.0112699
504  727  0.579059
505  529  0.0264131
505  726  0.579344
506  517  0.164212
506  528  0.0199991
506  724  0.0221057
506  725  0.558357
507  516  0.164047
507  541  0.0124273
507  723  0.580248
508  526  0.0463653
508  722  0.221516
509  520  0.0140385
509  525  0.0481176
509  721  0.221947
510  519  0.0139514
510  524  0.0480199
510  720  0.580718
511  523  0.0346143
511  719  0.29285
512  719  0.287283
513  521  0.0126818
513  718  0.573196
514  717  0.573469
515  716  0.579067
516  545  0.0119562
516  715  0.580147
517  544  0.0114182
517  714  0.576476
518  713  0.571803
519  712  0.57264
520  541  0.0106516
520  711  0.57148
521  541  0.0541571
521  710  0.371954
522  540  0.151085
522  710  0.0124348
523  539  0.314388
523  708  0.446206
524  537  0.0288501
524  538  0.297154
524  707  0.445867
525  536  0.0470692
525  537  0.270985
525  706  0.407097
526  535  0.062583
526  718  0.0332803
527  535  0.0204476
527  587  0.0678128
527  717  0.0362473
528  586  0.0790084
528  716  0.0373684
529  535  0.0125735
529  585  0.0811654
529  715  0.0375211
530  584  0.0808944
530  714  0.0280881
531  583  0.0501703
531  713  0.0185592
531  714  0.0154166
532  712  0.0184379
532  713  0.0255279
533  551  0.0315803
533  581  0.0822926
533  712  0.0255224
534  541  0.0136675
534  550  0.0358868
534  580  0.0828717
534  706  0.065158
534  711  0.036713
535  540  0.012316
535  548  0.0857246
535  705  0.191573
535  710  0.0141372
536  547  0.0909018
536  704  0.182775
536  709  0.0176714
537  546  0.0950269
537  703  0.190493
537  708  0.0402202
538  545  0.104469
538  576  0.0953737
538  671  0.015377
538  702  0.216485
539  544  0.102388
539  575  0.0961603
539  670  0.0155042
539  701  0.215674
539  706  0.0406326
540  574  0.0961071
541  554  0.0420338
541  573  0.0960034
541  699  0.156804
542  553  0.0433966
542  572  0.0877289
542  696  0.0623959
542  698  0.129461
542  710  0.0258185
543  549  0.0147054
543  552  0.0449575
543  570  0.0159104
543  695  0.103432
543  703  0.0654374
543  709  0.105236
544  569  0.0161658
544  570  0.0105904
544  694  0.174179
544  702  0.0865688
544  708  0.115755
545  568  0.0206633
545  693  0.182654
545  701  0.0866131
545  707  0.115786
546  567  0.017223
546  692  0.169186
546  700  0.0835483
546  706  0.115269
547  691  0.127854
547  705  0.11369
548  690  0.109459
548  694  0.0130324
548  704  0.106114
549  571  0.0648933
549  688  0.0122703
549  689  0.0930657
549  693  0.0140517
550  570  0.0709352
550  687  0.0234709
550  695  0.133559
550  702  0.0632916
551  569  0.0720034
551  686  0.021519
551  694  0.144744
552  567  0.0187688
552  568  0.0680701
552  588  0.0366697
552  693  0.146837
552  700  0.070951
552  701  0.0160323
553  566  0.0232931
553  587  0.0374421
553  694  0.0140201
553  699  0.0532579
554  564  0.117667
554  586  0.0374968
554  670  0.0540659
554  693  0.0164639
554  700  0.0255321
555  563  0.145589
555  585  0.0357836
555  671  0.0679719
555  699  0.0129422
555  702  0.0152813
556  562  0.145127
556  583  0.0280988
556  669  0.67287
556  670  0.0342728
556  701  0.0140641
557  561  0.0552813
557  582  0.0274265
557  668  0.730876
558  667  0.735488
559  580  0.0189932
559  666  0.735245
560  579  0.0217033
560  665  0.735015
561  578  0.0206588
561  664  0.734141
562  663  0.733764
563  577  0.0381719
563  661  0.0713582
563  662  0.662169
564  576  0.0389344
564  660  0.140775
564  687  0.0145176
565  659  0.138805
565  660  0.196365
565  686  0.0147576
566  575  0.0403038
566  658  0.128331
566  685  0.0149043
567  574  0.0439769
567  615  0.697409
567  684  0.0149493
568  573  0.0427659
568  614  0.712855
568  683  0.0149285
569  613  0.719852
569  682  0.0149374
570  612  0.721443
570  681  0.0149034
571  611  0.722908
571  680  0.014919
573  610  0.733312
573  679  0.014733
574  609  0.733417
574  678  0.0147143
575  608  0.721791
577  605  0.577445
577  606  0.152986
578  604  0.657419
579  603  0.643071
580  605  0.0317061
581  604  0.031695
582  601  0.672877
582  603  0.0201773
583  600  0.794431
584  599  0.807016
585  598  0.809244
586  597  0.810039
587  596  0.77098
587  688  0.0128623
588  687  0.0763295
589  594  0.518817
589  686  0.0761698
591  684  0.135175
592  683  0.135648
593  682  0.135753
594  681  0.135786
595  680  0.136226
595  702  0.024354
597  678  0.136253
597  700  0.0278336
598  677  0.136134
598  699  0.0294014
599  676  0.135884
599  698  0.0280325
600  675  0.134579
600  697  0.0246252
601  674  0.119718
602  695  0.0122722
603  694  0.0129192
604  693  0.010187
605  670  0.151327
606  669  0.152317
607  665  0.173065
607  668  0.0685276
608  664  0.25473
609  663  0.257595
611  661  0.27064
612  660  0.270672
613  659  0.270083
614  658  0.270718
615  657  0.13606
616  657  0.847503
617  656  0.987876
618  655  0.990137
619  654  0.977475
622  651  0.0114708
623  648  0.985012
624  647  0.993085
625  646  0.993072
626  645  0.990953
627  644  0.986005
628  643  0.97352
629  641  0.0200242
629  642  0.825768
630  639  0.654195
631  638  0.643478
631  642  0.0422407
632  637  0.553209
632  638  0.0140416
632  641  0.0831594
633  640  0.0813984
667  693  0.012262
671  691  0.679204
672  690  0.742669
673  689  0.761417
674  688  0.781195
675  687  0.804039
676  686  0.803663
677  685  0.803236
678  684  0.793495
679  683  0.302111
690  705  0.0996595
691  704  0.141372
692  703  0.18722
693  702  0.210655
694  701  0.196522
695  700  0.114316
701  708  0.0103545
702  707  0.0102069
718  735  0.0262107
719  734  0.0434908
720  733  0.0451142
721  732  0.0175252
722  731  0.0184646
723  730  0.0460611
747  760  0.0137387
747  861  0.0423699
748  759  0.0108751
748  763  0.537389
748  860  0.0215586
749  762  0.67895
750  758  0.0136608
750  761  0.716172
751  757  0.0168518
751  760  0.727037
752  759  0.669529
753  758  0.463876
760  863  0.0430031
761  862  0.042247
764  859  0.807133
765  858  0.878499
766  857  0.894492
767  856  0.894076
769  854  0.891771
770  853  0.892649
771  834  0.0120336
771  852  0.893775
772  833  0.0167537
772  851  0.894915
773  832  0.0169404
773  850  0.8948
774  831  0.0169852
774  849  0.894099
775  830  0.018752
775  848  0.489364
776  786  0.115533
776  828  0.129772
776  833  0.0565091
777  785  0.123675
777  787  0.023691
777  827  0.153183
777  832  0.0608044
777  845  0.0322994
777  846  0.232579
778  783  0.133725
778  785  0.0400671
778  787  0.220599
778  826  0.153313
778  831  0.0612859
778  844  0.0321882
778  845  0.232244
779  784  0.0439573
779  786  0.228683
779  795  0.207789
779  803  0.0221937
779  828  0.0954765
779  830  0.0245906
779  833  0.0410032
780  785  0.226716
780  794  0.208021
780  802  0.0221899
780  827  0.114773
780  832  0.0420682
781  793  0.126255
781  829  0.0261669
781  842  0.0141903
782  796  0.0103958
782  825  0.115101
782  828  0.0257332
782  830  0.0379282
782  841  0.0146096
783  791  0.21748
783  795  0.0108723
783  803  0.0301839
783  824  0.11672
783  829  0.0360406
783  840  0.0129456
784  790  0.217402
784  794  0.0108506
784  802  0.0300066
784  810  0.0418703
784  823  0.117061
784  826  0.021821
784  827  0.0171256
785  809  0.0489127
785  822  0.112633
785  838  0.0120564
786  799  0.0834679
786  808  0.049561
786  821  0.109194
786  837  0.015122
787  798  0.109621
787  807  0.0500643
787  820  0.080879
787  836  0.0142933
788  797  0.112097
788  806  0.0498818
789  796  0.112691
789  805  0.0463775
789  848  0.2406
790  795  0.112303
790  833  0.0239473
790  847  0.397462
791  832  0.0245437
791  846  0.397351
792  831  0.0245304
792  845  0.396087
793  804  0.277427
793  834  0.0858245
793  844  0.128449
794  803  0.506327
794  833  0.116305
794  847  0.0126563
795  802  0.505093
795  832  0.117363
795  846  0.0126684
796  801  0.349507
796  831  0.115006
796  845  0.0108817
797  844  0.0146431
798  843  0.019476
799  828  0.0204569
799  842  0.0196866
800  841  0.0188535
801  825  0.294234
801  840  0.0152155
802  824  0.33814
802  847  0.0119477
803  823  0.343009
803  846  0.011942
804  822  0.340969
804  833  0.011311
805  821  0.31638
805  832  0.0120196
806  818  0.309086
806  831  0.0113588
806  844  0.0623034
807  817  0.434388
807  843  0.129764
808  816  0.445467
808  830  0.0103161
808  833  0.0103299
808  842  0.13114
809  815  0.43976
809  843  0.0142008
810  829  0.0782394
810  840  0.11736
810  842  0.0158744
811  828  0.0776978
811  839  0.171727
811  841  0.0155224
812  838  0.173165
812  840  0.0147051
813  826  0.0824569
813  837  0.173248
814  825  0.0971903
814  836  0.161781
814  839  0.0136216
815  824  0.0988938
815  838  0.014524
816  823  0.0968837
816  826  0.0152279
816  834  0.0797788
816  837  0.0150042
816  860  0.0475059
817  822  0.0704457
817  825  0.0172871
817  833  0.0461179
817  836  0.0140199
817  859  0.0556143
818  824  0.0175355
818  828  0.0193594
818  833  0.154022
818  858  0.0565339
819  823  0.0127909
819  827  0.0222764
819  832  0.199498
819  844  0.0597416
819  857  0.0567915
820  826  0.0204492
820  831  0.197324
820  843  0.0602194
820  856  0.0545832
821  830  0.187908
821  842  0.0580164
822  852  0.0476086
823  828  0.0103754
823  829  0.0565449
823  851  0.0527465
824  850  0.0477136
825  837  0.0685567
826  836  0.0795532
826  848  0.0117638
827  835  0.0812991
827  847  0.0536873
828  834  0.0590218
828  846  0.0488866
829  844  0.0567594
829  845  0.0439957
830  843  0.0624862
830  844  0.0326447
831  842  0.0629495
831  848  0.0954676
832  841  0.0620948
832  847  0.150691
833  846  0.0469725
835  844  0.480062
836  843  0.478972
837  842  0.451334
