1  128  0.0226251
1  344  0.026179
2  127  0.0266169
2  343  0.0427689
2  368  0.0102457
3  342  0.0478784
3  367  0.0101909
4  125  0.99537
5  124  0.998574
6  123  0.998887
7  122  0.99804
8  121  0.997695
9  120  0.997786
10  119  0.996082
11  118  0.996511
12  117  0.997934
13  116  0.998683
14  115  0.999205
15  114  0.998438
17  29  0.023073
17  112  0.0126226
18  29  0.104858
18  37  0.101102
18  39  0.011109
18  111  0.0108046
19  27  0.0250937
19  28  0.222728
19  36  0.125773
20  26  0.0240316
20  27  0.215549
20  33  0.623378
20  35  0.0484885
20  36  0.0172035
21  32  0.701925
21  35  0.0161408
22  31  0.72095
22  34  0.0117089
23  30  0.730353
24  29  0.719211
29  36  0.0291133
30  35  0.0191429
40  113  0.914353
41  112  0.914839
42  111  0.909897
43  110  0.904363
43  113  0.0576636
44  109  0.898819
44  112  0.0576951
45  111  0.0554118
46  67  0.0110572
46  108  0.101985
46  110  0.0528852
47  67  0.0528616
47  69  0.13282
47  108  0.594035
48  68  0.133314
48  106  0.0798725
48  107  0.606673
49  66  0.236657
49  105  0.0573935
49  106  0.5955
50  65  0.253426
51  105  0.606998
52  104  0.673602
53  62  0.307749
53  103  0.68522
54  61  0.308834
54  102  0.685254
55  60  0.306866
55  101  0.678051
56  97  0.0250095
56  100  0.658517
57  96  0.0307626
57  99  0.604182
58  95  0.0306561
59  94  0.0256785
61  67  0.027612
61  81  0.0161545
61  97  0.566352
62  67  0.0182094
62  69  0.0684549
62  80  0.016205
62  96  0.545628
63  68  0.0405905
63  79  0.0162571
64  78  0.0142949
65  77  0.0141727
65  93  0.221351
65  111  0.0125056
66  76  0.015525
66  94  0.0224028
66  110  0.0211355
67  90  0.0162547
67  91  0.128911
67  109  0.0280095
68  74  0.0162912
68  89  0.0162477
68  92  0.0343888
68  94  0.0224691
68  108  0.163076
69  73  0.0132341
69  88  0.0161971
69  90  0.182196
69  91  0.0176096
69  107  0.162578
70  89  0.206562
70  92  0.750056
71  88  0.206564
71  91  0.751154
72  87  0.203373
72  90  0.750531
73  89  0.753026
74  85  0.024703
74  88  0.750126
76  83  0.0182083
76  85  0.326262
76  86  0.332535
76  87  0.0109544
77  84  0.481848
78  84  0.299483
88  99  0.0119776
89  98  0.0152616
90  97  0.01584
91  96  0.0119918
91  108  0.0101053
92  107  0.0102806
94  105  0.251543
95  104  0.299925
96  103  0.303742
97  102  0.297716
126  138  0.119854
126  142  0.0131025
126  336  0.765241
127  137  0.120063
127  141  0.014489
127  335  0.76823
127  358  0.0523257
128  136  0.119792
128  140  0.0127181
128  334  0.769364
128  357  0.0526533
129  135  0.11512
129  138  0.0189283
129  194  0.0120947
129  333  0.72113
129  356  0.0533284
130  134  0.0438466
130  137  0.0189679
130  193  0.0162835
130  332  0.720665
131  136  0.0110948
131  331  0.765493
132  192  0.0323241
132  330  0.754086
132  353  0.0533005
133  191  0.377123
133  329  0.342277
133  352  0.0510953
134  190  0.533606
134  328  0.152401
134  351  0.0415478
135  189  0.567409
135  328  0.0287796
136  145  0.0433705
136  188  0.560537
136  193  0.176162
136  349  0.0148401
137  144  0.0434698
137  187  0.555084
137  192  0.175464
137  348  0.0207063
138  143  0.0496847
139  189  0.0534589
139  190  0.0205559
139  343  0.0193519
140  183  0.340859
140  185  0.033994
140  186  0.0275102
140  188  0.162933
140  342  0.0205692
141  182  0.341204
141  187  0.165326
141  189  0.0107452
141  341  0.0205357
142  181  0.340942
143  180  0.340195
143  184  0.388297
143  185  0.0886906
144  179  0.307794
144  183  0.607161
145  182  0.610563
146  178  0.0583339
146  181  0.611058
147  176  0.130248
147  177  0.0527197
147  180  0.60158
147  346  0.0205016
148  175  0.128229
148  176  0.0245059
148  177  0.0993835
148  179  0.52199
148  180  0.0132452
148  345  0.0206262
149  176  0.105658
149  177  0.0675926
149  179  0.02229
149  344  0.0208942
150  178  0.0196283
150  343  0.0208398
151  175  0.820286
151  342  0.0184533
152  174  0.390422
152  341  0.0176059
153  172  0.158404
153  173  0.375716
153  186  0.0149874
154  172  0.809252
154  185  0.0149246
155  170  0.986976
156  169  0.993651
157  168  0.994963
158  167  0.994909
159  166  0.961558
171  183  0.0234523
172  182  0.0234913
173  181  0.023462
174  180  0.0220811
184  366  0.108925
185  339  0.0190923
185  365  0.143153
186  338  0.0192631
186  364  0.143474
187  335  0.056339
187  363  0.131519
188  334  0.0583047
189  333  0.0585065
189  361  0.0883867
190  332  0.0583163
190  360  0.138296
191  331  0.0550207
191  359  0.138555
192  329  0.122737
192  358  0.137995
193  328  0.128077
193  330  0.0131107
193  357  0.13779
194  328  0.322299
195  327  0.979096
196  326  0.979927
197  325  0.979107
198  324  0.981097
199  323  0.98088
200  322  0.979477
201  321  0.981041
202  320  0.978738
203  218  0.0140534
203  319  0.89846
204  217  0.0163688
205  216  0.0170178
205  317  0.826235
206  316  0.974506
207  214  0.0188822
207  315  0.975731
208  213  0.018795
208  314  0.972585
210  312  0.745096
211  311  0.783767
212  310  0.796005
213  309  0.758155
215  310  0.0113897
216  309  0.0121158
216  313  0.149547
217  312  0.151954
218  311  0.151972
219  309  0.129527
219  310  0.0761124
220  308  0.965638
221  307  0.987599
222  306  0.987679
223  305  0.986753
224  304  0.987395
225  303  0.980743
227  231  0.0428122
232  302  0.988572
233  301  0.989745
234  300  0.989259
235  299  0.989787
236  298  0.988585
237  297  0.985806
238  296  0.955235
239  294  0.0740732
240  278  0.0749696
240  293  0.0599991
240  294  0.0850837
241  277  0.18062
243  275  0.647442
243  292  0.246647
243  293  0.018232
244  274  0.65021
244  291  0.246552
244  292  0.0181053
245  272  0.137014
245  273  0.591829
245  290  0.142913
246  271  0.190838
247  270  0.138727
247  271  0.0810647
247  288  0.100146
248  287  0.107055
249  286  0.100052
250  269  0.861906
251  268  0.987388
252  267  0.988851
253  266  0.988778
254  265  0.98819
255  263  0.770941
256  262  0.761296
269  284  0.0273112
270  283  0.0568097
270  294  0.0472582
271  282  0.060753
271  293  0.0566177
272  292  0.0623931
273  280  0.156849
273  291  0.0656814
274  279  0.160549
274  281  0.0204292
274  290  0.0634918
277  286  0.0644448
277  291  0.0176564
277  293  0.070863
278  290  0.0130914
279  286  0.118942
279  291  0.0752123
279  292  0.0268555
279  293  0.352127
280  290  0.052162
281  286  0.0342717
281  291  0.421251
282  288  0.0177067
282  290  0.361317
286  296  0.0177023
287  295  0.0189538
288  294  0.0182085
330  356  0.0586048
331  355  0.0549207
332  354  0.046953
333  353  0.0431499
334  352  0.0389957
334  355  0.0643117
335  354  0.0833224
335  365  0.0173756
336  353  0.0835584
336  364  0.0180333
337  348  0.0120953
338  346  0.012471
338  347  0.0250659
338  361  0.382217
339  345  0.0118031
339  346  0.0258325
339  358  0.01124
339  360  0.613415
340  357  0.0113264
340  359  0.65542
341  349  0.086256
341  356  0.0111125
341  358  0.669056
342  348  0.0894997
342  353  0.0115371
342  357  0.667862
343  347  0.0340846
343  352  0.0125913
343  355  0.0280854
344  351  0.0120256
344  354  0.0212833
345  354  0.533741
345  366  0.081557
346  353  0.534215
346  354  0.0875729
346  365  0.0894712
347  353  0.0788596
347  364  0.088395
348  363  0.083709
351  360  0.0960138
352  359  0.097114
353  358  0.0941738
