16  208  0.970378
17  207  0.999428
18  206  0.999844
19  205  0.998099
20  204  0.999855
21  203  0.999828
22  202  0.989444
23  201  0.973209
24  200  0.944705
25  38  0.217015
25  199  0.697976
26  37  0.840753
27  36  0.994513
28  35  0.996264
29  34  0.997777
37  198  0.0183282
38  47  0.0112944
38  197  0.0527908
39  46  0.0127619
39  196  0.0576402
40  45  0.0105473
40  195  0.0512089
43  148  0.0384639
44  147  0.0386144
44  192  0.0542588
45  146  0.0387792
45  191  0.0520661
45  196  0.010838
46  145  0.0384017
46  195  0.0113697
47  144  0.0358839
49  58  0.131459
49  141  0.0331269
49  161  0.0112377
49  192  0.296182
50  55  0.0136969
50  57  0.117191
50  59  0.0213737
50  140  0.0341185
50  160  0.0109728
50  191  0.295663
51  58  0.0259281
51  139  0.0338626
51  190  0.28551
52  138  0.0326117
55  174  0.0416254
56  173  0.0404188
57  66  0.272145
57  176  0.0158092
57  192  0.117856
58  65  0.267959
58  171  0.023531
58  175  0.0161322
58  191  0.117173
58  196  0.133775
59  195  0.130664
60  195  0.0104898
61  131  0.0461126
61  191  0.0412082
61  193  0.15424
61  194  0.012505
62  71  0.0128445
62  130  0.0505941
62  190  0.147711
62  192  0.163971
62  195  0.0196299
63  70  0.0149285
63  71  0.0129046
63  129  0.0505849
63  189  0.147263
63  190  0.0975504
64  70  0.0145196
64  128  0.048949
64  174  0.01176
64  188  0.145564
64  189  0.0957173
64  190  0.0836008
65  173  0.0118689
65  188  0.0910899
65  189  0.0316445
65  192  0.117479
66  172  0.0119027
66  182  0.0245529
66  184  0.0328536
66  191  0.117762
67  181  0.0247531
68  180  0.0207678
69  123  0.477499
69  176  0.0322178
70  122  0.51744
70  159  0.0895605
70  163  0.043021
70  175  0.0330869
70  177  0.0472998
70  178  0.0174168
70  183  0.0569208
71  121  0.516926
71  158  0.0905388
71  162  0.0433045
71  175  0.106613
71  177  0.0125207
71  182  0.020854
72  120  0.518102
72  157  0.0908857
72  161  0.0435042
72  174  0.258569
72  181  0.0192724
73  119  0.517961
73  156  0.0900439
73  173  0.258893
73  180  0.0550402
74  118  0.518059
74  160  0.0430041
74  172  0.259073
74  178  0.0578035
75  117  0.516889
75  154  0.071315
75  159  0.0429736
75  171  0.258824
75  177  0.0577674
76  96  0.0201471
76  115  0.0651296
76  116  0.262539
76  148  0.0672162
76  176  0.0285476
77  86  0.0125688
77  95  0.0228839
77  147  0.067237
78  85  0.0134466
78  94  0.0244808
78  97  0.0582992
78  113  0.167208
78  114  0.0235527
78  146  0.0671268
78  149  0.33505
79  93  0.024964
79  96  0.137916
79  112  0.184417
79  115  0.059356
79  145  0.066976
79  148  0.392563
80  92  0.0247239
80  95  0.145755
80  111  0.183602
80  144  0.0660533
80  147  0.392415
81  91  0.0197225
81  94  0.151055
81  110  0.175434
81  113  0.104498
81  143  0.0531336
81  146  0.391528
82  89  0.0296694
82  93  0.15514
82  112  0.110624
82  145  0.388271
83  92  0.154127
83  108  0.11696
83  111  0.110045
83  141  0.0159727
83  144  0.388014
84  91  0.143304
84  107  0.0804551
84  109  0.0939572
84  110  0.0670972
84  140  0.013554
84  142  0.239127
84  143  0.198403
85  95  0.0147739
85  108  0.141123
85  141  0.432249
86  94  0.0205954
86  105  0.0520265
86  107  0.14316
86  140  0.435661
87  93  0.0222591
87  106  0.14609
87  139  0.447441
88  102  0.012328
88  108  0.0206904
88  138  0.45105
89  101  0.0125507
89  107  0.0218853
89  137  0.451265
90  106  0.0206907
90  112  0.405714
90  120  0.0192711
90  136  0.0974425
91  102  0.244123
91  111  0.412693
91  119  0.0196693
92  101  0.24721
92  110  0.415322
92  118  0.019737
92  134  0.077921
93  100  0.228588
93  109  0.415716
93  117  0.0197926
93  133  0.0782138
94  108  0.409772
94  116  0.0196056
95  107  0.297656
95  114  0.0402134
95  132  0.0166978
96  103  0.0117602
96  104  0.0120656
96  105  0.0318156
96  107  0.0733735
96  113  0.0495764
96  131  0.0166032
97  102  0.0101785
97  106  0.144533
97  112  0.0595511
97  130  0.0160351
98  111  0.0525989
99  108  0.0178462
100  106  0.104197
100  112  0.0606495
101  106  0.0422616
101  111  0.0603911
101  115  0.0106462
102  110  0.0589657
105  123  0.0154469
106  122  0.0166185
107  115  0.0516246
108  114  0.0498248
108  121  0.0252458
109  120  0.0563064
110  119  0.0564128
111  118  0.056306
112  117  0.0511522
115  132  0.383867
116  131  0.38554
117  130  0.386048
118  129  0.373762
121  130  0.0541331
122  129  0.0526071
126  181  0.413306
127  180  0.451207
128  179  0.470433
129  178  0.472034
130  177  0.472041
131  176  0.469427
133  174  0.458444
134  173  0.38883
135  173  0.0667138
136  143  0.0100694
136  169  0.0630735
136  171  0.123219
136  172  0.132752
137  161  0.0200365
138  160  0.0187652
138  165  0.0749302
138  166  0.0362698
138  167  0.0422913
138  169  0.0236263
138  170  0.121299
139  159  0.0182776
139  164  0.0707336
139  165  0.032057
139  166  0.0378264
139  168  0.0201582
139  169  0.105215
141  158  0.100735
141  162  0.22809
141  167  0.0253417
142  157  0.105223
142  161  0.230945
143  156  0.104768
143  161  0.077682
144  155  0.104404
144  159  0.224087
144  160  0.0766121
144  163  0.0294648
145  154  0.100098
145  158  0.22392
145  159  0.0591337
145  162  0.0292396
146  156  0.295275
147  155  0.308125
147  160  0.0130864
148  154  0.307023
148  159  0.0363155
150  157  0.221245
151  156  0.145504
154  161  0.0136277
154  174  0.0662124
154  181  0.0152682
155  173  0.0662562
155  180  0.0163997
156  164  0.084394
156  170  0.016449
156  172  0.0659627
156  179  0.0169173
156  197  0.0149603
157  163  0.088796
157  169  0.0171832
157  171  0.0614414
157  178  0.0168165
157  196  0.0158463
158  195  0.0129771
159  174  0.0441514
160  173  0.0447289
161  169  0.027308
161  172  0.0444043
163  174  0.0142558
164  173  0.0131295
173  197  0.0366294
174  196  0.0391588
175  192  0.0719689
175  195  0.0389831
176  191  0.0720253
176  194  0.0378187
177  190  0.0733861
178  189  0.0448235
178  192  0.0246007
180  187  0.0118729
181  186  0.0119804
182  189  0.617359
182  190  0.0463908
183  188  0.681871
183  189  0.0444849
184  188  0.0275602
