2  40  0.0147178
2  41  0.0505686
2  377  0.0101848
3  64  0.0689715
4  15  0.011503
4  39  0.838949
4  375  0.0782439
5  14  0.0117002
5  38  0.88416
5  374  0.0791889
6  13  0.0113264
6  37  0.887057
6  373  0.0791877
7  36  0.885093
7  372  0.0776852
8  35  0.883675
9  34  0.884569
9  370  0.0748513
9  536  0.0100292
10  32  0.124884
10  535  0.0101239
11  31  0.124982
11  33  0.761865
11  69  0.0518005
11  534  0.0101422
12  30  0.122231
12  32  0.760312
13  27  0.0337309
13  29  0.0707727
13  31  0.753242
13  67  0.069066
14  26  0.0940998
14  30  0.709995
14  66  0.0819311
15  24  0.0127473
15  25  0.104355
15  65  0.08207
16  29  0.670965
16  64  0.0832764
17  23  0.0770131
17  28  0.686336
17  63  0.0824829
18  27  0.666629
18  62  0.0744096
19  26  0.556655
19  27  0.0481939
19  36  0.0428097
20  26  0.0729239
20  35  0.0466623
21  25  0.0684882
21  34  0.0472339
21  37  0.0297919
22  36  0.0300822
23  32  0.0484918
23  35  0.0294815
24  31  0.0494499
25  30  0.0433576
25  33  0.0268827
25  525  0.0100424
26  524  0.0101099
27  523  0.0101054
28  522  0.0100825
38  64  0.017744
39  63  0.0182098
40  62  0.0202231
42  59  0.916252
43  58  0.97476
44  57  0.974648
45  56  0.988386
46  55  0.988609
47  54  0.986754
48  53  0.879866
60  535  0.235965
61  534  0.267577
63  532  0.24863
64  531  0.251409
64  536  0.0313164
65  375  0.914275
66  374  0.914993
67  373  0.913991
68  372  0.913968
69  371  0.908377
71  369  0.974131
72  368  0.994709
73  367  0.994884
74  366  0.99404
77  261  0.811064
78  260  0.882501
79  258  0.0534798
79  259  0.940547
80  257  0.0597613
80  258  0.933282
81  256  0.0657172
82  255  0.0328758
82  257  0.0406724
83  255  0.96244
84  254  0.998137
85  253  0.998305
86  252  0.998326
87  251  0.997775
88  250  0.998301
89  249  0.996901
90  248  0.995521
91  246  0.0375727
91  247  0.959703
92  245  0.992093
93  244  0.991286
96  241  0.341255
97  211  0.192363
98  210  0.218997
99  209  0.228838
99  238  0.0197658
100  237  0.0174943
101  208  0.872497
102  207  0.996943
103  206  0.997142
104  205  0.997008
106  203  0.997919
107  202  0.997964
108  201  0.996885
109  200  0.997039
110  199  0.997882
111  198  0.995965
112  197  0.995108
113  196  0.986852
114  147  0.498955
115  146  0.470361
115  194  0.146328
117  146  0.0232099
118  143  0.882092
118  145  0.0262321
119  142  0.904369
119  144  0.0261552
120  140  0.962851
121  139  0.977692
122  138  0.997164
123  137  0.997207
124  135  0.997078
125  134  0.997341
126  133  0.887406
140  194  0.0299914
141  193  0.031014
143  191  0.0309573
144  190  0.0313252
146  151  0.012561
146  155  0.0218354
146  195  0.0783797
147  154  0.0257771
147  194  0.0963809
150  191  0.0860754
151  190  0.0866409
151  194  0.0434884
154  192  0.722373
155  191  0.725604
156  186  0.18739
156  190  0.719077
158  185  0.987439
159  184  0.992146
160  183  0.998841
161  182  0.998214
162  181  0.997428
163  180  0.539076
164  179  0.540743
165  178  0.9991
166  177  0.999091
167  176  0.997868
168  175  0.935393
208  229  0.0645762
208  240  0.025552
209  228  0.0649265
209  235  0.0441672
209  239  0.0245637
210  234  0.0471384
210  235  0.0899459
210  237  0.0375173
211  236  0.0374877
212  225  0.0977603
212  233  0.631955
212  235  0.0209713
213  224  0.107629
213  232  0.779137
214  223  0.116601
214  231  0.850347
215  222  0.112212
215  230  0.850792
216  229  0.846893
218  227  0.803248
220  225  0.0225275
220  226  0.0244471
221  225  0.0123627
231  240  0.0584218
232  239  0.0578361
233  238  0.0546338
265  284  0.0237359
266  283  0.0165691
267  283  0.980277
268  282  0.993212
269  281  0.998234
270  280  0.997933
271  278  0.0337141
271  279  0.9455
272  277  0.0442594
285  365  0.99518
286  364  0.996175
287  363  0.991407
289  361  0.991145
290  360  0.996
291  359  0.995959
292  358  0.984854
293  357  0.913411
294  312  0.343648
294  356  0.649688
295  311  0.94878
296  310  0.994203
297  309  0.994733
298  308  0.993498
299  307  0.985422
301  306  0.299759
314  354  0.910239
315  353  0.980368
317  351  0.982691
318  350  0.99289
319  349  0.995972
320  348  0.99541
321  347  0.996142
322  346  0.992334
323  345  0.93761
324  343  0.191737
324  344  0.730473
325  342  0.382907
325  345  0.0537376
326  340  0.537252
326  341  0.371908
326  344  0.0736916
327  339  0.548605
327  340  0.359115
327  343  0.0836972
328  338  0.559121
328  342  0.0852588
329  341  0.0844179
330  337  0.902761
331  336  0.89232
331  339  0.08846
332  338  0.0876092
333  337  0.0688666
377  535  0.010048
378  510  0.0158292
378  536  0.0150515
379  509  0.0203142
379  533  0.0166585
379  535  0.0154747
380  508  0.021161
380  537  0.20506
381  507  0.0212488
381  531  0.379804
381  536  0.246657
382  506  0.0212798
382  530  0.657762
382  535  0.24693
383  505  0.0212761
383  525  0.0167966
383  529  0.657271
383  534  0.245813
384  504  0.0212545
384  524  0.0171756
384  531  0.140035
385  503  0.0212582
385  527  0.0193387
385  528  0.0172255
385  530  0.280048
386  502  0.0211219
386  522  0.017327
386  525  0.620879
386  527  0.018761
386  529  0.280128
387  501  0.0200227
387  521  0.0177086
387  524  0.621939
387  526  0.020157
388  525  0.012185
389  519  0.0176758
389  522  0.613864
389  525  0.312946
390  518  0.0180195
390  521  0.625156
390  524  0.321329
391  517  0.0180333
391  520  0.62505
391  523  0.321364
392  516  0.0144499
392  519  0.344237
392  522  0.261815
393  435  0.97437
393  450  0.0121684
394  434  0.975236
394  449  0.0122504
395  433  0.975186
395  448  0.0123424
396  432  0.974138
396  447  0.0124806
397  431  0.972522
397  446  0.0124696
399  427  0.202252
399  444  0.0121529
400  425  0.29825
401  424  0.299678
401  427  0.680003
402  423  0.300503
402  426  0.681136
402  441  0.0122779
403  425  0.678914
404  421  0.338424
404  424  0.658068
405  420  0.37265
405  423  0.614868
406  419  0.707799
406  422  0.272503
407  418  0.788951
407  421  0.205608
408  417  0.959655
408  418  0.0181371
409  416  0.983555
410  415  0.964121
423  435  0.0153864
424  434  0.0153951
425  433  0.0153905
426  432  0.0153105
427  431  0.0124383
437  519  0.446126
438  518  0.658265
438  521  0.012435
439  517  0.672498
439  520  0.0128293
440  514  0.517704
440  516  0.332803
441  513  0.939333
441  515  0.0232697
442  512  0.951999
443  511  0.95309
444  510  0.953915
445  509  0.945499
446  472  0.0148591
446  505  0.0156502
447  471  0.014864
447  504  0.01595
447  507  0.941336
448  503  0.0159534
448  506  0.945836
449  469  0.0150943
449  502  0.015951
449  505  0.945913
450  468  0.015108
450  501  0.0158892
450  504  0.945867
451  467  0.0151903
451  491  0.0421538
451  503  0.939515
452  466  0.0151015
452  490  0.0423454
452  502  0.939308
453  489  0.0423627
453  501  0.938764
454  465  0.016304
454  488  0.0484365
454  490  0.870397
454  491  0.0126306
455  464  0.0163041
455  487  0.0484087
455  489  0.877021
455  499  0.0292212
456  463  0.0180635
456  465  0.0421276
456  488  0.874991
456  490  0.0141272
456  498  0.0279362
457  464  0.0417256
457  487  0.863181
457  489  0.0146112
458  495  0.0238633
459  463  0.317501
459  465  0.175019
459  485  0.0520924
459  488  0.0142779
459  494  0.0266417
460  464  0.0669543
460  484  0.0334013
461  483  0.0304813
461  487  0.0249351
461  492  0.0184575
462  473  0.0100625
462  486  0.0628949
463  489  0.0312712
464  469  0.0116903
464  472  0.0314147
464  479  0.0123507
464  485  0.610363
464  488  0.0326957
465  471  0.0306275
465  478  0.0123342
465  484  0.518372
465  487  0.0325462
466  483  0.42499
466  484  0.385013
467  483  0.486087
468  475  0.0115216
468  481  0.288203
468  482  0.577313
469  474  0.011639
470  480  0.913552
471  479  0.923679
472  478  0.914013
474  485  0.0152692
474  513  0.0135317
475  512  0.0135442
476  484  0.0116899
476  511  0.0135492
477  483  0.0118917
477  510  0.0135389
478  485  0.0152489
478  509  0.0123119
479  484  0.015033
482  507  0.0103706
483  506  0.0136371
484  505  0.0136378
485  504  0.0136334
487  502  0.0120095
488  501  0.0120131
491  499  0.332403
492  498  0.348253
493  497  0.132589
493  500  0.5579
494  499  0.594334
