1  12  0.0361578
1  292  0.402852
2  11  0.0498743
2  291  0.459343
2  293  0.0379809
3  10  0.0627771
3  290  0.507851
3  292  0.0415816
4  9  0.0412249
4  292  0.0224674
5  292  0.0445267
6  291  0.0461337
7  292  0.0101102
8  117  0.0203255
8  288  0.754036
9  116  0.0240609
9  287  0.798966
10  115  0.0248348
10  286  0.802436
11  114  0.0248393
11  285  0.676415
12  113  0.0146547
13  112  0.0143227
13  113  0.0101637
13  137  0.0109459
13  283  0.534612
14  112  0.0102839
14  136  0.0161623
14  283  0.0415344
15  135  0.0162365
15  281  0.728764
15  282  0.0221846
16  38  0.0964281
16  134  0.0161786
16  280  0.788011
17  37  0.115344
17  93  0.0124475
17  133  0.0161113
17  279  0.794018
17  293  0.0166329
18  36  0.120283
18  92  0.0154704
18  132  0.0159738
18  278  0.795329
18  292  0.0178256
19  91  0.0154684
19  131  0.015947
19  277  0.791295
19  291  0.0178547
20  35  0.249811
20  90  0.0111052
21  34  0.326789
21  130  0.0113221
21  222  0.010412
21  256  0.0128218
22  33  0.409057
22  129  0.0113716
22  224  0.124667
22  255  0.017116
22  274  0.0129816
23  32  0.409068
23  128  0.0112246
23  223  0.122095
23  254  0.0170974
23  273  0.0121036
24  31  0.408917
24  220  0.262964
24  222  0.0572825
24  253  0.0169982
25  30  0.396074
25  41  0.1277
25  76  0.0109095
25  219  0.291876
25  226  0.0117013
25  252  0.0169154
26  40  0.156819
26  42  0.0100758
26  75  0.0124376
26  77  0.0208136
26  218  0.28593
27  39  0.156682
27  41  0.0116003
27  76  0.0262745
27  217  0.285348
27  219  0.0210632
28  40  0.012662
28  56  0.0239157
28  74  0.0638764
28  75  0.0344134
28  216  0.0417287
29  37  0.164459
29  39  0.0104171
29  55  0.0237575
29  73  0.105887
30  36  0.170603
30  62  0.0138865
30  72  0.111279
30  75  0.0112949
30  224  0.0163748
31  35  0.0649873
31  61  0.01383
31  74  0.0111029
31  216  0.0333512
31  223  0.0161846
32  60  0.0120043
32  71  0.126779
32  215  0.0484961
32  222  0.0115234
33  70  0.159237
33  214  0.0508111
34  40  0.0126673
34  56  0.0144788
34  69  0.165555
34  213  0.0470516
35  53  0.128873
35  55  0.0126066
35  68  0.165187
35  212  0.0122496
35  220  0.0868621
36  52  0.139573
36  67  0.165308
36  219  0.102745
36  276  0.0252972
37  51  0.0993423
37  66  0.0832572
37  218  0.0989632
37  275  0.0111403
38  50  0.0570103
38  51  0.0851636
38  66  0.0836254
38  216  0.0354977
39  50  0.131314
39  65  0.166052
39  216  0.029416
39  278  0.0110583
39  290  0.038228
39  292  0.0645486
40  46  0.0195713
40  49  0.171559
40  64  0.165654
40  214  0.08414
40  215  0.0392808
40  276  0.0136343
40  277  0.0110383
40  289  0.0382072
40  291  0.0665444
41  63  0.104341
41  197  0.0135698
41  213  0.0921658
41  290  0.0663472
42  196  0.0170704
42  212  0.076312
42  289  0.0626235
43  61  0.0113043
43  195  0.018659
43  211  0.0372985
44  194  0.0179183
45  63  0.0643878
45  225  0.145762
45  275  0.0355937
45  285  0.0131692
46  62  0.0901933
46  192  0.047275
46  224  0.168461
46  274  0.0411823
46  284  0.0117589
47  61  0.0848129
47  191  0.0471272
47  223  0.158808
47  273  0.0402333
48  57  0.244766
48  225  0.0109256
48  272  0.0275666
48  282  0.0451693
49  56  0.270566
49  189  0.0535668
49  224  0.0128393
49  270  0.0119633
49  281  0.0500536
50  55  0.177694
50  59  0.0121773
50  188  0.0539206
50  220  0.08644
50  221  0.0287991
50  222  0.0183932
50  269  0.0119466
50  280  0.0518386
51  58  0.0131039
51  187  0.0538219
51  219  0.0827995
51  220  0.0312402
51  221  0.0190066
51  268  0.0118716
51  279  0.0519128
52  57  0.0114249
52  186  0.0533908
52  218  0.0239617
52  224  0.0100982
52  267  0.0111538
52  278  0.0513112
53  218  0.0303448
54  183  0.0502396
55  182  0.0542299
55  216  0.179841
55  218  0.0268869
56  181  0.0548614
56  215  0.19061
56  217  0.0277865
56  219  0.012433
57  180  0.0508689
57  214  0.172405
60  135  0.0109768
60  176  0.0103295
60  216  0.0837613
61  134  0.0145029
61  178  0.013556
61  215  0.0914731
61  220  0.0213508
61  229  0.0112563
62  177  0.0141114
62  214  0.0954328
62  219  0.0225039
62  228  0.0118879
63  133  0.544073
64  87  0.0347804
64  132  0.724025
65  86  0.0348463
65  131  0.724199
65  172  0.0545695
66  85  0.0348017
66  130  0.723033
66  171  0.020914
67  84  0.0349312
67  129  0.724458
67  170  0.0219616
68  83  0.0349214
68  128  0.724284
68  169  0.0559219
69  81  0.0340117
69  127  0.724777
69  168  0.0559217
70  80  0.0337785
70  126  0.722077
70  167  0.0559129
71  79  0.0329316
71  125  0.722453
71  166  0.0559146
71  218  0.0261138
72  81  0.0201596
72  124  0.684551
72  165  0.0558614
72  217  0.0284624
73  78  0.012105
73  80  0.0181343
73  216  0.0310321
74  82  0.352213
74  163  0.0376489
74  215  0.0319572
75  81  0.379786
75  85  0.0120012
75  136  0.0373041
75  162  0.0377072
75  214  0.0330896
76  80  0.144978
76  83  0.285443
76  84  0.012024
76  135  0.0415086
76  161  0.0291953
76  213  0.0308661
77  82  0.209066
77  134  0.0444727
77  159  0.0234199
77  212  0.0152982
77  221  0.0115091
78  133  0.0459864
78  158  0.0238334
78  220  0.0202029
79  131  0.0642109
79  157  0.0241661
79  219  0.0208081
80  130  0.0659657
80  133  0.0106947
81  125  0.0202312
81  129  0.0681286
81  132  0.0137438
82  128  0.0662815
82  216  0.0771985
83  124  0.132448
83  127  0.019736
83  131  0.015504
83  215  0.0828925
84  123  0.801942
84  130  0.0155519
84  214  0.082952
85  122  0.815797
85  129  0.0155476
85  213  0.0791688
86  119  0.078217
86  121  0.826117
86  128  0.0153315
86  132  0.0189709
87  118  0.084411
87  120  0.823492
87  127  0.0152939
87  131  0.0188453
88  116  0.0229128
88  117  0.0914416
89  115  0.0256436
89  118  0.642972
89  130  0.0101913
90  115  0.292537
90  116  0.013308
90  117  0.481482
91  114  0.801711
91  125  0.011636
91  128  0.016147
92  113  0.808804
92  115  0.0121379
92  124  0.0110241
92  127  0.019736
93  126  0.0197599
94  111  0.890286
94  114  0.0684812
94  125  0.0197568
95  110  0.890801
95  113  0.068494
95  124  0.0185852
96  105  0.0141934
96  109  0.891594
97  104  0.0121949
97  108  0.822871
97  111  0.0685578
98  110  0.0675342
99  106  0.283615
111  123  0.0180757
112  122  0.0295189
113  121  0.0308437
114  120  0.0304666
115  119  0.0116118
119  133  0.0123188
120  132  0.025084
121  131  0.0250923
122  130  0.0250131
122  212  0.0360416
123  129  0.0240991
123  211  0.0481287
124  210  0.0517781
124  290  0.0266141
125  209  0.0519998
125  289  0.0268901
126  208  0.0284835
126  288  0.0268209
127  207  0.0255934
127  237  0.0108335
128  206  0.046846
128  236  0.0108379
128  287  0.0319727
129  140  0.0202929
129  205  0.0463838
129  235  0.0108404
129  286  0.0324245
130  139  0.0712687
130  234  0.0101586
130  285  0.0293407
131  138  0.0723479
131  284  0.0295679
132  137  0.0703667
132  283  0.0326179
133  282  0.0327025
134  281  0.0320514
135  212  0.443116
135  280  0.0296169
136  211  0.601858
137  156  0.0384061
137  210  0.662786
137  216  0.155809
137  278  0.0306329
138  155  0.0385116
138  209  0.662948
138  215  0.164597
138  277  0.0307486
139  154  0.038483
139  208  0.658697
139  214  0.165419
139  276  0.0306789
140  153  0.0378637
140  207  0.48562
140  213  0.167098
141  152  0.035061
141  206  0.370226
141  208  0.0377175
141  212  0.164031
142  207  0.210732
142  211  0.151524
143  206  0.354667
144  205  0.406365
144  209  0.141929
145  205  0.0108076
145  208  0.141723
146  203  0.811581
147  202  0.918329
148  201  0.93316
149  200  0.932787
150  199  0.93017
151  198  0.930121
152  197  0.931285
153  196  0.931704
154  195  0.842471
155  194  0.846539
156  193  0.934149
157  192  0.930721
158  191  0.790491
160  189  0.476325
160  191  0.123287
161  188  0.454858
161  190  0.409846
162  189  0.427114
165  186  0.919962
166  185  0.920204
167  184  0.919696
168  182  0.448209
168  183  0.462447
169  181  0.896609
170  180  0.856413
199  288  0.0497393
200  287  0.0606022
201  286  0.0616672
202  285  0.0641637
203  284  0.0650439
204  283  0.0655525
205  282  0.0653145
206  281  0.0648112
207  280  0.0621257
209  216  0.0189133
209  278  0.0666463
210  215  0.0194615
210  277  0.0667879
211  276  0.062658
212  275  0.0306472
213  226  0.0619008
214  224  0.0237002
214  225  0.0612769
215  223  0.0239657
215  224  0.0612782
215  272  0.0143044
216  222  0.0273824
216  271  0.0141741
217  270  0.0136038
219  267  0.0108067
223  232  0.0177206
223  263  0.0214554
224  231  0.0184384
224  262  0.0224657
224  276  0.0249426
225  230  0.0172432
225  276  0.0111106
225  277  0.0187329
226  260  0.0259298
226  274  0.0638688
227  259  0.0259722
227  273  0.0619871
227  275  0.659504
228  272  0.0313021
228  274  0.768119
229  257  0.0253696
229  273  0.749265
230  272  0.467052
231  255  0.974273
232  254  0.974823
233  253  0.977444
234  252  0.978453
235  251  0.977378
236  250  0.978957
237  249  0.978261
238  248  0.811316
239  248  0.07482
240  245  0.0145087
240  246  0.429634
240  247  0.141495
256  272  0.285513
257  271  0.806116
258  270  0.963723
259  269  0.964036
260  268  0.964121
261  266  0.964878
