3  20  0.0114963
3  345  0.967556
4  19  0.0114591
4  344  0.972784
5  343  0.97209
6  342  0.969541
7  15  0.0378342
7  339  0.139877
8  14  0.0355103
8  338  0.211884
8  340  0.172252
9  13  0.0206481
9  337  0.214214
9  339  0.164115
10  336  0.198764
10  337  0.0499598
10  339  0.0128231
11  335  0.148158
11  336  0.0543666
11  337  0.0837172
12  335  0.050426
12  336  0.0937757
12  337  0.0270566
13  334  0.0480386
14  335  0.618216
15  333  0.134221
15  334  0.642637
16  332  0.0973472
16  333  0.620783
17  332  0.54634
18  336  0.0165615
19  330  0.0131556
19  335  0.0252495
20  329  0.0277797
20  334  0.0264288
22  308  0.943407
23  307  0.944211
24  306  0.94413
24  327  0.0202579
25  305  0.934281
25  326  0.0204572
26  304  0.812011
26  325  0.0188543
27  284  0.0133077
28  283  0.0152906
28  300  0.0299338
28  301  0.0278546
28  302  0.0843289
28  323  0.0187557
29  286  0.0102311
29  322  0.0219177
30  103  0.0672682
30  282  0.0133763
30  285  0.105182
30  299  0.35161
30  321  0.0219411
31  102  0.07189
31  281  0.0141572
31  297  0.0128345
31  319  0.0168179
32  101  0.0739877
32  283  0.785108
32  296  0.012625
32  318  0.016651
33  100  0.0784707
33  282  0.78786
33  284  0.0486236
33  317  0.0161598
34  99  0.0786282
34  281  0.784858
34  283  0.0603982
34  295  0.0120459
35  98  0.0779971
35  279  0.0123221
35  282  0.060029
35  294  0.0145931
36  279  0.823069
37  95  0.074796
37  277  0.0160704
37  278  0.826536
37  280  0.0196053
37  292  0.0111848
38  94  0.0791595
38  279  0.0229869
38  291  0.0146469
39  93  0.0792011
39  276  0.904539
40  92  0.0792737
40  275  0.915152
41  91  0.0792305
41  274  0.91476
42  273  0.914873
43  90  0.0792054
43  272  0.915349
44  89  0.0791654
44  271  0.914881
45  88  0.0792218
45  270  0.915363
46  87  0.0790849
46  269  0.914739
47  85  0.0391567
47  86  0.0398863
47  268  0.913763
48  84  0.0784374
48  267  0.900177
49  66  0.0191793
49  83  0.0784329
49  267  0.0112742
50  65  0.0191816
50  82  0.0778963
50  265  0.857152
50  266  0.0223886
51  62  0.0509924
51  63  0.0709175
51  81  0.0172288
51  264  0.493978
52  61  0.0534198
52  62  0.0704315
52  63  0.0124334
52  80  0.0165176
53  60  0.114844
53  62  0.0123227
53  66  0.0639651
53  69  0.683399
53  245  0.0278283
54  59  0.0869202
54  65  0.0641535
54  68  0.68575
54  71  0.0200707
54  244  0.0296397
55  64  0.0641239
55  67  0.686069
55  70  0.0250739
55  243  0.030294
56  63  0.0620252
56  66  0.684556
56  69  0.062383
56  242  0.0305915
57  65  0.61062
57  68  0.0620175
57  241  0.0305753
58  240  0.0305543
59  63  0.0621419
59  66  0.0760361
59  239  0.0305796
60  65  0.0754199
60  238  0.0304954
61  237  0.0256204
62  235  0.0138123
63  135  0.0158639
63  234  0.0127126
64  81  0.0552838
64  134  0.0195902
65  80  0.0633742
65  133  0.0202148
66  79  0.0633725
66  132  0.0202057
67  78  0.0354058
68  78  0.0330268
68  264  0.0196208
69  77  0.0595415
70  262  0.775379
71  261  0.833408
72  260  0.845428
73  259  0.848635
74  258  0.825005
75  257  0.609288
77  116  0.0203995
77  255  0.31534
78  253  0.711834
78  254  0.158369
79  115  0.0351497
79  252  0.881355
80  114  0.035654
80  251  0.882478
81  113  0.0357849
81  250  0.881068
82  112  0.036083
82  249  0.882657
83  111  0.036089
83  248  0.880004
84  109  0.046636
84  247  0.866537
85  108  0.537819
86  108  0.248469
86  245  0.0749494
87  106  0.17139
87  107  0.217444
87  244  0.0431602
88  105  0.777376
88  106  0.130701
89  104  0.864313
91  102  0.89315
92  101  0.904188
92  108  0.0104142
93  100  0.907065
93  107  0.0104265
94  99  0.899541
95  105  0.010341
96  104  0.010418
97  103  0.0102196
104  298  0.0630961
105  297  0.0790073
106  296  0.0790274
107  295  0.0789616
108  294  0.0787016
109  293  0.0637638
110  292  0.0547615
111  242  0.882487
111  292  0.0105462
112  135  0.0517103
112  241  0.882969
112  291  0.0155668
113  134  0.0527837
113  240  0.882443
113  290  0.0122265
114  133  0.0533377
114  239  0.882908
115  132  0.0526284
115  238  0.882895
116  237  0.882115
118  130  0.468624
118  149  0.165802
118  236  0.0353826
119  129  0.469184
119  149  0.129564
119  207  0.0104288
119  236  0.0168378
120  128  0.469121
120  147  0.441974
120  206  0.0104516
120  234  0.0226099
120  235  0.0170504
121  127  0.465892
121  146  0.491502
122  126  0.378459
122  145  0.490968
123  144  0.317313
124  143  0.157856
125  144  0.183777
126  143  0.365574
127  142  0.501693
128  141  0.524715
129  140  0.525867
130  139  0.525418
131  138  0.455244
132  137  0.345319
132  236  0.350536
133  235  0.349858
134  234  0.293045
135  236  0.0143133
137  234  0.0763629
138  233  0.327985
139  232  0.39476
140  231  0.394825
141  230  0.373185
143  285  0.0630363
144  229  0.354696
144  284  0.0635119
145  228  0.377646
145  283  0.0640378
146  227  0.377692
146  282  0.0640369
147  226  0.376784
147  281  0.0645673
148  280  0.0645245
149  225  0.376616
149  234  0.0215234
149  279  0.064423
150  224  0.37639
151  223  0.376556
151  232  0.546821
152  222  0.364143
152  231  0.546335
153  221  0.339619
153  230  0.506737
156  205  0.962629
157  204  0.963218
158  203  0.943019
160  201  0.94235
161  200  0.962914
163  199  0.971318
164  198  0.975293
165  197  0.978862
166  196  0.97715
167  195  0.971951
169  190  0.0284947
169  193  0.943331
169  194  0.0131195
170  188  0.161546
170  189  0.0209608
170  192  0.786164
170  193  0.0102847
171  187  0.41569
171  188  0.0138756
171  191  0.524692
172  186  0.838556
172  190  0.142331
173  185  0.996036
174  184  0.996931
175  183  0.996742
176  181  0.97554
206  215  0.347112
207  214  0.345873
209  228  0.606822
210  227  0.609478
211  226  0.610988
212  225  0.61102
213  224  0.60973
214  223  0.595209
215  220  0.0310293
216  222  0.039205
235  278  0.0324048
237  277  0.0661493
238  276  0.0701245
239  275  0.0730413
240  274  0.0729525
241  273  0.0728175
242  272  0.0715407
245  271  0.0444619
246  270  0.0481623
247  269  0.0481297
248  257  0.0291013
248  267  0.0732864
249  256  0.0300144
249  266  0.0734966
250  255  0.0310496
251  264  0.0732239
252  263  0.0739819
253  262  0.073345
254  261  0.0612395
277  286  0.0143275
277  313  0.0176047
278  285  0.0142585
278  312  0.0179273
279  311  0.020982
280  310  0.0209723
281  309  0.0206604
282  308  0.0103289
285  297  0.0913287
285  308  0.0157925
286  296  0.0889638
286  297  0.749588
286  307  0.0179766
287  295  0.0735051
287  296  0.752109
287  302  0.0104956
287  306  0.0179793
288  295  0.590108
288  301  0.0111209
288  305  0.0163232
289  300  0.0117436
290  299  0.0111092
291  297  0.010482
309  331  0.952687
310  330  0.953217
311  329  0.953486
313  327  0.955364
314  326  0.954589
315  325  0.952051
316  324  0.926367
317  323  0.813283
347  353  0.0101201
