1  10  0.336035
2  9  0.566157
2  205  0.0461757
3  8  0.807798
3  204  0.0766204
3  494  0.0158735
4  203  0.0767776
4  493  0.0160924
4  565  0.021742
5  202  0.0769491
5  564  0.0226395
6  201  0.0768521
6  492  0.0179284
7  200  0.0768564
7  491  0.0190945
8  199  0.0769113
8  490  0.0199516
9  149  0.0651199
9  198  0.0725215
10  148  0.0657466
10  197  0.0701839
10  566  0.369352
11  36  0.0170436
11  147  0.0669015
11  485  0.114989
11  565  0.53824
12  35  0.0199878
12  146  0.0676088
12  157  0.0141895
12  484  0.139923
12  564  0.552898
13  34  0.0153284
13  145  0.0602924
13  156  0.0142476
13  483  0.140129
13  563  0.484486
14  155  0.0138652
14  482  0.140226
15  34  0.476305
15  154  0.0137979
15  196  0.0397307
15  481  0.140232
16  33  0.611505
16  195  0.0556265
16  480  0.140271
17  32  0.638742
17  153  0.0151219
17  194  0.057198
17  479  0.140248
17  560  0.0107104
17  565  0.0120462
18  31  0.638802
18  152  0.0151001
18  193  0.0571538
18  478  0.135425
18  559  0.0111621
18  564  0.0125874
19  30  0.319641
19  408  0.0770455
20  30  0.364924
20  155  0.0299026
20  392  0.0106787
20  407  0.0832235
21  29  0.688444
21  154  0.0321759
21  391  0.0108468
21  406  0.0846738
22  28  0.707837
22  153  0.030942
22  390  0.0108675
22  405  0.0849662
23  27  0.269486
23  389  0.0108323
23  404  0.08492
24  403  0.0846093
25  402  0.0843747
26  386  0.010486
26  401  0.0843483
26  563  0.0113644
27  385  0.0107775
27  400  0.0841521
27  562  0.0127607
28  384  0.0107965
28  399  0.0837684
28  561  0.0130632
29  149  0.214839
29  249  0.0738952
30  148  0.217063
30  248  0.0743488
31  147  0.222431
31  247  0.0746273
31  461  0.0407492
31  477  0.011375
32  146  0.223259
32  246  0.0746176
32  460  0.0410103
32  476  0.0113811
33  145  0.224315
33  245  0.030841
33  459  0.0409422
34  144  0.285405
34  244  0.0272528
34  458  0.0412821
35  143  0.285847
35  243  0.0697109
35  457  0.041179
35  473  0.010523
36  142  0.283318
36  456  0.0348914
37  141  0.28009
39  48  0.0116638
39  566  0.0128475
40  47  0.0142227
40  565  0.0132379
43  49  0.0115702
44  211  0.0713136
44  562  0.529419
45  141  0.0113592
45  210  0.0751169
45  561  0.558179
46  140  0.0134518
46  209  0.0750855
46  560  0.557176
47  208  0.0749663
47  559  0.553434
48  139  0.178124
48  207  0.0748141
48  505  0.0146037
48  558  0.546227
49  138  0.0891559
49  206  0.0726858
49  504  0.0148009
49  557  0.462427
50  138  0.16137
50  205  0.0722139
50  502  0.233738
51  137  0.30321
51  501  0.285493
51  553  0.0590877
51  555  0.199347
52  136  0.327407
52  204  0.0738992
52  500  0.297047
52  552  0.0634221
52  554  0.199454
53  135  0.327445
53  203  0.0739064
53  499  0.325721
53  551  0.0636811
53  553  0.158001
54  134  0.327527
54  202  0.0738899
54  384  0.0733929
54  498  0.367531
54  550  0.0630109
55  133  0.318775
55  140  0.012191
55  201  0.0628269
55  383  0.124729
55  497  0.368957
55  549  0.0149592
55  552  0.0390139
56  132  0.314307
56  139  0.0135392
56  153  0.0149108
56  194  0.0111378
56  200  0.0621017
56  382  0.125544
56  496  0.370039
56  551  0.0387828
57  131  0.313395
57  138  0.0135441
57  152  0.0149695
57  193  0.011144
57  199  0.0684698
57  381  0.125545
57  495  0.370028
57  550  0.0388214
58  66  0.0273981
58  130  0.268527
58  151  0.0162225
58  192  0.0104965
58  198  0.0385989
58  380  0.116669
58  493  0.128448
58  494  0.244233
58  549  0.030746
59  150  0.0156035
59  375  0.0170935
59  492  0.247364
60  135  0.0131238
60  147  0.0211297
60  374  0.018846
60  432  0.0987868
60  491  0.242808
61  104  0.0554202
61  134  0.0139584
61  146  0.0223306
61  373  0.0188326
61  431  0.109868
61  490  0.222507
62  103  0.0594304
62  145  0.022291
62  430  0.111227
62  490  0.0365352
63  101  0.0745189
63  102  0.0396121
63  125  0.0458521
63  157  0.0210923
63  429  0.0639483
63  488  0.0534213
63  489  0.0528268
64  100  0.135116
64  101  0.0198826
64  124  0.0531409
64  156  0.0335869
64  428  0.0347512
64  487  0.0523789
64  488  0.0484573
65  99  0.190391
65  122  0.221833
65  123  0.0269658
65  132  0.351526
65  155  0.0375637
65  486  0.0138915
66  98  0.193677
66  121  0.254301
66  131  0.44633
66  154  0.0377233
67  120  0.254544
67  130  0.505513
67  153  0.0376511
68  96  0.195103
68  119  0.254429
68  129  0.506162
68  152  0.0376367
69  95  0.482748
69  128  0.505471
70  94  0.482975
70  127  0.506406
71  93  0.480947
71  125  0.0381044
71  126  0.468707
72  92  0.471226
72  124  0.0746011
72  125  0.417499
73  123  0.109908
74  122  0.107239
74  123  0.0468408
75  122  0.0527741
76  89  0.468785
76  120  0.512847
77  88  0.484706
77  119  0.513138
78  87  0.48472
78  118  0.513147
79  86  0.432908
79  117  0.512982
80  85  0.351794
80  116  0.512819
81  115  0.18086
82  114  0.175136
83  113  0.506723
84  112  0.482331
85  111  0.405802
86  109  0.0692602
87  96  0.11638
87  108  0.0681163
87  109  0.0492853
88  94  0.0537637
88  95  0.14458
88  110  0.0883279
89  93  0.021637
89  107  0.0106784
89  109  0.067467
94  104  0.0487095
94  109  0.187897
95  103  0.0486274
95  108  0.200995
96  118  0.253619
96  151  0.0338371
97  106  0.446526
97  117  0.253936
97  150  0.0339042
98  105  0.446416
98  116  0.254737
98  149  0.03401
99  104  0.338145
99  115  0.254569
99  148  0.0339787
100  114  0.253176
100  147  0.0337435
101  113  0.247557
102  112  0.235989
102  425  0.103774
103  144  0.0343568
103  424  0.118803
104  110  0.249656
104  143  0.0343261
104  423  0.118827
105  109  0.20297
105  422  0.118451
106  141  0.0212786
106  196  0.0195009
106  421  0.104097
107  140  0.0185492
107  195  0.0181856
107  282  0.0929448
107  320  0.0115699
108  117  0.0164386
108  140  0.0160837
108  194  0.0132959
108  195  0.0133986
108  281  0.10725
108  319  0.0119078
109  116  0.0312405
109  139  0.0252417
109  194  0.0178891
109  280  0.107344
110  115  0.0310754
110  138  0.0339885
110  193  0.0209412
110  279  0.10752
110  317  0.0119662
111  137  0.0333182
111  278  0.105569
111  316  0.0119588
112  315  0.0117476
113  276  0.0876317
113  314  0.0112635
114  134  0.0297422
114  275  0.109938
115  133  0.0296418
115  274  0.121617
116  157  0.0211711
116  273  0.121634
117  156  0.0213793
117  272  0.121549
118  131  0.0324118
118  154  0.0293564
118  271  0.121479
119  130  0.037033
119  153  0.032866
119  194  0.121885
120  129  0.0370056
120  152  0.0328711
120  193  0.122497
121  128  0.0257375
121  151  0.0326878
121  192  0.109886
122  191  0.0208525
126  147  0.0356639
127  146  0.0385102
127  157  0.131587
128  145  0.0384642
128  156  0.132131
129  144  0.0385473
129  155  0.132332
130  154  0.132404
131  143  0.0386471
131  153  0.132458
132  142  0.0386608
133  141  0.038616
133  152  0.123652
133  459  0.030544
134  140  0.0263749
134  143  0.0234209
134  151  0.129218
134  368  0.095084
134  369  0.0100134
134  457  0.198361
134  458  0.0270839
135  142  0.023901
135  367  0.132296
135  456  0.205816
136  141  0.0237487
136  366  0.134643
137  148  0.127203
137  454  0.271507
138  147  0.131176
138  364  0.145393
138  453  0.317898
139  146  0.131264
139  363  0.145635
139  452  0.317187
140  145  0.117068
140  362  0.145569
140  451  0.315834
141  361  0.145652
141  450  0.0524928
142  360  0.145614
142  450  0.267991
143  359  0.14565
143  449  0.322451
144  358  0.145481
144  448  0.322786
145  357  0.0495825
145  447  0.323386
146  446  0.32426
147  445  0.324096
148  444  0.324093
149  443  0.324086
150  179  0.0561814
150  442  0.148697
150  562  0.129193
151  178  0.0745843
151  559  0.0368205
151  561  0.142157
152  177  0.0750266
152  194  0.0117877
152  440  0.322992
152  558  0.05677
152  560  0.142563
153  193  0.0119863
153  439  0.323101
153  557  0.0567917
153  559  0.142707
154  176  0.161755
154  192  0.0115741
154  437  0.0656822
154  438  0.220158
154  556  0.0566302
154  558  0.141396
155  175  0.162781
155  436  0.129634
155  557  0.139019
156  174  0.16293
156  435  0.120968
156  553  0.0110146
156  555  0.164058
157  168  0.0138807
157  173  0.162694
157  552  0.0117227
157  554  0.164269
158  167  0.013837
158  172  0.127625
158  551  0.0110262
158  553  0.15283
159  166  0.0127973
163  432  0.0460239
164  191  0.708172
164  431  0.0470552
165  190  0.750502
165  430  0.0470429
166  189  0.751289
166  428  0.0128099
166  429  0.0329487
167  188  0.753343
167  427  0.0255156
167  428  0.0176327
168  187  0.754137
168  426  0.038236
169  186  0.729928
169  425  0.0233962
170  181  0.724146
171  180  0.77655
172  179  0.786628
172  422  0.0117409
173  178  0.781629
173  421  0.0123959
174  420  0.0111778
176  330  0.0182722
177  329  0.0184214
178  328  0.01851
179  327  0.0184215
179  357  0.0645984
180  326  0.012531
180  356  0.122532
181  355  0.139022
182  325  0.0109153
182  354  0.140332
183  324  0.0109422
183  353  0.139992
183  433  0.0335717
184  192  0.0566624
184  352  0.0860142
184  432  0.0349394
185  191  0.0563922
185  351  0.0856233
185  431  0.0347694
186  190  0.0214706
186  430  0.0341108
187  270  0.0140625
188  269  0.014034
189  268  0.013997
189  425  0.0538002
190  267  0.0139739
190  424  0.0632225
191  266  0.0138764
191  332  0.0838017
191  423  0.063249
192  331  0.0841391
192  422  0.0631162
192  433  0.217342
192  514  0.0864942
193  432  0.222258
193  513  0.106135
194  330  0.19211
194  420  0.0125713
194  431  0.222011
194  512  0.106162
195  329  0.196485
195  430  0.121797
195  511  0.105976
196  328  0.198122
196  510  0.106478
196  552  0.121683
197  327  0.187345
197  509  0.104698
197  551  0.122739
198  262  0.332716
198  326  0.0429881
198  508  0.100342
198  550  0.122577
199  261  0.605145
199  549  0.120099
200  260  0.605477
200  507  0.0870907
200  515  0.0643304
200  548  0.0519891
201  259  0.605691
201  506  0.0882289
201  514  0.101394
202  258  0.606362
202  505  0.0919285
202  513  0.130966
203  256  0.0402685
203  257  0.539439
203  504  0.0827794
203  512  0.130921
204  255  0.0786396
204  502  0.0447097
204  511  0.131032
205  252  0.0416295
205  254  0.0348035
205  501  0.0208072
205  510  0.131213
206  251  0.0416295
206  500  0.011431
206  509  0.13053
207  255  0.493236
207  508  0.115468
208  254  0.626159
209  248  0.0363914
209  253  0.672014
209  506  0.0774124
210  247  0.0403443
210  249  0.014136
210  252  0.696663
210  505  0.0774834
211  251  0.692906
212  250  0.606269
213  246  0.884175
214  245  0.888899
214  246  0.0111274
215  245  0.0107082
216  242  0.684958
216  243  0.241738
217  241  0.871338
217  242  0.12108
218  240  0.997917
219  239  0.997358
220  238  0.996466
221  237  0.997088
222  236  0.976955
223  235  0.951903
223  236  0.0211999
224  232  0.0764287
224  233  0.0158722
224  235  0.042179
225  231  0.102658
225  234  0.787221
226  230  0.0391312
226  233  0.675575
228  232  0.0161195
248  565  0.0702998
249  564  0.0765423
250  563  0.0765503
251  562  0.0766141
252  561  0.0766622
253  503  0.134474
253  560  0.0697856
254  502  0.070745
254  559  0.0656593
255  501  0.140514
255  558  0.0460825
256  500  0.262417
257  499  0.281512
258  394  0.0769902
258  498  0.285819
259  393  0.0773559
259  497  0.283027
260  392  0.0774838
261  391  0.0775739
261  495  0.283446
262  270  0.0151508
262  390  0.0775422
262  494  0.281121
263  269  0.0135834
263  389  0.0765443
264  388  0.0642125
264  492  0.260819
265  432  0.0158874
265  491  0.27552
266  430  0.103148
266  431  0.0173362
266  490  0.276877
267  429  0.103468
267  430  0.0164183
267  489  0.264527
268  326  0.0115228
268  386  0.0400227
268  428  0.0963285
268  429  0.013288
268  488  0.236508
269  325  0.0154357
269  326  0.465099
269  385  0.0459049
269  427  0.0626673
269  487  0.125885
270  324  0.0179554
270  325  0.569676
270  384  0.0464002
270  426  0.0619578
271  383  0.0426883
271  425  0.032608
271  485  0.0285486
272  323  0.697795
273  322  0.724718
273  482  0.113203
273  499  0.0101489
274  321  0.72598
274  481  0.114803
274  498  0.0101725
275  312  0.0110254
275  320  0.732643
275  480  0.114782
275  497  0.0101384
276  311  0.013279
276  319  0.73432
276  479  0.11484
276  496  0.0101233
277  310  0.0132378
277  318  0.73424
277  478  0.113837
277  495  0.0101085
278  307  0.118431
278  317  0.452666
279  306  0.150255
279  316  0.359686
280  305  0.150286
280  315  0.560327
281  304  0.148734
282  291  0.231697
282  297  0.178477
282  313  0.0404948
283  290  0.303095
283  296  0.231474
283  303  0.150874
283  311  0.177576
284  289  0.299961
284  295  0.231488
284  302  0.151148
284  310  0.177725
284  330  0.10038
285  294  0.228199
285  301  0.0530208
285  329  0.101245
286  300  0.0529983
286  309  0.0277512
286  328  0.101606
287  299  0.151644
287  327  0.10154
288  297  0.243723
288  298  0.0766284
288  326  0.101423
289  296  0.353884
290  295  0.345647
290  324  0.0994351
291  323  0.0947565
294  312  0.23682
294  320  0.0970813
295  311  0.271151
295  319  0.0979671
296  310  0.270076
296  318  0.091229
297  316  0.0166013
298  316  0.0101445
299  308  0.389887
299  314  0.255907
300  307  0.505704
300  313  0.303023
301  306  0.525203
301  312  0.314453
302  311  0.315694
303  310  0.312615
304  309  0.268005
310  319  0.0127326
310  477  0.113438
311  318  0.0127185
311  476  0.113475
312  475  0.112332
313  474  0.0993582
317  424  0.0205678
317  470  0.10396
318  423  0.0206187
318  469  0.104099
319  422  0.0205243
319  468  0.104778
321  466  0.0182919
322  421  0.145507
323  420  0.156849
324  380  0.0376475
324  419  0.216697
325  379  0.0376481
325  418  0.216883
326  378  0.0340855
326  417  0.216761
327  385  0.0106923
327  416  0.216659
327  427  0.343763
328  384  0.0112852
328  415  0.216572
328  426  0.364124
329  425  0.364924
330  383  0.0267351
330  424  0.365426
331  352  0.502143
331  382  0.0266246
331  423  0.361019
332  351  0.532988
332  381  0.0263462
332  422  0.350169
333  350  0.934861
334  349  0.993332
335  348  0.993153
336  347  0.99337
337  346  0.976701
352  420  0.211182
353  372  0.0555834
353  414  0.174265
353  419  0.537012
354  369  0.0132601
354  371  0.0556133
354  413  0.174026
354  418  0.537401
355  368  0.013138
355  370  0.0488387
355  417  0.529147
357  366  0.0251126
357  415  0.480973
358  365  0.0340164
358  369  0.0408806
358  414  0.539905
359  364  0.0333537
359  368  0.0417024
359  411  0.22535
359  413  0.525688
360  367  0.0431335
360  410  0.518077
360  412  0.223207
361  366  0.0425721
361  409  0.741048
362  408  0.740437
363  407  0.741396
364  406  0.371522
365  406  0.386787
366  405  0.761454
367  404  0.760673
368  403  0.690174
370  401  0.752965
371  400  0.762174
372  399  0.761939
373  382  0.0117244
373  397  0.489349
373  398  0.209887
374  396  0.510941
375  395  0.448889
375  396  0.0380056
377  394  0.228284
378  395  0.163121
379  394  0.16829
380  391  0.219497
380  394  0.191329
381  390  0.209866
381  392  0.14178
381  393  0.132619
382  391  0.11482
383  391  0.390044
384  390  0.453847
384  549  0.012897
385  389  0.172866
386  518  0.0293724
387  517  0.124191
388  516  0.125426
389  515  0.125891
390  514  0.126008
391  513  0.125514
392  512  0.113739
393  511  0.112909
394  510  0.124994
395  509  0.11831
397  421  0.101443
398  420  0.102217
398  495  0.0122275
399  419  0.106825
399  494  0.034874
400  418  0.106762
400  493  0.0349145
401  417  0.0816855
401  492  0.0344739
402  491  0.0310876
403  417  0.0216315
404  416  0.100121
404  434  0.0101999
405  415  0.103164
405  433  0.0103013
406  413  0.0117823
406  414  0.0906265
407  412  0.0167372
407  488  0.0192179
408  487  0.0196092
409  486  0.0190443
410  485  0.0171848
411  484  0.0105643
412  482  0.0119373
413  421  0.0319318
413  481  0.0119068
414  420  0.0319116
415  419  0.0197829
415  479  0.0108926
418  476  0.0774243
419  475  0.0794978
420  474  0.0788777
421  473  0.0787548
422  432  0.0319166
422  444  0.26311
422  477  0.0301028
423  431  0.0332852
423  443  0.274635
423  476  0.0301219
424  430  0.0329201
424  442  0.278889
424  475  0.0300517
425  429  0.0138157
425  441  0.279192
426  440  0.279195
426  473  0.0130129
430  438  0.311613
431  437  0.308998
432  436  0.117627
433  493  0.0105468
434  492  0.0108314
435  487  0.0237865
436  485  0.283401
436  486  0.0131617
437  484  0.351809
438  483  0.352586
439  469  0.0279141
439  482  0.352371
440  468  0.0341938
440  481  0.35267
441  467  0.0350979
441  480  0.336521
442  465  0.0747628
442  466  0.0247925
442  479  0.282946
443  464  0.116434
443  465  0.013432
444  463  0.127836
445  462  0.127925
445  469  0.0487584
446  460  0.134228
446  468  0.0600455
447  459  0.134154
448  458  0.135035
448  465  0.50458
449  457  0.134991
449  464  0.510311
450  456  0.12967
450  463  0.512254
451  462  0.512243
452  461  0.512813
453  460  0.504499
459  470  0.0121697
459  486  0.190268
460  469  0.0123036
460  485  0.261956
461  468  0.0123286
461  484  0.269798
462  483  0.270866
463  482  0.272332
464  481  0.271973
466  475  0.0114105
467  478  0.389574
468  477  0.666418
469  476  0.664636
470  475  0.620868
471  504  0.0222726
472  503  0.0310229
473  502  0.0315627
475  500  0.0110474
476  499  0.0307147
477  498  0.0307433
478  497  0.0166086
478  499  0.0149742
479  498  0.0165174
481  496  0.0619261
482  495  0.0620965
483  494  0.0655636
484  493  0.0648928
489  565  0.0614982
491  563  0.100092
492  562  0.109769
493  561  0.110676
494  514  0.0298608
494  559  0.118969
495  513  0.0424866
495  558  0.126985
496  512  0.042494
496  557  0.126868
497  506  0.116733
497  511  0.0424005
498  505  0.15105
498  510  0.0449805
499  504  0.122663
499  508  0.0348932
500  507  0.0358417
500  508  0.0185798
501  506  0.0341844
501  507  0.0193857
511  552  0.568522
512  551  0.573912
513  550  0.576298
514  549  0.575402
516  547  0.084887
517  547  0.0101299
518  545  0.932336
519  544  0.995245
520  543  0.996624
521  542  0.995939
522  541  0.99768
523  540  0.977526
525  538  0.978525
526  537  0.999336
527  536  0.998472
528  535  0.998857
529  534  0.939245
547  561  0.0106309
548  560  0.013116
549  559  0.0133721
550  558  0.0134545
