1  20  0.110664
2  19  0.153226
2  88  0.524614
3  18  0.224982
3  87  0.633148
3  94  0.0685363
3  108  0.0395902
4  17  0.224948
4  86  0.632842
4  93  0.0687345
4  107  0.0396834
5  16  0.224495
5  85  0.630723
5  92  0.0686089
5  106  0.0396915
6  15  0.223645
6  84  0.62396
6  91  0.0676398
6  105  0.0358038
7  14  0.210362
8  21  0.0615452
9  20  0.0840513
10  19  0.091715
10  79  0.617542
11  18  0.0789481
11  78  0.631215
11  99  0.035692
12  77  0.631232
12  98  0.0357842
13  76  0.630008
13  97  0.0356534
14  59  0.0213597
15  58  0.0313669
16  57  0.0324418
16  72  0.115467
16  73  0.0109833
17  56  0.0270656
17  71  0.118078
18  70  0.118523
19  54  0.0361752
19  69  0.116916
19  91  0.0635832
20  53  0.0183854
20  68  0.107818
20  90  0.0624119
21  52  0.0182096
21  83  0.0105433
21  89  0.0548255
22  51  0.0356912
22  64  0.0115804
22  82  0.0150962
23  81  0.0145857
24  49  0.0346899
24  61  0.222955
24  80  0.0132813
24  85  0.108107
25  48  0.0355245
25  60  0.5416
25  62  0.0148173
25  84  0.124234
26  59  0.538931
26  61  0.01509
26  82  0.0151983
26  83  0.118069
27  58  0.517115
27  81  0.0247319
27  82  0.110666
28  56  0.0200233
28  59  0.0188469
28  80  0.0330321
28  81  0.0968812
28  125  0.0155247
29  40  0.0394156
29  58  0.023781
29  79  0.0403471
29  80  0.0704197
30  39  0.105755
30  43  0.0361578
30  54  0.562976
30  57  0.0253641
30  78  0.0524064
30  123  0.170554
31  38  0.105434
31  42  0.0361546
31  53  0.563606
31  56  0.0254319
31  77  0.0523747
31  82  0.0107667
31  122  0.170578
32  37  0.0652756
32  52  0.510716
32  76  0.0479035
32  80  0.0120081
32  121  0.146559
33  40  0.0366482
33  51  0.506338
33  79  0.0185245
33  121  0.0250125
34  39  0.0371047
34  50  0.556874
34  54  0.027146
34  72  0.046885
34  78  0.0244666
34  119  0.119769
34  120  0.0473743
35  53  0.0271089
35  71  0.047667
35  77  0.0244714
35  118  0.0603668
36  45  0.0139126
36  52  0.026956
36  70  0.0474272
36  76  0.0244053
36  118  0.112385
37  44  0.0167543
37  47  0.601143
37  117  0.172147
38  43  0.0168763
38  46  0.640976
38  116  0.172257
39  45  0.638482
39  115  0.17214
40  44  0.24305
41  76  0.124654
41  79  0.111879
42  72  0.0125388
42  75  0.12772
42  78  0.121472
43  71  0.0147147
43  77  0.121478
44  70  0.0147128
44  76  0.119656
45  54  0.0172328
45  69  0.0149553
45  72  0.133403
45  75  0.107243
46  53  0.0172808
46  68  0.0137692
46  71  0.1399
47  52  0.0163919
47  70  0.0298596
47  71  0.0887087
48  70  0.219974
50  68  0.312152
51  67  0.334858
52  66  0.334701
53  65  0.335388
54  64  0.33415
56  62  0.280304
56  63  0.011689
57  61  0.106972
61  72  0.333881
62  71  0.529098
63  70  0.53151
64  69  0.52444
64  123  0.0184939
65  122  0.0185125
66  121  0.0183273
68  119  0.0185391
69  118  0.0185722
70  117  0.0185304
71  116  0.018555
72  115  0.0177164
77  114  0.154862
78  113  0.155258
79  112  0.154244
80  111  0.138185
81  95  0.0283994
81  109  0.0296125
82  87  0.0547203
82  94  0.0404746
82  96  0.0446955
82  108  0.0290847
82  110  0.0167888
83  93  0.0296323
83  95  0.0400759
83  107  0.025133
83  109  0.0151457
85  93  0.0297076
86  92  0.0300707
92  124  0.0157841
94  122  0.109178
95  121  0.11215
97  102  0.121662
97  105  0.0496954
97  120  0.750351
98  104  0.0435635
98  119  0.750817
99  118  0.750563
100  117  0.716065
102  115  0.54581
104  113  0.409417
105  113  0.0505183
106  111  0.0284351
113  123  0.0212805
114  122  0.0212497
115  123  0.026812
116  122  0.02672
117  121  0.0112134
