2  15  0.0746212
2  39  0.014226
2  143  0.0165783
3  14  0.0885544
3  33  0.0170847
3  38  0.0311369
3  72  0.011625
3  142  0.0196642
4  14  0.084034
4  32  0.0262525
4  37  0.0348419
4  71  0.0116299
4  142  0.0146195
5  13  0.0776805
5  15  0.0173976
5  70  0.0116131
5  141  0.0142647
6  14  0.0212394
6  30  0.0185865
6  32  0.0276459
6  69  0.0115454
7  29  0.0284781
7  31  0.0222868
8  28  0.0287707
8  30  0.0167083
8  31  0.013741
8  33  0.0680905
9  14  0.0147192
9  27  0.028874
9  29  0.0121003
9  30  0.0225534
9  32  0.0791202
10  26  0.0255833
10  29  0.0277081
10  31  0.0784899
11  28  0.0340129
11  30  0.0767499
12  23  0.0146444
12  27  0.0397693
12  29  0.0749639
13  26  0.0332159
13  28  0.0676838
14  22  0.0121538
14  24  0.0135646
16  26  0.0621626
16  145  0.675055
17  25  0.0825614
17  144  0.771651
18  24  0.0826789
18  143  0.799114
19  23  0.0449443
19  35  0.0183845
19  142  0.806729
20  34  0.0191559
20  141  0.805275
21  33  0.0239968
21  36  0.171592
21  38  0.0102512
22  32  0.0238983
22  35  0.236455
22  37  0.0108055
22  139  0.316451
23  34  0.2428
23  39  0.0157863
23  138  0.316708
24  31  0.0122639
24  32  0.238103
24  33  0.0981923
24  37  0.138912
24  137  0.289056
25  30  0.0131417
25  31  0.228185
25  36  0.137154
27  34  0.123275
27  136  0.0853579
28  135  0.0835167
28  136  0.0716673
29  134  0.0756191
29  135  0.178853
30  133  0.0652349
30  134  0.199203
31  132  0.0386019
31  133  0.209934
32  39  0.0103678
32  132  0.211698
33  129  0.0134081
33  132  0.0267637
33  146  0.0290059
34  128  0.0153382
34  131  0.259199
34  142  0.0160253
34  145  0.0453258
35  127  0.0144081
35  130  0.258162
35  141  0.0150645
35  144  0.0468761
36  129  0.250608
36  143  0.0466988
37  127  0.212482
37  141  0.051247
38  57  0.0108538
38  126  0.212427
38  140  0.0588113
39  56  0.0130149
39  125  0.108582
39  139  0.0305663
40  55  0.0171304
40  125  0.168272
40  139  0.632506
41  54  0.0187968
41  124  0.271775
41  138  0.664181
42  53  0.0190838
42  123  0.272101
42  137  0.691887
43  52  0.0190915
43  122  0.272062
43  136  0.692021
44  51  0.0144441
44  121  0.263253
44  135  0.691094
45  134  0.689576
46  133  0.691313
47  132  0.691293
48  117  0.0537742
49  116  0.0579644
50  61  0.539721
51  60  0.598861
52  59  0.62985
52  113  0.268283
53  58  0.457178
53  112  0.0983349
55  110  0.250568
56  109  0.263192
57  108  0.132166
58  108  0.205104
59  107  0.342385
60  106  0.341984
60  129  0.0261443
61  105  0.343251
61  128  0.0792459
62  104  0.343209
62  127  0.0414407
63  103  0.340095
63  127  0.523078
64  126  0.572157
64  129  0.0295236
65  125  0.575182
65  128  0.0379213
66  85  0.0239892
66  91  0.0194689
66  100  0.0732649
66  124  0.574799
66  127  0.0378761
67  84  0.025902
67  99  0.0240347
68  83  0.0260559
69  79  0.0184996
69  82  0.0261092
69  88  0.912786
70  78  0.0185477
70  87  0.921885
71  77  0.0176549
71  80  0.0267066
71  86  0.923241
72  79  0.0277134
72  85  0.923235
73  78  0.0257999
73  83  0.456247
73  84  0.46665
74  82  0.912591
75  81  0.911641
75  83  0.0103817
75  139  0.0114635
76  80  0.7399
76  82  0.0104028
76  138  0.0114681
77  137  0.0113472
78  136  0.0111684
80  125  0.0282021
81  124  0.0283227
81  132  0.0113666
82  123  0.0289479
82  131  0.0132977
83  122  0.0261515
83  130  0.0132887
84  129  0.01328
85  128  0.0132312
86  119  0.0284271
87  126  0.0123941
88  125  0.0123534
90  99  0.29229
90  120  0.106574
91  98  0.356477
91  119  0.120983
91  123  0.0809794
92  97  0.220819
92  118  0.113347
93  100  0.0458422
93  103  0.0805534
93  121  0.0881708
93  122  0.0369508
94  99  0.0304859
94  102  0.0831735
94  120  0.0822673
95  101  0.0810581
95  122  0.0179401
96  100  0.0471714
96  121  0.0274457
97  122  0.0710433
98  121  0.114872
98  122  0.0108908
99  121  0.0100267
100  117  0.477956
100  119  0.013121
101  116  0.519096
101  118  0.0110568
102  115  0.538519
104  113  0.642819
105  112  0.643012
106  111  0.633845
111  124  0.0197713
112  123  0.0238123
112  125  0.049374
113  122  0.0236988
113  124  0.0493932
114  123  0.0490748
