1  536  0.0109231
2  10  0.0323348
2  271  0.0466214
2  279  0.010676
2  535  0.0175752
2  538  0.109678
2  545  0.0223685
3  9  0.0385446
3  270  0.0766513
3  278  0.0120301
3  293  0.0302458
3  533  0.035753
3  534  0.0162352
3  537  0.131989
3  544  0.0238521
4  269  0.0765773
4  277  0.0115485
4  532  0.0445788
4  533  0.0132186
4  536  0.124175
4  542  0.126194
5  268  0.0755804
5  292  0.159236
5  531  0.0542281
5  541  0.140194
6  264  0.0263085
6  267  0.0529936
6  291  0.0683177
6  530  0.0580895
6  540  0.137652
7  263  0.0707642
7  266  0.01173
7  290  0.0750467
7  506  0.0134985
7  529  0.0578995
7  541  0.0508738
8  262  0.0744153
8  288  0.0903033
8  289  0.166638
8  505  0.0134974
8  528  0.0573152
8  540  0.0506485
9  261  0.0744097
9  287  0.0949949
9  288  0.164245
9  504  0.0134126
9  526  0.0239564
10  138  0.01076
10  260  0.0592866
10  286  0.0937328
11  137  0.0107561
11  536  0.101209
12  136  0.0107545
12  279  0.309865
12  284  0.203971
12  535  0.113169
12  538  0.0194989
13  18  0.0107169
13  135  0.0105955
13  278  0.35599
13  283  0.206131
13  534  0.114535
13  537  0.0212846
14  277  0.359778
14  278  0.0132139
14  533  0.113595
14  536  0.0202532
15  276  0.355237
15  277  0.014079
15  532  0.107277
16  275  0.336532
16  276  0.0135535
16  531  0.0845018
17  274  0.25577
17  275  0.0100359
20  290  0.10627
21  61  0.0129822
21  288  0.0208585
21  289  0.133986
22  287  0.0210313
22  288  0.134509
23  287  0.119558
24  58  0.958863
25  57  0.970526
26  56  0.984119
27  55  0.862493
28  54  0.108653
29  53  0.23932
30  52  0.990333
31  51  0.989997
32  50  0.988815
33  49  0.989949
34  48  0.983333
35  44  0.0793898
36  43  0.0879097
36  46  0.886215
37  42  0.0871855
37  45  0.888133
59  249  0.0108767
60  248  0.0109248
60  271  0.823699
61  247  0.0106871
61  270  0.87938
62  92  0.0104192
62  246  0.0101578
62  255  0.0357365
62  269  0.879183
63  87  0.0121236
63  91  0.0124598
63  254  0.0412679
63  268  0.879479
64  90  0.012426
64  250  0.022179
64  253  0.0407519
64  267  0.878929
65  86  0.0494779
65  266  0.736232
66  85  0.0519085
66  248  0.895296
67  84  0.0544376
67  247  0.939029
68  83  0.0551421
68  246  0.938617
69  82  0.0558706
69  245  0.93877
70  81  0.0559129
70  244  0.939255
71  243  0.939208
72  79  0.0541305
72  242  0.938778
73  78  0.0474278
74  241  0.863875
75  240  0.861336
76  239  0.920617
77  238  0.925878
78  237  0.924148
79  236  0.902211
81  215  0.0398454
81  234  0.0143373
82  215  0.094398
83  213  0.0361237
83  214  0.0947459
83  217  0.134986
83  232  0.0230423
84  213  0.0974798
84  216  0.180852
84  231  0.0234494
85  211  0.719099
85  215  0.188539
85  230  0.0237122
86  210  0.722342
86  214  0.188885
86  229  0.023631
87  209  0.722592
87  213  0.188713
87  225  0.0234119
88  212  0.137752
88  224  0.0236092
89  208  0.907283
89  223  0.023624
89  244  0.0146627
90  207  0.911134
90  222  0.0230875
90  243  0.0155989
91  206  0.911181
91  221  0.0230554
91  242  0.0155652
92  136  0.0157602
92  205  0.910671
93  131  0.0197896
93  135  0.0219165
93  204  0.911147
94  130  0.0197938
94  134  0.0219418
94  203  0.911119
95  129  0.0156457
95  133  0.0164103
95  202  0.909167
96  131  0.021291
96  201  0.878613
96  331  0.0132808
97  330  0.0133105
98  128  0.683991
98  329  0.01335
99  127  0.689771
99  328  0.0133503
100  327  0.0133507
101  326  0.0133439
102  123  0.916635
102  325  0.0133386
103  122  0.971029
103  324  0.0133489
104  121  0.97105
104  323  0.0131047
105  120  0.968278
106  119  0.817606
111  118  0.26439
112  117  0.173956
116  301  0.0109727
117  300  0.0128384
118  299  0.0129756
119  298  0.0126789
121  296  0.0129155
122  295  0.0129421
123  294  0.0128673
124  293  0.0127219
127  135  0.0500779
127  196  0.218044
128  134  0.0498311
128  135  0.0106113
128  195  0.217658
129  134  0.0104905
129  140  0.0175296
129  192  0.0111314
129  194  0.215165
130  139  0.0169646
130  191  0.0104417
134  241  0.0213072
135  240  0.0224694
136  239  0.0224405
137  238  0.0222604
138  193  0.662985
138  237  0.0214641
139  190  0.0156778
139  192  0.847873
139  236  0.0194546
140  171  0.0126226
140  189  0.0156875
140  191  0.848009
141  170  0.0131209
141  188  0.0153647
142  169  0.0131672
142  186  0.0121732
142  190  0.888154
142  220  0.0120729
143  168  0.0116965
143  185  0.0115414
143  189  0.8878
144  188  0.887212
145  187  0.883188
145  217  0.016298
146  215  0.0396395
147  166  0.0143502
147  183  0.911338
147  214  0.0415522
148  165  0.014495
148  182  0.914117
148  213  0.0416865
148  543  0.0105026
149  164  0.0145058
149  181  0.913676
149  212  0.0416847
149  542  0.011038
150  163  0.014515
150  180  0.914134
150  211  0.0417085
150  541  0.0110787
151  179  0.913468
151  210  0.0415304
152  162  0.0141164
152  178  0.911889
152  209  0.0413171
153  161  0.0207627
153  208  0.0313299
153  538  0.0109879
154  160  0.0380981
154  177  0.0171578
154  537  0.0111069
155  177  0.015578
155  536  0.0111007
156  174  0.0889888
156  175  0.248819
156  176  0.0202727
156  535  0.0110781
157  173  0.0274231
157  534  0.0110529
158  173  0.295847
158  533  0.0109361
159  173  0.0620339
160  171  0.915442
161  170  0.921962
162  169  0.922921
162  207  0.0425245
162  529  0.0105283
163  168  0.897642
163  206  0.0436058
163  528  0.01055
164  205  0.0436071
164  527  0.0104579
165  204  0.0436355
166  203  0.0436362
166  525  0.0103326
167  202  0.0436335
167  524  0.0103288
168  201  0.0431394
172  198  0.0405205
173  197  0.0434941
174  196  0.0435267
175  195  0.0433806
177  193  0.0385125
178  192  0.0385594
180  187  0.0115572
191  292  0.0323542
192  291  0.0324932
193  290  0.0324937
194  289  0.0325131
195  288  0.0325134
196  287  0.0325026
197  286  0.0252273
198  285  0.0199823
199  215  0.0135962
200  214  0.0141849
201  213  0.0141939
202  211  0.0138859
202  215  0.0117988
203  210  0.0145033
203  214  0.0177439
204  209  0.013495
204  213  0.0177585
205  212  0.0177495
206  211  0.0176457
217  234  0.0485146
217  236  0.0144597
219  234  0.905816
220  231  0.0536329
220  233  0.906232
221  230  0.0547358
222  229  0.0545287
222  231  0.913248
223  230  0.915896
224  229  0.90777
239  271  0.0145505
240  270  0.02408
241  269  0.0241933
242  268  0.0245336
243  267  0.0245191
244  259  0.0110062
246  257  0.0395644
247  256  0.0414558
248  255  0.0421577
249  254  0.0437015
250  266  0.0292737
253  263  0.86014
254  262  0.859589
255  261  0.771975
256  260  0.0540574
261  266  0.0329526
282  544  0.42511
283  543  0.458905
284  542  0.459671
285  296  0.0216014
285  525  0.0143936
285  541  0.459346
286  295  0.0100167
286  524  0.0143756
286  540  0.43668
287  294  0.0109626
287  523  0.0135338
287  533  0.26367
287  537  0.0251303
288  293  0.0228642
288  522  0.0132139
288  532  0.32145
288  536  0.0189413
288  537  0.0424733
289  531  0.462228
289  536  0.0410138
289  537  0.0171215
290  530  0.550648
290  535  0.0398466
291  515  0.0119699
291  529  0.647511
291  534  0.0324014
292  514  0.0120172
292  528  0.644621
293  309  0.078287
293  513  0.0120095
293  526  0.0157337
294  526  0.300327
294  530  0.0744359
294  545  0.0255354
295  307  0.16788
295  511  0.0118789
295  525  0.497657
295  529  0.0947099
295  541  0.0291449
295  544  0.0309272
296  306  0.169655
296  309  0.0760472
296  510  0.0118742
296  524  0.497686
296  528  0.0930672
296  540  0.0291476
296  543  0.0311135
297  305  0.171923
297  308  0.174662
297  523  0.496447
297  542  0.0284348
298  304  0.158285
298  307  0.174009
298  308  0.0112209
298  522  0.493782
298  541  0.0278701
299  305  0.129603
299  307  0.0110211
299  537  0.0191715
300  304  0.0493781
300  536  0.0180783
302  532  0.0103736
303  318  0.0276142
303  482  0.0122646
303  531  0.0102068
304  317  0.0301487
304  481  0.0140729
304  505  0.262593
305  316  0.0321712
305  480  0.0142247
305  504  0.479655
306  315  0.0339591
306  318  0.0293357
306  479  0.0142403
306  503  0.500964
306  529  0.0147085
307  314  0.0325648
307  317  0.0330602
307  478  0.0142406
307  502  0.502899
307  528  0.0144664
308  316  0.0330739
308  477  0.0142267
308  501  0.503231
309  315  0.0318573
309  394  0.0213443
309  500  0.503905
309  529  0.0269455
310  393  0.0213474
310  499  0.503657
311  392  0.0191964
311  498  0.502675
311  528  0.06318
312  497  0.503312
312  527  0.318152
313  496  0.172923
313  526  0.352056
314  390  0.026993
314  495  0.174512
314  525  0.395108
315  389  0.0289495
315  494  0.503888
315  524  0.395184
316  388  0.0296915
316  493  0.498971
316  523  0.395723
317  387  0.0297013
317  492  0.495596
317  522  0.3957
318  386  0.0297593
318  490  0.120653
318  521  0.391812
319  385  0.0265639
319  489  0.115482
319  491  0.0139726
319  520  0.348999
321  369  0.448343
321  487  0.111392
322  368  0.492668
322  486  0.101313
323  367  0.525386
324  341  0.010538
324  366  0.525192
324  483  0.0857484
324  487  0.346582
325  482  0.086665
325  486  0.346566
326  364  0.240571
326  481  0.0866763
326  485  0.346133
327  338  0.0183473
327  363  0.523585
327  480  0.0865918
327  484  0.344943
328  337  0.168563
328  362  0.524701
328  459  0.0186988
328  479  0.011546
329  336  0.16984
329  361  0.524518
329  458  0.0188277
329  482  0.204104
330  335  0.151482
330  360  0.473294
330  457  0.0187299
330  481  0.204829
331  348  0.482481
331  360  0.0301117
331  480  0.197813
332  347  0.623144
332  359  0.0197628
332  456  0.0298616
333  346  0.684397
333  455  0.0256471
334  345  0.683429
334  454  0.0270604
334  475  0.0225909
334  479  0.0148956
335  344  0.612822
335  453  0.0331145
335  474  0.0218862
336  341  0.0180527
336  452  0.0332033
336  478  0.0298499
337  451  0.0332016
337  477  0.0298752
338  450  0.0331318
338  472  0.0593875
338  482  0.0304225
339  449  0.0331638
339  473  0.0137014
339  481  0.032097
340  448  0.033079
340  471  0.155854
340  480  0.0322356
340  483  0.0149339
341  436  0.0308594
341  470  0.230033
341  482  0.0151187
342  435  0.0309831
342  469  0.230162
342  481  0.0151336
343  434  0.0309476
343  468  0.0968906
344  433  0.0311205
344  467  0.0968098
345  432  0.0311463
345  466  0.230524
345  478  0.0182585
346  431  0.0310732
346  465  0.23053
346  477  0.0186449
347  358  0.0594258
347  464  0.230347
347  476  0.0182993
348  357  0.142521
348  463  0.23026
348  475  0.0163405
349  356  0.130495
349  462  0.228838
350  461  0.213259
351  457  0.0266831
351  460  0.159869
352  456  0.039818
353  455  0.0404554
354  454  0.0379333
355  457  0.0127463
356  453  0.0122187
356  456  0.0127343
357  431  0.0161052
357  451  0.0477889
357  452  0.0120991
357  483  0.027592
358  393  0.0144265
358  430  0.0161227
358  450  0.0499923
358  482  0.0276771
359  392  0.0203761
359  449  0.0498024
359  480  0.0189991
359  481  0.018212
360  391  0.0134391
360  422  0.0301272
360  424  0.0232426
360  429  0.0339241
360  453  0.0597543
360  479  0.166136
361  421  0.0301408
361  423  0.0230932
361  428  0.0223517
361  432  0.0120598
361  448  0.0759659
361  452  0.0615898
361  478  0.166321
362  389  0.0593502
362  420  0.0298428
362  428  0.0192985
362  431  0.0121312
362  447  0.0761092
362  451  0.0615246
362  477  0.164308
363  388  0.263671
363  419  0.0141572
363  427  0.0337519
363  430  0.011271
363  446  0.0748376
363  450  0.0567456
364  387  0.263805
364  418  0.0140489
364  426  0.0337147
364  429  0.0112193
364  445  0.0749098
365  385  0.258236
365  444  0.0693826
366  384  0.266838
366  385  0.01284
366  424  0.0427749
366  443  0.0311231
367  423  0.0425578
367  448  0.0591757
368  383  0.385177
368  447  0.0226131
369  382  0.472857
369  446  0.0226643
370  381  0.482404
370  445  0.0592684
370  519  0.0898795
371  380  0.482077
371  444  0.0591594
371  517  0.404354
372  379  0.480934
372  443  0.0578256
372  516  0.430856
373  378  0.456956
373  515  0.443202
374  439  0.0611293
374  514  0.44229
375  438  0.0611472
375  513  0.441131
377  512  0.0371454
378  435  0.0710405
378  510  0.210108
379  434  0.0712999
379  509  0.109148
379  510  0.192452
380  433  0.0714161
380  509  0.332343
381  432  0.0714797
381  508  0.435509
382  431  0.0714694
382  507  0.436399
383  430  0.0685138
384  428  0.0405102
384  505  0.442642
385  504  0.442519
386  503  0.442695
387  425  0.0535797
387  439  0.0432922
387  484  0.0520134
387  502  0.442994
388  423  0.0837041
388  438  0.0434784
388  483  0.0522964
388  501  0.442942
389  422  0.167329
389  437  0.0335394
389  482  0.0547421
389  500  0.431135
390  421  0.152422
390  481  0.0571722
390  498  0.0154655
391  420  0.151274
391  480  0.0364556
391  497  0.012303
391  498  0.0276413
392  419  0.162464
393  478  0.0385733
393  497  0.338028
394  417  0.223606
394  477  0.0724654
394  496  0.349717
395  416  0.227271
395  476  0.0727137
395  494  0.0111514
396  415  0.227432
396  425  0.0288722
396  494  0.278709
397  424  0.0378672
397  475  0.247614
397  492  0.242734
397  493  0.138062
398  474  0.245615
398  491  0.379893
399  423  0.0494873
399  473  0.217709
399  490  0.379343
400  422  0.334735
400  472  0.0208406
400  489  0.37982
401  412  0.236751
401  421  0.334983
401  471  0.0166289
401  488  0.3802
402  411  0.239337
402  420  0.335756
402  487  0.380251
403  410  0.237922
403  419  0.335724
403  486  0.365335
404  409  0.215742
404  418  0.335962
404  470  0.0445823
405  417  0.333443
405  468  0.0147564
405  483  0.225159
405  484  0.0386091
406  482  0.221399
407  415  0.119137
407  467  0.116591
407  480  0.20798
407  484  0.0111976
408  415  0.0149714
408  466  0.116883
408  478  0.247519
408  483  0.0110045
408  484  0.0156235
409  415  0.0292342
409  465  0.116964
409  477  0.247971
409  483  0.0157216
410  414  0.012474
410  415  0.0149007
410  464  0.116549
410  476  0.247962
411  463  0.114144
411  475  0.247808
412  474  0.234523
414  446  0.0375521
415  422  0.0426951
415  445  0.043307
415  479  0.0111604
415  517  0.0242625
416  444  0.0416985
416  516  0.0262083
417  422  0.183982
417  443  0.0175983
417  479  0.0171078
417  515  0.026852
418  432  0.0774169
418  439  0.0603533
418  477  0.0285722
418  478  0.0103073
418  514  0.0268546
419  431  0.0298352
419  438  0.0605526
419  476  0.0358903
419  513  0.0102465
420  427  0.0101214
420  430  0.0313692
420  437  0.0628877
420  475  0.0383055
420  512  0.010254
421  429  0.0796711
421  436  0.0629297
421  474  0.0160952
421  511  0.0268653
422  428  0.0795294
422  435  0.0629015
422  510  0.0268544
423  427  0.0493032
423  472  0.56924
424  471  0.569506
424  507  0.02666
425  453  0.03801
425  470  0.570284
425  506  0.0273685
426  432  0.0621638
426  439  0.0153373
426  452  0.0433477
426  468  0.573038
426  505  0.0273701
427  431  0.0385328
427  438  0.0155621
427  451  0.0434935
427  467  0.573025
427  504  0.0273681
428  436  0.015826
428  450  0.0432039
428  503  0.0273399
429  435  0.0224638
429  448  0.0454011
429  465  0.572001
429  502  0.0273635
430  447  0.0173497
430  464  0.571209
430  501  0.0272916
431  446  0.0175372
431  463  0.566819
431  500  0.0268727
432  445  0.0458686
432  499  0.0203231
433  444  0.0456452
434  443  0.045008
435  479  0.0221138
436  448  0.683597
436  478  0.0221197
437  447  0.720407
437  477  0.021856
438  446  0.725827
439  445  0.726305
440  444  0.27649
444  466  0.0103432
445  465  0.0120073
446  464  0.0124932
447  463  0.0128646
450  460  0.600482
451  459  0.764468
452  458  0.75843
453  457  0.288718
462  472  0.0286804
463  471  0.0287272
465  470  0.0417552
470  480  0.0399301
471  479  0.101526
472  478  0.100112
472  483  0.11489
473  482  0.119358
474  481  0.120062
475  480  0.118147
481  495  0.0662134
482  494  0.0741206
483  493  0.103303
484  492  0.103322
485  491  0.0941297
486  490  0.0546688
494  519  0.012773
495  518  0.0128126
496  517  0.0128166
497  516  0.0126754
500  513  0.0128462
501  512  0.0128767
502  511  0.0129026
503  510  0.0114985
505  515  0.0603034
505  525  0.0116436
506  514  0.0594357
506  524  0.0116809
507  519  0.0292264
507  523  0.0118448
508  512  0.0110679
508  517  0.305036
508  522  0.011794
509  516  0.323073
509  520  0.0130279
510  515  0.32725
510  519  0.0134091
510  529  0.0477773
511  528  0.0478124
512  521  0.0111788
512  527  0.0477999
513  520  0.0144959
514  519  0.014296
514  525  0.0478662
515  524  0.047642
