1  72  0.995226
2  71  0.996803
3  70  0.996903
4  69  0.996898
5  68  0.996676
6  67  0.97675
7  66  0.739046
10  25  0.983385
11  24  0.983896
12  23  0.983414
13  22  0.98079
15  20  0.026899
27  43  0.124152
27  49  0.347085
28  42  0.134684
28  48  0.864544
29  41  0.134676
29  47  0.864735
30  40  0.134711
30  46  0.864167
31  39  0.134524
31  45  0.86326
32  38  0.121594
32  44  0.780891
33  37  0.0608758
33  43  0.775617
34  41  0.0145284
34  42  0.846354
35  40  0.835757
44  63  0.065413
45  62  0.0655996
46  61  0.065855
48  59  0.0567041
49  65  0.520492
50  57  0.0710009
50  64  0.852357
51  56  0.0699088
51  63  0.907908
52  62  0.9072
53  61  0.899688
54  59  0.0390999
