1  71  0.0759849
2  70  0.122376
2  155  0.0581917
2  296  0.0171568
2  304  0.021225
3  66  0.156969
3  68  0.0129684
3  69  0.129404
3  95  0.0104157
3  154  0.0708936
3  199  0.134066
3  303  0.0345244
4  65  0.259427
4  68  0.126994
4  94  0.012084
4  153  0.0707806
4  198  0.134774
4  294  0.038964
4  302  0.0251894
5  64  0.275332
5  93  0.0121032
5  152  0.0707387
5  197  0.134478
5  293  0.0391133
6  63  0.253299
6  92  0.0102037
6  118  0.0132335
6  151  0.0395911
6  292  0.0341372
7  65  0.0324848
7  117  0.0165178
7  195  0.0162811
8  116  0.0167347
9  62  0.812994
9  68  0.0102439
9  115  0.0143723
9  191  0.134881
10  61  0.81632
10  114  0.0145607
10  190  0.134979
11  60  0.407298
11  113  0.0169854
11  189  0.134974
12  59  0.411016
12  112  0.0169589
12  188  0.134859
13  58  0.819432
13  64  0.0102333
13  111  0.0169391
13  187  0.135145
14  57  0.661477
14  186  0.132043
15  27  0.596016
15  185  0.120182
16  26  0.825586
16  184  0.0818697
17  25  0.843552
17  100  0.0117031
17  101  0.0151438
18  24  0.766299
18  99  0.0109184
18  100  0.0154143
19  23  0.383681
19  99  0.015253
20  98  0.0142556
23  115  0.0111653
24  114  0.0129599
24  178  0.0248161
25  60  0.02631
25  61  0.0282521
25  113  0.0131858
25  177  0.0324181
26  59  0.0329734
26  60  0.0263886
26  112  0.0131161
26  176  0.0336173
27  58  0.015193
27  175  0.0344146
28  58  0.0251259
28  174  0.0342506
29  56  0.855737
29  172  0.0157715
30  55  0.999192
31  54  0.998624
32  53  0.999165
33  52  0.999962
34  51  0.999951
35  50  0.998061
36  49  0.999603
37  48  0.499867
38  48  0.499651
39  47  0.999393
40  46  0.9983
41  45  0.810251
56  171  0.0226061
57  104  0.0348268
57  170  0.0227267
58  103  0.0483108
58  169  0.0227534
59  102  0.0245921
59  168  0.0221935
60  101  0.0242744
60  167  0.0162773
61  100  0.0476342
62  96  0.123421
63  90  0.0135129
63  95  0.158752
64  89  0.0156031
64  94  0.164596
64  291  0.0323761
64  302  0.0390761
65  88  0.0150959
65  93  0.163334
65  290  0.0315074
65  301  0.0439091
66  92  0.152775
66  289  0.0293885
66  300  0.045632
67  91  0.118998
67  288  0.0184338
67  299  0.0461902
68  86  0.248412
68  298  0.0461127
69  85  0.254361
69  297  0.0344001
70  84  0.260524
71  83  0.261884
72  82  0.262427
72  160  0.0140162
72  309  0.325586
73  81  0.262008
73  159  0.0196901
73  308  0.603484
74  80  0.25141
74  158  0.024471
74  307  0.633485
75  79  0.146127
75  157  0.0257078
75  297  0.0211696
75  306  0.63762
76  156  0.0259914
76  296  0.0411545
76  305  0.639476
77  155  0.0266223
77  295  0.0418195
77  304  0.639406
78  154  0.0268256
78  294  0.0424189
78  303  0.640721
79  153  0.026794
79  302  0.640442
80  152  0.0255613
80  292  0.0426539
80  301  0.614856
81  121  0.0116912
81  126  0.0126664
81  291  0.042839
82  120  0.0108854
82  125  0.012608
83  124  0.0122618
84  287  0.0300741
84  292  0.0217694
84  295  0.0317827
84  296  0.183564
84  297  0.0819766
85  95  0.0161557
85  121  0.0117763
85  286  0.0314139
85  291  0.0220577
85  294  0.0396923
86  94  0.0183567
86  275  0.0137855
86  286  0.0231811
86  291  0.0334229
86  294  0.293226
87  93  0.0157189
87  274  0.0139777
87  285  0.0219597
87  290  0.0319401
87  292  0.02429
87  293  0.285102
88  273  0.0139725
89  272  0.0137183
89  290  0.018804
90  271  0.0124435
90  289  0.0196218
92  125  0.029733
93  124  0.0819728
93  264  0.621602
94  123  0.0974672
94  263  0.621908
95  122  0.0973159
95  262  0.621614
96  103  0.0122683
96  121  0.0924031
96  261  0.621932
97  102  0.0119435
97  118  0.0832843
97  260  0.620826
98  116  0.0609556
98  117  0.0680716
99  115  0.0852653
99  116  0.0517003
100  114  0.10533
100  115  0.0328787
100  126  0.621773
101  113  0.12265
101  114  0.0168643
101  125  0.311608
101  154  0.0285307
101  180  0.0387137
102  112  0.122866
102  113  0.0192437
102  124  0.314535
102  153  0.0286246
102  179  0.0572175
103  111  0.138155
103  123  0.624547
103  152  0.028667
104  178  0.106669
105  177  0.124983
106  120  0.61368
106  176  0.129827
107  119  0.634774
107  175  0.1318
108  118  0.636498
108  127  0.0131976
108  174  0.13198
109  117  0.623075
109  126  0.0154601
109  173  0.131764
110  116  0.580818
110  125  0.0152289
111  115  0.338161
111  120  0.0155551
111  171  0.126536
112  119  0.0261831
112  170  0.126259
113  118  0.0263467
113  168  0.123758
114  167  0.122428
115  166  0.10918
117  164  0.0297074
118  162  0.0956209
118  163  0.0248138
119  161  0.108032
119  162  0.0159607
120  160  0.115941
121  159  0.116119
122  158  0.111713
124  156  0.0275346
124  297  0.0568284
125  155  0.0317007
125  157  0.0102635
125  175  0.0108866
125  296  0.113639
126  156  0.012202
126  174  0.0113814
126  295  0.12462
127  153  0.0676461
127  173  0.0113726
127  294  0.126834
128  151  0.634866
128  152  0.0256916
128  172  0.0109698
128  293  0.122608
129  150  0.850445
130  149  0.851053
131  148  0.807831
131  290  0.130548
132  147  0.793786
132  148  0.0483789
132  289  0.133069
133  147  0.0500984
133  288  0.13309
134  145  0.857733
134  287  0.132931
135  144  0.866199
135  286  0.132788
136  143  0.864244
136  285  0.131985
137  142  0.861201
137  284  0.12898
138  283  0.0973723
144  282  0.0196921
146  280  0.0335304
147  279  0.0331933
148  165  0.0855864
148  278  0.0201627
149  164  0.0862025
151  162  0.103309
152  161  0.141819
152  258  0.568424
153  160  0.144259
153  257  0.585684
154  159  0.138931
154  256  0.586049
155  255  0.585599
156  253  0.594324
157  252  0.594061
158  251  0.594302
158  304  0.0465638
159  250  0.594785
159  303  0.0809607
160  249  0.588394
160  302  0.0810247
161  248  0.483818
161  301  0.080811
162  175  0.038235
162  300  0.0800015
163  174  0.0121077
163  244  0.0112626
163  245  0.0135539
163  299  0.0774453
165  172  0.0564085
165  174  0.0423653
168  173  0.296726
168  268  0.100706
168  294  0.0626872
169  174  0.0337086
169  267  0.100712
169  293  0.062678
171  265  0.10582
172  264  0.172355
172  266  0.0115296
173  263  0.172309
173  265  0.011536
174  179  0.104437
174  264  0.0110999
180  244  0.727013
181  243  0.835704
182  242  0.846647
183  241  0.851001
184  240  0.85285
185  239  0.851088
186  238  0.849451
187  236  0.21695
187  237  0.633099
188  235  0.430037
190  233  0.842421
191  232  0.846225
192  231  0.847946
193  230  0.773966
194  229  0.705005
194  230  0.0577952
195  227  0.030457
195  230  0.0126816
196  226  0.0305433
196  229  0.131256
197  224  0.0151496
197  225  0.0211322
197  228  0.206879
198  223  0.024553
198  227  0.150074
199  226  0.0825771
199  227  0.663285
200  226  0.738183
200  304  0.129838
201  225  0.806035
201  303  0.13766
202  219  0.0409136
202  224  0.802876
202  302  0.137669
203  218  0.0426317
203  223  0.656079
203  301  0.137501
204  217  0.050624
204  218  0.0531995
204  220  0.0114598
204  221  0.0433931
204  300  0.137154
205  217  0.0558744
205  220  0.0364755
205  221  0.0732986
205  299  0.137438
206  215  0.18713
206  298  0.137506
207  214  0.143321
207  218  0.0144102
207  296  0.0320701
207  297  0.096525
208  215  0.100915
208  295  0.0640426
209  216  0.0555141
210  215  0.0465722
210  296  0.0486001
211  215  0.0286604
211  229  0.012599
211  295  0.0504447
212  228  0.012743
213  227  0.01265
213  293  0.0210485
215  222  0.0680192
215  236  0.0429039
216  221  0.0495902
216  235  0.0438557
217  234  0.0427531
222  232  0.106878
223  231  0.110266
224  230  0.110213
225  229  0.0682611
230  294  0.0189237
231  293  0.0189483
233  291  0.0574031
234  290  0.0575044
236  289  0.0751845
237  288  0.0754013
239  264  0.0171138
239  294  0.0570594
240  263  0.0170833
240  293  0.0570553
242  264  0.0877397
243  263  0.0865484
246  260  0.347988
247  259  0.390228
248  258  0.401914
249  257  0.403162
250  256  0.398904
251  255  0.15185
263  283  0.0510111
264  282  0.0515353
265  281  0.0528608
265  283  0.810919
266  280  0.0528578
266  282  0.815668
267  279  0.0510781
267  281  0.822071
268  280  0.821625
269  276  0.0253088
270  275  0.0264756
270  278  0.80429
270  279  0.0125993
271  277  0.718505
272  276  0.359592
275  298  0.0164506
276  297  0.0166616
277  296  0.0168083
279  295  0.0146106
280  294  0.0231773
281  293  0.0231213
