1  366  0.0235061
1  368  0.75076
2  365  0.0227503
2  367  0.843447
3  366  0.873624
5  364  0.972477
6  363  0.997915
7  362  0.996882
8  361  0.99416
9  360  0.967194
11  358  0.987133
13  356  0.996038
14  355  0.997932
15  354  0.995199
16  353  0.992117
17  352  0.986768
18  351  0.981559
19  342  0.0165899
20  29  0.0969218
20  341  0.0172956
21  28  0.102687
21  122  0.363858
21  130  0.0177425
21  338  0.0139525
21  340  0.0167589
22  27  0.113344
22  32  0.0106078
22  121  0.511955
22  129  0.0228906
22  337  0.0174328
22  346  0.0687127
23  31  0.0107236
23  120  0.511935
23  128  0.0228873
23  345  0.0677017
24  30  0.0104193
24  119  0.511047
24  127  0.0215723
25  118  0.511468
25  126  0.0209192
25  336  0.0538503
26  36  0.0928274
26  117  0.512193
26  125  0.020237
26  335  0.0733848
26  342  0.0551269
27  35  0.133516
27  116  0.512455
27  334  0.0747928
27  341  0.0545935
28  34  0.170481
28  115  0.503371
28  333  0.0745503
28  347  0.0282357
29  113  0.0156739
29  114  0.491616
29  121  0.0309547
29  332  0.0738645
29  346  0.0471839
30  112  0.0213387
30  120  0.0309885
30  228  0.0102545
30  345  0.0507596
31  94  0.0710479
31  119  0.0309425
32  93  0.0825513
32  118  0.0309674
32  226  0.062564
33  92  0.0843807
33  117  0.0310094
33  225  0.0741392
33  342  0.0591263
34  75  0.0260022
34  91  0.0830673
34  116  0.0310166
34  224  0.0753125
34  341  0.060647
35  74  0.0407355
35  95  0.267395
35  115  0.0266377
35  223  0.0753883
36  73  0.0418904
36  94  0.2666
36  222  0.0741395
36  338  0.213456
37  92  0.0163187
37  95  0.0256171
37  110  0.025308
37  221  0.0613082
37  337  0.357226
38  71  0.043984
38  88  0.0255964
38  91  0.0164964
38  93  0.342769
38  109  0.0308439
38  190  0.0651744
38  336  0.357583
39  53  0.0300422
39  70  0.0444075
39  87  0.014436
39  92  0.344296
39  108  0.0308911
39  189  0.072804
39  335  0.35443
40  52  0.0299992
40  69  0.0442861
40  88  0.0195359
40  91  0.344471
40  107  0.0308923
40  188  0.0727381
40  334  0.353863
41  51  0.0266631
41  68  0.0383118
41  90  0.291947
41  106  0.0303432
41  187  0.0682042
41  312  0.114788
42  86  0.369186
42  105  0.0266878
42  186  0.0334295
42  311  0.301642
43  85  0.374441
43  310  0.320598
44  65  0.024622
44  180  0.113425
44  309  0.323112
45  64  0.0246806
45  67  0.0226745
45  179  0.120227
45  308  0.324734
46  63  0.012123
46  66  0.0219123
46  82  0.388626
46  178  0.120144
46  307  0.324589
47  81  0.396266
47  177  0.12014
47  306  0.324616
48  80  0.396826
48  176  0.120073
48  305  0.324657
49  304  0.319678
50  63  0.148228
50  79  0.391435
51  62  0.183149
51  78  0.391428
51  102  0.0203383
51  303  0.316209
52  61  0.18326
52  77  0.383478
52  78  0.014792
52  101  0.0210421
52  302  0.315503
53  60  0.182705
53  75  0.361596
53  100  0.0221531
53  190  0.010172
53  301  0.311428
54  59  0.159883
54  74  0.36094
54  77  0.0451728
54  95  0.0346928
54  99  0.021999
54  189  0.317963
55  73  0.361282
55  76  0.0666232
55  94  0.0353397
55  98  0.0219627
55  188  0.318342
56  72  0.357733
56  75  0.0681217
56  93  0.036504
56  97  0.0219438
56  187  0.319427
57  74  0.0680072
57  92  0.0365195
57  96  0.0217321
57  186  0.319153
58  72  0.0157218
58  73  0.0554085
58  91  0.0363385
58  94  0.0209453
58  185  0.315809
59  71  0.178462
59  72  0.0277179
59  90  0.0354723
59  184  0.308237
60  70  0.429174
61  69  0.428626
61  91  0.0212601
61  179  0.319552
62  68  0.413898
62  88  0.0616887
62  178  0.31957
63  87  0.0628889
63  177  0.319279
64  86  0.0634738
64  175  0.44331
65  85  0.0633458
65  174  0.4431
66  84  0.061923
66  173  0.441493
67  83  0.0553868
68  171  0.429438
69  81  0.0405184
69  170  0.443616
70  80  0.0607504
70  169  0.443594
71  78  0.0572369
71  168  0.440164
72  77  0.0510723
72  167  0.438618
74  130  0.35416
75  129  0.427489
75  138  0.010333
76  128  0.427447
77  127  0.427282
78  88  0.0717271
78  126  0.425485
79  87  0.0819496
79  96  0.0339564
79  125  0.323312
80  86  0.0947671
80  95  0.0567068
80  99  0.0330848
80  125  0.0317692
81  93  0.0327754
81  94  0.0379275
81  98  0.0326909
81  124  0.0923214
82  92  0.0540147
82  123  0.0903967
83  91  0.0539694
83  122  0.061664
84  90  0.0462705
85  89  0.023363
85  94  0.0736966
86  91  0.0107581
86  93  0.0803701
87  118  0.0169187
87  122  0.0702182
88  117  0.0184839
88  121  0.0874351
89  120  0.0821858
91  114  0.0226843
91  115  0.0459039
92  116  0.0210384
93  102  0.079551
93  113  0.0718938
93  114  0.0118167
93  115  0.0280241
93  129  0.0117115
94  101  0.0797896
94  112  0.0618735
94  117  0.0208912
94  128  0.0114779
95  100  0.0763976
95  116  0.0230812
97  111  0.828665
98  110  0.832314
99  109  0.833431
100  108  0.83362
100  121  0.0341814
101  107  0.597232
102  106  0.227522
102  107  0.227383
103  118  0.116121
104  117  0.127408
105  116  0.12845
106  115  0.128914
107  114  0.115872
114  127  0.0181207
115  126  0.0249657
116  121  0.0113432
116  125  0.0280171
117  124  0.0286342
118  123  0.023363
123  336  0.325271
124  335  0.403802
125  139  0.0270918
125  334  0.411646
126  138  0.0329759
126  333  0.424073
127  137  0.0325225
127  332  0.424068
128  136  0.0308286
128  331  0.420368
129  330  0.399223
132  228  0.064139
133  227  0.0699282
134  226  0.0724048
135  225  0.0702374
136  221  0.0599299
137  220  0.0716374
138  219  0.0722901
138  229  0.0843715
139  228  0.0848635
140  221  0.102841
140  227  0.0819443
141  166  0.362574
141  220  0.117276
141  226  0.0714105
142  165  0.393993
142  219  0.118127
142  224  0.0212374
142  229  0.0174359
143  164  0.270554
143  228  0.0170401
143  343  0.0496383
144  164  0.177422
144  225  0.0439433
144  227  0.0129985
144  342  0.0623723
145  163  0.303093
145  224  0.0471284
145  330  0.0276216
145  341  0.0649815
146  329  0.0388224
146  340  0.0642608
147  161  0.451456
147  222  0.0147013
147  229  0.0141303
147  328  0.0412119
147  339  0.0559521
148  160  0.479892
148  228  0.018363
148  327  0.0417676
149  159  0.487716
149  189  0.16672
149  221  0.064708
149  227  0.0190383
149  326  0.0417627
149  337  0.0269541
150  158  0.487163
150  188  0.166778
150  220  0.0754992
150  226  0.0192768
150  336  0.0268568
151  157  0.481404
151  187  0.166926
151  219  0.0759861
151  224  0.0266153
151  334  0.027748
152  156  0.298251
152  186  0.166209
152  223  0.027546
152  322  0.0448608
152  333  0.0277836
153  185  0.16426
153  190  0.0871646
153  222  0.0228977
153  321  0.0450904
153  338  0.0682592
154  189  0.177764
154  320  0.0451032
154  332  0.0284881
154  337  0.0805892
155  188  0.177945
155  319  0.0451019
155  331  0.028513
155  336  0.0806055
156  187  0.177918
156  318  0.0450195
156  330  0.0284803
156  334  0.0815525
157  186  0.170948
157  299  0.0244737
157  303  0.023316
157  333  0.0831434
158  298  0.0240837
158  302  0.02336
158  332  0.0831455
159  179  0.345176
159  301  0.0233245
159  331  0.082901
160  178  0.34535
160  226  0.0964765
160  330  0.0478253
161  177  0.346345
161  225  0.163552
162  176  0.347088
162  224  0.174777
163  175  0.34651
163  223  0.176853
164  222  0.175458
165  174  0.336321
165  221  0.156371
166  173  0.337224
167  172  0.336328
167  219  0.067959
168  190  0.0962049
169  189  0.185171
170  188  0.185227
171  187  0.102558
172  186  0.0992713
173  185  0.178816
174  184  0.126942
177  182  0.123532
178  327  0.0108053
179  326  0.0112034
180  325  0.0111351
181  324  0.0105306
187  333  0.0505367
188  332  0.0505892
189  331  0.0504304
190  298  0.0204039
190  299  0.0338956
191  218  0.987038
192  217  0.996877
193  216  0.998035
194  215  0.996566
195  214  0.998355
196  213  0.999684
197  212  0.999745
198  211  0.974981
199  210  0.949868
199  211  0.0248201
200  210  0.0495243
201  208  0.0288688
201  209  0.927171
202  208  0.920363
202  209  0.0415394
203  208  0.0412889
219  326  0.0222654
220  325  0.0210729
224  322  0.0406049
225  321  0.032979
227  329  0.0236617
228  328  0.0278857
229  298  0.0465686
229  299  0.186061
229  322  0.0308038
229  326  0.0156371
229  327  0.0220161
230  296  0.789749
230  298  0.184766
231  295  0.804211
231  297  0.178528
232  294  0.827653
232  296  0.160976
233  293  0.96395
234  292  0.989994
235  291  0.992402
236  290  0.991978
237  289  0.99232
238  288  0.98909
239  287  0.947219
240  247  0.948271
240  286  0.0117233
241  246  0.950013
242  253  0.0128889
242  283  0.0119255
243  252  0.0129155
243  282  0.0128657
246  253  0.02304
247  252  0.0227382
249  255  0.0328765
249  286  0.364937
250  254  0.0204328
250  285  0.446842
250  286  0.0221294
251  284  0.462252
251  285  0.0222126
251  286  0.0600794
252  283  0.462142
252  284  0.0156943
252  285  0.0663851
253  282  0.445031
255  282  0.201064
256  281  0.226961
257  280  0.228095
258  279  0.228387
259  278  0.141259
259  281  0.736069
260  280  0.761498
261  276  0.230816
261  279  0.763115
262  275  0.230952
262  278  0.763973
263  274  0.230745
263  277  0.763649
264  273  0.219995
264  276  0.763484
265  273  0.0111919
266  272  0.0187741
266  274  0.760748
267  273  0.748034
297  310  0.0176728
298  309  0.0216958
299  308  0.0217366
300  307  0.0215269
300  321  0.402844
301  306  0.0208597
301  320  0.623365
302  319  0.62357
303  318  0.623588
304  317  0.636118
305  316  0.639711
306  315  0.60066
318  333  0.318062
319  332  0.318341
320  331  0.318025
322  330  0.30787
323  329  0.279579
324  328  0.140159
339  348  0.134643
340  347  0.147565
341  346  0.148599
341  350  0.157551
342  349  0.140704
366  425  0.0605935
367  424  0.0614884
368  423  0.0616051
368  425  0.18278
369  424  0.824288
370  423  0.842475
371  421  0.56385
371  422  0.404902
372  420  0.277366
372  421  0.201086
373  419  0.494655
374  418  0.990341
375  417  0.989912
376  416  0.526238
381  398  0.998218
382  397  0.999321
383  396  0.998259
384  395  0.998057
385  394  0.998914
386  393  0.781251
399  415  0.990091
400  414  0.99119
403  411  0.877612
404  410  0.858125
404  412  0.0267818
405  411  0.027007
406  410  0.0157597
