1  706  0.144259
2  403  0.0157691
2  705  0.233065
3  276  0.0125432
3  392  0.681202
3  402  0.0189949
3  704  0.250624
4  275  0.0125457
4  391  0.68998
4  401  0.0189419
4  703  0.251963
4  730  0.0117945
5  274  0.0125428
5  390  0.692093
5  400  0.0187832
5  702  0.252495
5  729  0.0133022
6  273  0.0125425
6  389  0.692084
6  399  0.0187705
6  701  0.252466
6  728  0.0132925
7  272  0.0125194
7  388  0.698578
7  700  0.241514
8  271  0.0124837
8  387  0.661767
8  699  0.231742
9  270  0.0112962
9  698  0.187033
11  203  0.597983
11  301  0.0494893
11  679  0.0108409
12  202  0.729092
12  267  0.0120185
12  300  0.0832977
12  678  0.0128268
13  201  0.728442
13  266  0.0119243
13  299  0.0610743
14  200  0.664324
14  265  0.0113666
15  95  0.011897
15  264  0.0103967
16  94  0.0122874
16  198  0.674591
17  93  0.0124286
17  197  0.729749
18  92  0.0124494
18  196  0.73112
18  301  0.032094
18  492  0.0184117
19  91  0.0118366
19  195  0.730888
19  227  0.211569
19  491  0.0175599
20  49  0.0211616
20  194  0.714537
20  226  0.212181
20  490  0.0184208
21  48  0.021341
21  193  0.714484
21  225  0.211937
21  489  0.0202212
22  192  0.697104
22  488  0.020091
23  47  0.0952994
23  191  0.571307
23  223  0.104317
23  224  0.0323206
23  487  0.018229
24  46  0.110829
24  190  0.538823
24  191  0.0865511
24  222  0.0524595
25  45  0.113275
25  94  0.013487
25  190  0.0874836
25  222  0.156885
26  44  0.113229
26  93  0.0136849
26  221  0.209878
26  486  0.0243652
27  92  0.0136994
27  187  0.570845
27  220  0.210003
27  485  0.0257927
28  43  0.118762
28  186  0.585097
28  219  0.210004
28  484  0.0258554
29  42  0.118797
29  185  0.58481
29  218  0.20992
29  483  0.0258533
30  41  0.118999
30  482  0.0216072
31  40  0.118303
31  53  0.0214864
31  112  0.0268305
31  162  0.0309644
31  165  0.314941
31  166  0.0800105
31  199  0.0143791
31  201  0.126654
31  202  0.0250107
32  52  0.0216243
32  111  0.0270446
32  161  0.0310681
32  164  0.318691
32  200  0.176718
33  38  0.0918192
33  43  0.0174601
33  51  0.0218293
33  109  0.0207492
33  110  0.0135651
33  163  0.311332
33  165  0.110091
33  199  0.185055
33  429  0.0250214
34  42  0.0175927
34  50  0.0217345
34  108  0.0359242
34  164  0.111495
34  196  0.0143296
34  198  0.185011
34  428  0.025039
35  41  0.0174256
35  107  0.0359118
35  197  0.182982
35  427  0.0250356
36  40  0.0137007
36  106  0.0359
36  162  0.0189175
36  163  0.0205857
36  166  0.0503303
36  195  0.18678
36  426  0.0250505
37  49  0.0344752
37  105  0.0346915
37  158  0.479395
37  162  0.0188556
37  165  0.0503559
37  194  0.184193
37  425  0.0250194
38  48  0.0350605
38  104  0.0345232
38  157  0.474148
38  164  0.0502554
38  193  0.184096
38  424  0.0205735
39  46  0.0576002
39  156  0.465226
39  157  0.0949163
39  191  0.136441
40  45  0.0562283
40  156  0.102969
40  190  0.136008
40  191  0.01395
41  187  0.0542165
41  190  0.0135876
41  423  0.0189431
42  49  0.0104566
42  154  0.578111
42  186  0.074106
42  189  0.0123863
42  192  0.0106361
42  422  0.0213743
43  48  0.0103048
43  153  0.639787
43  185  0.0740175
43  191  0.0109876
43  421  0.021459
44  152  0.678415
44  184  0.0459615
44  190  0.0109831
44  420  0.0186426
45  151  0.732088
45  189  0.012448
46  150  0.729523
46  402  0.0216932
47  116  0.0953263
47  149  0.60304
47  401  0.0217876
48  93  0.0140178
48  115  0.459773
48  146  0.0237787
48  400  0.0218205
49  92  0.0143345
49  94  0.0563903
49  114  0.459839
49  144  0.021653
49  145  0.0270464
49  187  0.0188962
49  190  0.0342925
49  399  0.021808
50  91  0.0295013
50  93  0.0843977
50  113  0.361344
50  115  0.207232
50  143  0.0227843
50  186  0.0198096
50  189  0.0384156
50  194  0.0562685
51  92  0.0895689
51  94  0.163038
51  114  0.207698
51  142  0.0228222
51  185  0.0197945
51  187  0.0427935
51  193  0.0590464
52  90  0.0876168
52  91  0.0919505
52  93  0.168436
52  112  0.0131834
52  113  0.168546
52  115  0.0134275
52  141  0.0228222
52  186  0.0431856
52  192  0.0609051
53  89  0.0904383
53  92  0.168005
53  114  0.0133976
53  140  0.0177232
53  185  0.043004
53  191  0.0611667
54  88  0.0846443
54  139  0.0126102
54  190  0.060666
55  70  0.938245
55  139  0.0111053
56  69  0.9501
56  138  0.0162037
57  68  0.951442
57  137  0.0212861
58  67  0.951844
58  136  0.0212718
59  66  0.884138
59  135  0.0198781
60  65  0.641972
61  104  0.0120139
62  99  0.0163633
62  103  0.0118791
63  98  0.0188381
63  102  0.0106209
64  97  0.0212702
65  96  0.0252291
66  95  0.0293415
67  94  0.0296316
68  93  0.0295275
70  91  0.0276383
71  82  0.0133363
72  81  0.0155265
73  80  0.0161195
73  90  0.775126
73  99  0.0246557
73  177  0.0260552
73  189  0.0276608
74  79  0.0133126
74  89  0.783956
74  98  0.0266901
74  176  0.0260849
74  188  0.0275969
75  88  0.801229
75  97  0.026908
75  175  0.0260387
75  187  0.0270987
76  86  0.019964
76  87  0.807085
76  96  0.026883
77  85  0.0271449
77  86  0.800929
77  95  0.0268622
78  84  0.0297161
78  85  0.715136
78  94  0.0268272
79  83  0.0188615
79  93  0.0264121
80  92  0.0230693
87  107  0.0114809
88  106  0.0122516
88  116  0.0453121
89  105  0.0122577
89  115  0.0529272
90  114  0.0530062
91  104  0.0269728
91  178  0.0370842
92  103  0.0364882
92  112  0.499936
92  177  0.0393133
93  102  0.0359211
93  111  0.504255
93  176  0.035587
94  110  0.486876
94  174  0.0106957
95  109  0.485706
96  107  0.707053
96  173  0.0330469
97  106  0.740466
97  110  0.0101689
97  172  0.037914
98  105  0.718228
98  109  0.0107889
98  171  0.0377955
99  104  0.583142
99  108  0.010903
99  170  0.0365674
100  169  0.0295844
101  110  0.0133078
102  109  0.0146775
103  108  0.0140643
103  178  0.0208241
104  119  0.0132555
104  177  0.0218186
104  189  0.0123264
105  118  0.0161178
105  176  0.0218098
105  188  0.0123215
106  117  0.016357
106  175  0.0217468
106  187  0.0118585
108  115  0.0194899
109  114  0.0113328
113  187  0.0651701
114  154  0.0357626
114  186  0.0854926
114  645  0.0164646
115  153  0.0457011
115  185  0.0854993
115  644  0.0164912
116  148  0.241648
116  152  0.0474779
116  184  0.0722132
116  643  0.0164848
117  134  0.0151132
117  147  0.32912
117  150  0.0803414
117  151  0.0341112
117  172  0.0135437
117  174  0.0121983
117  642  0.0164945
118  133  0.0151652
118  146  0.334765
118  147  0.0544786
118  149  0.0956679
118  171  0.013234
118  173  0.0108844
118  641  0.0163691
119  132  0.0151697
119  145  0.170745
119  148  0.079251
119  640  0.0147583
120  131  0.0152462
120  145  0.534124
121  130  0.0152627
121  144  0.961106
122  129  0.0115419
122  143  0.972303
123  142  0.973656
124  141  0.975815
125  140  0.970958
126  139  0.966064
127  138  0.96078
128  137  0.55557
128  138  0.0147433
129  137  0.403782
130  135  0.0182856
130  136  0.790849
131  135  0.301067
146  635  0.0142604
147  634  0.0159534
148  633  0.0162497
149  632  0.0163211
150  631  0.0163125
151  629  0.0146041
152  628  0.0125287
153  169  0.266622
154  168  0.315124
155  167  0.392678
156  166  0.413833
157  165  0.413911
158  164  0.409564
161  192  0.0206289
162  191  0.0223133
163  190  0.0222969
164  189  0.0220603
165  187  0.0115815
169  183  0.037476
171  181  0.762671
172  180  0.804147
173  179  0.799078
173  181  0.0148681
173  623  0.0120757
174  178  0.68451
174  180  0.0159037
174  187  0.0108532
174  622  0.0129934
175  186  0.0109006
176  621  0.0127821
177  620  0.0175693
178  619  0.0176288
179  618  0.01762
180  617  0.0175211
185  215  0.0165414
185  612  0.0166975
186  214  0.0166117
186  611  0.0176161
187  213  0.0167384
187  610  0.0176171
188  212  0.0167209
188  609  0.017613
189  608  0.0176152
190  607  0.0175142
191  209  0.0167473
191  605  0.017291
192  208  0.0167505
192  604  0.0173117
193  207  0.0167675
193  603  0.0174444
194  206  0.0167596
194  602  0.0174577
195  205  0.0167412
195  601  0.0174494
196  397  0.0217889
197  203  0.01634
197  396  0.0218191
198  202  0.0128411
198  395  0.0218746
199  394  0.0218608
199  598  0.0150987
200  597  0.0150398
201  596  0.0149739
202  595  0.0148713
204  217  0.210063
205  216  0.210245
205  380  0.75647
206  215  0.210244
206  379  0.763183
207  214  0.207654
207  378  0.765361
208  377  0.763807
209  376  0.647568
211  374  0.702886
212  373  0.7641
213  372  0.765628
214  371  0.764936
215  370  0.510431
216  369  0.255218
216  370  0.255739
217  369  0.510961
218  368  0.766308
219  367  0.766291
220  366  0.764978
221  365  0.765902
222  364  0.766241
223  363  0.756607
224  362  0.755835
225  360  0.765583
226  359  0.765666
227  358  0.764345
228  299  0.62189
229  298  0.917067
229  300  0.028562
230  297  0.916515
230  299  0.0260051
230  300  0.0183648
231  296  0.625076
231  299  0.017475
233  296  0.315735
234  295  0.95292
235  294  0.977832
236  293  0.977182
237  292  0.972089
238  291  0.343474
239  290  0.0965307
241  291  0.629417
242  290  0.870158
243  289  0.970575
244  288  0.970708
245  287  0.927111
246  286  0.651052
247  287  0.0263354
248  286  0.157758
249  285  0.201041
250  262  0.958363
251  261  0.966297
252  260  0.968694
253  259  0.965938
254  258  0.36771
263  281  0.764955
264  280  0.981431
265  279  0.981205
266  278  0.981239
267  277  0.981095
268  274  0.0352576
268  276  0.85779
269  273  0.0343484
280  658  0.0104817
281  657  0.010475
283  655  0.0116452
284  654  0.0116811
285  653  0.0116477
286  652  0.0113552
287  651  0.0103314
290  646  0.0116102
291  645  0.0126203
292  644  0.0126231
293  643  0.0126163
294  642  0.0126229
295  641  0.012614
296  640  0.0125676
297  639  0.0124434
301  356  0.558604
303  355  0.73928
303  694  0.205875
304  354  0.761598
304  693  0.213515
305  353  0.761668
305  692  0.213533
306  352  0.761151
306  690  0.213902
307  312  0.0260198
307  351  0.729686
307  689  0.214111
308  350  0.303493
308  688  0.213996
309  687  0.213489
310  686  0.21388
311  685  0.21412
312  684  0.214111
313  351  0.0208202
313  683  0.21125
314  682  0.1963
315  350  0.468492
315  593  0.171515
316  349  0.778512
316  592  0.180968
317  348  0.78042
317  591  0.181081
317  679  0.0316974
318  347  0.781277
318  590  0.181337
318  678  0.0261778
319  346  0.781329
319  589  0.181336
320  345  0.780759
320  588  0.180487
321  344  0.77559
321  492  0.0280098
321  587  0.177241
322  491  0.0285576
323  342  0.715847
323  490  0.0288435
323  581  0.029926
323  584  0.0208853
324  341  0.715385
324  489  0.0281825
324  580  0.0298614
324  582  0.0733868
324  586  0.0176816
325  339  0.205347
325  579  0.0275444
325  582  0.0244035
325  585  0.0181869
326  339  0.206501
326  580  0.101136
327  339  0.0338817
327  579  0.15082
328  337  0.737884
328  578  0.173723
329  336  0.740669
329  342  0.0267028
329  486  0.030359
329  577  0.180213
330  335  0.708986
330  341  0.0298485
330  485  0.0306415
330  576  0.180247
331  340  0.03037
331  484  0.0306685
331  575  0.179852
332  339  0.0301236
332  483  0.0306625
332  574  0.179072
333  338  0.0197144
333  482  0.0290309
333  521  0.0224377
334  481  0.0289592
334  520  0.0224495
334  529  0.089548
335  480  0.0282706
335  519  0.022465
335  528  0.157773
336  518  0.0224687
336  527  0.157845
337  517  0.0224071
337  526  0.157847
338  476  0.016733
338  525  0.157771
339  475  0.0212921
339  515  0.0150691
339  524  0.157864
340  474  0.0213087
340  514  0.0199621
340  523  0.156578
341  473  0.0212949
342  472  0.0211724
343  471  0.0187688
344  521  0.0183364
345  438  0.128974
345  520  0.0183346
346  437  0.158135
346  451  0.0330493
346  519  0.0183348
347  436  0.158118
347  450  0.0331224
347  518  0.0183442
348  449  0.0331208
349  434  0.158714
349  448  0.0330204
349  516  0.0173626
350  446  0.0124437
350  447  0.0235371
350  515  0.0173525
351  433  0.180902
351  445  0.0202163
351  514  0.0172959
352  432  0.23238
353  431  0.232446
354  430  0.232741
355  429  0.232835
356  428  0.23284
357  427  0.232711
358  426  0.232834
359  425  0.232807
360  424  0.232549
361  400  0.100691
362  399  0.0993193
363  398  0.0731433
364  421  0.0247514
366  396  0.150604
367  395  0.177244
368  394  0.177265
369  393  0.171367
370  390  0.0213543
370  392  0.156013
371  389  0.0457638
371  403  0.0348562
372  388  0.0664805
372  390  0.0151563
372  402  0.0417935
373  387  0.0665373
373  401  0.041663
374  386  0.0653955
374  399  0.0454488
375  385  0.0418262
375  398  0.047741
376  390  0.0939696
376  397  0.0486771
377  383  0.0277462
377  389  0.0940877
377  396  0.0486618
378  388  0.0915993
378  395  0.0486807
379  394  0.0482969
380  385  0.127053
380  389  0.0118507
381  388  0.0320284
381  392  0.0387402
382  387  0.0210492
382  391  0.0361196
391  593  0.0149064
392  592  0.0166961
393  414  0.119577
393  430  0.0436081
393  591  0.0167091
393  719  0.220896
394  400  0.0186093
394  413  0.126081
394  429  0.0457809
394  590  0.0167098
394  718  0.30723
394  729  0.0555655
395  399  0.0151193
395  412  0.125931
395  428  0.0457558
395  589  0.0167091
395  717  0.307275
395  728  0.0555783
396  427  0.0381299
396  588  0.0166043
396  716  0.312469
397  587  0.0164768
397  715  0.313854
398  408  0.132459
398  730  0.0505688
399  407  0.140983
399  422  0.0305181
399  425  0.0227837
399  555  0.0100028
399  713  0.364428
399  729  0.0577773
400  406  0.13926
400  421  0.0323087
400  424  0.0231091
400  554  0.0100103
400  712  0.364526
400  728  0.0577226
401  420  0.0299259
401  423  0.0218387
401  553  0.0100021
401  710  0.175007
401  711  0.186957
401  727  0.0422894
402  421  0.0108647
402  709  0.347629
403  708  0.293321
404  707  0.205099
405  414  0.749387
405  430  0.0437932
406  413  0.786036
406  429  0.0451231
407  412  0.78589
407  428  0.0449259
411  426  0.0630954
412  425  0.0635698
413  424  0.0633537
415  708  0.0398867
416  707  0.0515671
417  706  0.05316
419  704  0.325967
420  703  0.357257
421  464  0.0100227
421  702  0.367587
422  701  0.367227
422  731  0.18758
423  700  0.361181
423  730  0.209539
424  528  0.013655
424  699  0.329954
424  729  0.213375
425  460  0.0102657
425  527  0.0136624
425  728  0.108121
426  459  0.0102652
426  526  0.0136703
426  728  0.107797
427  458  0.0100794
427  525  0.0136611
427  696  0.331638
427  727  0.214317
428  524  0.0136564
428  726  0.215424
429  523  0.013167
429  694  0.359146
429  725  0.215145
430  447  0.0496671
430  449  0.108241
430  480  0.0168602
430  693  0.360647
430  724  0.0282454
431  446  0.0842609
431  448  0.105101
431  473  0.012218
431  477  0.0218074
431  479  0.0168474
431  692  0.360665
431  726  0.0940571
432  445  0.114794
432  472  0.0122236
432  476  0.0218813
432  690  0.361037
432  725  0.0941667
433  444  0.139156
433  446  0.0566192
433  451  0.0191286
433  473  0.0103718
433  475  0.0243132
433  477  0.0183607
433  689  0.361085
433  724  0.0944061
434  443  0.139018
434  445  0.0820665
434  450  0.0191584
434  472  0.0103412
434  474  0.0243318
434  476  0.0183649
434  688  0.361077
434  723  0.0943652
435  444  0.059066
435  449  0.0192216
435  452  0.0129033
435  473  0.0139095
435  475  0.0184251
435  687  0.324819
436  444  0.0412675
436  448  0.0182742
436  451  0.0135699
436  473  0.127619
436  686  0.326559
437  443  0.063562
437  450  0.0135684
437  472  0.138553
437  685  0.359835
438  471  0.113265
439  448  0.014003
439  457  0.138501
439  470  0.0113097
439  683  0.288343
440  447  0.0132921
440  456  0.135966
440  682  0.21662
441  446  0.0100869
441  455  0.0753117
441  681  0.144431
441  682  0.132041
442  452  0.173167
442  680  0.0722979
442  681  0.210169
443  451  0.184393
443  680  0.28488
444  450  0.184097
444  522  0.129797
444  679  0.357081
445  449  0.114049
445  521  0.143953
445  678  0.357032
446  520  0.142918
446  677  0.356432
447  676  0.355605
448  518  0.153509
448  675  0.349297
449  474  0.0119709
449  517  0.154061
449  725  0.0137831
450  473  0.0228844
450  493  0.214089
450  516  0.153675
450  645  0.0613682
450  656  0.0137968
450  724  0.195199
451  472  0.0228571
451  492  0.213557
451  644  0.0614389
451  655  0.0138904
451  723  0.195502
452  514  0.135016
452  643  0.061415
452  722  0.194144
453  473  0.0104037
453  491  0.0225727
453  513  0.205335
453  619  0.0141386
453  642  0.0614405
453  721  0.191047
454  490  0.021797
454  512  0.205676
454  618  0.0139744
454  641  0.0609384
455  489  0.0173863
455  511  0.205685
455  640  0.0522347
456  467  0.0163584
456  472  0.0202674
456  510  0.205608
456  616  0.0333654
456  639  0.0305596
457  472  0.014912
457  489  0.0116494
457  509  0.205886
457  615  0.0606267
458  465  0.165482
458  469  0.0221704
458  470  0.344104
458  508  0.204454
458  614  0.0742546
459  464  0.196156
459  468  0.0217934
459  469  0.461047
459  507  0.2047
459  613  0.0759962
460  468  0.461833
460  506  0.203641
460  612  0.0760083
461  467  0.444817
461  505  0.201371
461  611  0.0759439
462  504  0.16033
462  610  0.0759975
463  609  0.0758236
464  501  0.177887
464  608  0.074776
465  500  0.178198
466  491  0.0595776
467  490  0.0651812
467  597  0.0707311
468  489  0.0655928
468  496  0.0376219
468  596  0.0758321
469  495  0.0375123
469  496  0.166603
469  595  0.0760605
470  494  0.0200511
470  495  0.16763
470  594  0.0759487
471  487  0.152913
471  494  0.19045
471  593  0.0758983
471  722  0.0113908
472  486  0.175684
472  488  0.0106891
472  493  0.209429
472  721  0.0155638
473  485  0.176577
473  492  0.209228
473  591  0.075024
474  484  0.176756
474  486  0.257141
474  491  0.0320858
474  590  0.075015
474  720  0.331543
475  483  0.17611
475  485  0.300201
475  589  0.075009
475  719  0.333359
476  482  0.133212
476  484  0.302826
476  493  0.0133415
476  588  0.0747498
476  718  0.34218
477  483  0.301643
477  492  0.0133525
477  587  0.0746629
477  717  0.342204
478  482  0.114848
478  491  0.0131881
478  716  0.34208
479  496  0.0295621
479  510  0.0267754
479  586  0.0177244
479  715  0.342215
480  489  0.0131653
480  495  0.0297276
480  509  0.026874
480  585  0.0176777
480  714  0.341339
481  488  0.0128106
482  487  0.0101098
482  494  0.119797
483  493  0.139841
484  492  0.139797
484  694  0.0115255
485  491  0.131451
485  693  0.0114059
487  680  0.0477289
488  679  0.0910279
489  678  0.271433
489  692  0.0202623
490  677  0.269042
490  691  0.02063
491  676  0.268693
491  690  0.0206347
492  689  0.0207187
493  675  0.321302
493  688  0.0207162
494  674  0.342857
494  687  0.0166078
495  672  0.474033
495  673  0.231569
496  671  0.594342
496  672  0.116185
497  670  0.709278
498  508  0.0348546
498  669  0.708973
499  507  0.0442824
499  668  0.71016
500  506  0.0416639
500  667  0.70772
501  666  0.701122
502  665  0.689797
504  661  0.0316076
504  662  0.0335205
506  660  0.65869
506  661  0.0232335
507  659  0.709647
508  658  0.271094
509  657  0.270906
510  656  0.709492
511  584  0.0197465
512  583  0.0263406
512  586  0.0364941
512  655  0.706433
513  582  0.0274394
513  585  0.0491987
513  654  0.707388
514  584  0.0502304
514  653  0.71473
515  583  0.0505294
515  652  0.716397
516  579  0.0277297
516  582  0.0506092
516  651  0.716669
517  578  0.02769
517  581  0.0501008
517  650  0.714916
518  577  0.0275454
518  649  0.701261
519  579  0.0502625
519  622  0.541708
520  578  0.0507245
520  621  0.640863
521  576  0.0720471
521  620  0.650661
522  575  0.113017
522  618  0.0136896
522  619  0.638487
523  617  0.425727
523  618  0.0962183
523  645  0.0188638
524  573  0.137574
524  615  0.663194
524  644  0.0187923
525  572  0.139496
525  614  0.679445
526  571  0.140496
526  613  0.683381
527  570  0.140501
527  612  0.6834
528  569  0.140482
528  611  0.683374
529  568  0.138676
529  610  0.683223
530  572  0.13904
530  609  0.682903
531  571  0.156029
532  570  0.156053
532  607  0.682727
533  565  0.144725
533  569  0.152311
533  606  0.681462
534  564  0.168911
534  568  0.132796
534  605  0.610345
535  563  0.17328
535  564  0.0199237
536  603  0.555475
537  562  0.287306
537  602  0.584339
538  561  0.2982
538  601  0.582559
538  602  0.0533337
539  560  0.295683
540  559  0.26223
540  599  0.197046
540  600  0.131512
542  598  0.655757
543  597  0.658031
544  554  0.301441
544  596  0.6501
545  553  0.308724
545  595  0.162123
546  552  0.309435
546  595  0.469564
547  551  0.129847
547  593  0.0137358
547  594  0.472908
549  592  0.0160405
549  593  0.599346
550  591  0.0232656
550  592  0.608253
554  588  0.0233081
554  590  0.645829
555  587  0.0274635
555  589  0.646306
556  588  0.639783
559  584  0.669443
560  583  0.679082
562  581  0.690871
563  580  0.693687
564  579  0.693677
565  578  0.692366
566  577  0.693564
568  576  0.69308
569  575  0.692253
570  574  0.561852
576  645  0.0315828
577  644  0.0316952
578  643  0.028074
579  642  0.0139478
580  630  0.0244314
582  628  0.0141954
583  627  0.0305836
584  626  0.030793
585  625  0.0308844
588  622  0.0302286
589  621  0.030721
590  620  0.0308809
591  619  0.030425
592  618  0.02108
594  614  0.0343267
594  674  0.148017
595  613  0.0352437
595  673  0.16919
596  612  0.0352485
596  672  0.16923
597  611  0.0352148
598  610  0.0352631
598  671  0.170066
599  609  0.0317238
599  670  0.169929
600  669  0.169838
601  607  0.0252023
601  668  0.169969
602  607  0.05997
602  667  0.0967345
604  665  0.15826
605  664  0.163573
606  663  0.164299
607  662  0.164134
608  641  0.03851
609  640  0.0696756
609  660  0.0477997
610  639  0.0724616
610  659  0.0475937
611  638  0.0443429
611  656  0.0165737
612  655  0.0168123
613  636  0.070495
613  654  0.0166848
614  635  0.0705686
614  639  0.0295716
615  638  0.117912
616  633  0.0633583
616  637  0.142624
617  634  0.0107641
617  636  0.151999
618  632  0.112568
618  635  0.149292
619  631  0.11786
619  634  0.147622
620  630  0.122131
620  633  0.141812
621  629  0.0683394
621  632  0.137913
622  628  0.0417862
622  630  0.0423777
623  627  0.0791578
625  654  0.0175514
626  653  0.0185604
627  652  0.0187068
628  646  0.448913
628  651  0.0186986
629  645  0.597404
629  650  0.0185823
630  644  0.594864
631  642  0.40786
631  648  0.0470868
632  641  0.406612
632  647  0.0470647
633  640  0.38254
633  643  0.143831
633  646  0.0456985
634  642  0.212452
634  645  0.0415341
635  641  0.200478
636  645  0.0181173
637  644  0.0192433
638  643  0.0186809
641  652  0.0103434
641  659  0.0490072
642  651  0.0104036
642  658  0.142783
643  657  0.146501
644  656  0.147059
645  654  0.0497377
645  655  0.0969212
646  653  0.0982067
647  652  0.0933898
658  672  0.0637438
659  671  0.0646761
659  683  0.0288453
660  670  0.0648362
660  682  0.0297988
661  669  0.0647173
661  681  0.0303189
662  668  0.0609302
662  680  0.0309647
663  679  0.0313749
664  678  0.031621
665  677  0.0246198
666  676  0.0175404
667  676  0.0139501
668  675  0.0207904
673  685  0.0200836
674  684  0.0203821
675  683  0.0209231
676  682  0.0187133
679  698  0.1964
680  697  0.272685
681  696  0.338495
682  695  0.346993
683  694  0.351896
684  693  0.355918
684  730  0.0140214
685  692  0.354256
685  729  0.0195143
686  691  0.25696
686  728  0.0195194
687  727  0.0196295
688  726  0.0197189
689  725  0.0197187
690  724  0.0196027
692  723  0.0124579
694  721  0.0191308
695  720  0.0191398
699  715  0.0171808
700  714  0.023764
701  713  0.350952
702  712  0.351161
703  711  0.345666
704  710  0.317277
711  730  0.217025
712  729  0.248817
713  728  0.248762
714  729  0.0137353
715  726  0.262208
716  725  0.262488
716  727  0.0381484
717  724  0.263494
717  726  0.0522872
718  723  0.261503
718  725  0.0523056
719  724  0.0532711
719  726  0.0373486
719  729  0.0111296
720  725  0.0352058
720  728  0.0108982
722  730  0.149871
723  729  0.17132
724  728  0.139063
