1  394  0.0144009
2  393  0.0149974
2  395  0.746096
3  248  0.0647529
3  394  0.85212
4  247  0.0654794
4  391  0.0112881
4  393  0.855551
5  246  0.0648892
6  245  0.0649255
6  389  0.682257
6  392  0.15871
7  244  0.0648427
7  388  0.687904
7  391  0.158916
8  387  0.494135
9  253  0.0317746
9  389  0.0296452
10  253  0.0157609
10  388  0.0295643
11  20  0.0130002
11  135  0.0126641
11  251  0.674471
11  252  0.0114697
11  387  0.0155606
12  19  0.0152724
12  134  0.0156723
12  250  0.846388
13  18  0.0158293
13  133  0.0152049
13  249  0.863232
16  246  0.883099
17  47  0.0758104
17  245  0.893715
18  46  0.0800876
18  244  0.894683
19  45  0.0809625
19  243  0.892116
20  44  0.0803345
20  242  0.856135
21  43  0.0764931
21  241  0.688171
22  42  0.0606943
26  41  0.795368
26  214  0.0155836
27  40  0.95496
27  130  0.01332
27  213  0.0288687
28  39  0.95516
28  129  0.0133332
28  212  0.0289076
29  38  0.954373
29  128  0.0132851
29  211  0.0290215
30  37  0.917591
30  127  0.0132726
30  210  0.028974
31  37  0.011351
31  126  0.0132281
31  208  0.0261353
33  206  0.0290272
34  205  0.0293765
35  204  0.0293775
36  203  0.0293545
37  202  0.0293124
42  199  0.0289266
42  239  0.462561
42  240  0.306541
43  198  0.0291957
43  238  0.677471
43  239  0.157636
44  197  0.0292099
44  237  0.850421
45  196  0.0291907
45  236  0.853426
46  136  0.0240812
46  234  0.036485
46  235  0.740263
47  135  0.0231764
47  233  0.0709392
48  232  0.0367447
48  233  0.0812134
49  125  0.239699
50  124  0.245956
50  232  0.479081
51  123  0.246925
51  130  0.16582
51  228  0.0106699
51  231  0.508585
52  129  0.166011
52  227  0.0115606
52  230  0.506288
53  120  0.379305
53  128  0.0832801
53  225  0.0437302
53  229  0.298876
54  119  0.608954
54  127  0.0827716
54  224  0.170911
55  118  0.626151
55  126  0.165893
55  223  0.181842
56  117  0.626284
56  125  0.165779
56  222  0.181677
57  112  0.0727091
57  116  0.625429
57  124  0.069077
57  221  0.0298258
58  111  0.072702
58  112  0.048618
58  115  0.626427
58  123  0.0415253
58  140  0.153569
59  111  0.0486768
59  114  0.625622
59  139  0.168419
60  113  0.624131
60  121  0.0116243
60  138  0.168823
60  219  0.0103676
62  110  0.140988
62  137  0.169816
62  218  0.0111847
63  108  0.707545
63  109  0.0741801
63  136  0.170364
64  107  0.784535
64  135  0.17025
64  216  0.0121538
65  106  0.78781
65  134  0.0170252
65  215  0.0124396
66  105  0.78818
66  134  0.152773
66  214  0.0124673
67  133  0.160768
67  213  0.0119109
68  212  0.0118387
69  102  0.603356
69  132  0.163585
70  101  0.603942
70  131  0.163547
70  210  0.0114904
71  102  0.314557
71  209  0.0117391
72  100  0.579793
72  101  0.314785
72  128  0.0102944
72  208  0.0117577
73  99  0.545114
73  100  0.298347
73  207  0.0114047
77  97  0.9735
77  204  0.011106
78  96  0.982876
78  203  0.011105
79  95  0.98428
79  202  0.0111128
80  94  0.969824
80  201  0.0110895
81  94  0.0145123
82  93  0.983816
83  92  0.985347
84  91  0.979998
85  90  0.643677
92  165  0.0101534
93  164  0.0103302
94  163  0.0109048
95  162  0.0109053
96  161  0.0108821
97  160  0.0108189
100  130  0.0396029
101  129  0.0398528
102  128  0.0394087
105  130  0.0862597
107  119  0.0292346
107  127  0.0250011
107  128  0.017415
108  118  0.031436
108  126  0.0397718
108  127  0.0943286
108  128  0.0220207
109  117  0.0321886
109  125  0.0399742
109  126  0.0941086
109  127  0.0247374
110  116  0.0252889
110  124  0.0368449
111  118  0.0244108
111  125  0.0592608
111  126  0.0417525
112  117  0.0218769
112  125  0.042148
113  123  0.304161
114  122  0.308765
115  121  0.308091
116  120  0.129275
120  228  0.0248398
121  136  0.252894
121  153  0.0213643
121  227  0.0302718
122  135  0.253176
122  152  0.0212082
123  134  0.241942
123  138  0.0743542
124  134  0.0123017
124  137  0.0752996
124  150  0.0143496
125  133  0.219758
125  136  0.0753584
125  149  0.0308279
126  132  0.212344
126  133  0.0598493
126  135  0.0693938
126  145  0.0114495
126  148  0.0321133
126  149  0.0242896
126  231  0.0295027
126  232  0.0311139
126  235  0.0229939
127  132  0.056415
127  133  0.0442189
127  136  0.0243554
127  144  0.0152482
127  147  0.0317111
127  148  0.0244669
127  230  0.0279895
127  231  0.0392995
127  234  0.0232914
128  132  0.027484
128  133  0.0331424
128  135  0.0265733
128  143  0.0229686
128  147  0.0242823
128  230  0.0390192
128  233  0.0196392
129  134  0.0256157
129  142  0.0232248
130  141  0.0233411
131  139  0.0292994
131  143  0.055129
131  230  0.0154687
132  138  0.0290864
132  142  0.0552773
133  141  0.0549803
134  139  0.0101453
134  140  0.03756
134  227  0.145235
134  230  0.0137165
135  223  0.0172273
135  226  0.139363
135  229  0.0132299
136  222  0.0186548
137  221  0.019166
137  228  0.0207053
137  238  0.0410478
138  220  0.0192059
138  227  0.0216808
138  237  0.0545186
139  219  0.0191892
139  223  0.594368
139  236  0.0544865
140  218  0.0170957
140  222  0.229528
141  148  0.0167331
141  221  0.467061
142  147  0.0150081
142  220  0.891727
143  219  0.892406
144  218  0.891624
145  217  0.886456
146  216  0.816861
148  214  0.0169653
149  214  0.905958
150  213  0.954307
151  212  0.953906
152  194  0.0139124
152  211  0.953931
153  193  0.0146993
153  210  0.954373
154  192  0.0145305
154  209  0.826081
155  191  0.0137026
155  209  0.119436
156  190  0.0132861
156  208  0.23746
160  204  0.954083
161  171  0.0140876
161  203  0.954972
162  170  0.0211349
162  202  0.95561
163  169  0.0209316
163  201  0.952544
168  198  0.888139
169  197  0.953155
170  196  0.950558
172  193  0.124134
173  192  0.105354
174  193  0.26196
176  191  0.959281
177  190  0.983597
178  189  0.989563
179  188  0.992876
180  187  0.994389
181  186  0.987666
216  241  0.0277023
217  239  0.0126738
217  240  0.0382433
218  238  0.0284366
218  239  0.0267535
219  237  0.0419284
219  238  0.0126942
220  236  0.0403328
221  236  0.0170646
222  227  0.0299967
222  235  0.149211
223  234  0.149772
224  233  0.14817
225  232  0.132151
242  251  0.0118679
243  250  0.0123779
244  249  0.0117053
249  388  0.0586876
250  386  0.0146788
250  387  0.058164
253  384  0.651893
254  383  0.962679
255  382  0.9903
256  381  0.990556
258  379  0.995902
259  378  0.995491
260  377  0.996024
261  376  0.995533
263  292  0.600118
264  291  0.994801
265  290  0.995193
266  289  0.961194
267  286  0.0146604
267  289  0.0131207
268  285  0.0194534
268  287  0.203262
268  288  0.02526
269  286  0.217889
270  284  0.991317
271  283  0.995319
272  282  0.992385
273  281  0.864453
275  279  0.108672
294  372  0.869716
295  371  0.996129
296  370  0.996277
297  369  0.995393
298  368  0.995665
299  367  0.995836
300  365  0.221879
301  364  0.213694
302  364  0.751873
303  362  0.191395
303  363  0.536228
305  361  0.794043
306  360  0.98774
307  359  0.987825
308  357  0.0195691
308  358  0.955836
309  356  0.0378709
309  357  0.814198
313  321  0.0275197
313  350  0.700149
314  319  0.110436
314  349  0.702909
314  355  0.125834
315  348  0.702954
315  354  0.121325
316  347  0.701625
317  346  0.695583
318  345  0.676695
319  337  0.147239
320  336  0.147191
321  335  0.146956
321  338  0.0120214
321  340  0.0334403
321  343  0.102072
321  355  0.0603038
322  334  0.14447
322  337  0.0625349
322  339  0.033137
322  342  0.0821275
322  354  0.0590818
323  336  0.0458041
324  330  0.012876
324  336  0.0999936
324  337  0.0257668
324  339  0.651815
325  329  0.0105083
325  331  0.117961
325  335  0.177112
325  338  0.652185
326  330  0.044945
326  334  0.17848
326  336  0.017334
326  337  0.636606
327  333  0.0607912
327  335  0.348932
328  333  0.49447
328  335  0.288806
329  334  0.284181
338  350  0.288321
339  349  0.288584
340  348  0.288972
341  347  0.271226
385  392  0.0108435
386  391  0.0111247
