1  208  0.622989
1  222  0.0249412
2  123  0.0167994
2  207  0.711026
2  221  0.0402452
3  122  0.0202369
3  206  0.789571
3  210  0.0206444
3  220  0.044577
4  121  0.0201831
4  146  0.171138
4  205  0.748745
4  219  0.0445427
5  145  0.17361
5  204  0.747353
5  218  0.0445204
6  53  0.0374901
6  119  0.0247319
6  144  0.180485
6  203  0.579123
7  52  0.0494069
7  64  0.022063
7  118  0.0261207
7  143  0.181922
7  201  0.196349
8  51  0.0509683
8  63  0.0269618
8  66  0.242064
8  78  0.0169516
8  93  0.0118264
8  117  0.0223246
8  142  0.156354
8  200  0.0456891
8  202  0.134498
9  50  0.046681
9  65  0.241867
9  71  0.0321359
9  92  0.011818
9  201  0.117689
10  49  0.0213195
10  64  0.239996
10  70  0.0428687
10  76  0.0223319
10  91  0.0113956
11  62  0.277306
11  69  0.0439874
11  75  0.0236418
11  151  0.0108394
12  49  0.0297359
12  61  0.304681
12  68  0.042535
12  74  0.0237563
12  90  0.0145496
12  113  0.0257032
12  114  0.0210646
12  115  0.0104725
12  150  0.0104557
13  48  0.0718642
13  60  0.308533
13  61  0.0155344
13  73  0.0233625
13  89  0.0159084
13  112  0.0274435
13  113  0.0281502
13  114  0.0102977
14  47  0.0816331
14  59  0.311013
14  61  0.0120899
14  65  0.0148669
14  72  0.0202837
14  88  0.0164058
14  112  0.0303028
15  46  0.082489
15  58  0.303823
15  60  0.0126533
15  64  0.0156288
15  87  0.0162737
15  110  0.111235
15  137  0.0380618
16  45  0.0824934
16  52  0.0974397
16  58  0.032951
16  109  0.112013
16  136  0.0382249
17  44  0.0807958
17  51  0.101841
17  55  0.0211807
17  62  0.0141757
17  66  0.237173
17  69  0.015479
17  85  0.011465
17  108  0.113245
17  135  0.0251287
18  43  0.0620518
18  50  0.101675
18  56  0.011296
18  61  0.0193106
18  65  0.238406
18  68  0.0156491
18  107  0.112037
19  49  0.101359
19  52  0.0212642
19  60  0.019313
19  64  0.23855
19  84  0.0123916
20  41  0.0589913
20  51  0.0222826
20  55  0.0263672
20  63  0.204003
20  66  0.0325905
20  83  0.0129121
20  122  0.033447
20  132  0.0159433
21  40  0.0544471
21  50  0.0219226
21  61  0.0417499
21  65  0.0327378
21  82  0.0126018
21  104  0.112826
22  27  0.129887
22  35  0.036776
22  49  0.0174773
22  52  0.453062
22  60  0.0400187
22  64  0.0326672
22  103  0.113019
23  33  0.0530073
23  34  0.0188849
23  51  0.510551
23  80  0.0117316
23  102  0.0971935
23  119  0.0403032
23  129  0.0167002
24  32  0.071598
24  50  0.510358
24  79  0.0117368
24  118  0.0415112
24  128  0.0169231
25  31  0.0609975
25  117  0.0319894
26  116  0.0200309
26  117  0.01537
27  51  0.0109319
27  116  0.0254432
28  48  0.667222
28  115  0.0348049
29  47  0.790805
29  114  0.0103324
30  46  0.801103
30  114  0.0100151
31  45  0.79981
31  52  0.0137
31  112  0.0429253
32  44  0.803349
32  51  0.0277179
32  111  0.0496183
33  43  0.771837
33  46  0.022938
33  50  0.0277278
33  110  0.0496839
34  43  0.0305863
34  45  0.0244925
34  49  0.0276903
34  109  0.0496844
35  41  0.703731
35  42  0.0572943
35  44  0.0249451
35  108  0.0495431
36  40  0.268687
36  43  0.0180881
36  48  0.0241033
36  107  0.0464174
37  47  0.0241723
37  106  0.0424086
38  46  0.0246645
38  105  0.0354009
39  45  0.0231178
44  103  0.0340245
45  102  0.0343029
46  101  0.0341388
49  86  0.148391
49  127  0.0339865
50  85  0.182862
50  126  0.0340336
51  84  0.183135
51  125  0.03401
52  63  0.0348175
52  83  0.183379
53  82  0.17914
54  61  0.108882
55  60  0.114247
57  200  0.0103343
58  63  0.0209996
58  78  0.189308
58  199  0.0122507
59  77  0.187203
60  117  0.0234055
60  197  0.013956
60  217  0.0342856
61  75  0.183872
61  116  0.02431
61  196  0.0138538
61  216  0.0343023
62  74  0.203489
62  115  0.0249722
62  195  0.0102262
62  215  0.0343144
63  73  0.20397
63  114  0.0249978
63  214  0.0342916
64  120  0.0210906
64  197  0.0855798
64  213  0.0113491
65  119  0.02125
65  196  0.0862552
66  73  0.0355718
66  118  0.0210662
66  195  0.0857258
67  72  0.0273834
68  116  0.0111732
69  115  0.0113951
69  201  0.0143025
70  200  0.0198425
72  194  0.0149358
72  200  0.0153476
73  132  0.0401522
73  193  0.0167855
73  197  0.393295
73  199  0.0168007
74  131  0.0401709
74  196  0.395314
75  112  0.0859341
75  130  0.0400365
75  195  0.386438
76  111  0.0949646
76  129  0.0399215
76  194  0.303613
77  110  0.095993
77  128  0.0330271
78  109  0.0967905
79  108  0.0986785
79  126  0.0379814
79  163  0.571145
79  202  0.0557448
80  107  0.0986532
80  125  0.0381654
80  162  0.571799
80  201  0.0557759
81  106  0.0821526
81  124  0.0334314
81  161  0.570662
82  159  0.624919
83  103  0.0957956
83  158  0.638703
84  102  0.0977003
84  157  0.646802
85  156  0.646817
86  91  0.0117287
86  100  0.106102
86  155  0.644513
87  96  0.0160486
87  99  0.133209
87  154  0.630816
88  98  0.104138
92  119  0.0159202
93  114  0.0166115
93  118  0.0185573
94  113  0.0146833
95  119  0.0531729
96  114  0.0289228
96  118  0.0652087
97  116  0.0842201
97  117  0.0367346
98  112  0.0140665
98  113  0.0380087
98  115  0.178798
99  114  0.182888
100  111  0.602927
100  138  0.0294528
101  110  0.644778
101  137  0.03153
102  107  0.0295778
102  109  0.644279
102  136  0.0318105
103  108  0.592539
103  135  0.0309949
107  129  0.0372125
108  128  0.0400351
109  127  0.041221
109  154  0.0191341
110  126  0.041194
110  153  0.0216375
111  125  0.0375166
111  152  0.021845
112  151  0.0197262
113  151  0.0211857
114  122  0.013477
116  148  0.410413
117  123  0.0106105
117  147  0.515354
118  146  0.542219
119  145  0.268905
120  143  0.0323891
121  143  0.380661
125  138  0.75652
125  146  0.0273222
126  137  0.785823
126  145  0.0272804
127  136  0.786001
127  143  0.0175258
128  135  0.724797
128  140  0.0473788
128  153  0.0141917
129  139  0.0539889
129  152  0.0143039
130  138  0.0546334
130  151  0.0142497
131  137  0.0541716
131  150  0.0130492
132  136  0.0206621
132  145  0.0187568
133  144  0.0193733
134  143  0.0146385
134  195  0.0108903
135  143  0.0120603
136  142  0.0186683
136  193  0.0245278
137  141  0.0115651
137  192  0.0245684
138  191  0.0244081
139  190  0.0213688
142  188  0.013943
143  153  0.0176181
143  187  0.0154208
143  210  0.0303789
144  152  0.0173055
144  209  0.0303967
145  151  0.0152026
145  185  0.0155398
145  189  0.015398
145  208  0.0303378
146  184  0.0155103
146  188  0.0157038
146  207  0.0302378
150  208  0.0128432
151  207  0.0136494
151  209  0.064979
152  203  0.0122262
152  208  0.0746019
153  166  0.0528705
153  207  0.0747286
154  165  0.0557518
154  201  0.0752434
154  204  0.1853
155  164  0.0562485
155  200  0.0840449
155  203  0.194998
156  163  0.0563932
156  199  0.0850527
156  202  0.197987
157  162  0.0559642
157  201  0.197765
158  197  0.133603
158  199  0.0107389
158  200  0.119821
160  195  0.362563
161  194  0.365635
162  193  0.363498
164  191  0.756399
165  190  0.902337
166  189  0.924847
167  188  0.923741
169  184  0.0159568
170  183  0.0321705
170  185  0.963701
171  182  0.0321747
171  184  0.965177
172  181  0.0316084
172  183  0.965672
173  182  0.961174
174  180  0.0147405
211  226  0.882526
212  225  0.952398
213  224  0.953108
214  223  0.953774
215  222  0.894075
216  221  0.677119
