1  577  0.321375
2  574  0.111649
2  575  0.0192597
2  576  0.357743
2  578  0.0130175
3  573  0.127578
3  577  0.0132023
4  574  0.0602136
5  572  0.87618
5  573  0.0327449
6  571  0.998058
7  570  0.998997
8  569  0.983596
12  566  0.987693
13  565  0.993181
14  564  0.989515
15  563  0.878605
17  36  0.0205827
17  561  0.851221
18  35  0.024846
18  560  0.958655
19  34  0.025192
19  559  0.958803
20  33  0.0252862
20  557  0.0124695
20  558  0.82547
21  32  0.021228
21  555  0.0773479
21  556  0.0242844
22  554  0.0931457
22  557  0.0606537
22  558  0.0251654
23  553  0.0944861
23  557  0.0432716
24  97  0.0147139
24  552  0.0939478
24  555  0.526587
25  96  0.0861504
25  554  0.296356
26  553  0.150194
26  554  0.50033
27  553  0.687339
28  93  0.106544
28  552  0.838469
29  92  0.107427
29  551  0.837324
30  91  0.107776
30  549  0.024109
30  550  0.810078
31  90  0.107159
31  548  0.043078
32  89  0.0961607
32  548  0.0202988
33  99  0.0215703
34  87  0.0424743
34  91  0.0345832
34  98  0.0207363
34  514  0.0130754
34  549  0.0491966
35  90  0.0343929
35  513  0.0137415
35  548  0.0467967
36  89  0.0307455
36  512  0.0153862
37  86  0.160926
37  94  0.0122778
37  96  0.016313
37  98  0.0366295
37  510  0.70494
38  85  0.162382
38  93  0.0122766
38  95  0.0163751
38  97  0.0366679
38  509  0.705231
39  50  0.0976313
39  84  0.150495
39  87  0.0173825
39  94  0.0117531
39  96  0.0310305
39  508  0.638731
40  49  0.592493
40  86  0.0174158
40  490  0.0768986
40  507  0.298348
41  48  0.62141
41  85  0.0174138
41  489  0.0800725
41  505  0.224665
42  47  0.674129
42  84  0.0165162
42  488  0.0807785
42  504  0.211421
43  82  0.0109721
43  487  0.0803923
43  503  0.208404
44  81  0.010776
45  499  0.141019
46  485  0.0173198
46  498  0.160482
47  484  0.0199968
47  497  0.161077
48  462  0.325784
49  461  0.326097
50  76  0.177807
50  460  0.124367
50  505  0.16754
51  75  0.250821
51  87  0.0170266
51  459  0.124192
51  504  0.371302
52  74  0.251231
52  86  0.0171173
52  458  0.325159
52  503  0.371727
53  73  0.250369
53  85  0.0170924
53  457  0.325133
53  502  0.371619
54  70  0.0458587
54  71  0.0411893
54  456  0.319338
54  500  0.323186
55  69  0.0537456
55  455  0.27845
55  499  0.322737
56  69  0.046131
56  498  0.325081
57  67  0.505864
57  70  0.0196659
57  497  0.324844
58  66  0.502096
58  68  0.0287612
58  496  0.276594
59  65  0.468234
59  66  0.0119093
59  67  0.0312512
59  68  0.0312135
60  64  0.235022
60  66  0.0272247
60  67  0.0319531
61  65  0.0138328
61  66  0.0177467
64  495  0.182989
65  494  0.20385
66  493  0.2088
67  474  0.0351493
67  492  0.209459
68  473  0.035216
68  501  0.0293737
69  451  0.144874
69  472  0.0347695
69  491  0.0711195
69  500  0.0331199
70  82  0.0105302
70  450  0.174711
70  471  0.0298486
70  490  0.0695623
70  499  0.0337467
71  498  0.0324913
72  102  0.018343
72  448  0.251845
72  468  0.0367118
72  489  0.0358024
72  497  0.0319492
73  101  0.022199
73  447  0.254851
73  450  0.0567594
73  458  0.0973431
73  462  0.209363
73  467  0.0377117
73  498  0.0105126
74  100  0.022195
74  446  0.254857
74  449  0.0567838
74  457  0.0975379
74  461  0.20973
74  466  0.0377116
74  497  0.0119033
75  99  0.0219852
75  445  0.254546
75  448  0.0565129
75  456  0.0975343
75  460  0.209569
75  465  0.0376442
75  496  0.0121673
76  455  0.084928
76  459  0.187819
76  495  0.0114818
77  422  0.0412616
78  421  0.0384592
78  453  0.0104491
78  454  0.0112818
78  456  0.0403455
79  455  0.041094
80  192  0.0213164
80  408  0.0182016
80  419  0.187534
80  452  0.0198323
80  454  0.040529
81  191  0.0254228
81  407  0.0249177
81  418  0.22304
81  424  0.0270044
81  451  0.0206611
81  453  0.0353109
81  461  0.0152251
82  97  0.0182248
82  190  0.0256917
82  406  0.0254213
82  417  0.225845
82  423  0.0295445
82  449  0.0215097
82  460  0.0195459
83  405  0.0254067
83  416  0.221937
83  422  0.0295385
83  459  0.0199366
84  95  0.0759943
84  97  0.0275673
84  404  0.0253958
84  421  0.0295207
84  448  0.155074
85  94  0.103363
85  96  0.0371714
85  101  0.0100587
85  403  0.0180994
85  447  0.159562
85  458  0.151635
86  93  0.100227
86  95  0.036947
86  100  0.0100593
86  402  0.0179035
86  413  0.228346
86  446  0.159568
86  457  0.151772
87  93  0.0204593
87  412  0.227956
87  417  0.0245821
87  445  0.159427
87  456  0.151769
87  559  0.0257351
88  416  0.0248633
88  455  0.151174
88  558  0.0265128
89  192  0.0500915
89  216  0.0110252
89  408  0.0297398
89  410  0.190476
89  415  0.0247525
89  454  0.148934
90  191  0.0598723
90  194  0.0173786
90  199  0.0246317
90  215  0.0132219
90  407  0.0387809
90  409  0.203523
90  414  0.02469
90  453  0.140522
90  556  0.0356895
91  190  0.0605858
91  193  0.0183496
91  198  0.0635075
91  214  0.0134023
91  406  0.0394341
91  408  0.203991
91  413  0.0245453
91  555  0.0367673
92  197  0.0639217
92  405  0.0263459
92  554  0.0367547
93  196  0.0640095
93  405  0.243205
93  450  0.138844
93  510  0.0243537
93  553  0.0367213
94  195  0.0640207
94  212  0.0151254
94  404  0.270136
94  406  0.0145016
94  449  0.133042
94  509  0.0243761
94  552  0.0368148
95  132  0.0964034
95  211  0.0157284
95  403  0.277493
95  405  0.0147782
95  447  0.0124156
95  508  0.0234752
95  510  0.0110113
96  131  0.101764
96  193  0.0171171
96  402  0.277497
96  404  0.0148164
96  446  0.0123422
96  448  0.101995
96  509  0.0110124
97  207  0.0112982
97  210  0.0146244
97  401  0.276298
97  403  0.0148779
97  447  0.0856989
97  507  0.0116173
97  510  0.0671273
98  130  0.184426
98  206  0.0113214
98  400  0.276112
98  402  0.0148742
98  446  0.0844246
98  505  0.0259074
98  509  0.0671599
99  121  0.0649901
99  129  0.227522
99  205  0.0114982
99  208  0.0138651
99  504  0.0258584
99  508  0.065651
99  550  0.0141489
100  120  0.0853927
100  128  0.22756
100  204  0.0114735
100  207  0.0284892
100  398  0.267566
100  490  0.0346706
100  503  0.0258404
100  507  0.051583
100  510  0.151941
101  119  0.0854929
101  127  0.227401
101  130  0.0121046
101  202  0.0252062
101  206  0.0285848
101  397  0.267408
101  489  0.0353434
101  502  0.0258284
101  505  0.0495918
101  509  0.152718
102  123  0.017851
102  129  0.0171809
102  165  0.0102718
102  201  0.0349804
102  205  0.0284683
102  384  0.116945
102  488  0.0358001
102  501  0.0222059
102  504  0.0489155
102  508  0.1534
103  117  0.125384
103  122  0.0453081
103  123  0.0384496
103  128  0.0163375
103  164  0.0105538
103  200  0.0349953
103  204  0.0245808
103  383  0.117174
103  487  0.0356931
103  503  0.0481102
103  507  0.153388
104  116  0.126059
104  124  0.0244343
104  127  0.0145525
104  199  0.0348741
104  382  0.117425
104  486  0.0313649
104  502  0.0430831
104  506  0.152603
105  115  0.0638816
105  198  0.0342225
105  203  0.0317751
105  381  0.116887
105  497  0.0308278
105  505  0.148367
106  115  0.203629
106  119  0.283303
106  161  0.0112489
106  202  0.0319033
106  496  0.0306697
107  114  0.267827
107  118  0.289687
107  160  0.0112359
107  379  0.104238
107  463  0.0155436
108  113  0.266233
108  117  0.292232
108  159  0.0113747
108  200  0.0364384
108  378  0.246052
108  462  0.0213564
109  116  0.283847
109  158  0.0112295
109  199  0.0366527
109  377  0.245607
109  461  0.0193682
110  115  0.24317
110  198  0.0367382
110  376  0.233243
110  460  0.0190014
110  500  0.0170012
111  121  0.0250811
111  197  0.0366674
111  459  0.021068
111  499  0.0178014
112  120  0.02819
112  150  0.015696
112  196  0.0367778
112  374  0.252971
112  458  0.0210834
112  462  0.0148694
112  490  0.0152455
112  498  0.018039
113  119  0.0279017
113  149  0.0157245
113  195  0.0367775
113  373  0.2532
113  457  0.0203654
113  461  0.0145966
113  489  0.0152811
113  497  0.017033
114  148  0.0156376
114  372  0.248133
115  147  0.0123677
115  371  0.24584
115  462  0.014261
116  370  0.218135
117  130  0.016208
117  460  0.152021
118  197  0.0102256
118  459  0.185956
119  128  0.0625257
119  196  0.0101758
119  320  0.223703
119  450  0.0102154
119  458  0.192044
120  127  0.0628634
120  195  0.0102279
120  319  0.223831
120  449  0.01024
120  457  0.192036
121  126  0.0441416
121  194  0.0101405
121  318  0.223564
121  456  0.18315
122  317  0.223461
123  316  0.223284
123  454  0.0119923
124  315  0.220556
125  314  0.204568
126  197  0.0272318
126  310  0.165695
127  135  0.0113723
127  196  0.0312295
127  309  0.206665
127  447  0.107046
127  450  0.227549
128  134  0.011396
128  195  0.0316664
128  308  0.166938
128  446  0.10714
128  449  0.228126
129  193  0.0664778
129  308  0.0610922
129  399  0.0100183
129  445  0.108089
129  448  0.228159
130  306  0.123495
130  307  0.101113
130  444  0.0396046
130  447  0.214432
131  305  0.12074
131  306  0.0995091
132  190  0.342386
132  445  0.063539
133  189  0.95131
134  142  0.0106101
134  188  0.955864
135  141  0.0105793
135  187  0.955948
136  186  0.954914
137  185  0.952887
138  184  0.95501
139  183  0.9563
140  182  0.955841
141  181  0.955943
142  180  0.954415
143  178  0.0136259
144  178  0.103174
145  178  0.02046
147  161  0.0154138
147  175  0.012589
148  160  0.0166951
148  175  0.0132346
149  159  0.0217276
149  174  0.0171753
149  176  0.783969
149  510  0.0105587
150  157  0.109975
150  158  0.0111611
150  172  0.0203246
150  175  0.784438
150  509  0.0105649
151  156  0.194497
151  174  0.732604
151  508  0.0105087
152  171  0.733441
152  507  0.0104787
153  170  0.762035
154  169  0.75955
155  168  0.716705
156  505  0.0112766
157  165  0.0197865
157  166  0.733282
157  177  0.0179823
157  504  0.01734
158  164  0.0180533
158  165  0.659129
158  171  0.102798
158  176  0.0595303
158  503  0.0173475
159  170  0.105712
159  175  0.0596023
159  502  0.0173451
160  164  0.053215
160  166  0.0101747
160  169  0.0987696
160  174  0.0531163
160  501  0.0125568
161  168  0.0961488
162  167  0.0855447
162  173  0.0144457
163  172  0.0114074
165  170  0.0101701
165  497  0.0157693
166  496  0.0159398
167  495  0.0155842
169  491  0.0179655
170  176  0.0108528
170  490  0.0193324
171  489  0.0193383
172  488  0.0179354
175  462  0.0255648
176  461  0.0255929
177  460  0.0253781
178  459  0.0252453
180  458  0.0243539
181  457  0.022616
184  453  0.0278148
185  452  0.0348716
186  451  0.0363499
187  450  0.0368103
188  449  0.0368123
189  448  0.0368217
190  303  0.164273
190  447  0.0379928
191  302  0.164291
192  301  0.161892
192  372  0.0284699
193  300  0.157084
193  305  0.0143194
193  371  0.0333263
194  299  0.140454
194  304  0.0144035
194  370  0.0343813
195  294  0.118734
195  297  0.0199251
195  303  0.0137488
195  369  0.0372893
195  444  0.508901
196  293  0.132994
196  296  0.0200965
196  368  0.0369077
196  443  0.513468
197  292  0.133345
197  295  0.0195233
197  367  0.036807
197  442  0.508252
198  289  0.0504736
198  291  0.127771
198  366  0.0184612
199  288  0.101033
199  290  0.0728332
199  366  0.025308
199  438  0.601211
200  287  0.170432
200  365  0.0441966
200  437  0.635277
201  212  0.0508784
201  286  0.170626
201  364  0.0441991
201  436  0.635629
202  211  0.06032
202  285  0.160609
202  363  0.0438342
202  435  0.635677
203  210  0.0598707
203  282  0.0915266
203  284  0.0588787
203  362  0.0426708
203  434  0.635668
203  444  0.0213274
204  209  0.0323609
204  215  0.0189664
204  281  0.146534
204  433  0.635
204  443  0.0220795
205  214  0.0209014
205  280  0.152413
205  432  0.634359
205  442  0.0221031
206  213  0.023317
206  236  0.0108245
206  279  0.101297
206  291  0.0631196
206  359  0.0176494
206  431  0.157414
207  212  0.0231446
207  235  0.0104333
207  408  0.108561
208  277  0.156592
208  298  0.0269696
208  407  0.108039
208  439  0.025578
209  222  0.0104159
209  276  0.165674
209  288  0.0829691
209  297  0.0306757
209  438  0.028541
210  221  0.012784
210  275  0.165945
210  287  0.0881999
210  406  0.0268099
210  437  0.0287839
211  274  0.165725
211  286  0.0881547
211  295  0.169163
211  404  0.125149
211  436  0.0287657
212  219  0.0826108
212  242  0.0394632
212  273  0.0414058
212  285  0.0725328
212  294  0.178753
212  403  0.128674
212  428  0.0155091
212  435  0.0165648
213  218  0.0835497
213  241  0.0161591
213  292  0.240138
213  293  0.154106
213  402  0.128288
213  427  0.0152644
214  240  0.0133115
214  283  0.0220602
214  284  0.0149089
214  285  0.0185584
214  291  0.319491
214  401  0.12529
214  426  0.0148995
215  239  0.0354609
215  282  0.0320117
215  283  0.0146114
215  284  0.019971
215  290  0.240433
215  425  0.0139573
216  282  0.012499
216  283  0.0200698
216  289  0.161026
216  290  0.224496
217  240  0.0298333
217  282  0.016518
217  288  0.081948
217  289  0.32228
218  239  0.031898
218  288  0.406299
219  287  0.486805
219  400  0.134665
220  237  0.277535
220  286  0.48498
220  399  0.138778
221  236  0.663129
221  285  0.0741159
221  398  0.137811
222  235  0.0230606
222  397  0.122136
223  234  0.0154263
223  235  0.788034
224  234  0.95876
225  233  0.977928
226  232  0.976534
227  231  0.604818
235  395  0.157765
236  394  0.161115
237  273  0.013079
237  283  0.0132089
237  285  0.330854
237  393  0.163632
237  426  0.0229275
238  272  0.0134396
238  282  0.015811
238  284  0.325281
238  392  0.163567
238  425  0.0232308
239  281  0.0169136
239  391  0.163519
239  424  0.0241913
240  271  0.0221927
240  280  0.0137348
240  390  0.1634
241  270  0.049129
241  282  0.0469274
241  389  0.163755
242  269  0.0491187
242  280  0.140093
242  388  0.163737
242  421  0.0242853
243  280  0.344879
243  387  0.142776
243  420  0.0152978
244  279  0.560744
245  278  0.596605
246  277  0.578937
246  278  0.0279227
247  262  0.0158494
247  277  0.0353298
248  275  0.791823
249  260  0.0703806
249  274  0.798688
250  259  0.0837394
250  273  0.91322
251  258  0.0837078
251  272  0.913461
252  257  0.082702
252  271  0.913714
253  270  0.91348
254  269  0.768609
255  269  0.126715
256  264  0.0168111
256  265  0.0223481
256  268  0.252878
257  263  0.0173457
257  264  0.0266649
257  266  0.472745
257  267  0.242213
258  262  0.0122346
260  264  0.0142926
260  265  0.0152405
279  385  0.108924
279  427  0.0110799
280  384  0.163294
280  426  0.0150704
281  383  0.163247
281  425  0.0140014
282  382  0.162368
283  381  0.101172
284  424  0.018464
285  379  0.159624
285  423  0.0221016
285  436  0.011378
286  378  0.154244
286  422  0.0229257
286  435  0.0232104
287  320  0.138505
287  434  0.0233575
288  319  0.138668
288  420  0.0262616
288  433  0.0231296
289  318  0.155438
289  419  0.0285223
289  432  0.0222932
290  317  0.168885
290  418  0.0291848
291  316  0.17041
291  417  0.0292766
292  315  0.170202
292  416  0.0230318
293  314  0.170031
294  313  0.169376
294  427  0.205462
295  303  0.0143322
295  312  0.15793
295  426  0.272757
296  302  0.0137307
296  425  0.272729
297  311  0.0466421
297  423  0.156967
297  424  0.140697
298  310  0.0420654
298  422  0.29207
299  412  0.0326913
299  421  0.292299
300  411  0.0415339
300  420  0.295782
301  410  0.124202
301  419  0.297032
302  352  0.0163551
302  409  0.216348
302  418  0.297915
303  351  0.0177724
303  408  0.222853
303  417  0.296777
304  350  0.012036
304  352  0.0109782
304  407  0.22287
304  414  0.249274
305  349  0.0120818
305  350  0.0112694
305  351  0.0121457
305  406  0.222177
305  413  0.297563
306  348  0.0119758
306  349  0.0114242
306  350  0.0121333
306  400  0.0314793
306  404  0.0400624
306  412  0.297477
307  348  0.0114634
307  349  0.0120753
307  399  0.0335611
307  402  0.0459763
307  404  0.169964
307  411  0.295415
308  398  0.0661492
308  401  0.234394
308  403  0.17094
309  316  0.0167837
309  397  0.0661531
309  400  0.234199
309  402  0.17066
309  408  0.0112497
310  367  0.0151612
310  396  0.0573573
310  399  0.0907014
310  406  0.0180344
311  366  0.0179428
311  380  0.0111829
311  405  0.0283737
312  365  0.0179275
312  379  0.0123851
312  397  0.179456
312  399  0.14598
312  404  0.0284934
313  369  0.080118
313  374  0.0812169
313  378  0.13466
313  398  0.14545
313  401  0.0105171
313  403  0.0261113
314  368  0.0802026
314  373  0.054825
314  376  0.0167171
314  377  0.125749
314  397  0.143331
314  402  0.0205546
315  367  0.0791869
315  375  0.0282581
315  376  0.111666
315  396  0.12646
316  366  0.0673373
316  371  0.0917383
316  374  0.0390873
316  378  0.0108513
316  395  0.0215554
316  398  0.0101081
317  370  0.0852946
318  347  0.37445
319  346  0.471005
319  374  0.138709
320  345  0.47334
320  373  0.138818
321  344  0.682702
321  369  0.0304949
321  372  0.0691058
322  343  0.897921
322  371  0.0389999
322  374  0.0575158
323  342  0.907378
323  373  0.0577584
324  341  0.907616
324  370  0.0276146
324  372  0.0576084
325  369  0.027548
325  371  0.0572883
326  339  0.97134
327  338  0.99709
328  337  0.998623
329  336  0.998748
330  335  0.998437
340  369  0.0153169
341  367  0.0241573
341  368  0.0117794
342  366  0.0295496
343  365  0.0297931
344  364  0.0297335
344  367  0.236588
345  363  0.0296145
345  366  0.48379
346  365  0.494885
347  364  0.521337
348  357  0.0133304
348  360  0.124153
348  362  0.0181935
348  363  0.719126
348  372  0.0152196
348  374  0.0233269
349  356  0.0132523
349  359  0.124434
349  361  0.0188125
349  362  0.718772
349  371  0.0170653
350  355  0.0115424
350  357  0.134327
350  360  0.078709
350  361  0.654674
350  370  0.0166711
350  372  0.0232977
351  356  0.131397
351  359  0.0762449
351  360  0.652695
351  369  0.016652
351  371  0.0238364
352  370  0.0230716
353  358  0.012994
353  368  0.0115918
353  409  0.0140559
354  408  0.0149721
355  407  0.0149753
356  365  0.0425125
357  364  0.0411967
358  405  0.0154614
359  404  0.0154667
360  402  0.0149521
362  400  0.0245745
363  373  0.013162
363  399  0.0250269
364  372  0.0164445
364  398  0.0238372
365  371  0.0168567
365  374  0.0640774
366  373  0.0616914
367  372  0.0485384
369  408  0.0114237
370  407  0.0115502
371  400  0.0241852
371  406  0.0115231
372  399  0.0256798
373  398  0.0323602
373  401  0.0268269
374  397  0.0322928
374  400  0.0268312
379  395  0.666128
380  394  0.67547
381  393  0.701999
382  392  0.701752
383  391  0.701694
384  390  0.696737
388  395  0.118546
389  394  0.117362
403  408  0.242544
410  431  0.236062
411  430  0.361702
412  429  0.362333
413  428  0.360151
415  422  0.044195
416  421  0.0448766
416  427  0.292903
417  426  0.319335
418  425  0.250058
421  444  0.0644933
421  464  0.0120402
422  443  0.0615066
422  463  0.0120435
423  462  0.0118966
425  433  0.0141068
425  440  0.0324747
425  443  0.0140601
426  432  0.0145817
426  442  0.0148181
427  438  0.157811
428  437  0.166564
429  436  0.152731
429  437  0.0107727
430  436  0.0110692
430  449  0.0241468
431  448  0.0247412
432  447  0.0580544
434  446  0.0803918
435  445  0.0809386
436  444  0.0817147
447  460  0.0106905
448  459  0.0147255
448  504  0.0405565
449  458  0.0449508
449  503  0.0405873
450  457  0.0441593
450  502  0.040443
451  501  0.0293532
454  501  0.0126646
455  500  0.0355418
456  499  0.0339639
457  490  0.0136871
457  498  0.0346675
458  489  0.0133421
458  497  0.0380675
459  489  0.0263923
460  488  0.107403
460  504  0.0360053
461  487  0.108331
461  494  0.0344172
461  503  0.043203
462  502  0.0432968
463  485  0.186488
463  501  0.0291671
464  484  0.194416
464  505  0.0458869
465  483  0.0977177
465  492  0.0802695
465  504  0.0857957
466  483  0.259417
466  490  0.492109
466  503  0.0856173
467  482  0.357733
467  489  0.493772
467  502  0.0855847
468  481  0.367535
468  488  0.495432
468  501  0.0798178
469  480  0.366767
469  487  0.495141
470  479  0.366185
470  485  0.0238934
471  478  0.336576
471  484  0.0214203
471  486  0.398776
472  485  0.39726
472  498  0.0805428
473  484  0.383836
473  497  0.0823399
474  482  0.470653
474  484  0.0200195
474  496  0.0828524
475  481  0.476625
475  483  0.0201828
475  495  0.0796829
476  480  0.181463
476  494  0.078322
477  493  0.0679511
482  490  0.12317
483  489  0.123156
484  488  0.07642
484  501  0.0148932
485  500  0.0163321
486  498  0.0385729
487  497  0.0537731
488  496  0.0535245
489  495  0.0419854
494  506  0.0758174
495  505  0.0908607
496  504  0.115764
497  503  0.115178
498  502  0.0438458
511  548  0.0103846
513  547  0.894811
514  546  0.984258
515  545  0.995966
516  544  0.998246
517  543  0.998161
518  542  0.981704
519  537  0.249692
519  538  0.126103
520  536  0.254091
520  540  0.0803517
521  535  0.129263
521  539  0.072168
522  535  0.857418
523  534  0.993268
524  533  0.996206
525  532  0.976839
