2  145  0.10852
2  613  0.0105328
3  144  0.131089
3  615  0.0270112
3  618  0.0583941
4  614  0.0258171
4  617  0.0540911
5  139  0.0126997
5  143  0.148333
5  610  0.177067
6  138  0.01279
6  142  0.148307
6  606  0.0140905
6  609  0.177886
7  605  0.0136455
7  608  0.170637
8  606  0.0418957
8  610  0.0129528
9  66  0.0121279
9  139  0.0557172
9  606  0.0567831
9  609  0.0128778
9  610  0.0153486
10  65  0.013026
10  138  0.0544547
10  139  0.0902392
10  609  0.0146145
10  610  0.386086
11  64  0.013064
11  138  0.0916387
11  601  0.143357
11  606  0.0300874
11  609  0.389604
12  137  0.0533815
12  605  0.0291871
12  608  0.381593
13  62  0.0133559
13  599  0.288802
14  61  0.013539
14  598  0.304283
14  606  0.300968
15  60  0.0123646
15  597  0.304525
16  30  0.0884024
16  596  0.303804
16  603  0.366683
17  29  0.164366
17  146  0.0131004
17  595  0.232699
17  602  0.430859
18  28  0.174007
18  145  0.0139717
18  601  0.436851
19  27  0.181878
19  144  0.0141171
19  593  0.233518
19  600  0.441467
20  26  0.137687
20  592  0.305142
20  599  0.441319
21  591  0.305774
21  598  0.440652
22  54  0.0122873
22  590  0.305546
23  53  0.0129303
23  143  0.445013
23  589  0.305641
24  52  0.0129471
24  142  0.451183
24  588  0.305341
25  239  0.0283619
25  587  0.204197
26  140  0.452457
26  238  0.0421917
27  139  0.454072
27  237  0.043209
28  83  0.010986
28  584  0.0454263
28  585  0.011544
29  82  0.0107487
29  137  0.0564726
30  137  0.531319
31  38  0.226609
31  136  0.710602
32  37  0.226733
32  135  0.710942
33  58  0.0507768
33  134  0.709432
34  57  0.0508485
34  133  0.709363
35  56  0.0506575
35  132  0.587313
36  55  0.050103
37  54  0.0503496
37  58  0.706108
38  52  0.0133306
38  53  0.0397188
38  57  0.706513
39  51  0.025009
39  56  0.705562
40  50  0.0251485
40  55  0.702452
41  48  0.122621
41  54  0.704439
41  582  0.155048
42  47  0.122733
42  53  0.705104
42  581  0.155082
43  52  0.695828
43  580  0.133699
44  51  0.564744
44  577  0.0549059
45  576  0.0582205
46  88  0.145679
46  575  0.010075
47  87  0.145946
48  86  0.14579
52  83  0.192352
53  82  0.193636
54  81  0.19462
55  80  0.19478
56  79  0.0715448
56  92  0.0104906
57  78  0.0658908
58  77  0.187216
58  90  0.0128646
59  74  0.0144122
59  89  0.0147545
60  73  0.0149605
60  74  0.168445
60  88  0.0152399
60  129  0.687975
61  73  0.171647
61  87  0.0152401
61  128  0.688543
62  72  0.146292
62  75  0.012013
62  127  0.687775
63  74  0.0125242
63  126  0.674102
64  70  0.0186792
64  73  0.012255
64  125  0.605492
64  586  0.0145379
65  70  0.198701
65  129  0.0165206
65  585  0.0144964
66  119  0.0303409
66  123  0.426202
66  128  0.0166343
66  584  0.0141693
67  118  0.0303218
67  122  0.638495
67  127  0.0166811
68  117  0.0299867
68  126  0.0163989
69  78  0.0142286
69  116  0.0291059
69  125  0.0145187
70  77  0.0145803
70  115  0.0285345
70  118  0.670559
71  117  0.676033
72  116  0.678079
72  577  0.0110047
73  115  0.677081
73  576  0.0112769
73  581  0.0154029
74  114  0.674461
74  580  0.0156909
75  113  0.0737431
75  574  0.0118109
75  579  0.0158327
75  618  0.0134688
76  113  0.632567
76  573  0.0118353
76  578  0.0157438
76  617  0.013512
77  112  0.710749
77  572  0.0117429
77  616  0.0135036
78  111  0.71063
79  110  0.7103
79  575  0.0137994
79  615  0.0114901
80  614  0.010686
82  107  0.700397
83  106  0.710776
83  610  0.0105329
84  105  0.710305
85  98  0.0104673
85  104  0.708562
86  97  0.0229541
86  103  0.696988
86  236  0.098677
86  607  0.0105092
87  96  0.0311543
87  102  0.67971
87  235  0.0993617
87  606  0.0104382
88  95  0.0404695
88  99  0.0160613
88  234  0.0993979
89  94  0.0329165
89  99  0.100825
89  233  0.0994573
89  576  0.0452098
90  97  0.0331079
90  98  0.265217
90  100  0.14961
90  101  0.116338
90  232  0.0995468
90  575  0.153295
91  97  0.271753
91  100  0.125677
91  231  0.0995409
91  574  0.153442
92  98  0.119502
92  230  0.0991795
92  573  0.0820755
93  98  0.0261285
93  101  0.0167695
93  229  0.0955444
93  573  0.0721378
94  100  0.0169785
94  161  0.0113623
94  228  0.0820701
94  571  0.0107036
94  572  0.143566
95  123  0.0116465
95  160  0.011328
95  570  0.0106178
95  571  0.143466
96  226  0.0744414
96  570  0.135782
97  121  0.175236
97  225  0.0695246
98  120  0.229087
98  224  0.0328711
99  119  0.280135
100  118  0.280456
102  116  0.186368
103  115  0.283238
104  114  0.283603
105  113  0.283196
106  112  0.276726
121  129  0.0154676
121  223  0.0101637
121  567  0.0187133
122  128  0.01638
122  566  0.0204341
126  562  0.027809
127  164  0.0728986
127  561  0.0436137
128  163  0.0817337
128  560  0.0436333
129  162  0.0847916
129  559  0.0429682
130  161  0.0842457
130  566  0.0959631
131  565  0.0970598
132  558  0.0370145
132  564  0.0971334
133  158  0.0841549
133  557  0.0516306
133  563  0.0972512
134  157  0.084492
134  556  0.0516656
134  562  0.0972434
135  155  0.105348
135  555  0.0514879
135  561  0.0921891
136  154  0.110886
136  554  0.0514868
136  560  0.089732
137  153  0.138743
137  553  0.0511798
137  559  0.0401609
138  152  0.201212
138  552  0.049344
139  151  0.201403
140  150  0.19696
141  617  0.0118084
142  148  0.189119
142  616  0.0185555
143  173  0.0133938
143  557  0.0200846
143  615  0.0184834
144  172  0.0135271
144  556  0.0201042
144  595  0.435606
145  594  0.438974
146  593  0.438363
147  170  0.0456038
147  592  0.439485
148  166  0.0422
148  169  0.050835
148  591  0.439973
149  165  0.0427795
149  168  0.0508857
149  590  0.439338
150  167  0.0494583
150  589  0.398685
150  611  0.219258
151  163  0.0602119
151  166  0.0229403
151  588  0.393913
151  589  0.0399407
151  610  0.231637
152  162  0.064069
152  166  0.0231455
152  588  0.0404854
152  609  0.231744
153  161  0.0642493
153  165  0.0411268
153  584  0.0510723
153  586  0.235597
153  587  0.0208247
153  608  0.231375
154  160  0.0562255
154  164  0.0415577
154  582  0.263318
154  585  0.211794
154  607  0.231789
155  163  0.0440946
155  559  0.0474433
155  581  0.289878
155  606  0.231719
156  162  0.0429955
156  558  0.0508229
156  580  0.290299
156  583  0.197524
157  161  0.0232855
157  557  0.051834
157  579  0.290324
157  582  0.199368
157  604  0.23113
158  556  0.035908
158  581  0.197761
158  603  0.23133
159  580  0.160568
159  602  0.231347
160  554  0.0518726
160  576  0.0214716
160  601  0.230237
161  553  0.0519251
161  576  0.666345
162  552  0.0493239
162  575  0.716867
163  226  0.0202587
163  574  0.715947
164  225  0.0211108
165  221  0.01518
165  224  0.047579
166  220  0.0345169
166  223  0.0611882
166  570  0.707266
166  571  0.0151958
167  219  0.0345588
167  222  0.0612089
167  569  0.724516
168  218  0.0344962
168  221  0.0611069
168  568  0.724739
169  217  0.0343537
169  220  0.0611281
169  555  0.0199429
169  567  0.725475
170  218  0.0578875
170  554  0.0195874
171  217  0.0585955
171  566  0.719511
172  213  0.0361821
172  216  0.0547816
172  552  0.0212015
172  565  0.71685
173  551  0.0177929
173  564  0.720187
174  212  0.262592
174  563  0.699204
175  211  0.265235
175  562  0.698745
176  210  0.587597
177  209  0.645112
177  560  0.0295461
178  208  0.649731
178  559  0.0700865
179  204  0.0119356
179  206  0.4103
179  207  0.325634
179  557  0.0256903
180  203  0.0119306
180  205  0.736317
180  556  0.025685
181  202  0.0119467
181  204  0.98108
182  201  0.0119334
182  203  0.981185
183  202  0.983214
184  201  0.983038
185  200  0.982447
187  199  0.995195
188  198  0.999394
189  197  0.998553
190  196  0.981306
205  555  0.0288545
205  561  0.229516
206  554  0.0288672
206  560  0.230086
207  553  0.0288905
207  559  0.236571
208  552  0.0275667
208  557  0.0334541
210  556  0.262351
211  552  0.0148395
211  555  0.371367
211  561  0.289614
212  554  0.370091
212  560  0.2898
213  551  0.154604
213  553  0.354405
213  559  0.289314
214  550  0.583551
214  552  0.287293
215  549  0.608896
215  551  0.253595
216  548  0.870321
217  547  0.881796
218  546  0.881998
219  545  0.88002
220  544  0.875109
221  488  0.878203
222  487  0.884508
223  486  0.88669
224  485  0.886126
225  484  0.885323
227  482  0.882793
228  481  0.880437
229  480  0.854328
230  475  0.0820537
230  479  0.792615
231  470  0.0219679
231  474  0.0956521
231  478  0.742751
232  301  0.106808
232  312  0.139407
232  442  0.0387476
232  469  0.0320955
232  473  0.101901
233  311  0.151732
233  441  0.0379285
233  468  0.0321762
233  472  0.100112
234  276  0.506798
234  310  0.15499
234  440  0.0341965
234  467  0.0322339
234  471  0.0943791
235  242  0.0118996
235  275  0.507215
235  309  0.154999
235  425  0.0510408
235  466  0.0322153
236  241  0.0117787
236  274  0.507188
236  308  0.154433
236  424  0.0511566
236  469  0.0421412
236  470  0.0113348
237  273  0.502654
237  327  0.0517311
237  423  0.051067
237  465  0.0336258
237  468  0.0226359
237  570  0.0413359
238  306  0.0172487
238  326  0.0517508
238  422  0.0511341
238  464  0.0335777
238  569  0.0418481
239  271  0.296055
239  272  0.0330405
239  277  0.134864
239  325  0.0515998
239  421  0.0510812
239  463  0.032107
239  568  0.0422071
240  276  0.164543
240  420  0.0510621
240  466  0.0105352
240  467  0.0145731
240  567  0.0424201
240  585  0.0107478
240  586  0.0436655
241  275  0.164581
241  323  0.0502167
241  419  0.0507209
241  461  0.022035
241  465  0.0101587
241  466  0.0140168
241  566  0.0423607
241  584  0.0108627
241  585  0.0437137
242  268  0.455635
242  274  0.164175
242  322  0.0515991
242  460  0.0219252
243  267  0.450657
243  272  0.0585515
243  564  0.0418443
243  583  0.056598
244  321  0.050219
244  417  0.0506682
244  563  0.0421465
244  582  0.0595077
245  265  0.219698
245  268  0.247079
245  320  0.0501667
245  416  0.0507226
245  562  0.0420765
245  581  0.059513
246  264  0.165048
246  265  0.0125401
246  267  0.245335
246  415  0.0505772
246  580  0.0594837
247  414  0.0499977
247  579  0.0595059
248  578  0.0577398
249  263  0.819415
249  577  0.0316845
250  262  0.891285
250  276  0.0150883
250  300  0.0243942
250  384  0.0531958
251  261  0.891387
251  275  0.0151037
251  299  0.0244131
251  383  0.0535412
252  260  0.885164
252  274  0.0150886
252  298  0.0244018
252  382  0.0535217
253  259  0.857978
253  273  0.0150798
253  297  0.0244099
253  381  0.0535399
254  258  0.594826
254  272  0.0144375
254  296  0.0238082
254  380  0.0531988
255  379  0.0501919
256  378  0.0339836
258  290  0.023347
259  289  0.0236325
260  288  0.0236836
261  287  0.023709
261  334  0.0576432
262  286  0.0236844
262  333  0.0585304
263  285  0.0196277
263  332  0.0589139
264  319  0.0567264
264  331  0.0590983
264  466  0.0129476
264  467  0.0129827
264  567  0.0169667
264  575  0.0304941
265  318  0.0568102
265  330  0.059069
265  465  0.0131158
265  466  0.0129078
265  566  0.0169681
265  574  0.0305113
266  317  0.0566731
266  464  0.0121028
266  565  0.016202
266  573  0.0276609
267  316  0.0549764
268  327  0.0576917
268  465  0.0225816
268  570  0.0116543
269  326  0.0562606
269  464  0.0226959
269  569  0.0113492
272  311  0.0212951
272  323  0.0556952
272  461  0.0778257
273  322  0.0559823
273  460  0.082019
274  309  0.084035
274  321  0.0331826
274  459  0.104135
274  563  0.0127952
275  308  0.0843909
275  320  0.0328365
275  458  0.104147
275  562  0.0126888
276  307  0.0848079
276  457  0.104126
277  306  0.0638168
277  456  0.0860494
282  306  0.194579
283  305  0.265463
284  304  0.255601
286  300  0.968192
287  299  0.968928
288  298  0.968478
289  297  0.968659
290  296  0.877727
301  318  0.0200204
302  317  0.0202182
302  477  0.458455
303  316  0.0199403
303  476  0.496045
304  315  0.0190123
304  475  0.516523
305  474  0.518182
306  314  0.0126655
306  454  0.0589729
306  473  0.197709
307  313  0.0130049
307  453  0.0889496
307  472  0.197721
307  563  0.015501
308  452  0.0975332
308  471  0.518187
308  561  0.0938186
309  451  0.103732
309  470  0.51771
309  560  0.0941148
310  450  0.103643
310  469  0.51542
310  559  0.0942579
311  558  0.094239
312  321  0.0525934
312  448  0.0882455
312  466  0.0138876
312  467  0.159965
312  557  0.094299
313  320  0.0521807
313  556  0.0940713
314  446  0.113988
314  477  0.0206593
315  445  0.123748
315  464  0.106257
315  476  0.0215446
316  444  0.125652
316  463  0.0971361
316  475  0.0201492
317  443  0.126386
317  462  0.0258597
317  463  0.161613
317  474  0.0183177
317  475  0.0159271
318  442  0.126277
318  462  0.0855979
318  473  0.0181299
318  474  0.018664
318  554  0.0919509
319  462  0.371874
319  473  0.0186463
319  553  0.0921893
320  440  0.126649
320  461  0.488358
320  471  0.026257
320  552  0.0922023
321  439  0.126686
321  460  0.489954
321  470  0.0262399
321  551  0.0922013
322  330  0.0235042
322  438  0.126294
322  459  0.490863
322  550  0.0914958
323  329  0.0229886
323  458  0.477456
323  549  0.0874795
324  436  0.097171
324  437  0.0106653
324  477  0.0761781
325  456  0.489372
325  476  0.0822418
326  434  0.114767
326  455  0.449326
326  474  0.0203825
326  475  0.0824433
326  545  0.044952
326  548  0.0140532
327  433  0.11652
327  473  0.0315936
327  474  0.0775584
327  544  0.0510322
327  547  0.0167605
328  432  0.0585153
328  453  0.437282
328  472  0.0368653
328  543  0.0424643
329  432  0.0709651
329  452  0.494416
330  431  0.129183
330  451  0.495482
330  470  0.168132
331  430  0.129147
331  450  0.495392
331  469  0.199513
331  492  0.0846525
332  429  0.129033
332  468  0.202994
332  491  0.0860106
333  427  0.157429
333  448  0.0971168
333  449  0.352913
333  467  0.203395
333  490  0.0865726
334  426  0.157535
334  427  0.0121959
334  447  0.0968629
334  448  0.352812
334  466  0.203102
334  489  0.0864519
335  344  0.0135338
335  378  0.0160962
335  425  0.174014
335  446  0.072356
335  447  0.347248
335  465  0.199492
335  488  0.0865719
336  343  0.0136671
336  371  0.0127441
336  377  0.040306
336  424  0.0646006
336  444  0.0115557
336  487  0.0844683
337  342  0.0124804
337  370  0.0658904
337  376  0.0493483
337  423  0.0591264
337  445  0.0133991
338  369  0.0658056
338  375  0.0492623
338  422  0.167232
338  464  0.010757
338  485  0.0472541
339  368  0.0640043
339  374  0.0486004
339  441  0.0109056
339  461  0.0156035
339  485  0.0330506
340  420  0.174882
340  440  0.0104061
340  441  0.345328
340  484  0.0386535
341  366  0.0649256
341  368  0.0244649
341  372  0.0466737
341  419  0.175027
341  440  0.350013
341  459  0.0158592
341  461  0.167408
341  482  0.083749
342  365  0.0649239
342  367  0.0268118
342  371  0.047956
342  439  0.35015
342  458  0.015847
342  460  0.179668
342  481  0.083332
343  364  0.0623417
343  366  0.0467481
343  370  0.0473206
343  417  0.175595
343  425  0.0152306
343  438  0.270363
343  459  0.179992
344  365  0.046643
344  416  0.175247
344  424  0.0152649
344  458  0.179722
344  478  0.0470372
345  369  0.0404303
345  423  0.0149986
345  477  0.0477055
346  368  0.0400121
346  422  0.0143979
346  445  0.0107503
346  476  0.0477176
346  477  0.0144536
347  367  0.0358457
347  421  0.0123409
347  435  0.102662
347  444  0.0114958
347  475  0.0246422
348  362  0.0287133
348  413  0.166986
348  434  0.114901
348  443  0.011715
348  475  0.0611559
349  361  0.0157063
349  412  0.174947
349  433  0.113308
349  474  0.0848779
350  361  0.292824
350  365  0.0461263
350  371  0.0406578
350  442  0.0105617
350  473  0.0850855
351  360  0.322385
351  364  0.0486547
351  370  0.0507779
351  375  0.128002
351  410  0.0712614
351  441  0.0159564
351  472  0.0849825
352  359  0.303191
352  363  0.0480229
352  369  0.0495129
352  374  0.216277
352  409  0.181545
352  440  0.0160363
352  471  0.0850476
353  361  0.0241632
353  373  0.229419
353  408  0.182228
353  439  0.0160325
353  470  0.0815105
354  368  0.0938701
354  372  0.245539
354  407  0.182145
354  461  0.0229136
355  361  0.0187389
355  367  0.102139
355  371  0.247142
355  406  0.182191
355  460  0.0241713
355  469  0.0144541
356  360  0.0121646
356  366  0.104088
356  370  0.24644
356  404  0.0338808
356  405  0.144469
356  459  0.024357
357  365  0.0888819
357  403  0.0671468
357  458  0.0231749
358  368  0.168375
358  369  0.0138109
358  387  0.0112088
359  367  0.158961
359  386  0.0113134
359  401  0.127945
360  365  0.123829
360  367  0.0827168
360  385  0.0113071
360  400  0.128137
361  366  0.0866925
361  376  0.0180555
361  399  0.11396
361  402  0.0322925
361  453  0.0266179
361  465  0.0172255
362  375  0.0181859
362  387  0.0211978
362  432  0.159921
362  452  0.0305047
362  464  0.0172503
363  386  0.0223993
363  401  0.0481783
363  431  0.170473
363  451  0.03101
364  373  0.0276545
364  385  0.0224255
364  400  0.048269
364  430  0.170588
364  450  0.0310097
364  462  0.0194272
364  553  0.0125093
365  372  0.0310269
365  384  0.0221861
365  399  0.0479446
365  429  0.170229
365  449  0.0297397
365  461  0.019904
365  552  0.0127102
366  371  0.03086
366  397  0.0628613
366  428  0.170271
366  460  0.0199246
366  551  0.0127103
367  396  0.059713
367  427  0.11484
367  445  0.0246832
367  459  0.0198213
367  550  0.0127098
368  444  0.028523
368  458  0.0150729
368  549  0.0126961
369  386  0.0133912
369  394  0.0446947
369  443  0.0300765
369  463  0.0356047
369  548  0.0126902
370  385  0.0214503
370  393  0.0439681
370  424  0.0553731
370  439  0.0190365
370  442  0.029675
370  462  0.038807
370  547  0.0126978
371  381  0.0162258
371  383  0.268117
371  384  0.0116334
371  392  0.014149
371  437  0.0275034
371  438  0.0799963
371  440  0.0292822
371  461  0.0248299
371  546  0.0100649
372  380  0.0161988
372  382  0.281735
372  415  0.0146576
372  439  0.0283567
372  460  0.0269446
373  379  0.0157819
373  381  0.284104
373  391  0.0143393
373  414  0.026131
373  436  0.248646
373  459  0.0453818
374  380  0.257448
374  390  0.0141085
374  413  0.0160122
374  435  0.259778
374  458  0.0230811
375  413  0.0220701
375  434  0.275688
375  458  0.0268342
376  412  0.0344643
376  433  0.278399
376  457  0.24818
377  411  0.0327652
377  432  0.278154
377  456  0.251655
378  389  0.0132075
378  431  0.259886
378  455  0.251562
379  388  0.0193394
379  430  0.256306
379  454  0.249931
380  387  0.0198761
380  409  0.0393691
380  429  0.272628
380  453  0.249241
381  386  0.0190511
381  408  0.0415952
381  428  0.271783
381  433  0.010728
382  407  0.0416072
382  409  0.0186865
382  432  0.0109854
382  452  0.255333
383  406  0.0213694
383  408  0.022255
383  431  0.0110192
383  451  0.257379
384  393  0.137586
384  397  0.0813904
384  406  0.0493423
384  421  0.0659337
384  430  0.0109673
384  450  0.257534
385  391  0.0455366
385  392  0.254837
385  396  0.0970483
385  405  0.0898919
385  420  0.0749999
385  449  0.25704
386  391  0.265589
386  395  0.096684
386  404  0.0898844
386  419  0.0749304
386  448  0.254126
387  394  0.0927896
387  403  0.0848095
388  411  0.0111147
388  446  0.0843263
389  410  0.0112639
389  445  0.0740367
390  409  0.0113226
391  397  0.0117902
391  401  0.0848328
391  408  0.0112556
391  416  0.0849186
392  400  0.0850565
392  415  0.0858527
392  428  0.0232422
393  399  0.080116
393  414  0.0860964
393  427  0.429212
394  426  0.433187
395  413  0.0882572
395  443  0.0139052
396  412  0.0887503
396  424  0.50964
396  442  0.0152531
397  411  0.0783229
397  423  0.531801
398  407  0.0791271
398  410  0.0322662
398  422  0.535076
399  406  0.105209
399  408  0.0123743
399  421  0.535836
399  439  0.0156226
400  405  0.106904
400  420  0.535078
400  426  0.0149175
400  438  0.0157628
401  419  0.531567
401  425  0.0300121
401  437  0.0153318
402  424  0.0301839
402  433  0.0187872
403  418  0.054565
403  423  0.0272268
403  432  0.0190284
404  416  0.295423
404  431  0.0190555
405  416  0.07366
405  421  0.0238233
405  430  0.0190485
406  414  0.340268
406  417  0.0359436
406  420  0.0224205
406  429  0.0117377
407  413  0.303398
407  415  0.125411
407  416  0.0267735
407  428  0.0105467
408  414  0.134675
408  417  0.0424081
408  427  0.0169205
409  413  0.0513028
409  416  0.0388923
410  415  0.0179243
412  423  0.0124674
412  427  0.0172932
413  422  0.0128825
413  426  0.0161917
414  421  0.01281
414  424  0.021288
415  423  0.0213819
415  426  0.0319815
416  422  0.0214562
416  425  0.0565332
417  421  0.0174494
417  424  0.0562626
427  439  0.0309684
428  438  0.0664407
428  440  0.231566
429  439  0.23233
429  442  0.0124486
430  437  0.112066
430  438  0.215742
430  441  0.0351382
431  436  0.131042
431  437  0.184957
431  440  0.0390801
432  439  0.0388768
433  438  0.0359878
439  452  0.0116279
440  451  0.0134249
441  450  0.0134463
442  449  0.0141824
448  474  0.0651782
449  473  0.0680615
450  472  0.0704317
451  471  0.0705643
452  470  0.0655571
453  469  0.0611923
454  468  0.0489004
457  466  0.0261687
457  467  0.0421456
458  465  0.0225488
458  466  0.041389
460  465  0.0302269
462  477  0.0151121
463  476  0.0191461
464  475  0.020511
465  474  0.0204309
466  473  0.0183457
491  542  0.0143813
492  543  0.0103309
493  541  0.842645
494  540  0.951451
495  539  0.980715
495  546  0.0140821
496  538  0.980746
496  545  0.0140885
497  537  0.98011
497  544  0.0140718
498  522  0.0395444
498  536  0.885371
499  521  0.0488649
499  535  0.866359
499  539  0.0117914
500  520  0.0506611
500  534  0.777189
502  518  0.641588
502  536  0.0589436
503  517  0.728619
503  535  0.0789445
504  516  0.729877
504  533  0.114043
504  534  0.0919198
505  515  0.729734
505  532  0.118841
505  533  0.13964
506  514  0.728456
506  531  0.119986
506  532  0.140589
507  513  0.636526
507  530  0.113008
507  531  0.132886
511  528  0.221778
512  527  0.264435
513  526  0.264596
514  525  0.264331
515  524  0.242935
524  533  0.671126
525  532  0.707115
526  531  0.618928
526  532  0.0125131
551  557  0.276743
552  556  0.224692
554  563  0.025862
555  562  0.0259683
556  561  0.0308183
577  597  0.187688
578  596  0.232335
579  595  0.235712
580  593  0.0867927
580  594  0.156819
581  592  0.167516
581  593  0.0785291
582  591  0.246569
583  590  0.24739
584  589  0.246761
605  620  0.014127
606  619  0.0163126
608  620  0.0416299
609  616  0.0888446
609  619  0.0499824
610  615  0.0870237
610  618  0.0515326
611  617  0.0441983
