1  8  0.0308459
2  7  0.0509227
2  206  0.0186868
3  12  0.0435422
3  205  0.0205272
4  11  0.0434375
4  204  0.0180994
5  10  0.0330209
8  206  0.0253702
8  207  0.0192939
9  206  0.0323763
10  206  0.0160883
12  89  0.0163078
12  202  0.660936
13  88  0.0172721
13  201  0.68003
14  87  0.0173256
14  200  0.297316
15  47  0.426732
15  86  0.0173346
16  46  0.459348
16  85  0.0173522
16  198  0.0351099
17  45  0.23394
17  84  0.0164983
18  45  0.755848
19  44  0.985463
20  43  0.985776
21  42  0.986742
24  39  0.930687
25  37  0.995125
26  36  0.996315
27  35  0.995815
28  34  0.988621
29  33  0.376348
46  203  0.0379476
47  202  0.0377429
49  205  0.0811571
50  204  0.0891649
51  203  0.0928327
52  200  0.53528
53  83  0.0117172
53  199  0.83723
54  82  0.0127194
54  198  0.858497
55  81  0.012718
55  196  0.959339
56  195  0.963097
57  194  0.963766
58  193  0.952782
59  192  0.852214
60  69  0.0109921
60  178  0.121433
61  68  0.0110428
61  177  0.12384
62  67  0.0107044
62  190  0.834207
63  189  0.385602
64  188  0.384464
65  175  0.14087
65  187  0.835648
66  174  0.143012
66  186  0.834045
67  163  0.0142134
67  173  0.14495
67  185  0.821253
68  162  0.369769
68  172  0.15386
68  184  0.372903
69  161  0.37041
69  171  0.153903
70  164  0.0775991
70  165  0.0363566
70  170  0.153539
71  163  0.0848852
71  164  0.0436387
71  169  0.150672
71  183  0.0246013
72  168  0.146422
72  182  0.0306627
73  181  0.0298381
74  160  0.678093
74  167  0.105032
74  180  0.0278127
75  159  0.760202
75  166  0.10589
76  158  0.760475
76  179  0.0258202
77  157  0.760926
77  164  0.0877385
77  178  0.0260995
78  156  0.761332
78  163  0.0854022
78  177  0.0261758
79  155  0.756952
81  162  0.152159
82  152  0.760896
82  161  0.152604
82  175  0.0456149
83  151  0.760942
83  160  0.152563
83  174  0.0456752
84  150  0.760745
84  159  0.152567
84  173  0.0457018
85  149  0.708567
85  158  0.148411
85  171  0.0224153
85  172  0.0232566
86  157  0.144849
86  170  0.0447085
87  146  0.0149524
87  156  0.134177
87  169  0.044611
88  145  0.0126943
88  155  0.025045
88  168  0.0405606
89  145  0.737885
89  167  0.0397224
90  132  0.197271
90  144  0.740385
90  166  0.0421851
91  131  0.275993
91  142  0.673067
91  143  0.0365094
92  130  0.27875
92  141  0.703644
93  129  0.278422
93  140  0.692839
94  128  0.277689
94  139  0.647636
95  127  0.277352
95  137  0.0211919
95  139  0.0105823
96  126  0.277307
96  136  0.0198303
96  137  0.0481537
97  102  0.0126358
97  125  0.271835
99  138  0.0134697
100  134  0.642717
100  137  0.0154338
101  133  0.660815
101  136  0.0155031
102  132  0.66233
102  135  0.0154848
103  123  0.285117
103  131  0.615077
104  122  0.287005
105  121  0.287102
105  127  0.0233523
105  129  0.0168474
106  120  0.286866
107  119  0.28689
108  118  0.286872
108  124  0.515023
108  125  0.184767
109  117  0.201231
109  123  0.519496
109  124  0.182896
110  116  0.192234
110  122  0.521352
110  123  0.180193
111  115  0.214735
111  121  0.694928
112  120  0.693836
113  119  0.691039
114  118  0.543608
124  136  0.0113685
125  130  0.0104747
125  132  0.0173568
125  135  0.0111782
126  131  0.0120899
134  143  0.0219777
135  142  0.0247275
135  143  0.0133392
135  162  0.0831182
136  142  0.0146753
136  152  0.0669324
136  161  0.0832217
137  151  0.0671426
137  160  0.0831653
138  150  0.0670482
138  159  0.0824637
139  149  0.0662906
139  158  0.0707517
140  148  0.0639811
141  147  0.0562835
141  155  0.162489
142  154  0.16691
143  153  0.16685
144  152  0.160646
145  150  0.14271
163  184  0.0481126
166  182  0.0196897
166  184  0.31225
167  181  0.0107196
167  183  0.312446
168  181  0.704887
169  180  0.769366
170  179  0.788011
171  178  0.790826
172  177  0.775097
182  191  0.11307
183  190  0.134589
184  189  0.128709
186  197  0.0150575
187  196  0.0156274
188  195  0.0156346
189  194  0.0149036
