2  233  0.0100489
2  341  0.204802
3  232  0.0210702
3  340  0.233927
4  231  0.0210796
4  339  0.234867
5  230  0.0210806
7  336  0.0750828
8  227  0.0208498
8  335  0.0737222
8  341  0.659725
9  226  0.0212629
9  340  0.717828
10  225  0.0211609
10  333  0.204625
10  339  0.722375
11  224  0.0209109
11  332  0.225131
11  338  0.722877
12  223  0.0158543
12  331  0.236388
12  337  0.72559
13  330  0.238221
13  336  0.727288
14  329  0.238167
14  335  0.727957
15  328  0.238183
15  334  0.726969
16  327  0.229947
16  333  0.648421
17  48  0.0113509
17  325  0.0210575
17  326  0.17563
18  47  0.0139589
18  189  0.0277681
18  193  0.19127
18  324  0.0417223
18  332  0.0157801
19  31  0.206064
19  49  0.367644
19  183  0.0122434
19  188  0.0282327
19  192  0.203231
19  235  0.100233
19  325  0.0129824
20  30  0.206292
20  48  0.368466
20  182  0.0122606
20  187  0.0285251
20  191  0.203251
20  234  0.100301
21  29  0.205101
21  47  0.367772
21  181  0.0122566
21  186  0.028519
21  189  0.0893283
21  190  0.115722
21  233  0.100126
21  323  0.0175026
21  324  0.0100915
22  188  0.178599
22  322  0.0176722
23  28  0.121751
23  37  0.0197857
23  45  0.288633
23  185  0.0127879
23  187  0.179178
23  230  0.0107431
23  321  0.0176622
24  36  0.0196944
24  44  0.287353
24  184  0.0107076
24  186  0.15855
24  320  0.0165893
25  35  0.0193375
25  43  0.251054
26  34  0.0175755
26  184  0.0327602
28  220  0.047107
28  319  0.0106342
29  42  0.67763
29  219  0.0507745
29  318  0.0124417
30  41  0.678509
30  218  0.0507609
30  317  0.0124455
31  40  0.671356
31  217  0.0506495
31  316  0.0123738
33  240  0.0122557
34  239  0.0109533
37  207  0.0589648
38  206  0.0608619
39  205  0.0611024
40  45  0.0456604
40  49  0.0497666
40  188  0.0145628
40  192  0.0524687
40  204  0.0612794
40  235  0.0535216
41  48  0.049891
41  187  0.018438
41  191  0.0525228
41  203  0.0612807
41  234  0.0536068
42  47  0.0488058
42  186  0.0185048
42  190  0.0519854
42  202  0.0612726
42  233  0.0535766
43  201  0.0564582
45  75  0.412011
45  199  0.0340494
45  323  0.0394661
46  74  0.415519
46  198  0.0251231
46  322  0.0402835
47  59  0.0213396
47  73  0.416478
47  196  0.0133982
47  321  0.0404677
48  58  0.02167
48  72  0.409353
48  194  0.0113042
48  320  0.0403159
49  57  0.021685
49  193  0.016298
49  319  0.0395039
50  56  0.0164151
50  70  0.410207
51  69  0.417804
51  246  0.0391901
51  332  0.466561
52  61  0.0260842
52  68  0.417612
52  245  0.0393693
52  331  0.468447
53  60  0.0329926
53  67  0.415727
53  244  0.0394154
53  330  0.469253
54  59  0.0294442
54  66  0.404545
54  243  0.0390391
55  63  0.0351976
55  242  0.0384153
56  62  0.0391784
56  64  0.0458607
56  241  0.0337919
56  327  0.468155
57  63  0.0596099
57  326  0.468621
58  325  0.469158
59  324  0.469382
60  323  0.468289
61  322  0.355251
62  81  0.0109982
63  79  0.272748
63  320  0.012117
64  78  0.535503
64  192  0.0119041
65  77  0.535747
66  76  0.535824
66  190  0.0211749
67  75  0.536364
67  189  0.0262762
68  74  0.53
68  188  0.0280947
69  73  0.416556
69  187  0.028108
70  186  0.0264334
74  245  0.0100193
76  183  0.454811
77  182  0.456217
78  181  0.456662
79  180  0.458563
79  244  0.0256503
79  321  0.0239028
80  243  0.0235615
81  178  0.225594
81  179  0.0652499
82  178  0.069756
83  176  0.935728
84  175  0.992827
85  174  0.991802
86  173  0.990678
87  172  0.988793
88  171  0.988929
89  170  0.0518768
90  170  0.945247
91  169  0.996771
92  168  0.99485
93  167  0.992213
94  165  0.290178
94  166  0.702429
95  164  0.579115
95  165  0.40105
96  163  0.86655
97  160  0.31351
97  161  0.0107514
97  162  0.613376
98  159  0.919606
99  158  0.95179
99  160  0.0253789
100  157  0.951306
100  158  0.0183175
102  156  0.749115
103  155  0.375713
104  155  0.580905
105  154  0.966718
106  153  0.963513
107  152  0.931439
108  151  0.870188
110  129  0.999132
111  128  0.999659
112  127  0.999701
113  126  0.999156
114  125  0.999553
115  124  0.994638
116  123  0.721635
130  152  0.0431189
131  150  0.0480079
131  151  0.048921
133  149  0.997108
134  148  0.997863
135  147  0.998881
136  146  0.999689
137  145  0.999599
138  144  0.970069
139  144  0.0232558
177  240  0.0737844
178  239  0.0741604
179  238  0.0740256
180  237  0.0738764
180  319  0.380635
181  191  0.0750674
181  318  0.398183
182  190  0.0777779
182  317  0.398148
183  189  0.0770862
183  233  0.0110814
183  316  0.397245
184  188  0.0293489
185  231  0.0862877
185  240  0.0220512
185  314  0.0439642
186  230  0.100633
186  238  0.329079
186  239  0.011492
187  229  0.100404
187  237  0.435671
188  224  0.0828507
188  227  0.0122642
188  236  0.439257
189  226  0.0113969
189  235  0.442992
190  222  0.149138
190  234  0.442802
191  221  0.158677
191  233  0.438878
192  220  0.482369
192  231  0.0458451
193  219  0.513822
196  216  0.887893
197  215  0.889299
198  214  0.893212
199  213  0.888867
201  211  0.891109
202  210  0.900235
202  219  0.0106844
203  209  0.871604
203  218  0.0101926
211  325  0.0341091
212  324  0.041721
213  323  0.0418724
214  322  0.0416644
215  321  0.0413124
217  235  0.30354
218  230  0.0664716
218  232  0.039193
218  234  0.30444
219  229  0.0669204
219  231  0.0392741
219  233  0.304552
220  228  0.0665875
220  230  0.0335119
220  232  0.305908
221  228  0.0298876
221  230  0.460585
221  232  0.239286
222  227  0.0187495
222  229  0.462329
222  231  0.241631
223  228  0.403224
223  230  0.229573
232  319  0.0144694
233  318  0.0193834
234  317  0.0193867
234  333  0.0166853
235  316  0.0193744
235  332  0.0169248
237  330  0.263491
238  301  0.0976761
238  328  0.0117709
238  329  0.258571
239  300  0.339287
239  327  0.0221177
239  328  0.236476
240  299  0.382558
240  326  0.0269225
241  298  0.387558
241  325  0.0284964
241  326  0.0408591
242  297  0.388904
242  312  0.0133689
242  324  0.0147504
243  296  0.388422
243  311  0.0162744
243  324  0.298758
244  295  0.387916
244  310  0.0165014
244  323  0.408809
245  294  0.367232
245  309  0.011489
245  322  0.42222
246  291  0.0404442
246  321  0.427579
247  290  0.0412509
248  289  0.0412239
248  292  0.0653058
248  295  0.0138668
248  319  0.512278
249  288  0.0277057
249  291  0.0646158
249  318  0.561954
250  267  0.0113628
250  292  0.0138914
250  296  0.0172368
250  317  0.56202
251  266  0.0114263
251  292  0.276045
251  295  0.0175194
251  316  0.561778
252  263  0.0520158
252  291  0.308206
252  294  0.0175027
252  315  0.53714
253  262  0.0525697
253  293  0.0167521
253  314  0.52091
254  261  0.0538922
254  290  0.611514
255  260  0.054
255  289  0.911137
256  288  0.938603
257  287  0.938587
258  286  0.93347
260  273  0.818267
260  283  0.0602188
261  272  0.853894
261  281  0.0263363
261  282  0.0484139
262  271  0.864134
262  280  0.0376346
263  270  0.862665
264  269  0.566621
264  279  0.061466
265  278  0.0688603
266  277  0.0610496
266  288  0.0112321
267  276  0.0614667
267  280  0.0174403
267  287  0.0112289
268  275  0.0699984
268  279  0.0176023
269  274  0.0664828
269  278  0.0176103
270  277  0.0170562
270  286  0.0205938
271  285  0.0210078
273  284  0.0829584
274  280  0.0311135
274  283  0.847255
275  282  0.781216
276  281  0.541522
290  311  0.261472
291  310  0.343999
292  309  0.344015
293  308  0.343093
294  306  0.121859
294  307  0.229244
294  311  0.111934
295  305  0.232399
296  304  0.231244
296  305  0.0105602
296  309  0.171108
297  308  0.180823
298  303  0.0185594
298  307  0.184606
299  306  0.183389
300  305  0.157521
303  315  0.355726
304  314  0.355616
305  313  0.320884
