2  16  0.0897722
2  50  0.180716
3  14  0.251127
3  15  0.112843
3  20  0.0133244
3  25  0.0271375
3  49  0.295784
4  13  0.260655
4  14  0.101452
4  19  0.0132547
4  24  0.0273466
4  48  0.295846
5  12  0.211237
5  23  0.0250094
5  47  0.289941
6  46  0.21242
6  52  0.241707
7  18  0.0607881
7  51  0.260433
8  18  0.0217288
8  50  0.259899
9  16  0.183904
9  18  0.0284129
9  39  0.0100044
10  15  0.221886
10  17  0.0582418
10  38  0.0115691
10  48  0.229188
11  37  0.0117554
11  47  0.224487
12  36  0.0112627
13  35  0.0110186
16  52  0.0133569
17  29  0.011737
17  51  0.0146136
18  28  0.0105568
18  52  0.151389
19  51  0.155614
20  50  0.149096
21  30  0.100283
21  36  0.565649
22  29  0.110784
22  35  0.609732
23  30  0.0322599
23  34  0.610486
24  29  0.034584
24  33  0.60877
25  32  0.557943
31  50  0.251524
32  49  0.37365
33  48  0.373808
34  47  0.372926
35  46  0.371741
36  45  0.370118
