2  11  0.0160843
3  10  0.0260606
3  61  0.0186887
3  396  0.0169509
4  60  0.0187181
4  395  0.0167655
5  59  0.0186673
5  365  0.0108534
5  385  0.0114963
5  413  0.23013
6  364  0.0108669
6  384  0.0103882
6  393  0.0159294
6  412  0.223377
7  363  0.0105716
7  392  0.0179437
7  410  0.189054
8  391  0.0178323
8  409  0.191754
8  413  0.0108089
9  409  0.015549
10  62  0.0160435
10  360  0.0103336
10  404  0.0495795
10  409  0.194605
11  61  0.0217818
11  359  0.010018
11  362  0.0332933
11  403  0.0518253
11  408  0.20239
12  60  0.0217774
12  361  0.0450733
12  402  0.0498962
13  59  0.0216856
13  360  0.0472968
13  404  0.73667
14  58  0.0172065
14  359  0.0406625
14  396  0.0166711
14  398  0.0261633
14  400  0.0124728
14  403  0.755671
15  395  0.0166622
15  397  0.0317133
15  402  0.754783
16  61  0.0838777
16  394  0.0156435
16  396  0.0336317
16  399  0.0117738
16  401  0.744211
17  60  0.0847979
17  393  0.0135415
17  395  0.0305462
17  398  0.0114239
18  59  0.0844349
20  390  0.0126753
20  396  0.0284648
21  58  0.964528
22  57  0.970359
23  56  0.969981
24  55  0.97049
25  54  0.684401
27  52  0.920943
28  51  0.930932
28  57  0.015249
29  56  0.0156299
30  52  0.0262144
30  55  0.0156946
31  50  0.0286866
31  51  0.0280935
31  54  0.0156551
32  49  0.015239
33  49  0.974533
34  48  0.999115
35  47  0.999255
36  46  0.999777
37  45  0.999572
38  44  0.948458
59  388  0.0418812
59  390  0.0217382
59  393  0.562313
59  411  0.0317043
60  386  0.0273116
60  387  0.0273066
60  389  0.0182154
60  392  0.678889
60  410  0.0318489
61  360  0.0388819
61  385  0.0399597
61  391  0.689256
61  409  0.0317816
62  69  0.014234
62  359  0.119778
62  384  0.0131502
62  390  0.558375
62  408  0.0244696
63  68  0.0142076
63  358  0.117147
64  360  0.0465733
65  358  0.01236
65  360  0.0167715
66  358  0.337898
67  357  0.970404
68  356  0.971872
69  355  0.971859
70  354  0.971873
71  353  0.971863
72  352  0.970258
73  351  0.4874
74  351  0.481855
75  350  0.96408
76  349  0.962842
78  344  0.802548
78  347  0.0101991
79  343  0.804853
79  344  0.117838
79  401  0.0108036
80  342  0.801205
80  343  0.117668
80  344  0.036521
80  400  0.0108921
81  101  0.833206
81  342  0.0906838
81  343  0.0363504
81  399  0.0109073
82  100  0.842845
82  101  0.0567938
82  342  0.0358646
82  398  0.0108931
83  397  0.0114321
84  99  0.967474
84  396  0.011916
85  98  0.968446
85  395  0.0106912
86  97  0.970016
87  96  0.970064
87  368  0.0112878
88  95  0.971605
88  367  0.0121758
89  94  0.903837
89  366  0.0121801
90  365  0.0122057
91  364  0.0121584
92  363  0.0112453
95  360  0.011936
96  359  0.011315
102  108  0.0653158
103  338  0.01965
104  337  0.0197156
108  335  0.0169903
109  334  0.0170072
109  338  0.943942
110  333  0.0161531
110  337  0.944096
111  336  0.945517
112  335  0.945541
113  330  0.0140154
113  334  0.893418
114  296  0.572639
114  329  0.0184014
114  333  0.309962
115  295  0.750506
115  328  0.0213615
116  294  0.287358
117  293  0.467717
118  292  0.992543
119  291  0.992667
120  290  0.993411
121  289  0.992862
122  288  0.99131
123  287  0.992305
124  286  0.9934
125  285  0.992507
126  284  0.993133
127  283  0.988685
128  277  0.022902
128  280  0.0189652
129  276  0.0214702
132  277  0.0526234
132  280  0.644848
133  275  0.0395103
133  276  0.0224378
133  279  0.651002
134  273  0.291916
135  272  0.297195
135  278  0.586785
136  271  0.304366
136  277  0.586752
137  270  0.304111
138  272  0.0415708
138  274  0.0268714
139  271  0.0446842
139  272  0.640916
140  267  0.305566
140  270  0.0446334
140  271  0.641755
141  266  0.305871
141  270  0.641689
142  265  0.305961
142  268  0.354343
142  269  0.320751
143  264  0.302874
143  267  0.685923
144  263  0.298474
144  266  0.685946
145  264  0.68657
146  263  0.237877
147  262  0.509081
148  261  0.986827
149  260  0.989552
150  259  0.988487
151  258  0.982302
152  157  0.0136849
153  256  0.0978405
153  257  0.070005
155  254  0.0346876
156  256  0.0999573
156  257  0.084343
157  256  0.0921951
158  254  0.810654
159  253  0.955055
160  252  0.970728
161  251  0.969763
162  250  0.963685
163  249  0.544121
164  230  0.993282
165  229  0.99376
166  228  0.995886
167  227  0.994702
168  226  0.977102
170  222  0.969868
171  221  0.993668
172  220  0.996207
173  219  0.99563
174  218  0.993928
176  217  0.99018
177  216  0.990108
178  215  0.978032
179  213  0.68678
180  212  0.645641
181  210  0.0490482
181  214  0.147459
182  209  0.0447062
182  210  0.0708528
182  213  0.160563
183  212  0.144784
187  208  0.580768
187  211  0.0788232
188  207  0.0219227
188  209  0.0416011
188  210  0.070571
189  207  0.966144
190  206  0.991956
191  205  0.993163
192  204  0.991199
193  202  0.173483
194  201  0.159866
194  202  0.819184
195  201  0.813881
233  251  0.0125462
234  249  0.402796
234  250  0.0146875
235  248  0.98654
236  247  0.996215
237  246  0.999905
238  245  0.999977
239  244  0.999833
275  280  0.0107906
293  328  0.0306975
294  327  0.233386
295  326  0.233538
298  323  0.673397
298  324  0.171307
299  322  0.977495
300  321  0.982197
301  320  0.982751
302  319  0.979838
303  318  0.532417
304  318  0.172479
306  317  0.988967
307  316  0.991218
308  315  0.988071
309  314  0.944986
318  357  0.0142685
319  356  0.014277
320  355  0.0142767
321  354  0.0142783
322  353  0.0142435
326  349  0.0135409
327  348  0.0135809
328  347  0.0127519
335  344  0.0202082
336  343  0.0202472
337  342  0.0180597
358  378  0.0476568
358  388  0.0217518
358  390  0.0254142
359  377  0.0476755
359  385  0.264455
359  391  0.0113756
360  376  0.0418453
360  384  0.273405
360  388  0.204796
360  390  0.0179879
361  383  0.144412
361  387  0.189797
361  389  0.017138
362  383  0.569429
362  385  0.0106143
362  386  0.0829195
363  382  0.827868
363  384  0.0107572
364  371  0.0509728
364  381  0.866016
365  370  0.0554264
365  380  0.874792
366  378  0.927669
367  377  0.927769
368  376  0.902511
369  375  0.77254
390  404  0.0166564
390  409  0.0581914
391  399  0.0180795
391  403  0.0174111
391  408  0.0618522
392  398  0.0171212
392  402  0.013674
393  407  0.0722771
394  406  0.0765238
395  405  0.078235
396  404  0.077954
402  410  0.0207807
403  409  0.0224261
404  408  0.0141449
