2  321  0.012466
3  14  0.0164508
3  320  0.0151463
4  13  0.0162338
4  319  0.0151007
5  12  0.0135669
5  318  0.0150911
5  445  0.520608
6  316  0.0153733
6  444  0.560817
7  315  0.015396
7  443  0.421576
7  445  0.0268624
8  22  0.0953416
8  27  0.639931
8  314  0.0154078
8  444  0.0285278
9  17  0.0170685
9  21  0.0990576
9  26  0.669011
9  438  0.011286
9  443  0.0134107
10  16  0.0161687
10  20  0.0777941
10  311  0.0156464
10  437  0.0112331
11  24  0.0141596
11  25  0.683598
11  310  0.0156035
11  436  0.0103577
12  23  0.0141081
12  24  0.701005
12  247  0.0116554
12  309  0.015569
13  22  0.0126894
13  23  0.711492
13  246  0.0280581
13  308  0.015637
14  22  0.708614
14  245  0.0461919
14  307  0.0155852
15  24  0.017396
15  244  0.0463225
15  279  0.0138964
16  23  0.0221416
16  243  0.0464209
16  278  0.0180771
17  22  0.0215335
17  242  0.0464656
17  277  0.0183608
18  241  0.0464554
18  276  0.0182808
19  240  0.0462622
20  272  0.019733
21  271  0.0206813
22  270  0.0204479
25  445  0.111045
26  214  0.040861
26  268  0.0290789
26  444  0.121136
27  213  0.0438246
27  267  0.0297677
27  443  0.121259
28  212  0.0438103
28  266  0.0293934
28  441  0.837132
29  211  0.0438088
29  264  0.0191178
29  440  0.88535
30  210  0.0435138
30  439  0.885603
31  209  0.0418957
31  262  0.0359942
31  438  0.886135
32  261  0.0359956
32  437  0.882673
33  260  0.0331277
33  436  0.837137
34  435  0.711065
35  257  0.0165534
35  258  0.0208883
37  256  0.465813
38  255  0.468276
39  254  0.468003
39  434  0.366201
40  51  0.0145045
40  253  0.468929
40  408  0.0878557
40  433  0.366517
41  252  0.468903
41  407  0.0896471
41  432  0.366299
42  49  0.186108
42  66  0.0134735
42  251  0.46505
42  406  0.0920585
42  431  0.0815142
43  48  0.16614
43  65  0.013995
43  250  0.465561
43  405  0.0906864
43  408  0.0329411
43  430  0.0704858
44  64  0.0138852
44  249  0.464135
44  404  0.0898763
44  407  0.0328299
44  429  0.0756864
45  403  0.0670773
46  247  0.0122932
47  212  0.030665
47  405  0.0311508
48  211  0.0559216
48  246  0.33731
48  247  0.0388871
48  404  0.0342841
49  210  0.0562131
49  245  0.337121
49  246  0.0389109
49  403  0.0345136
51  208  0.0563343
51  245  0.0125419
52  204  0.378961
52  207  0.0410185
53  203  0.463482
54  202  0.488584
55  201  0.493585
56  200  0.493221
57  199  0.493031
58  198  0.493463
58  412  0.0294168
59  74  0.0113254
59  197  0.462988
60  73  0.0133519
60  196  0.36683
61  85  0.173486
61  409  0.29456
62  71  0.134158
62  84  0.179973
62  181  0.0164281
62  191  0.0459357
62  194  0.0579544
62  408  0.305272
63  70  0.1348
63  83  0.180783
63  85  0.169316
63  180  0.0165027
63  190  0.0459707
63  407  0.30524
64  69  0.124278
64  71  0.0136744
64  84  0.200902
64  179  0.0166297
64  191  0.0242424
64  406  0.289351
65  70  0.013003
65  83  0.204063
65  178  0.0156575
65  190  0.0243285
65  404  0.0234822
66  81  0.465733
66  177  0.014432
66  403  0.0226128
66  404  0.0316128
67  80  0.469181
67  403  0.0303778
68  79  0.470338
69  78  0.470392
69  156  0.012735
69  403  0.0144989
69  409  0.0120966
70  77  0.419136
70  155  0.0204709
70  248  0.015489
70  402  0.0219806
70  405  0.226917
70  408  0.012763
71  154  0.0204897
71  247  0.0155011
71  404  0.23254
71  407  0.0126897
72  153  0.0204529
72  246  0.0155387
72  403  0.232441
72  404  0.0326617
73  245  0.0155038
73  403  0.0237728
74  244  0.0154878
74  401  0.0103478
75  148  0.0100205
75  243  0.0155615
75  401  0.425815
76  146  0.0209777
76  242  0.0155548
76  400  0.464976
77  145  0.0217742
77  241  0.0154325
77  399  0.465316
78  144  0.0213557
78  194  0.0120339
78  398  0.465304
79  143  0.0194717
79  193  0.0120341
79  397  0.464798
80  130  0.0128829
80  192  0.0119736
80  396  0.462479
81  128  0.0181128
81  191  0.011824
81  395  0.455873
82  127  0.0722243
82  192  0.0144715
82  388  0.252352
83  126  0.0931259
83  191  0.0161983
83  387  0.257176
83  390  0.0148826
83  393  0.0411461
84  124  0.0923153
84  125  0.0509843
84  190  0.0147137
84  386  0.256677
84  389  0.0148896
84  394  0.0105945
85  123  0.175645
85  385  0.251769
85  388  0.0114744
85  391  0.0149831
85  392  0.0132598
85  393  0.0111333
86  122  0.171522
86  384  0.228042
88  120  0.093775
90  118  0.430681
91  117  0.481124
92  116  0.488933
92  364  0.361503
93  115  0.4909
93  191  0.0885269
93  363  0.398925
94  114  0.490377
94  190  0.0874759
94  362  0.397196
95  113  0.489545
95  189  0.0838558
95  361  0.380119
96  112  0.490001
96  188  0.0734564
97  111  0.49135
97  186  0.0102647
97  357  0.397804
98  110  0.487479
98  184  0.101728
98  356  0.398198
99  109  0.467692
99  183  0.101888
99  355  0.397867
100  182  0.101836
101  106  0.0358814
101  181  0.101889
102  108  0.0186545
102  180  0.101886
103  179  0.05068
104  179  0.0497258
104  343  0.0279297
105  178  0.09948
105  342  0.0150488
106  177  0.0994011
106  342  0.37807
107  176  0.0765251
107  341  0.400633
108  340  0.40303
109  339  0.40304
110  158  0.037262
110  160  0.0118005
110  164  0.0111563
110  172  0.0326517
110  338  0.403037
111  157  0.0373148
111  159  0.0133526
111  163  0.011186
111  171  0.0326949
111  337  0.402991
112  158  0.0126744
112  170  0.0246304
112  336  0.366384
113  335  0.331938
114  139  0.449529
114  285  0.0303989
115  138  0.449743
115  284  0.0304125
116  137  0.451864
116  283  0.0286039
117  136  0.451259
117  282  0.0279843
118  135  0.44841
118  281  0.023977
119  134  0.431385
121  132  0.373541
121  190  0.020269
122  131  0.342894
122  188  0.108016
122  189  0.0126316
123  132  0.0198675
123  187  0.12297
124  129  0.0287642
124  134  0.0285845
124  186  0.108053
125  133  0.0436142
126  132  0.0444186
126  187  0.0955128
126  190  0.0118379
127  131  0.018651
127  189  0.0112985
127  279  0.0302554
128  185  0.313697
128  278  0.0391027
129  184  0.341176
129  277  0.040334
130  183  0.356225
130  276  0.0418494
130  364  0.0103825
131  182  0.356653
131  275  0.0424836
132  181  0.356403
132  274  0.0425554
132  363  0.0580604
133  180  0.325117
133  273  0.0417893
133  362  0.0581387
134  272  0.0388007
134  361  0.0582125
135  360  0.0580679
136  359  0.0550796
137  165  0.363135
137  210  0.0597939
138  147  0.0115251
138  164  0.383309
138  209  0.0617413
138  357  0.0581132
139  146  0.0113438
139  163  0.383322
139  208  0.0617415
139  356  0.0581202
140  162  0.341229
140  207  0.060892
141  161  0.298187
141  162  0.0527304
141  206  0.0523552
142  160  0.251712
142  161  0.0950752
143  160  0.137474
144  156  0.242621
144  157  0.0241893
144  159  0.179164
145  155  0.24327
145  158  0.17809
145  200  0.0391028
145  333  0.350305
145  339  0.058905
146  155  0.0514028
146  199  0.0545415
146  332  0.350538
146  338  0.0594568
147  153  0.241289
147  154  0.0524067
147  156  0.159755
147  198  0.058745
147  331  0.344243
147  337  0.0593441
148  152  0.0970942
148  197  0.0583651
148  336  0.0516941
149  196  0.0551573
149  335  0.0294602
150  336  0.0132412
151  335  0.0341299
152  193  0.058127
152  331  0.0235627
152  334  0.0531175
153  192  0.0615155
153  330  0.373032
153  333  0.0550947
154  191  0.0621949
154  329  0.37357
154  332  0.0550955
155  190  0.062178
155  328  0.373557
155  331  0.0550903
156  327  0.372955
156  330  0.0549103
157  326  0.373754
157  329  0.0544515
158  187  0.0619545
158  325  0.373864
158  328  0.0542598
159  186  0.0622077
159  274  0.0118417
159  324  0.373624
159  327  0.0201198
160  175  0.031109
160  185  0.0623068
160  273  0.0118952
160  323  0.368985
161  174  0.0794422
161  184  0.0548316
161  272  0.0118981
161  322  0.353645
162  173  0.102011
162  183  0.0542994
162  271  0.0118474
162  321  0.324628
163  172  0.128339
163  181  0.130767
163  270  0.0116694
163  320  0.254936
163  326  0.0175233
164  171  0.128318
164  180  0.132856
164  268  0.0120735
164  325  0.0175534
165  170  0.114493
165  267  0.012107
165  318  0.0287552
165  319  0.0103939
165  324  0.0153962
166  179  0.67968
166  266  0.0120532
167  178  0.679891
167  265  0.0118902
168  177  0.729144
168  264  0.0114877
169  176  0.80299
170  175  0.809025
175  253  0.0107013
175  320  0.029144
177  318  0.0296387
178  250  0.010819
178  317  0.0758038
179  249  0.0108092
179  316  0.0320118
180  191  0.0151707
180  248  0.0108749
180  315  0.0348217
180  317  0.224803
181  190  0.0154838
181  247  0.010853
181  314  0.0788352
181  316  0.225139
182  189  0.0150054
182  314  0.232821
183  313  0.322826
183  324  0.0156297
184  312  0.322985
185  311  0.32268
186  195  0.0115529
186  202  0.0102931
186  310  0.317433
186  321  0.0437832
187  194  0.0120821
187  201  0.0127777
187  320  0.0843696
188  319  0.0844095
189  305  0.317679
189  318  0.0843689
190  304  0.321162
190  317  0.084445
191  198  0.0137243
191  303  0.321103
191  316  0.0819965
192  302  0.314248
193  301  0.268886
193  315  0.0636154
194  314  0.06347
195  299  0.0886312
197  210  0.0148486
197  297  0.16187
198  209  0.021786
198  274  0.034586
198  296  0.169156
199  208  0.0208981
199  273  0.0347283
199  295  0.16124
200  272  0.0347241
200  294  0.138345
201  271  0.0343739
201  291  0.0215144
201  292  0.0289782
201  294  0.0120329
202  290  0.0173956
203  290  0.116178
204  289  0.0692319
206  243  0.186618
206  287  0.160732
207  242  0.20165
207  286  0.236564
208  285  0.270814
209  240  0.228678
209  284  0.270829
210  239  0.214439
210  283  0.233089
211  238  0.215413
211  270  0.390022
212  237  0.229003
212  241  0.166499
212  269  0.39487
213  236  0.217948
213  240  0.291493
213  268  0.395379
214  239  0.30007
214  267  0.394333
215  238  0.30319
215  266  0.393765
216  236  0.0853206
216  237  0.273485
216  265  0.389878
217  235  0.414134
217  236  0.191358
217  264  0.383924
218  234  0.505449
218  235  0.108991
219  233  0.588272
219  234  0.0265747
219  260  0.0799239
220  232  0.61526
220  259  0.0839883
220  262  0.246907
221  231  0.614753
221  261  0.241351
222  230  0.605771
222  256  0.370278
223  228  0.0141669
223  255  0.371883
224  254  0.356913
226  252  0.378685
227  251  0.381511
228  250  0.381823
229  249  0.381821
230  248  0.381813
231  247  0.378932
232  246  0.342413
238  244  0.0126466
246  434  0.0123978
247  290  0.0279445
247  433  0.0124448
248  289  0.0291721
248  432  0.0123818
249  288  0.051338
250  287  0.0513568
251  286  0.0512644
251  442  0.0164742
252  285  0.0513599
252  441  0.0185771
253  284  0.0508924
253  440  0.0186979
254  439  0.0186651
255  263  0.0321832
255  434  0.0116159
255  438  0.01848
256  262  0.0369368
256  267  0.0107533
256  433  0.0115432
256  437  0.0138048
257  261  0.0141246
257  266  0.010448
258  445  0.0279053
259  432  0.0163859
259  444  0.0302497
260  443  0.0301483
261  410  0.13794
261  442  0.0301518
262  409  0.145398
262  440  0.0305382
263  407  0.215843
263  439  0.0305367
264  406  0.397682
264  438  0.0304637
265  405  0.397907
265  437  0.0290521
266  404  0.39749
266  410  0.0499179
266  436  0.0102874
267  403  0.397886
267  409  0.0551461
268  402  0.391686
268  406  0.0104363
268  408  0.0564403
269  405  0.0104335
269  445  0.0126123
270  399  0.35951
270  407  0.0559373
270  444  0.0134416
271  398  0.356778
271  406  0.0560321
271  443  0.0123974
272  405  0.0318737
273  405  0.0234015
273  441  0.0170105
274  399  0.0119674
274  404  0.0465886
274  440  0.0175547
275  280  0.197723
275  281  0.0173338
275  282  0.0147507
275  394  0.268927
275  397  0.0875136
275  403  0.0458067
275  439  0.0175168
276  283  0.0532253
276  313  0.0594898
276  391  0.0166213
276  393  0.28901
276  396  0.092779
276  402  0.0425997
276  438  0.0173337
277  312  0.0595592
277  387  0.0100983
277  390  0.0177561
277  392  0.286591
277  395  0.0923612
277  437  0.0129476
278  311  0.0585952
283  306  0.0118822
283  307  0.0282993
283  409  0.0226031
284  329  0.0100339
284  332  0.441349
284  408  0.0253649
285  306  0.0601751
285  328  0.0104476
285  331  0.446163
285  407  0.025365
286  304  0.0105729
286  305  0.0624809
286  327  0.0135553
286  330  0.447141
286  333  0.0521866
286  406  0.0241433
287  304  0.0639708
287  326  0.0141067
287  329  0.447091
287  332  0.0522362
287  405  0.0238873
288  302  0.0176555
288  303  0.0581075
288  325  0.0141091
288  328  0.446585
288  331  0.0522273
288  404  0.0236666
289  298  0.663097
289  301  0.0239552
289  329  0.0347217
289  330  0.0140901
289  381  0.0118473
290  297  0.666091
290  300  0.0240837
290  328  0.0298487
290  380  0.0118499
291  296  0.669759
291  299  0.0240725
291  327  0.0483271
291  379  0.0119109
292  298  0.0236495
292  326  0.0749825
292  378  0.0119119
293  325  0.0751702
293  377  0.0119115
294  324  0.0733737
294  376  0.0118141
295  375  0.0107448
302  318  0.0847436
302  324  0.0111646
302  327  0.33351
303  317  0.0989292
303  326  0.375897
304  316  0.0990129
304  325  0.374934
305  314  0.100643
306  313  0.117641
307  312  0.114998
307  320  0.429567
308  319  0.432599
309  318  0.433658
310  317  0.434467
310  402  0.0135924
311  316  0.233856
311  401  0.0136261
312  400  0.0136347
313  399  0.0136343
314  398  0.0135897
315  397  0.0134712
316  396  0.0119695
324  409  0.0159539
325  332  0.0103862
325  408  0.0208143
326  331  0.0102118
326  407  0.0207987
328  405  0.0157818
329  404  0.0209517
330  403  0.0214946
331  402  0.0205592
332  400  0.0155684
333  399  0.0155797
334  384  0.324334
335  383  0.448622
336  382  0.482863
337  357  0.0292784
337  381  0.491898
338  356  0.021395
338  380  0.491007
339  355  0.0134675
339  356  0.498379
340  355  0.574918
341  354  0.581185
342  353  0.535891
344  351  0.904417
345  350  0.991571
364  381  0.0611012
366  379  0.98041
367  378  0.981381
368  377  0.98136
369  376  0.976779
370  375  0.604789
390  400  0.0108228
391  399  0.0102852
391  400  0.01883
392  399  0.0174897
392  400  0.0466358
393  399  0.0458787
395  400  0.0101086
407  433  0.0724071
408  432  0.0727348
409  431  0.0316586
409  434  0.189726
410  430  0.0110706
412  431  0.804724
413  430  0.887245
414  429  0.913346
415  428  0.996177
416  427  0.996246
417  426  0.995831
418  425  0.933243
419  424  0.707034
