2  458  0.0183045
2  459  0.0108609
4  457  0.620237
5  59  0.283867
5  456  0.70033
6  58  0.284049
6  455  0.700385
7  57  0.282879
7  454  0.681553
8  56  0.264385
8  453  0.529185
13  52  0.0702846
14  34  0.0742577
14  51  0.0762166
15  33  0.091869
15  50  0.0763197
15  241  0.08794
16  32  0.0945103
16  117  0.0103574
16  192  0.0248976
16  240  0.0954141
16  276  0.0733504
17  31  0.0948731
17  116  0.0127341
17  191  0.0345408
17  239  0.0982988
17  275  0.0817479
18  115  0.0136477
18  132  0.0163227
18  190  0.0352955
18  238  0.09856
18  274  0.0785114
19  30  0.291257
19  114  0.0137525
19  131  0.0235466
19  189  0.0353655
19  237  0.0970483
19  276  0.0818684
20  29  0.291233
20  113  0.0137417
20  188  0.0342292
20  236  0.0965573
20  274  0.249595
20  275  0.0878726
21  28  0.287699
21  112  0.0137491
21  130  0.0312085
21  235  0.0925082
21  273  0.439708
21  274  0.0656662
22  111  0.0137045
22  129  0.0922863
22  272  0.464138
23  110  0.0134051
23  128  0.101181
23  271  0.460139
24  127  0.116966
24  185  0.0386928
24  270  0.458238
24  271  0.0466471
25  126  0.116874
25  184  0.0395442
25  270  0.0195388
26  57  0.0313373
26  125  0.118601
26  183  0.0396213
26  268  0.247335
26  269  0.201488
27  56  0.031133
27  124  0.118013
27  182  0.0393622
27  267  0.245846
27  268  0.230815
28  55  0.0365866
28  57  0.0467622
28  165  0.044353
28  267  0.229947
29  56  0.0452212
29  122  0.0425582
29  164  0.0445457
30  121  0.0427001
30  163  0.0446206
30  265  0.0138281
31  51  0.593045
31  162  0.0445828
31  264  0.0110119
32  50  0.642259
32  161  0.0445675
33  49  0.742308
33  160  0.0443651
34  48  0.37127
35  48  0.512478
35  158  0.0247326
36  47  0.937484
36  157  0.0298627
37  46  0.937397
38  45  0.872702
40  153  0.0431969
41  152  0.0439401
42  151  0.0442679
43  150  0.0444056
44  149  0.0422311
47  145  0.0443568
48  144  0.0443904
49  143  0.0443642
50  57  0.0114997
50  59  0.0133706
50  142  0.0155648
51  58  0.0105267
51  141  0.0149592
54  129  0.0351901
55  128  0.038154
56  127  0.038254
56  266  0.0189807
57  126  0.0383767
57  265  0.0211117
58  125  0.0378667
58  252  0.0175088
58  264  0.0159847
59  120  0.0485939
59  262  0.0213086
60  119  0.0488079
60  251  0.127181
60  261  0.02127
61  250  0.37836
61  260  0.0206834
61  457  0.232212
62  117  0.0199665
62  122  0.0984818
62  249  0.47479
62  456  0.266721
63  116  0.0541318
63  121  0.102476
63  248  0.474961
63  455  0.134571
64  115  0.0540726
64  120  0.102781
64  247  0.474491
64  256  0.0219278
64  455  0.144454
65  99  0.0165293
65  118  0.0977412
65  255  0.0229608
65  454  0.278663
66  98  0.0173769
66  117  0.100611
66  254  0.0228839
66  453  0.278354
67  116  0.0999538
67  244  0.0225871
67  452  0.278238
68  97  0.488957
68  115  0.0494182
68  253  0.0227984
68  451  0.274772
69  96  0.66527
69  252  0.0229524
69  450  0.259508
70  95  0.681634
70  251  0.0227943
71  94  0.687675
71  238  0.0680396
72  93  0.689917
72  237  0.272941
72  249  0.0331209
73  92  0.68992
73  236  0.273092
73  248  0.0331664
74  91  0.689856
74  235  0.273094
74  247  0.0331665
75  89  0.22024
75  90  0.465778
75  234  0.272746
75  246  0.0331084
76  88  0.440069
76  89  0.238786
76  233  0.272873
76  245  0.0331062
77  86  0.0114295
77  87  0.659979
77  232  0.273044
77  244  0.0330675
78  86  0.614937
78  231  0.259446
79  85  0.116099
79  230  0.167411
80  85  0.0109818
82  112  0.0510756
82  227  0.0171316
83  111  0.0257154
84  111  0.0899538
84  173  0.0102432
85  110  0.121535
85  172  0.0114989
85  184  0.0224623
85  203  0.0622818
86  109  0.131621
86  171  0.0119664
86  183  0.0270213
86  202  0.0772541
87  108  0.131635
87  170  0.0117384
87  182  0.0270428
87  201  0.0769649
88  181  0.0269115
89  180  0.0254885
90  179  0.0211322
91  102  0.308183
92  101  0.308587
93  100  0.308297
94  99  0.269773
98  245  0.367812
99  115  0.0325369
99  244  0.406005
100  114  0.144503
100  243  0.463845
101  113  0.145069
101  242  0.463907
102  107  0.0131671
102  112  0.143921
102  241  0.46382
103  111  0.123821
103  170  0.0124334
103  198  0.0337827
103  240  0.446938
104  110  0.0203386
104  169  0.0128003
104  197  0.0320809
104  239  0.352904
105  168  0.0116581
107  114  0.0116876
107  140  0.0780838
107  165  0.0216906
107  237  0.456354
107  243  0.038412
108  113  0.0116983
108  139  0.0781347
108  236  0.460061
108  242  0.0384335
109  138  0.0781517
109  163  0.0305578
109  190  0.0289579
109  235  0.459419
109  241  0.0384326
110  136  0.171994
110  162  0.0345535
110  189  0.0430155
110  240  0.0383496
111  135  0.177653
111  161  0.0361338
111  188  0.0430078
111  203  0.138387
111  239  0.0383755
112  134  0.160912
112  160  0.037174
112  187  0.0430168
112  202  0.177248
112  443  0.0110058
113  133  0.161787
113  159  0.0371772
113  186  0.0430717
113  201  0.17741
113  228  0.0933836
113  230  0.0145035
113  237  0.0382476
113  442  0.0110099
114  126  0.154532
114  132  0.178478
114  158  0.0372175
114  185  0.043027
114  227  0.0936786
114  229  0.014619
114  236  0.0380281
114  441  0.0110096
115  125  0.191265
115  131  0.171187
115  157  0.0370612
115  183  0.0142788
115  226  0.0910866
115  440  0.0109857
116  124  0.190752
116  129  0.0944832
116  156  0.0254201
116  182  0.0142005
116  198  0.236682
116  439  0.0107773
117  123  0.138447
117  128  0.106701
117  197  0.236558
117  233  0.0177946
118  127  0.207625
118  158  0.0145918
118  196  0.2353
118  232  0.0175377
119  126  0.214109
119  194  0.084566
119  231  0.0132751
120  125  0.226438
120  156  0.0207337
120  180  0.0121177
120  193  0.0841404
120  202  0.0154586
120  221  0.0294124
120  333  0.0113841
121  142  0.0842811
121  155  0.124673
121  179  0.0132241
121  192  0.034775
121  201  0.0154875
121  220  0.0301392
121  332  0.0113869
122  141  0.0260713
122  154  0.155487
122  178  0.0151366
122  191  0.0153011
122  200  0.0143479
122  219  0.0301347
122  331  0.0113597
123  153  0.163143
123  177  0.0155187
123  218  0.0300612
123  329  0.0107009
124  139  0.091236
124  151  0.022965
124  152  0.163094
124  176  0.0152254
124  217  0.0296671
124  328  0.0106892
124  452  0.0158264
125  138  0.0915696
125  150  0.0334019
125  151  0.162061
125  196  0.0132021
125  451  0.0159923
126  137  0.0909077
126  149  0.0344024
126  183  0.0176024
126  195  0.0148529
126  450  0.0159771
127  136  0.0904867
127  148  0.0343114
127  149  0.15681
127  182  0.0175642
127  193  0.0174064
127  202  0.0141604
127  325  0.0111446
127  449  0.015849
128  142  0.0150751
128  148  0.159162
128  181  0.010137
128  192  0.0172345
128  201  0.014222
128  230  0.231962
128  324  0.0113764
129  141  0.015168
129  143  0.0640125
129  147  0.123811
129  191  0.0173045
129  200  0.0132176
129  229  0.238821
129  323  0.0113749
130  140  0.0216578
130  142  0.262232
130  144  0.0119483
130  228  0.293003
130  322  0.0113376
131  139  0.0214004
131  141  0.263733
131  143  0.0139133
131  190  0.0305178
131  227  0.293147
131  321  0.0113369
132  140  0.26535
132  142  0.0139158
132  189  0.032897
132  226  0.29308
132  264  0.0100316
132  320  0.011153
133  139  0.238623
133  141  0.0112566
133  188  0.032516
133  225  0.289735
133  263  0.0100248
133  319  0.0109081
134  138  0.0581028
134  224  0.260766
136  185  0.03832
136  222  0.101617
136  232  0.0380475
137  184  0.0385181
137  199  0.0224356
137  203  0.0122112
137  222  0.054067
137  231  0.0402348
138  183  0.0385747
138  198  0.0287314
138  202  0.0157443
138  221  0.232777
138  230  0.0277565
139  182  0.0384066
139  201  0.0158837
139  220  0.238043
139  228  0.0161003
139  230  0.124981
140  219  0.23835
140  227  0.0161111
140  229  0.138847
141  198  0.0490823
141  218  0.221592
141  226  0.0124097
141  228  0.141205
142  196  0.16778
142  217  0.21774
142  227  0.140854
143  177  0.0561676
143  195  0.547975
143  226  0.0869515
144  194  0.549206
144  225  0.0777577
145  175  0.0362297
145  193  0.553836
146  174  0.0947976
146  192  0.526865
147  173  0.104155
148  172  0.104523
148  190  0.0746838
149  199  0.015127
150  171  0.0197719
150  189  0.0133108
150  198  0.0192927
151  170  0.0157324
151  171  0.706458
152  170  0.714139
152  195  0.0248753
153  169  0.715603
153  194  0.0245622
154  168  0.714311
155  167  0.37382
156  166  0.0291843
156  167  0.359925
156  191  0.124185
157  166  0.702216
157  190  0.140645
158  165  0.690972
158  189  0.1422
159  188  0.135896
162  184  0.14851
162  199  0.0144863
163  183  0.151812
163  198  0.0206216
164  197  0.0206428
165  196  0.0206463
166  180  0.186376
166  195  0.0197506
167  179  0.193141
168  178  0.19628
169  177  0.196751
170  176  0.186232
171  190  0.0191245
172  186  0.0612048
172  189  0.0608292
172  193  0.0214115
172  195  0.0115568
173  185  0.0536777
173  188  0.0574862
174  184  0.041126
174  185  0.0270974
174  191  0.351559
175  184  0.0472228
175  190  0.407291
176  182  0.0331857
176  183  0.0540827
176  186  0.0407338
176  189  0.47646
177  185  0.036392
177  188  0.473353
178  187  0.454901
179  185  0.0181811
179  225  0.0117638
180  185  0.0438936
180  224  0.0163543
181  223  0.0173866
183  222  0.0307037
184  221  0.0396178
185  220  0.039761
185  228  0.017685
186  219  0.0391115
186  227  0.0176728
188  218  0.0147742
189  196  0.0423418
189  217  0.0146028
190  195  0.0428928
196  202  0.0123335
197  218  0.0126144
198  217  0.0135281
201  452  0.0261779
202  222  0.30106
202  451  0.0263831
203  212  0.241293
203  221  0.309012
204  211  0.335337
204  220  0.312106
204  230  0.311209
205  210  0.335501
205  219  0.312152
205  229  0.314893
206  218  0.311724
206  228  0.317487
207  217  0.310753
207  227  0.317481
208  226  0.314538
209  221  0.306331
210  220  0.319055
211  219  0.317983
217  230  0.0291191
218  229  0.0296083
219  228  0.0318255
220  227  0.0313547
229  290  0.0108777
230  289  0.0108841
231  288  0.0109014
232  287  0.0107966
235  258  0.0243349
235  443  0.0247752
235  450  0.0318444
236  257  0.0334887
236  442  0.0248404
236  449  0.0318854
237  256  0.0341962
237  441  0.02484
238  255  0.0355816
238  440  0.0231467
238  447  0.18954
239  254  0.0355017
239  446  0.189915
240  253  0.0337662
240  444  0.161976
240  445  0.101555
241  250  0.0296218
241  252  0.0281068
241  443  0.264617
241  450  0.0152321
242  249  0.0937012
242  341  0.0237513
242  442  0.264734
242  449  0.0168521
243  248  0.0945152
243  340  0.0239977
243  441  0.264689
243  451  0.0269819
244  339  0.0254161
244  440  0.218316
244  447  0.0221623
244  450  0.0270491
245  338  0.0253715
245  446  0.0209829
246  269  0.120084
246  337  0.0246869
246  448  0.0125374
247  268  0.155805
247  336  0.0240417
247  366  0.0131478
247  447  0.0127008
248  267  0.156848
248  335  0.0148959
248  365  0.0149653
249  364  0.0140831
251  266  0.712191
252  265  0.891343
253  264  0.904677
254  263  0.907386
255  262  0.906075
256  261  0.79297
266  365  0.012611
267  364  0.0278589
268  363  0.0281528
268  364  0.130409
269  334  0.0118523
269  363  0.0567041
269  444  0.0707154
270  279  0.0192395
270  333  0.016728
270  362  0.182306
270  443  0.115848
271  278  0.0191224
271  332  0.0167318
271  361  0.278567
271  442  0.115901
272  277  0.0118444
272  331  0.0166438
272  360  0.278622
272  441  0.115796
273  330  0.0145401
273  359  0.280062
273  440  0.116429
274  358  0.280082
274  439  0.11564
275  357  0.279546
276  356  0.278694
277  354  0.279104
277  365  0.0931619
277  453  0.120106
278  353  0.280007
278  364  0.11465
278  452  0.547154
279  352  0.280015
279  363  0.114869
279  451  0.551808
280  333  0.0110479
280  351  0.275279
280  362  0.114679
280  450  0.552307
281  332  0.0110636
281  350  0.275672
281  361  0.114883
281  449  0.552251
282  331  0.0110614
282  348  0.12866
282  349  0.14822
282  360  0.11478
283  330  0.0110562
283  347  0.255583
283  359  0.114851
283  447  0.525337
283  448  0.0199216
284  346  0.255565
284  358  0.114711
284  446  0.520381
284  447  0.0199365
285  345  0.248641
285  445  0.494061
286  354  0.0918023
287  353  0.0961107
288  323  0.0212393
288  342  0.229814
288  352  0.0950613
288  444  0.018887
289  320  0.0119024
289  322  0.0262248
289  341  0.236642
289  350  0.0847133
289  351  0.0103302
289  442  0.541268
289  443  0.0100421
290  319  0.011908
290  321  0.0262332
290  340  0.236632
290  348  0.0812738
290  349  0.0439672
290  441  0.552465
291  320  0.0259355
291  333  0.0158052
291  339  0.213347
291  347  0.130304
291  440  0.55219
292  332  0.0192831
292  338  0.17771
292  346  0.129834
292  439  0.54418
293  305  0.0173843
293  316  0.0290152
293  318  0.011927
293  331  0.0191084
293  343  0.460123
293  345  0.103969
294  315  0.0331286
294  317  0.0102634
294  323  0.0221904
294  334  0.0228253
294  342  0.641325
294  344  0.0244382
295  314  0.0344133
295  322  0.032095
295  329  0.0159218
295  332  0.0122111
295  333  0.0204964
295  341  0.697095
296  302  0.0200796
296  321  0.0321035
296  328  0.0215962
296  340  0.697593
297  301  0.0126838
297  313  0.0459309
297  320  0.0319361
297  327  0.0212541
297  330  0.0320505
297  336  0.11666
297  339  0.696406
298  312  0.0458813
298  326  0.0207682
298  329  0.0321409
298  335  0.117152
298  338  0.685081
299  311  0.0441091
299  328  0.0315076
299  334  0.105045
300  334  0.211438
301  309  0.0420463
302  308  0.040124
302  322  0.0111938
302  324  0.0406256
302  332  0.795644
303  307  0.0278527
303  315  0.0161565
303  321  0.0112088
303  323  0.0408268
303  331  0.803241
304  313  0.0176696
304  314  0.0149757
304  320  0.0110778
304  322  0.0406835
304  330  0.803376
305  312  0.0149142
305  329  0.77976
306  325  0.0148402
306  326  0.0228039
306  327  0.0377323
307  325  0.0379869
307  326  0.0349033
307  327  0.023905
308  315  0.0611582
308  321  0.0471089
308  323  0.275241
309  314  0.0680395
309  320  0.076876
309  322  0.294671
309  324  0.205295
310  319  0.0718498
310  321  0.183497
310  323  0.182265
312  318  0.0150602
312  319  0.11525
312  321  0.0489517
313  319  0.024715
313  321  0.0285442
314  319  0.103021
314  321  0.0292195
314  328  0.0393065
315  327  0.0348235
316  326  0.0294426
316  327  0.184185
317  325  0.0230097
317  326  0.198922
318  325  0.206555
319  324  0.201935
321  329  0.0100649
322  328  0.0192344
327  334  0.0178439
328  333  0.0223179
344  366  0.538962
345  365  0.586205
346  364  0.596863
347  363  0.59693
348  362  0.595928
349  361  0.597195
350  360  0.571719
351  360  0.0258127
352  358  0.0123777
352  359  0.58026
353  358  0.545706
363  440  0.0312306
363  443  0.0102345
364  439  0.0317513
364  442  0.0102412
367  438  0.981491
368  437  0.989475
369  436  0.989488
370  435  0.995312
371  434  0.98314
373  432  0.927394
374  431  0.995341
375  430  0.994449
376  429  0.977091
378  427  0.811947
379  426  0.998001
380  425  0.997236
381  424  0.874176
383  422  0.995767
384  421  0.997539
385  420  0.997582
386  419  0.998435
387  418  0.999006
388  417  0.99898
389  416  0.99813
390  415  0.99469
391  414  0.991744
393  400  0.552419
394  398  0.0169187
394  399  0.622047
394  412  0.0449898
394  413  0.0319756
399  411  0.300325
400  410  0.312266
401  409  0.328194
401  413  0.61305
402  412  0.601626
404  410  0.0231756
404  411  0.316809
405  410  0.267541
406  413  0.0136918
