1  11  0.0122005
2  10  0.0201792
2  240  0.0509994
2  968  0.4049
3  9  0.0219852
3  239  0.0617398
3  967  0.461969
4  238  0.0617454
4  966  0.449667
5  237  0.0617282
5  966  0.0416566
6  964  0.0333261
6  965  0.0471068
8  234  0.0571475
8  967  0.0646369
9  233  0.057359
9  336  0.404345
9  339  0.0112083
9  966  0.0700583
10  230  0.0573327
10  335  0.389454
10  338  0.0106511
11  229  0.068147
12  228  0.0690373
12  968  0.0145277
13  227  0.0701268
13  333  0.773262
13  967  0.0147262
14  226  0.0705786
14  332  0.885011
14  966  0.0139842
15  225  0.0705888
15  331  0.886655
16  224  0.0704758
16  330  0.885123
16  907  0.0164862
17  223  0.0699763
17  329  0.886644
17  906  0.0235521
18  222  0.0661308
18  328  0.885164
18  905  0.0236011
19  221  0.0616041
19  327  0.878903
19  904  0.0235774
20  58  0.0574666
20  220  0.01706
20  324  0.0125889
20  326  0.822534
20  903  0.0226831
21  57  0.0585481
21  323  0.0132185
21  901  0.0196009
22  55  0.977163
23  54  0.981896
24  53  0.985451
25  52  0.984544
26  51  0.982406
27  49  0.499685
27  50  0.492586
28  48  0.991309
29  47  0.991375
30  45  0.982163
31  44  0.983292
32  43  0.991981
33  42  0.993746
34  41  0.993359
35  40  0.652459
55  898  0.0103938
56  325  0.586695
56  897  0.0172097
57  324  0.854744
57  896  0.0235461
58  323  0.849923
58  895  0.0235481
59  894  0.0235422
60  218  0.0639248
60  893  0.0231468
61  217  0.0705344
62  216  0.0704998
62  892  0.0223214
63  215  0.0704669
63  891  0.0224876
64  214  0.0704255
64  890  0.0229753
65  213  0.070518
65  889  0.0230993
66  212  0.0662368
66  888  0.0229063
67  211  0.0546913
67  887  0.0220623
68  886  0.0203072
71  102  0.994194
72  101  0.997107
73  100  0.99937
74  99  0.99939
75  98  0.99844
76  97  0.997446
77  96  0.995972
78  95  0.973344
81  92  0.996607
82  91  0.999338
83  90  0.997209
84  89  0.970216
103  210  0.0635954
103  322  0.886482
104  209  0.0635715
104  321  0.886832
105  208  0.0157634
105  320  0.886359
106  171  0.0550426
106  319  0.886816
107  117  0.0126259
107  318  0.885768
108  116  0.0127206
108  169  0.0569242
108  317  0.825152
109  115  0.0126842
109  168  0.0572089
109  300  0.0482294
109  315  0.296376
110  124  0.0142414
110  296  0.0317562
110  299  0.180575
110  314  0.0132611
110  316  0.207743
111  123  0.0142705
111  126  0.0342445
111  295  0.0140411
111  303  0.296187
111  315  0.184597
112  122  0.0147307
112  125  0.0439293
112  302  0.51468
113  121  0.0148598
113  124  0.0463635
113  127  0.010415
113  293  0.0252767
113  296  0.228244
113  301  0.552873
113  316  0.0552255
114  120  0.0147134
114  123  0.0463649
114  126  0.0119895
114  292  0.0338695
114  295  0.228785
114  300  0.55288
114  315  0.0553655
115  122  0.0462781
115  125  0.0120866
115  291  0.0275107
115  294  0.228448
115  299  0.543307
115  314  0.0537344
116  121  0.0461145
116  124  0.0121368
116  293  0.194079
116  298  0.532819
116  313  0.0399612
117  123  0.0120795
117  289  0.414763
117  292  0.160533
118  288  0.186912
118  295  0.0362749
119  287  0.325622
119  294  0.0597988
119  297  0.161729
120  286  0.594324
120  293  0.0598812
120  296  0.16262
121  285  0.594385
121  289  0.0297765
121  292  0.0597655
121  295  0.162204
122  172  0.0143261
122  284  0.594123
122  288  0.0307692
123  171  0.021909
123  283  0.594415
123  286  0.276655
124  170  0.0219086
124  282  0.571628
124  285  0.277482
125  169  0.0207188
125  172  0.0169386
125  282  0.0225401
125  284  0.277987
126  171  0.0226153
126  281  0.513398
126  283  0.278377
127  170  0.0215322
127  280  0.498517
127  282  0.171594
129  167  0.1132
129  280  0.148182
129  841  0.0157829
130  166  0.12925
130  281  0.0113194
130  840  0.0178452
131  165  0.129261
131  839  0.017845
132  164  0.120456
132  278  0.828489
132  838  0.0178766
133  277  0.839822
133  837  0.0178806
134  276  0.840101
134  836  0.0178492
135  161  0.129249
135  275  0.83972
135  835  0.0178665
136  160  0.132961
136  274  0.839971
137  159  0.13297
137  273  0.83998
137  833  0.0178787
138  158  0.13294
138  272  0.839542
138  832  0.0178794
139  271  0.839016
139  831  0.0178708
140  149  0.0205032
140  156  0.0204828
140  270  0.42951
141  148  0.0621722
141  155  0.147004
141  268  0.122968
141  269  0.226124
141  829  0.0158582
142  154  0.150488
142  223  0.0273953
142  267  0.123175
142  268  0.571902
142  828  0.0157161
143  153  0.14968
143  222  0.0278809
144  149  0.037314
144  150  0.0317543
144  152  0.139425
144  221  0.0279854
145  220  0.0276544
146  219  0.0198665
148  156  0.0441651
149  155  0.0381812
150  212  0.0132613
151  211  0.0145388
151  266  0.614515
152  210  0.0133412
152  219  0.0193831
152  265  0.641439
152  267  0.0201009
153  169  0.0107716
153  209  0.0117247
153  218  0.0248102
153  264  0.62677
153  266  0.0143888
154  168  0.0123469
154  217  0.0250929
155  167  0.0123395
155  216  0.0247969
155  262  0.495206
155  264  0.019567
156  166  0.0121215
156  260  0.0914421
156  261  0.315495
156  263  0.020887
157  208  0.0178951
157  261  0.016894
158  207  0.0183055
158  259  0.733426
159  206  0.0175736
159  207  0.0121495
159  214  0.0234507
159  258  0.739515
159  346  0.0261119
160  206  0.0129413
160  213  0.0236344
160  257  0.739224
160  345  0.026374
161  205  0.0104338
161  212  0.0229314
161  344  0.0259095
163  209  0.0188355
163  342  0.0246573
164  208  0.0271809
164  341  0.0269046
165  178  0.784014
165  207  0.027798
165  340  0.0269673
166  177  0.787387
166  206  0.0277768
166  339  0.0269254
167  176  0.78686
167  205  0.0272969
167  338  0.0147829
168  175  0.765732
168  204  0.0270293
169  338  0.013825
170  210  0.0142601
170  281  0.0192444
170  337  0.0263805
171  209  0.0141293
171  280  0.0192126
171  336  0.0294466
172  335  0.0296281
173  334  0.0294082
174  208  0.0677877
174  333  0.0294813
175  207  0.0925558
175  277  0.0100256
175  332  0.0238417
176  206  0.0358689
176  275  0.0322727
176  330  0.0120736
176  331  0.0178714
177  205  0.0362129
177  274  0.0382503
177  329  0.0177575
178  204  0.0929287
178  273  0.0382454
178  328  0.0177587
178  329  0.0121965
179  203  0.0854875
179  204  0.0228754
179  256  0.735497
179  272  0.0376583
179  326  0.0181784
179  328  0.0120174
180  202  0.0789383
180  255  0.737213
180  271  0.0361584
180  325  0.0186013
180  327  0.0113677
181  200  0.0381404
181  201  0.0380494
181  203  0.132459
181  254  0.739186
181  324  0.0194642
182  199  0.0758035
182  202  0.140049
182  253  0.738543
182  323  0.0195309
183  198  0.0682807
183  201  0.315162
183  204  0.0199742
183  252  0.57375
184  197  0.0687567
184  200  0.315701
184  203  0.020006
184  251  0.573385
185  196  0.0758776
185  199  0.315713
185  202  0.0198174
186  195  0.0756832
186  198  0.31496
186  201  0.0106294
186  249  0.497661
187  194  0.0750652
187  197  0.315228
187  248  0.304487
187  908  0.010191
188  193  0.0670329
188  196  0.179546
188  224  0.0150577
188  250  0.0223326
188  907  0.0102589
189  195  0.0668773
189  201  0.0102741
189  223  0.0181301
189  248  0.220871
189  249  0.0231762
189  906  0.0103003
190  194  0.162878
190  200  0.0124203
190  222  0.0181245
190  247  0.543379
190  905  0.0103004
191  221  0.0181343
191  246  0.553711
191  904  0.0102956
192  220  0.0181279
192  245  0.553887
192  903  0.0102999
193  219  0.0181274
193  244  0.541636
193  902  0.0102942
194  218  0.0180026
194  242  0.0127192
194  901  0.0102133
195  217  0.0170831
195  242  0.0225294
197  241  0.448337
198  240  0.538257
199  239  0.553726
200  214  0.0161664
200  238  0.553727
201  213  0.0161801
201  237  0.54856
202  212  0.0162718
202  227  0.523987
202  236  0.0156187
202  322  0.0206816
203  211  0.0161951
203  226  0.553392
203  321  0.0204579
204  209  0.0131401
204  225  0.554271
205  224  0.553987
205  253  0.0200811
206  223  0.554179
206  252  0.222284
206  319  0.0256199
207  222  0.550913
207  251  0.222546
207  318  0.0256453
208  221  0.540462
208  250  0.222459
208  317  0.0256353
209  220  0.389538
209  249  0.222289
209  267  0.0244937
209  316  0.025662
210  217  0.237554
210  266  0.0245917
210  315  0.0256576
211  219  0.0720549
211  247  0.222466
211  265  0.0247251
211  314  0.0179023
212  217  0.058498
212  218  0.0707375
212  246  0.222613
212  264  0.0247072
213  245  0.222048
213  263  0.0245804
213  313  0.0178669
214  244  0.220292
214  312  0.0178548
215  243  0.217422
215  311  0.0168992
217  294  0.0180087
218  293  0.0179925
219  241  0.199406
219  292  0.0156914
220  228  0.0100537
220  240  0.197205
221  230  0.0103441
222  229  0.0130722
222  238  0.0642597
222  289  0.0114556
223  228  0.0130784
223  237  0.222266
223  270  0.0283701
223  288  0.0168044
224  236  0.223726
224  269  0.052326
224  287  0.0181872
225  235  0.223751
225  268  0.0576285
225  286  0.0181319
226  234  0.0980054
226  247  0.0187514
226  267  0.0578877
227  233  0.06475
227  246  0.0188603
227  266  0.0577842
227  284  0.0173742
228  232  0.158212
228  235  0.49898
228  245  0.0188885
228  265  0.0565292
228  283  0.0174055
229  234  0.378859
229  244  0.0180606
230  279  0.0201521
231  278  0.0207675
232  241  0.0167639
232  277  0.02083
232  837  0.0121038
233  260  0.0871876
233  276  0.0207225
233  836  0.0123509
234  259  0.087426
234  275  0.0185493
234  835  0.0124042
235  258  0.0875763
235  834  0.0120143
236  257  0.0873511
237  256  0.0883291
237  273  0.0170403
237  833  0.0158631
238  254  0.0809682
238  272  0.0171717
238  832  0.0158695
239  253  0.0809777
239  271  0.0171565
239  831  0.01587
240  830  0.0158621
241  252  0.116858
241  829  0.0158698
241  961  0.0584891
242  251  0.116715
242  828  0.0156524
242  960  0.0586189
243  250  0.0846272
243  827  0.011371
243  959  0.0586782
244  958  0.0587088
245  957  0.0587211
246  956  0.0399033
248  343  0.0209515
249  342  0.0224093
250  341  0.0256471
251  339  0.0177136
251  340  0.0265059
252  339  0.0292006
253  337  0.0721111
254  336  0.0733961
255  335  0.0527712
256  270  0.139071
257  269  0.146391
257  274  0.0152345
258  268  0.148419
258  273  0.0152888
259  267  0.155031
259  272  0.0152945
260  266  0.154062
260  271  0.0152946
261  270  0.0150734
262  269  0.0122473
271  333  0.0695807
272  332  0.0740517
273  331  0.0741594
274  330  0.0739905
276  327  0.0579556
277  326  0.0574631
280  324  0.0821118
281  323  0.0823933
282  322  0.0824085
283  321  0.0824008
284  320  0.0791993
285  316  0.0568469
285  319  0.0298497
286  315  0.0703713
288  294  0.0394198
288  297  0.0463706
288  313  0.104736
289  293  0.0150885
289  294  0.107691
289  296  0.0446991
289  312  0.111112
290  311  0.113921
291  310  0.111657
292  297  0.0169405
296  306  0.157839
297  305  0.159077
298  304  0.158925
299  303  0.0984456
300  316  0.152707
301  315  0.147731
302  315  0.0135928
303  314  0.215638
303  316  0.0260396
304  313  0.215499
304  314  0.592643
305  312  0.208263
305  313  0.596835
306  311  0.0955053
306  312  0.594173
307  311  0.226638
334  965  0.0285619
334  969  0.0637691
335  964  0.0351671
335  965  0.0145523
335  968  0.118032
336  967  0.127628
337  963  0.694391
337  966  0.128172
338  962  0.699715
338  965  0.11172
339  961  0.697657
340  915  0.906065
340  960  0.0241458
341  914  0.913567
341  959  0.0187658
342  913  0.941981
343  912  0.942278
344  911  0.942866
345  910  0.949144
346  909  0.949191
347  908  0.942546
348  907  0.846507
350  823  0.0333292
350  904  0.010198
351  822  0.0409
351  905  0.0427644
351  906  0.0120732
352  821  0.0409092
352  903  0.926892
353  428  0.0103013
353  902  0.935628
354  427  0.0110276
354  820  0.0411038
354  901  0.93735
355  819  0.0411493
355  900  0.874019
356  424  0.0120587
356  818  0.0411765
356  898  0.0150346
357  423  0.0120584
357  817  0.0411747
357  897  0.0138322
358  816  0.0408547
359  421  0.0120677
359  898  0.926181
360  420  0.012069
360  814  0.0409337
360  897  0.931838
361  419  0.0120604
361  813  0.0411677
361  896  0.937505
362  418  0.0120717
362  812  0.0411635
362  895  0.937542
363  417  0.0120714
363  811  0.0401092
363  894  0.936761
364  416  0.0120474
365  415  0.0120088
365  581  0.894423
366  414  0.011897
366  580  0.945434
367  399  0.0105175
367  579  0.945885
368  398  0.0107748
368  578  0.944587
369  397  0.010749
369  577  0.937227
370  384  0.016853
371  383  0.0201588
371  575  0.868303
372  394  0.0103215
372  574  0.91435
373  393  0.0102392
373  573  0.924463
374  380  0.0195229
374  572  0.856091
377  445  0.0198918
377  571  0.0310468
378  444  0.0198165
378  570  0.0304229
379  443  0.0177692
379  548  0.0212118
379  569  0.0149167
380  442  0.0156465
380  547  0.0241249
380  568  0.0113831
381  441  0.0144561
381  546  0.0234965
382  440  0.0105205
385  445  0.0137635
387  810  0.0269938
388  443  0.774611
388  809  0.0346796
389  442  0.893017
389  808  0.0377444
390  441  0.909699
390  807  0.0381568
391  440  0.928932
391  806  0.0410427
392  439  0.926091
392  805  0.0410466
393  438  0.921987
393  804  0.0410092
394  803  0.0103474
395  416  0.0105699
397  414  0.964126
398  413  0.967201
399  411  0.0147856
400  411  0.982028
401  409  0.022241
401  410  0.974941
402  408  0.0293148
402  409  0.941412
403  407  0.0225875
416  433  0.587635
417  432  0.978365
418  431  0.97874
419  430  0.966517
421  428  0.681755
422  427  0.979749
435  803  0.0283285
436  802  0.039328
437  801  0.0402557
438  800  0.0401921
443  797  0.0412708
444  571  0.789426
444  796  0.0443664
445  570  0.789773
445  795  0.0443695
446  544  0.936526
446  794  0.0441445
447  543  0.938418
447  793  0.0430954
448  542  0.939969
448  609  0.0445826
449  541  0.940002
449  608  0.0446555
450  540  0.939409
450  607  0.0446528
451  456  0.532876
451  539  0.373014
451  606  0.0423561
452  605  0.0390841
455  604  0.0112345
456  603  0.0116402
457  538  0.979821
458  537  0.981041
459  535  0.01431
459  536  0.968792
460  534  0.0254417
460  535  0.956633
461  533  0.0361333
461  534  0.944272
462  532  0.046593
462  533  0.926273
463  531  0.0555615
464  530  0.0293125
464  532  0.150576
465  530  0.941495
466  529  0.972676
466  531  0.0109439
467  528  0.931669
467  530  0.0108718
468  528  0.0285288
469  527  0.0339224
470  527  0.911653
471  526  0.986241
472  525  0.986401
473  524  0.985339
474  523  0.975501
476  520  0.984467
477  519  0.988373
478  518  0.987242
479  517  0.979367
482  513  0.0129937
482  515  0.298287
483  512  0.0136347
483  514  0.326449
484  513  0.329139
485  511  0.815429
485  512  0.164864
486  510  0.989145
487  509  0.989218
488  508  0.988917
489  507  0.970356
490  504  0.0675607
491  502  0.98025
492  501  0.997339
493  500  0.997437
494  499  0.988542
539  603  0.013669
540  602  0.0452715
541  601  0.0452943
542  600  0.0452918
543  599  0.0452442
544  598  0.045273
545  597  0.0407563
546  571  0.0119438
548  570  0.0427842
549  569  0.928968
550  568  0.962781
551  567  0.967404
552  566  0.963795
553  565  0.915037
554  562  0.700576
555  561  0.709915
570  591  0.0478625
571  590  0.0483479
572  589  0.0482196
573  588  0.0485757
574  587  0.0243855
575  587  0.0262956
576  586  0.0509789
577  585  0.0487824
579  584  0.0511541
584  885  0.922375
585  884  0.937626
586  883  0.938896
587  882  0.928496
589  878  0.940737
590  877  0.94127
591  876  0.941333
592  874  0.468409
592  875  0.472555
593  873  0.937008
594  872  0.936502
595  870  0.0443462
596  870  0.0207033
598  867  0.691898
598  868  0.0416991
598  870  0.0283228
599  866  0.700592
599  869  0.0277873
600  864  0.896604
600  865  0.0338855
600  868  0.0211754
601  863  0.915077
601  864  0.0179035
601  867  0.0187319
602  862  0.932835
603  861  0.915328
604  860  0.888931
605  798  0.0969472
605  859  0.614385
606  797  0.204172
606  858  0.0752177
607  796  0.240277
608  795  0.22303
608  856  0.0176093
608  858  0.305229
609  795  0.0175921
609  855  0.0170905
609  857  0.309546
609  858  0.323861
610  857  0.362592
611  793  0.259123
611  856  0.673171
612  792  0.303785
612  855  0.676657
613  791  0.306873
613  854  0.68209
614  790  0.307975
614  853  0.684033
615  789  0.307972
615  852  0.683604
616  788  0.306385
616  822  0.683638
617  787  0.30312
617  821  0.684105
618  820  0.684006
619  783  0.0282065
619  784  0.0218712
619  819  0.647242
620  782  0.0299999
620  783  0.0221624
620  784  0.0778899
620  818  0.559876
621  779  0.1365
621  781  0.0253716
621  782  0.0145546
621  783  0.0543848
621  817  0.520106
622  778  0.16565
622  780  0.0171997
622  816  0.498609
623  777  0.171785
623  781  0.0207626
623  814  0.0157061
624  776  0.129478
624  784  0.299991
625  636  0.208778
625  783  0.41005
626  635  0.286403
626  782  0.442153
627  634  0.290913
627  781  0.442894
629  751  0.0113077
629  815  0.160396
630  750  0.0116148
630  779  0.407365
630  814  0.164072
631  749  0.0120691
631  778  0.460952
631  813  0.172281
632  748  0.0120698
632  777  0.462543
632  812  0.172266
633  747  0.0119058
633  776  0.448557
633  811  0.117086
634  810  0.0303459
635  809  0.0671696
636  778  0.0570284
636  780  0.0100743
637  777  0.0536099
637  779  0.0120469
638  778  0.011478
639  775  0.978477
640  774  0.985899
641  740  0.0120903
641  773  0.985765
642  739  0.0121008
642  772  0.986416
643  738  0.0121008
643  771  0.986396
644  737  0.0120943
644  770  0.986391
645  736  0.0120936
645  769  0.986387
646  735  0.0117766
646  768  0.977728
647  767  0.866662
651  711  0.0101517
651  742  0.944962
652  710  0.0101666
652  741  0.974836
653  709  0.0101081
653  740  0.97489
654  739  0.975601
655  738  0.975067
656  711  0.647834
656  737  0.324341
657  710  0.64743
657  736  0.322326
658  709  0.64058
658  733  0.0561151
659  700  0.0101978
659  701  0.0214281
659  706  0.0111305
659  712  0.0492643
659  732  0.0546097
660  705  0.0114556
660  707  0.127172
660  708  0.0248029
660  711  0.0635588
660  720  0.0122043
660  731  0.0447481
661  699  0.598077
661  719  0.0114166
662  698  0.634775
662  710  0.0693276
663  697  0.638119
663  709  0.0687832
664  696  0.830693
665  694  0.98326
666  693  0.989302
667  692  0.988897
668  691  0.990566
669  690  0.991128
670  689  0.98905
671  688  0.985906
674  685  0.998246
675  684  0.997428
676  683  0.832263
696  709  0.0432796
697  708  0.361159
698  707  0.364434
699  706  0.355592
700  705  0.298335
703  734  0.0172133
704  725  0.0724229
704  733  0.0201953
705  724  0.0209793
705  732  0.0211412
706  716  0.0101268
706  731  0.0201435
707  722  0.134742
707  730  0.0130831
708  721  0.142659
709  720  0.143739
710  719  0.139101
710  731  0.0117278
711  717  0.106487
711  730  0.0136467
712  716  0.0405577
713  728  0.0173154
714  727  0.0199851
714  732  0.0110706
715  726  0.0202159
715  737  0.644017
716  725  0.0180611
716  730  0.0140575
716  736  0.644281
717  729  0.0306466
717  735  0.678479
718  728  0.0306195
719  727  0.0305398
719  734  0.716756
720  733  0.720801
721  726  0.0331294
721  766  0.0107218
722  731  0.543892
722  765  0.0107414
723  730  0.786504
723  764  0.0107413
724  729  0.774711
724  763  0.010729
725  762  0.0101396
738  749  0.0100698
739  748  0.01003
748  765  0.962146
749  764  0.96914
750  763  0.967397
751  762  0.811789
753  758  0.0263613
755  759  0.010009
774  787  0.011523
775  786  0.0115978
776  785  0.0113715
777  813  0.0158356
778  812  0.0157744
783  810  0.116708
784  809  0.131257
785  808  0.18796
785  819  0.0281878
786  807  0.192293
786  818  0.0341357
787  805  0.197475
787  817  0.0343301
788  804  0.198595
788  814  0.420238
789  803  0.198338
789  813  0.453456
790  802  0.198366
790  812  0.453474
791  811  0.0724043
792  800  0.0145281
792  801  0.187844
792  810  0.0548279
793  800  0.177208
793  809  0.43666
794  807  0.453791
795  803  0.0103111
795  806  0.454046
795  863  0.0119089
796  802  0.0102476
796  805  0.447002
796  862  0.0119979
797  861  0.0120029
798  803  0.0121198
798  860  0.0105982
800  818  0.0109059
800  857  0.0112019
800  858  0.242326
801  817  0.0112512
801  856  0.011232
801  857  0.245403
802  816  0.0112612
803  815  0.0112836
803  855  0.245636
804  854  0.261248
805  813  0.0113531
805  853  0.267509
806  812  0.011242
806  852  0.26732
808  825  0.23348
809  824  0.26204
810  823  0.270097
811  822  0.272513
812  821  0.272518
813  820  0.271426
828  851  0.957734
829  850  0.96152
830  849  0.961082
831  848  0.961639
832  847  0.96165
833  846  0.961318
834  845  0.941428
836  841  0.0328119
836  842  0.0388086
836  843  0.441125
836  844  0.0532875
846  878  0.0145258
847  877  0.0145635
848  876  0.0145427
851  868  0.0114563
851  873  0.019929
852  867  0.0114812
852  872  0.0199809
853  871  0.0199839
854  866  0.0111406
854  869  0.0175306
855  865  0.0116385
855  868  0.0175028
856  864  0.0117292
856  867  0.0168671
857  863  0.0113585
857  864  0.0114561
858  863  0.0108116
888  893  0.0183466
912  958  0.0410045
913  957  0.0439308
914  956  0.0452338
916  954  0.988727
917  953  0.994048
918  952  0.993535
919  951  0.994137
921  950  0.99506
922  949  0.995133
923  948  0.994671
924  947  0.994983
925  946  0.991113
927  944  0.118341
927  945  0.805197
928  943  0.180938
928  944  0.802531
929  942  0.180493
929  943  0.804231
930  941  0.178324
930  942  0.803248
931  939  0.193839
931  941  0.774564
932  938  0.178496
932  940  0.740832
933  937  0.0827457
934  938  0.0185073
955  963  0.0650574
956  962  0.0648706
957  961  0.0510983
