2  11  0.0130229
3  10  0.0163353
7  326  0.031026
8  325  0.0295588
9  324  0.0225307
10  326  0.917397
11  325  0.919732
12  324  0.910235
13  323  0.881554
14  309  0.119856
14  322  0.858842
15  308  0.394305
15  310  0.258936
16  307  0.410055
16  309  0.311952
16  320  0.0300791
17  306  0.405022
17  307  0.402447
18  304  0.302705
18  306  0.408663
18  320  0.129275
19  303  0.296215
19  304  0.0278426
19  305  0.401345
19  319  0.131208
20  84  0.0114614
21  83  0.01229
21  302  0.397759
21  303  0.298493
21  317  0.146285
22  82  0.0125506
22  301  0.424646
22  302  0.338925
22  316  0.167069
23  81  0.0125428
23  300  0.43603
23  301  0.335068
23  315  0.167608
24  77  0.0164893
24  299  0.376789
24  314  0.1674
25  76  0.0184369
25  289  0.655664
25  298  0.1494
25  313  0.167466
26  75  0.0184529
26  288  0.656008
26  297  0.149008
26  312  0.167459
27  74  0.0184597
27  287  0.65701
27  311  0.162728
28  73  0.0184576
28  286  0.657638
28  295  0.0648632
28  310  0.149768
29  285  0.65722
29  294  0.0878212
29  309  0.148828
30  46  0.0239527
30  72  0.0170072
30  275  0.0339839
30  308  0.018366
31  45  0.0239361
32  44  0.0238645
32  70  0.0310248
32  135  0.562921
32  274  0.0518892
32  293  0.118367
33  43  0.0134483
33  69  0.0427729
33  134  0.678165
33  273  0.0742529
33  292  0.149946
34  43  0.0112686
34  68  0.042833
34  133  0.678303
34  272  0.0742907
34  291  0.149981
35  42  0.021254
35  67  0.0428938
35  132  0.676989
35  271  0.0742
35  290  0.149847
36  66  0.0426064
37  46  0.050525
37  65  0.0410145
37  131  0.150172
38  45  0.038803
38  64  0.0329131
39  63  0.010851
40  129  0.821397
41  64  0.0122996
41  128  0.827549
42  63  0.0380211
42  127  0.828582
43  62  0.0425987
43  126  0.82854
44  61  0.0507914
44  125  0.826952
45  60  0.0500165
45  124  0.827673
46  123  0.82135
47  58  0.0512619
47  122  0.558441
47  308  0.0206008
48  57  0.052551
48  307  0.0228091
49  56  0.0521527
49  267  0.0620884
49  306  0.0228052
50  55  0.0322981
50  122  0.0174187
50  266  0.0625606
51  103  0.0611071
51  109  0.0147466
51  110  0.424242
51  121  0.0278712
51  265  0.0619481
51  278  0.0185081
51  279  0.011019
52  102  0.0611727
52  107  0.396114
52  109  0.41203
52  120  0.0117232
52  277  0.0186371
52  278  0.0109426
53  101  0.0608991
53  106  0.709645
53  107  0.0266476
54  100  0.0594448
54  105  0.824688
54  106  0.0133275
54  275  0.0305564
55  104  0.848897
55  274  0.0305446
56  103  0.850766
56  273  0.0305856
57  102  0.850009
57  272  0.0305807
58  271  0.030076
59  98  0.0684454
59  270  0.0251278
60  99  0.27132
61  97  0.924251
62  96  0.937597
63  95  0.936605
64  94  0.933967
65  93  0.933485
66  92  0.934553
67  90  0.0348104
67  91  0.892727
68  89  0.066756
69  85  0.0187248
70  84  0.0176861
70  86  0.0126993
70  87  0.0743748
70  88  0.147439
70  90  0.0511737
71  88  0.0703397
71  308  0.0188937
72  85  0.0204484
72  307  0.0217318
73  81  0.04531
73  85  0.0249249
73  306  0.0217513
74  80  0.0442354
74  305  0.0165884
75  86  0.802832
76  81  0.0534885
76  85  0.805888
78  83  0.0118222
100  304  0.0107261
101  302  0.0122597
102  301  0.0187182
103  300  0.0187251
105  269  0.0154855
106  268  0.0184917
107  267  0.0186063
108  266  0.014208
111  120  0.759984
111  264  0.15161
112  119  0.758037
112  263  0.154369
113  118  0.722609
113  262  0.156558
114  120  0.0132813
114  261  0.157514
115  260  0.156988
116  259  0.155131
117  258  0.137736
120  155  0.167106
121  154  0.168519
122  153  0.0582049
123  152  0.0581748
124  151  0.168663
125  150  0.168461
126  149  0.168763
127  148  0.168756
128  147  0.164341
131  143  0.0923753
131  145  0.0745969
132  142  0.0933321
132  144  0.0758609
132  286  0.134431
133  141  0.0926312
133  143  0.0752542
133  285  0.134658
134  139  0.0681741
134  141  0.0632493
136  282  0.814135
137  281  0.814679
138  280  0.813888
139  279  0.809339
141  277  0.822993
142  276  0.824429
143  275  0.824441
144  274  0.824398
145  225  0.020886
145  273  0.752115
146  224  0.0199207
147  266  0.0659847
148  264  0.102948
148  265  0.0622081
148  272  0.0264089
149  220  0.0242477
149  263  0.1098
149  271  0.0264127
150  219  0.0243459
150  261  0.706118
150  264  0.0698496
151  218  0.0241427
151  260  0.706511
151  263  0.0699649
152  217  0.0233476
152  259  0.704194
152  262  0.0699801
153  258  0.703093
153  261  0.0686514
154  257  0.702853
155  256  0.698458
155  258  0.0638935
156  212  0.0326069
156  257  0.238279
157  211  0.0335721
157  256  0.239234
158  210  0.0337901
158  253  0.656903
158  254  0.0122925
159  209  0.0337849
159  254  0.056744
159  255  0.0138615
160  208  0.0337922
160  251  0.669718
160  253  0.266657
160  254  0.0146365
161  207  0.0337633
161  250  0.670232
161  252  0.267054
162  206  0.0337926
162  249  0.6702
162  251  0.265661
162  253  0.0158259
163  205  0.0336058
163  248  0.669862
163  250  0.221818
163  252  0.0103092
164  204  0.0326257
164  247  0.662726
164  249  0.212691
164  251  0.0139162
165  189  0.0318268
165  246  0.522922
165  248  0.204654
165  250  0.0678164
166  188  0.0318463
166  249  0.0766769
167  187  0.031824
167  246  0.0254876
167  248  0.0815693
168  186  0.0317524
168  247  0.0828098
169  185  0.0293131
169  245  0.860787
169  246  0.042199
170  244  0.946004
171  243  0.949517
172  181  0.0259921
172  242  0.954748
173  180  0.0171599
173  241  0.954646
174  240  0.954655
175  239  0.909374
178  236  0.101401
178  237  0.26431
179  236  0.26342
180  187  0.0209401
180  192  0.523818
180  234  0.381513
180  237  0.0200843
181  186  0.0207281
181  191  0.524086
181  233  0.379965
182  190  0.523031
182  232  0.317992
182  235  0.0280089
183  189  0.520081
183  234  0.0302146
184  188  0.197995
184  232  0.0604922
184  233  0.0170601
185  231  0.314081
186  230  0.405335
187  229  0.405549
188  205  0.0105212
188  228  0.398115
189  204  0.0105267
189  227  0.397244
190  202  0.453165
191  201  0.453479
192  200  0.452364
197  238  0.174124
198  237  0.355654
199  236  0.35575
200  234  0.539506
201  233  0.539756
202  232  0.539178
203  212  0.0244267
204  211  0.0278964
204  230  0.547683
205  210  0.0282112
205  229  0.548168
206  228  0.55018
207  226  0.494621
207  227  0.274952
208  225  0.935798
209  224  0.936369
210  223  0.936877
211  221  0.0123801
211  222  0.915732
212  220  0.0244542
212  221  0.871789
213  219  0.0298778
214  219  0.0373522
226  273  0.0280133
227  272  0.0280933
228  271  0.0280826
230  267  0.0282524
231  266  0.0294953
232  265  0.0296895
233  264  0.0296897
234  263  0.0296569
237  251  0.0141464
238  250  0.0212839
239  249  0.0212816
240  248  0.020512
252  262  0.0126057
253  261  0.0162379
263  272  0.576022
264  271  0.557216
265  271  0.0393256
266  270  0.0190234
266  271  0.0457571
267  272  0.0165898
270  299  0.0210988
271  298  0.0308774
271  313  0.0111755
272  297  0.0308893
272  312  0.011166
273  296  0.0308841
274  295  0.0296956
274  310  0.0182106
275  294  0.0296758
275  309  0.0228287
276  308  0.0883385
277  307  0.0913258
278  306  0.0912252
278  307  0.0170075
279  290  0.0267698
279  304  0.0617864
279  306  0.0176077
280  289  0.0271996
281  288  0.0180505
281  302  0.131192
282  301  0.133358
284  299  0.144005
285  298  0.145644
286  297  0.145648
287  296  0.0672696
288  295  0.0685204
289  294  0.146203
290  298  0.622398
291  297  0.622698
291  301  0.027938
292  296  0.385688
292  300  0.0333291
293  299  0.0329787
294  298  0.0259262
310  323  0.0820886
311  322  0.107702
312  321  0.818952
313  320  0.819417
314  319  0.814145
