1  458  0.076881
2  10  0.012853
2  457  0.18224
2  470  0.092821
3  9  0.0151804
3  425  0.0365412
3  456  0.212598
3  469  0.110873
4  93  0.0111655
4  424  0.0363961
4  455  0.19418
5  92  0.012509
5  423  0.0350794
6  91  0.0130029
7  90  0.013346
7  417  0.0713457
8  89  0.013367
8  125  0.0105403
8  416  0.0754066
8  455  0.026482
9  36  0.0143225
9  45  0.110599
9  46  0.0977601
9  47  0.0836725
9  88  0.0133445
9  124  0.010694
9  415  0.0758145
9  454  0.0369024
9  467  0.0187157
10  35  0.0142299
10  44  0.055934
10  414  0.0590395
10  453  0.0289619
11  44  0.5445
11  212  0.0157878
11  297  0.0127196
11  413  0.0381192
11  414  0.0159781
12  33  0.015836
12  43  0.655096
12  211  0.019387
12  296  0.0175605
12  413  0.0311394
12  449  0.0111008
12  466  0.0120635
12  469  0.0360297
13  32  0.0158591
13  42  0.655194
13  121  0.0100291
13  295  0.0175616
13  412  0.0462332
13  448  0.0112295
13  465  0.0120284
13  468  0.0359011
14  41  0.65293
14  210  0.0245498
15  40  0.619981
15  209  0.0259496
15  294  0.0132804
16  39  0.389542
16  208  0.0199174
16  293  0.0132736
17  39  0.0176496
17  78  0.0309676
17  113  0.0352755
17  278  0.0132756
17  292  0.0133869
18  26  0.0157143
18  38  0.013568
18  77  0.0672313
18  112  0.0507356
18  206  0.0140416
18  277  0.0265281
18  291  0.0132271
19  25  0.0148615
19  38  0.482338
19  71  0.0109216
19  76  0.0669278
19  111  0.0509581
19  205  0.0322735
19  276  0.026606
20  37  0.57692
20  70  0.0110466
20  110  0.0510399
20  204  0.0323858
20  275  0.0266429
21  36  0.576351
21  69  0.0109788
21  74  0.0844814
21  109  0.0510608
21  203  0.0322726
21  274  0.0266353
21  422  0.0110023
22  32  0.0639768
22  73  0.0851721
22  108  0.0509329
22  202  0.0321228
22  273  0.026044
22  421  0.0110341
23  31  0.0626144
23  39  0.022752
23  85  0.0134231
23  201  0.0314213
23  420  0.01048
23  470  0.0185752
24  33  0.479981
24  34  0.0570172
24  38  0.0349888
24  71  0.0757166
24  84  0.019589
24  469  0.0236525
25  32  0.332519
25  37  0.0358264
25  68  0.0135945
25  70  0.0932234
25  83  0.0195864
25  200  0.0307982
25  468  0.0235645
26  32  0.104197
26  36  0.035752
26  67  0.014231
26  69  0.0934918
26  82  0.0194495
26  199  0.0315328
26  467  0.023294
27  31  0.0442028
27  66  0.014139
27  68  0.0923934
27  198  0.0317551
28  65  0.0139373
28  67  0.08847
28  79  0.014215
28  197  0.0316782
29  64  0.0130126
29  66  0.0739702
29  196  0.0315694
30  195  0.0308972
31  44  0.0975948
31  76  0.018442
31  194  0.0299038
32  43  0.112503
32  49  0.010243
32  75  0.0208338
32  192  0.0260843
32  259  0.0324144
33  42  0.110829
33  47  0.0132533
33  48  0.0103671
33  74  0.020937
33  191  0.0263146
33  258  0.0328132
34  46  0.0133407
34  47  0.0105441
34  73  0.0208563
34  190  0.026184
34  257  0.0328206
35  40  0.0365871
35  45  0.0125741
35  46  0.0100496
35  256  0.0327631
36  255  0.0328169
37  254  0.03268
38  253  0.028852
41  63  0.0781961
41  251  0.0287033
41  470  0.0132983
42  62  0.0867568
42  189  0.0195429
42  250  0.0325592
42  469  0.0154385
43  61  0.0862397
43  188  0.0200997
43  249  0.0325669
43  468  0.0154374
44  59  0.0118947
44  187  0.0201237
44  248  0.032366
44  467  0.0145764
45  58  0.0103429
45  186  0.0203252
45  247  0.0317662
45  452  0.171557
45  469  0.0227897
46  58  0.260975
46  77  0.0120676
46  107  0.0302912
46  185  0.0203016
46  451  0.172277
47  57  0.268638
47  106  0.0304074
47  450  0.0860333
48  56  0.275422
48  105  0.0304754
48  179  0.0214
48  449  0.0869558
48  466  0.441118
49  55  0.278043
49  74  0.0139791
49  104  0.0305416
49  178  0.0214563
49  448  0.173262
49  465  0.443258
50  54  0.172211
50  73  0.0143641
50  103  0.0305023
50  177  0.0213303
50  447  0.170677
50  464  0.443299
51  72  0.0141581
51  75  0.0331508
51  463  0.442082
52  65  0.0134139
52  74  0.0668984
52  430  0.0233372
52  462  0.221311
53  176  0.0120823
53  429  0.0257315
53  462  0.222246
54  175  0.0308935
54  428  0.0275405
54  461  0.444189
55  62  0.0662302
55  71  0.0689405
55  174  0.0309649
55  427  0.0275262
55  460  0.444037
56  61  0.0669476
56  69  0.114366
56  173  0.0309654
56  426  0.0273949
56  459  0.408669
57  65  0.0131652
57  68  0.124329
57  172  0.0309474
58  64  0.014372
58  67  0.124772
58  171  0.0309263
58  459  0.0358303
59  170  0.0306239
59  458  0.17051
60  169  0.0268668
60  417  0.0106015
60  457  0.233078
60  470  0.01073
61  165  0.0290748
61  416  0.0114905
61  455  0.215407
61  456  0.230125
61  469  0.0131974
62  164  0.0305306
62  415  0.011523
62  454  0.452445
62  468  0.0131664
63  163  0.0305045
63  414  0.0106342
63  453  0.451161
64  162  0.030399
64  451  0.030778
64  452  0.418907
65  244  0.0211232
65  450  0.058444
66  243  0.0254403
66  449  0.0475393
66  450  0.0310585
66  453  0.0173219
67  159  0.0251191
67  242  0.0267613
67  449  0.0243212
67  451  0.106977
67  452  0.0203607
68  158  0.0251405
68  241  0.0266793
68  450  0.103458
69  102  0.0108111
69  240  0.0260072
69  449  0.0710518
69  450  0.0204561
69  456  0.0658193
70  101  0.0108113
70  156  0.0249655
70  239  0.0257473
70  449  0.0410799
70  455  0.0658018
71  100  0.0104885
71  155  0.0247101
71  238  0.0142106
71  434  0.0441859
71  448  0.0385618
71  454  0.0534792
72  113  0.0141193
72  154  0.0231602
72  187  0.0102213
72  238  0.0111234
72  433  0.0542185
72  434  0.0722957
72  447  0.0314581
73  107  0.0128386
73  112  0.0278265
73  186  0.0166395
73  237  0.020879
73  269  0.0130028
73  435  0.0222227
73  446  0.0338121
73  452  0.0686032
74  106  0.0128339
74  111  0.028034
74  185  0.0166348
74  236  0.020759
74  268  0.0161872
74  451  0.067336
75  110  0.0283403
75  152  0.0209092
75  184  0.0157989
75  235  0.0162157
75  267  0.01624
75  431  0.559786
76  109  0.0283731
76  151  0.0223493
76  183  0.0123303
76  266  0.0162194
76  430  0.695725
77  88  0.0408444
77  103  0.0188024
77  108  0.0286111
77  150  0.0224811
77  265  0.0160527
77  429  0.707201
78  87  0.0780008
78  102  0.0198486
78  106  0.0460261
78  107  0.019608
78  428  0.712912
79  86  0.0775122
79  101  0.0198228
79  105  0.0561059
79  408  0.0530205
79  427  0.712926
80  85  0.0449945
80  100  0.0198396
80  104  0.0657031
80  407  0.0533569
80  426  0.0673879
81  99  0.0196598
81  103  0.0659023
81  406  0.0534012
81  426  0.638433
82  98  0.0116373
82  102  0.0660828
82  405  0.0499304
82  424  0.0325932
82  425  0.668381
83  101  0.0631895
83  423  0.0437677
83  424  0.664104
84  99  0.0326034
84  422  0.0454844
85  98  0.0254966
85  423  0.661032
86  104  0.0116237
86  290  0.119193
86  422  0.663461
87  99  0.0215883
87  103  0.0121951
87  289  0.121651
87  421  0.66315
88  98  0.0226154
88  102  0.0127268
88  233  0.0128628
88  288  0.127597
89  97  0.0220699
89  232  0.0128809
89  287  0.125584
89  417  0.0246105
89  419  0.0128144
90  101  0.0117157
90  231  0.0125596
90  416  0.0257339
91  100  0.0124288
91  230  0.0110925
91  285  0.114691
91  415  0.0209307
91  417  0.0171154
91  419  0.232476
92  99  0.011944
92  284  0.130682
92  418  0.248605
93  283  0.13138
93  415  0.0450555
93  417  0.249131
94  282  0.131288
94  414  0.0438901
94  416  0.229103
95  281  0.115821
95  413  0.0354905
96  414  0.0978746
97  279  0.124588
97  413  0.10512
98  265  0.235508
98  278  0.131467
98  412  0.0930924
99  112  0.0250629
99  264  0.62424
99  277  0.131938
100  111  0.0250763
100  263  0.653251
100  276  0.131776
101  110  0.025035
101  262  0.664142
101  275  0.130424
102  109  0.0246754
102  261  0.665299
102  274  0.12871
103  211  0.132674
103  260  0.676078
104  179  0.0216176
104  210  0.133845
104  259  0.676302
105  178  0.0260403
105  209  0.137093
105  258  0.676297
106  177  0.0260559
106  208  0.137148
106  257  0.676222
107  176  0.0260583
107  207  0.13688
107  256  0.675993
108  132  0.1573
108  143  0.0257118
108  175  0.0260576
108  228  0.0269362
108  255  0.598704
109  131  0.158242
109  142  0.0287137
109  174  0.0260293
109  227  0.0270367
109  254  0.455835
110  141  0.0310799
110  226  0.0244674
110  254  0.0146814
111  127  0.429635
111  140  0.0311818
111  172  0.0259124
111  253  0.0102523
112  126  0.566399
112  139  0.0312091
112  171  0.0260441
113  125  0.580464
113  138  0.0308034
113  170  0.0260375
113  416  0.0426561
114  124  0.581563
114  136  0.0274678
114  169  0.026042
114  415  0.0537513
115  123  0.567299
115  135  0.0272352
115  168  0.0235086
115  414  0.053863
116  122  0.496095
116  134  0.0264831
116  241  0.0149694
116  413  0.0533347
117  133  0.0231435
117  166  0.0106981
117  240  0.0187141
118  165  0.0115171
118  239  0.0195472
119  238  0.0191675
119  252  0.196321
119  410  0.0630664
120  251  0.205687
120  409  0.0689101
120  473  0.0114096
121  131  0.0281634
121  147  0.0174902
121  236  0.0238322
121  250  0.208066
121  408  0.069919
121  472  0.0122919
122  130  0.0280738
122  146  0.0197046
122  235  0.0219064
122  249  0.207848
122  407  0.0694682
122  471  0.0126433
123  129  0.0264429
123  145  0.0200786
123  234  0.0217562
123  248  0.207518
123  406  0.0679292
123  470  0.0131487
124  144  0.0212474
124  233  0.0240256
124  247  0.207322
124  405  0.0652768
124  469  0.0133016
125  232  0.0224833
125  468  0.0129389
126  143  0.0219877
126  228  0.0194211
126  242  0.0150576
126  243  0.185088
126  403  0.0168897
127  142  0.0219652
127  227  0.0195482
127  241  0.0161874
127  242  0.192687
127  402  0.0609145
128  141  0.0184461
128  226  0.0181271
128  240  0.0169356
128  241  0.191687
129  239  0.0146879
129  240  0.17223
130  215  0.110387
130  236  0.168727
130  239  0.0694552
130  250  0.13723
130  291  0.0669246
130  466  0.0259319
131  214  0.110973
131  235  0.171434
131  249  0.134581
131  290  0.066955
131  465  0.0261044
132  213  0.110983
132  234  0.171133
132  253  0.0208566
132  289  0.0668065
132  464  0.0260465
133  252  0.0204021
133  285  0.0576059
134  249  0.0523609
134  251  0.0121081
134  284  0.0694092
135  248  0.20079
135  283  0.0723641
136  211  0.0863337
136  247  0.216265
136  282  0.0733298
137  210  0.0852225
137  246  0.214166
137  281  0.0718407
138  207  0.149911
138  209  0.0758008
138  245  0.175856
138  280  0.0597343
139  206  0.806237
139  244  0.0214967
139  279  0.0191137
140  205  0.874459
140  243  0.026517
141  204  0.925853
142  203  0.931139
143  202  0.931268
144  201  0.927589
145  159  0.927568
146  158  0.927858
147  157  0.616055
148  156  0.607764
148  161  0.0357559
149  154  0.0162729
149  155  0.897097
149  160  0.041173
150  159  0.0433044
151  158  0.0339865
161  200  0.910143
162  199  0.914899
162  200  0.0161084
163  198  0.903039
163  199  0.0121357
165  196  0.0429994
165  197  0.14994
166  193  0.0317663
166  196  0.15004
167  192  0.032512
167  194  0.410802
167  195  0.149889
168  191  0.030878
168  193  0.424153
169  192  0.38744
169  194  0.250035
170  191  0.0779297
170  193  0.255344
171  192  0.24281
172  189  0.0161163
173  189  0.918279
174  188  0.942602
175  187  0.942619
176  186  0.943887
177  185  0.938954
187  237  0.0131086
188  236  0.0131257
189  235  0.0129029
191  233  0.0140184
192  232  0.0140221
193  231  0.013968
194  230  0.0134955
199  228  0.0208264
200  227  0.020921
201  226  0.0208382
202  225  0.020878
203  224  0.0208091
207  233  0.132733
208  237  0.369342
208  277  0.10754
209  222  0.0144188
209  231  0.140802
209  236  0.37083
209  276  0.108471
210  221  0.0150903
210  230  0.142727
210  235  0.319102
210  275  0.109289
211  220  0.0152752
211  229  0.138267
211  234  0.313197
211  235  0.0543049
211  274  0.109526
212  219  0.0147
212  229  0.0209228
212  232  0.0549833
212  234  0.0550807
212  273  0.168464
213  228  0.172449
213  231  0.0197591
213  233  0.0777185
213  272  0.220713
213  428  0.0280954
214  227  0.172466
214  231  0.0168146
214  271  0.220676
214  427  0.028143
215  220  0.0108208
215  229  0.388377
215  270  0.220522
215  426  0.0281403
216  225  0.226677
216  228  0.478682
216  269  0.178468
216  425  0.0277494
217  224  0.213364
217  227  0.479387
217  268  0.177381
217  424  0.0261565
218  226  0.341402
218  423  0.0175485
219  226  0.163737
220  224  0.0225711
220  225  0.288982
220  227  0.104099
221  226  0.0687165
222  417  0.0106955
223  416  0.0108578
223  423  0.0177427
224  415  0.0107522
224  422  0.0225018
225  421  0.0225331
226  420  0.0147419
227  418  0.0100354
228  265  0.218382
229  255  0.0144918
229  264  0.240772
230  254  0.0142248
230  263  0.240086
231  251  0.0410818
231  262  0.240701
232  250  0.056081
233  249  0.0561792
233  261  0.270477
234  247  0.0437596
234  260  0.281837
235  246  0.0437416
235  259  0.28258
236  245  0.0398879
236  258  0.28265
237  245  0.0176524
237  257  0.282443
238  244  0.0203201
239  256  0.0123489
242  253  0.418481
243  252  0.424236
244  251  0.425833
245  250  0.423017
261  272  0.029003
262  271  0.0289384
263  270  0.0274421
265  414  0.0106453
266  413  0.0113278
266  414  0.293484
267  413  0.317352
268  412  0.3233
269  409  0.449836
269  411  0.15657
270  408  0.703721
271  407  0.710737
272  406  0.71122
273  405  0.711218
274  404  0.710173
275  403  0.643694
276  290  0.44488
277  289  0.6865
278  288  0.70291
278  291  0.0106071
279  287  0.625653
281  285  0.0107589
287  463  0.0579939
288  462  0.0625309
289  461  0.066509
290  460  0.06657
291  459  0.0665507
292  458  0.0600412
293  400  0.796309
294  399  0.86934
295  398  0.899687
296  397  0.889356
297  396  0.0612321
297  397  0.0109387
298  396  0.837083
298  454  0.0743424
299  395  0.855323
299  453  0.0770112
300  391  0.0553551
300  394  0.832598
300  452  0.0776965
301  390  0.643757
301  393  0.221805
301  451  0.0771247
302  378  0.0762032
302  389  0.902784
303  377  0.0763267
303  388  0.906322
304  376  0.0754248
304  387  0.905897
305  386  0.898177
306  372  0.147334
306  385  0.811496
307  371  0.154748
307  372  0.014865
307  376  0.0224527
307  383  0.232318
308  370  0.15387
308  373  0.0357697
308  375  0.0215329
308  382  0.227991
308  384  0.010775
309  369  0.133434
310  371  0.471613
310  372  0.0106927
310  381  0.143243
310  383  0.0255501
311  367  0.0145784
311  370  0.476311
311  380  0.133303
311  382  0.0235878
312  366  0.0167306
312  369  0.478863
313  365  0.0159136
313  368  0.301545
314  367  0.113456
314  368  0.607011
315  367  0.824994
316  366  0.816257
317  364  0.293457
318  363  0.310637
318  364  0.57715
319  362  0.315378
319  363  0.654977
320  361  0.301799
320  362  0.653094
321  361  0.655129
322  359  0.994364
323  358  0.998251
324  357  0.998282
325  356  0.997817
326  355  0.998176
327  354  0.991956
329  352  0.180947
330  351  0.0975799
330  352  0.812631
331  351  0.900338
332  350  0.982801
333  349  0.977231
334  344  0.0236798
335  348  0.0100084
336  342  0.067969
336  345  0.38961
337  341  0.0286094
338  345  0.0147846
369  379  0.271857
370  378  0.330051
371  377  0.319329
376  384  0.456196
377  383  0.535237
377  385  0.0309342
378  382  0.434431
378  384  0.0309561
381  447  0.0766126
382  446  0.0853891
383  445  0.0853921
384  444  0.0853908
385  443  0.0852637
386  439  0.050823
386  442  0.0323627
387  438  0.0838873
388  437  0.0842914
389  436  0.0841529
390  434  0.0351623
391  433  0.0302854
393  430  0.0192872
393  431  0.0237995
394  429  0.0195532
395  429  0.0442475
396  428  0.083717
397  427  0.0837439
398  426  0.0835566
401  423  0.067971
402  418  0.0323054
402  421  0.0153575
402  422  0.0673676
403  417  0.0322958
403  420  0.0147836
403  421  0.058381
405  415  0.0417095
405  418  0.0156865
406  414  0.0429267
407  413  0.0429439
407  416  0.0885433
408  412  0.0311944
408  415  0.0893742
409  414  0.0587169
418  425  0.0110982
418  456  0.0100887
419  455  0.0100263
420  453  0.0259032
421  428  0.0142798
421  452  0.0286301
422  427  0.0140123
422  451  0.0286076
426  449  0.0296977
426  466  0.0113227
426  469  0.0542984
427  448  0.0311624
427  465  0.0113247
427  468  0.0543354
428  447  0.0311668
428  464  0.0113085
428  467  0.0542722
429  446  0.0302882
429  451  0.0730899
429  466  0.010868
430  450  0.073622
431  449  0.0723175
435  445  0.138508
435  447  0.594806
436  444  0.171943
436  446  0.723928
437  443  0.171486
437  445  0.723931
438  444  0.696887
445  463  0.0162126
446  462  0.0218616
447  461  0.0262694
448  460  0.0262722
449  459  0.0233309
454  466  0.0455388
455  465  0.045637
456  464  0.0456703
457  463  0.0430918
458  462  0.0250265
458  470  0.235387
459  466  0.0307392
459  469  0.372452
460  465  0.0306942
460  468  0.372553
461  467  0.370797
462  466  0.229677
