1  400  0.0329646
2  17  0.0769147
2  393  0.0427319
2  399  0.0371373
2  402  0.0181772
3  392  0.048829
3  398  0.0347075
4  15  0.117549
4  391  0.0492935
4  400  0.0511913
5  12  0.0484412
5  14  0.119953
5  379  0.285346
5  390  0.0490877
5  396  0.0417826
5  399  0.0525024
6  11  0.0441654
6  378  0.321609
6  395  0.0420555
6  398  0.027254
7  17  0.0131126
7  377  0.321452
7  388  0.047505
7  394  0.0417431
7  397  0.0153695
8  16  0.0193474
8  376  0.320698
8  387  0.0495312
8  393  0.0408861
8  396  0.0105404
9  15  0.020777
9  375  0.31968
9  386  0.0506512
9  392  0.0320342
10  14  0.0151701
10  17  0.238636
10  374  0.232203
10  385  0.0508465
10  397  0.0107525
11  16  0.214113
11  24  0.0265254
11  27  0.0161155
11  374  0.0848932
11  384  0.0508446
11  390  0.0136936
11  396  0.011936
12  23  0.0351392
12  372  0.010908
12  373  0.167596
12  383  0.0487533
12  395  0.011372
13  371  0.0143484
13  372  0.164148
14  21  0.0384986
14  370  0.0115268
14  371  0.134052
14  382  0.037919
15  20  0.0344921
15  24  0.0606674
15  381  0.0366544
16  23  0.15965
16  369  0.0254292
16  370  0.0138527
17  22  0.150324
17  369  0.0135576
17  370  0.0187298
17  378  0.0106304
18  369  0.0207689
19  367  0.150138
19  376  0.0182656
19  401  0.536857
20  366  0.149974
20  375  0.0178079
20  400  0.542516
21  364  0.0194168
21  374  0.0120392
21  399  0.543223
22  363  0.0191959
22  364  0.147836
22  397  0.546895
23  363  0.148159
23  374  0.0253165
23  396  0.547709
24  373  0.113834
24  395  0.535229
25  372  0.11381
26  371  0.111812
27  39  0.11572
27  370  0.10747
28  38  0.113301
28  332  0.0105822
28  369  0.0979237
28  392  0.331542
29  119  0.0109563
29  331  0.0141209
29  391  0.344172
30  36  0.0918068
30  118  0.0113537
30  330  0.0141258
30  348  0.295428
30  367  0.0190496
30  390  0.345729
31  35  0.0353053
31  48  0.0168903
31  117  0.0111657
31  329  0.0140364
31  347  0.298913
31  366  0.0132857
32  39  0.316823
32  47  0.0252955
32  116  0.0109314
32  328  0.0139107
32  346  0.300037
32  373  0.0303081
33  38  0.208293
33  46  0.0324556
33  345  0.29944
33  372  0.0292734
34  41  0.0107031
34  42  0.014083
34  43  0.0193005
34  45  0.0420603
34  344  0.291434
35  40  0.0119919
35  41  0.0165165
35  42  0.0225851
35  44  0.0443131
35  343  0.244578
36  370  0.0349953
37  341  0.107049
37  369  0.0384833
38  343  0.0387467
38  365  0.0109125
38  368  0.0396483
39  342  0.0471108
39  364  0.0108985
39  367  0.0397211
40  341  0.0357785
40  366  0.0328001
41  392  0.0140911
42  391  0.0151253
43  392  0.0246811
44  391  0.0241025
44  392  0.0148087
45  119  0.0188518
45  121  0.0191245
45  391  0.0162253
46  118  0.0197946
46  120  0.0203468
46  389  0.437437
46  390  0.0122984
47  118  0.0129137
47  388  0.526165
48  118  0.0339143
48  120  0.019337
48  387  0.545007
49  117  0.0399416
49  119  0.0220715
49  386  0.556528
50  115  0.234626
50  118  0.0207473
50  175  0.0590607
50  181  0.0199055
50  364  0.0165479
50  385  0.557668
51  114  0.237919
51  171  0.0108707
51  174  0.0593189
51  180  0.0199956
51  363  0.0166162
51  384  0.55725
52  84  0.872725
52  173  0.0470942
53  83  0.873088
53  170  0.102168
54  82  0.872793
54  169  0.10628
55  81  0.872312
55  168  0.10662
56  80  0.712311
56  167  0.106801
57  166  0.107368
58  78  0.0154299
58  165  0.106798
59  78  0.841066
60  77  0.869677
60  163  0.106096
61  76  0.866694
61  162  0.106114
62  71  0.0600865
62  161  0.105941
63  70  0.059143
63  151  0.0114786
63  160  0.0774266
64  73  0.781166
64  150  0.0114988
65  72  0.769222
65  149  0.0114751
66  71  0.625407
67  157  0.092091
68  146  0.0105828
68  156  0.0945251
69  145  0.0112228
69  155  0.0953248
70  144  0.0112657
70  154  0.0953209
71  153  0.0204789
72  127  0.0442088
72  141  0.0151965
73  126  0.0556075
73  140  0.0152245
74  125  0.0505591
76  137  0.0452869
77  123  0.042235
77  136  0.0452814
78  122  0.0387678
78  135  0.0420333
79  121  0.0178413
81  121  0.0793437
82  120  0.0959068
83  116  0.0150657
83  119  0.0993053
84  115  0.0149632
84  118  0.0994707
85  117  0.0937287
87  113  0.87872
88  112  0.998328
89  111  0.998372
90  110  0.997651
91  109  0.995856
92  108  0.996449
93  107  0.998635
94  106  0.999167
95  105  0.998432
96  104  0.950231
114  179  0.0212418
114  383  0.550566
115  178  0.0243971
115  382  0.551174
116  177  0.0244132
116  381  0.550966
117  176  0.0243441
117  379  0.054536
117  380  0.455223
118  123  0.017264
118  378  0.223859
119  174  0.0237961
119  376  0.0326683
119  377  0.19474
120  173  0.0234848
120  341  0.0128834
120  375  0.0501109
121  172  0.0212222
121  374  0.0475168
122  131  0.058215
122  340  0.435977
122  373  0.0163932
123  130  0.0599846
123  170  0.0107706
123  336  0.124143
123  339  0.437072
123  367  0.0118907
123  379  0.221713
124  129  0.0598435
124  335  0.132937
124  338  0.437966
124  366  0.0128408
124  369  0.0101195
124  378  0.239869
125  133  0.0104994
125  334  0.132951
125  337  0.437747
125  365  0.0130418
125  368  0.0135705
125  377  0.239824
126  132  0.0111618
126  333  0.132901
126  336  0.437058
126  364  0.0130028
126  367  0.0138094
126  376  0.23984
127  332  0.0539676
127  366  0.0116718
127  375  0.137153
128  153  0.0548892
128  375  0.0860348
129  152  0.0639323
129  174  0.387754
129  313  0.08956
129  333  0.0113683
129  374  0.171853
130  151  0.0654308
130  173  0.39079
130  312  0.0937875
130  373  0.162346
131  150  0.0648024
131  172  0.372456
131  229  0.0240487
131  311  0.0895401
132  149  0.0551955
132  228  0.045009
132  310  0.0754096
132  371  0.0806816
132  372  0.0124564
132  373  0.0103386
133  227  0.0445015
133  309  0.066805
133  370  0.125957
133  371  0.0121798
133  372  0.0105113
134  226  0.0361521
134  308  0.0451814
134  369  0.105313
134  370  0.0103575
135  169  0.812707
135  307  0.0125583
136  145  0.0686488
136  168  0.865734
137  144  0.0688746
137  167  0.873588
138  143  0.0684499
138  166  0.87249
139  151  0.0344057
139  165  0.874094
140  150  0.0347031
140  164  0.872305
141  149  0.0346847
142  148  0.0117533
142  162  0.872464
143  148  0.0260947
143  161  0.874615
144  160  0.874811
145  159  0.876298
146  158  0.8075
147  157  0.70761
147  158  0.0605257
148  157  0.120352
149  154  0.0100319
149  155  0.0797887
149  156  0.178314
170  204  0.0216558
170  224  0.0577415
171  203  0.0217275
171  223  0.066562
172  222  0.0665907
173  202  0.0280361
173  221  0.0655434
173  311  0.0169719
174  201  0.0248378
174  310  0.0360566
175  200  0.0251935
175  219  0.0649117
175  309  0.0435466
176  199  0.0287294
176  218  0.0674903
176  308  0.0587062
176  332  0.260356
176  341  0.0103988
177  185  0.0196112
177  198  0.0288103
177  217  0.0697586
177  307  0.082797
177  331  0.315523
177  340  0.011466
177  362  0.343474
178  184  0.0195346
178  197  0.0288116
178  216  0.0700094
178  306  0.0850925
178  330  0.314774
178  339  0.0114193
178  361  0.343799
179  215  0.069983
179  305  0.0809654
179  360  0.343268
180  195  0.0285676
180  214  0.0700244
180  328  0.0510933
180  329  0.0298531
180  335  0.0451151
180  359  0.344253
181  194  0.0285812
181  213  0.0699398
181  328  0.0296916
181  358  0.342652
182  193  0.0275888
183  211  0.0635169
183  332  0.0474894
183  341  0.0127468
184  210  0.0690692
184  303  0.732233
184  324  0.0262325
184  331  0.0478192
184  340  0.0165538
185  190  0.0257396
185  209  0.0692854
185  302  0.768343
185  323  0.0263931
185  330  0.0475866
185  339  0.0165521
186  207  0.0164504
186  301  0.864175
186  322  0.0209435
187  300  0.865262
187  321  0.0209335
188  205  0.059089
188  299  0.864878
188  320  0.0179964
189  196  0.0214411
189  204  0.0615562
189  298  0.863014
190  195  0.0202448
190  203  0.0603626
190  297  0.854847
191  201  0.0272284
192  200  0.0264891
192  201  0.0157139
193  247  0.0553489
193  250  0.0623012
194  246  0.0577386
194  249  0.0652181
195  209  0.0102956
195  245  0.0565424
195  246  0.0185603
196  245  0.0190638
196  249  0.0177445
197  203  0.0153479
197  207  0.163658
197  236  0.0752982
198  206  0.151842
198  235  0.0754113
198  318  0.0100072
199  234  0.0751572
200  233  0.0752762
201  232  0.0750299
202  210  0.0125483
202  231  0.072976
203  209  0.0149483
203  229  0.0380959
204  229  0.0154714
204  249  0.0134034
205  248  0.0122691
206  226  0.0744106
207  225  0.0762206
207  245  0.0348642
207  300  0.0154674
207  330  0.0154273
208  224  0.0761605
208  244  0.0372301
208  299  0.0160154
208  329  0.017085
209  223  0.0756227
209  243  0.0376079
209  296  0.0141409
209  298  0.0158379
209  328  0.0173624
210  242  0.0375684
210  248  0.0467182
210  249  0.039039
210  295  0.0115771
210  327  0.0169668
211  241  0.0111279
211  247  0.058248
211  248  0.0541033
211  326  0.0156641
212  222  0.0622415
213  221  0.0768043
213  239  0.0347624
213  246  0.797335
214  220  0.0776175
214  238  0.0347314
214  245  0.801407
215  219  0.0295524
215  244  0.801476
216  236  0.0345255
216  243  0.801825
217  235  0.0345767
217  242  0.773356
218  234  0.0336278
218  241  0.690927
218  242  0.0123628
219  233  0.0303698
219  241  0.0246717
219  242  0.0120201
220  240  0.0185659
221  231  0.0279821
221  240  0.789513
222  230  0.0345233
222  239  0.811155
223  229  0.0342756
223  238  0.813144
224  237  0.812872
225  236  0.813261
226  235  0.79589
227  234  0.522648
234  332  0.0194347
235  301  0.0469059
235  331  0.0239523
236  300  0.0469549
236  330  0.0239551
237  244  0.0612259
237  299  0.047132
237  329  0.0237376
238  243  0.0696948
238  298  0.0470965
238  328  0.0235757
239  297  0.0465028
239  303  0.0126128
240  302  0.0129329
241  296  0.0205458
241  301  0.0130349
243  249  0.0296303
244  248  0.0124938
245  298  0.0165129
246  297  0.0164586
249  296  0.0886646
251  294  0.99505
252  293  0.996883
253  292  0.998944
254  291  0.997907
255  290  0.997871
256  289  0.999155
257  288  0.999084
258  287  0.99669
259  286  0.997895
260  285  0.984259
262  279  0.036732
263  278  0.0367075
263  279  0.0332811
264  278  0.0298637
264  279  0.154273
265  278  0.081099
265  279  0.507887
266  278  0.515276
267  276  0.671617
267  277  0.309952
268  275  0.877565
269  274  0.85408
269  276  0.0910529
269  277  0.0103906
277  283  0.0195609
299  325  0.0105762
300  324  0.0325777
301  313  0.0165804
301  323  0.0334531
302  312  0.0210805
302  322  0.044743
302  335  0.0742869
303  311  0.0211024
303  321  0.0446566
303  334  0.074437
303  355  0.0148427
304  310  0.0212789
305  320  0.0663257
305  329  0.224062
305  332  0.0773748
305  353  0.306369
306  319  0.074061
306  328  0.251834
306  331  0.0779305
306  352  0.342252
307  318  0.0740486
307  327  0.168742
307  330  0.0759421
307  351  0.341968
308  317  0.0739492
308  326  0.085677
308  327  0.207878
308  350  0.340524
309  316  0.0746912
309  326  0.345075
309  349  0.342182
310  315  0.0735183
310  325  0.4324
310  348  0.342427
311  324  0.434859
311  347  0.340538
312  323  0.435058
313  322  0.43055
313  346  0.325992
314  320  0.120874
314  345  0.324202
315  319  0.0950242
315  320  0.0136054
315  335  0.0165234
317  332  0.0548373
317  341  0.340919
318  331  0.065141
318  340  0.345989
319  330  0.065
319  333  0.0110867
319  339  0.343698
321  328  0.0137772
321  331  0.0319273
321  338  0.03841
322  330  0.0319358
322  336  0.344855
323  328  0.053521
323  329  0.0111869
323  335  0.345942
324  334  0.336131
326  332  0.271994
337  375  0.0618433
338  374  0.0669845
338  376  0.0622605
339  362  0.010054
339  373  0.0676868
339  375  0.0643237
340  361  0.0100576
340  374  0.0640643
341  360  0.0100443
341  374  0.0114277
342  371  0.23552
342  373  0.0307635
343  370  0.264929
343  372  0.0275892
344  369  0.28544
344  371  0.0135127
345  356  0.0134642
345  368  0.301025
346  355  0.0138072
346  367  0.302048
347  354  0.0124441
350  392  0.0454893
351  362  0.575807
351  391  0.0528594
352  361  0.577595
352  390  0.0537185
353  360  0.57636
353  389  0.0532608
354  359  0.572502
357  386  0.0598617
358  385  0.0609956
359  384  0.0610036
360  383  0.061013
361  382  0.0609671
362  381  0.0597778
363  373  0.0249585
364  372  0.0249517
364  373  0.0121167
365  371  0.0246063
365  372  0.0113433
365  375  0.0464586
366  374  0.0507751
367  373  0.0537981
368  372  0.020488
381  398  0.32307
382  397  0.323329
383  396  0.32329
384  395  0.310649
385  395  0.0104403
386  393  0.0385656
386  394  0.020177
387  392  0.032763
