3  615  0.826311
4  614  0.828367
4  927  0.0273118
4  933  0.0158865
5  613  0.828786
5  926  0.029463
5  932  0.0195551
6  612  0.826861
6  902  0.010418
6  925  0.0291946
6  930  0.0633181
7  609  0.0133887
7  611  0.814862
7  901  0.010418
7  924  0.0291783
7  929  0.064048
7  932  0.0361836
8  608  0.0554308
8  931  0.036226
9  16  0.0125252
9  607  0.0585338
9  909  0.0260208
9  930  0.035293
10  908  0.0206181
12  907  0.0148282
14  906  0.0945634
15  77  0.617426
15  905  0.114039
16  76  0.6507
16  904  0.11495
17  72  0.202624
17  75  0.647002
17  903  0.114951
18  71  0.234547
18  74  0.617856
18  902  0.113283
19  70  0.218511
19  73  0.606573
19  901  0.1022
20  69  0.257798
20  72  0.496792
21  68  0.350462
22  66  0.91368
22  69  0.017209
22  70  0.0355632
23  65  0.981044
24  64  0.981355
24  66  0.0107398
25  63  0.981794
25  65  0.0107802
26  62  0.979921
26  64  0.0107743
27  61  0.668387
28  61  0.122011
29  59  0.216955
30  44  0.11899
30  58  0.217386
30  59  0.626093
31  43  0.12963
31  57  0.215355
31  58  0.643024
32  42  0.129433
32  57  0.488149
33  41  0.129553
34  40  0.127076
34  55  0.616505
36  54  0.0692823
37  53  0.0553195
38  53  0.321286
39  53  0.0535517
40  51  0.859675
41  50  0.865911
42  49  0.866789
43  48  0.84654
45  61  0.0774334
46  60  0.123257
47  59  0.131136
48  58  0.131824
49  57  0.130661
66  71  0.0137913
69  74  0.0122582
69  899  0.114431
70  898  0.114978
71  897  0.114992
72  896  0.111962
74  609  0.044309
75  604  0.066891
75  607  0.0701875
75  608  0.0372918
75  894  0.0689281
76  606  0.0702431
76  607  0.036755
76  893  0.0688195
78  600  0.950185
78  923  0.0257537
79  599  0.950749
79  922  0.0257653
80  598  0.95018
80  921  0.025448
81  597  0.946725
84  917  0.0204193
85  594  0.906163
85  916  0.0253235
86  593  0.906443
86  595  0.0445627
86  915  0.0257067
87  592  0.906488
87  594  0.0446521
87  914  0.025685
88  591  0.906447
88  593  0.0446522
88  913  0.0256837
89  590  0.220305
89  592  0.0446416
89  912  0.02406
90  590  0.728299
91  589  0.948832
92  552  0.0120077
92  588  0.948874
93  551  0.0120465
93  587  0.94848
94  550  0.0114547
94  586  0.933466
95  585  0.780242
96  546  0.016503
97  545  0.0317037
97  583  0.0665494
97  584  0.0581809
98  545  0.0101258
98  583  0.0445662
99  543  0.786194
100  542  0.804134
101  541  0.196469
102  578  0.0561643
103  539  0.823049
103  577  0.0720939
104  538  0.823504
104  576  0.0728313
105  537  0.823444
105  549  0.0834329
105  575  0.0684667
106  536  0.821439
106  548  0.0976207
106  574  0.0544751
107  535  0.821436
107  547  0.0986803
108  534  0.821672
108  546  0.0989102
108  573  0.0135272
109  545  0.098868
110  533  0.801763
110  544  0.0989239
110  572  0.0634464
111  532  0.801787
111  543  0.0947052
111  571  0.0634026
112  531  0.801409
112  570  0.0582736
113  530  0.724907
113  555  0.0169961
113  569  0.0440352
114  141  0.0267888
114  156  0.0131759
114  174  0.230634
114  177  0.179807
114  554  0.0255305
114  568  0.0425518
115  124  0.116905
115  140  0.027153
115  155  0.0130341
115  173  0.231924
115  176  0.186891
115  529  0.155425
115  541  0.0945929
115  553  0.0255228
115  567  0.041366
116  123  0.148173
116  154  0.012101
116  172  0.217569
116  175  0.187378
116  178  0.0111517
116  528  0.102617
116  540  0.0989517
116  552  0.0674134
117  122  0.145342
117  153  0.0120193
117  171  0.21827
117  174  0.187555
117  177  0.0110962
117  527  0.117567
117  539  0.0990229
117  551  0.0679125
118  137  0.0334707
118  170  0.232855
118  173  0.183258
118  176  0.0100637
118  526  0.169968
118  538  0.0989031
118  550  0.0678783
119  132  0.0129067
119  136  0.0347562
119  169  0.232713
119  525  0.169582
119  537  0.0986453
119  549  0.0677685
120  131  0.0800735
120  168  0.205463
120  171  0.0444491
120  172  0.112662
120  536  0.0794155
120  548  0.0668418
121  130  0.100604
121  134  0.0949427
121  166  0.0113205
121  167  0.108842
121  171  0.0528975
121  522  0.0235948
121  533  0.0623506
121  535  0.044571
121  547  0.0638989
122  129  0.0960626
122  133  0.100721
122  532  0.0628547
122  534  0.0438669
122  546  0.0621896
123  132  0.100705
123  169  0.199804
123  529  0.0122657
123  531  0.0629769
123  532  0.0154037
124  131  0.083987
124  168  0.20158
124  519  0.0324403
124  528  0.0117573
125  150  0.0679917
125  165  0.0122964
125  167  0.190124
125  518  0.0382431
126  149  0.0754598
126  517  0.0391689
126  528  0.0138381
126  545  0.0105981
127  148  0.0777775
127  163  0.304554
127  165  0.112022
127  516  0.038713
127  527  0.0126782
127  544  0.0113253
128  147  0.0425646
128  157  0.0112934
128  162  0.128344
128  164  0.220997
128  515  0.0366835
128  526  0.0124508
128  543  0.0100011
129  156  0.0130899
129  161  0.129249
129  163  0.222079
130  145  0.0921913
130  155  0.0130217
130  160  0.305888
130  162  0.221517
130  180  0.0113626
130  513  0.0197983
130  525  0.0123222
131  144  0.0931077
131  159  0.267527
131  179  0.0776044
132  142  0.512132
132  143  0.112333
132  178  0.221661
133  141  0.520576
133  142  0.106123
133  177  0.222278
134  140  0.448414
134  176  0.222316
135  167  0.0171781
135  175  0.222024
136  166  0.0250467
136  174  0.220817
137  165  0.0239456
137  172  0.0169886
138  171  0.0141199
138  172  0.0316665
139  171  0.0282593
140  161  0.0144009
141  157  0.0711061
141  160  0.0145116
142  157  0.0726063
143  155  0.65262
143  523  0.0236262
144  154  0.855449
144  522  0.0247867
145  153  0.855335
145  521  0.0247799
146  152  0.80429
146  520  0.0240875
146  545  0.0117768
147  156  0.0152663
147  519  0.0141081
147  544  0.0133936
148  155  0.0150594
148  543  0.0133946
149  542  0.0132155
150  541  0.0126425
154  179  0.0152471
155  163  0.132913
155  178  0.015874
156  162  0.131512
156  169  0.021742
157  161  0.0500902
157  166  0.0169503
157  168  0.0170764
157  177  0.0152206
158  165  0.0133294
158  167  0.0137624
158  168  0.107871
159  167  0.119429
159  175  0.0269465
160  166  0.124579
160  174  0.0293675
161  173  0.0290212
162  172  0.0249817
163  169  0.0181408
163  529  0.0233288
164  171  0.0159548
164  527  0.170095
164  528  0.0124819
165  170  0.0156878
165  526  0.249101
165  532  0.0118431
166  525  0.254502
166  531  0.0274462
167  524  0.254299
167  530  0.028461
168  523  0.253373
169  522  0.239898
170  520  0.0121424
170  527  0.0285775
171  526  0.0280658
172  525  0.0226658
174  179  0.0283712
174  523  0.0127599
177  525  0.0240185
178  513  0.0832272
178  523  0.0994446
178  529  0.0226363
179  512  0.0600011
179  522  0.101452
180  511  0.0300192
180  512  0.904637
181  511  0.95237
182  510  0.982767
183  509  0.987549
184  508  0.990085
185  507  0.990062
186  506  0.989203
187  197  0.125231
188  196  0.125332
188  502  0.868623
189  195  0.125213
189  501  0.870345
190  194  0.101624
190  500  0.870244
191  499  0.678143
192  382  0.335713
192  384  0.324863
193  381  0.364701
193  383  0.447296
194  380  0.393679
194  382  0.471973
195  379  0.393709
195  381  0.47303
196  378  0.393589
196  380  0.473208
197  377  0.393271
197  379  0.473185
198  378  0.422125
200  377  0.0695713
200  503  0.0995696
201  376  0.0647973
201  502  0.105076
203  297  0.0131504
203  500  0.101299
204  297  0.340229
205  296  0.866257
205  497  0.123709
206  295  0.866628
206  496  0.125114
207  294  0.866657
207  495  0.125318
208  293  0.866166
208  494  0.12525
209  292  0.866634
209  493  0.125317
210  291  0.866473
210  492  0.125189
211  290  0.858497
212  489  0.0904298
213  289  0.832428
213  488  0.101285
214  249  0.012634
214  288  0.837429
214  487  0.101656
215  248  0.0132637
215  287  0.828599
216  237  0.0240669
216  247  0.0132852
216  480  0.0343009
216  486  0.091875
217  236  0.0245745
217  246  0.0132748
217  285  0.827343
217  479  0.0343433
217  485  0.0918887
218  235  0.024742
218  245  0.0132451
218  284  0.827005
218  478  0.0343251
218  484  0.091722
219  234  0.024917
219  477  0.0285073
220  233  0.0247815
221  242  0.0172354
221  481  0.0891068
222  231  0.0249121
222  241  0.0175035
222  279  0.821076
222  480  0.0829855
223  230  0.0249289
223  240  0.0175038
223  278  0.823446
223  475  0.12506
224  229  0.0236512
224  238  0.0175564
224  277  0.822945
224  474  0.126109
225  237  0.0178193
225  276  0.476955
225  473  0.125976
226  236  0.0178205
226  275  0.294339
226  472  0.126209
227  235  0.0178183
227  249  0.790522
227  273  0.0139168
227  471  0.126193
228  234  0.0173031
228  248  0.813174
228  469  0.0627173
228  470  0.0636424
229  247  0.817024
229  468  0.125391
230  246  0.816592
230  467  0.12609
231  245  0.817431
231  466  0.126831
232  244  0.815743
232  465  0.126238
233  243  0.816406
233  464  0.125766
234  242  0.81741
234  463  0.124777
235  241  0.816437
236  240  0.662628
236  462  0.0380385
237  460  0.125514
238  287  0.0215483
238  459  0.127116
239  286  0.0233651
239  458  0.127117
240  285  0.0236728
240  457  0.127117
241  284  0.0236624
241  456  0.127117
242  455  0.127103
244  454  0.127173
245  279  0.026673
245  453  0.127163
246  278  0.024595
246  452  0.118322
247  277  0.0242692
250  276  0.203406
250  451  0.125864
251  275  0.225738
251  450  0.12698
252  274  0.219955
252  449  0.127239
253  448  0.127357
254  272  0.0326911
254  447  0.127253
255  272  0.7343
255  446  0.126643
256  271  0.841097
256  287  0.010821
256  445  0.127214
257  270  0.841174
257  286  0.011143
257  444  0.127353
258  269  0.841173
258  285  0.0111245
258  443  0.12719
259  268  0.833906
259  273  0.011998
259  284  0.0111159
259  442  0.127068
260  272  0.0137699
261  269  0.107316
261  271  0.0146746
262  270  0.0144072
263  268  0.14166
270  279  0.0118111
271  278  0.0117913
271  441  0.117536
272  440  0.118803
273  439  0.120477
274  438  0.11865
278  434  0.117049
279  433  0.117463
283  429  0.113954
284  428  0.11844
285  427  0.118901
286  426  0.113798
287  425  0.108598
288  399  0.107959
289  398  0.121004
290  397  0.121041
291  396  0.121095
292  395  0.121015
293  394  0.0833126
294  393  0.0193589
295  380  0.110213
296  379  0.110856
297  378  0.139545
298  376  0.813729
298  377  0.0699757
299  375  0.987228
300  374  0.986925
301  373  0.982612
302  372  0.932741
304  370  0.986117
305  369  0.989688
306  368  0.989157
307  367  0.986073
308  350  0.018922
308  366  0.114867
310  349  0.902061
311  348  0.904108
312  347  0.904267
313  346  0.905651
313  365  0.0751846
314  345  0.905631
314  364  0.0802661
315  344  0.898811
315  363  0.079798
316  343  0.838073
317  361  0.0779908
318  326  0.165159
318  328  0.625378
318  341  0.0139681
318  342  0.0436742
318  360  0.0809572
319  325  0.17359
319  327  0.659729
319  340  0.0239036
319  341  0.0435719
319  359  0.0810494
320  324  0.0728832
320  326  0.596998
320  339  0.0238558
320  340  0.0425998
320  358  0.0794143
321  338  0.0232056
322  338  0.043849
322  356  0.0808899
323  336  0.0213374
323  337  0.0441508
323  355  0.0807906
325  332  0.0124236
325  334  0.0138259
327  332  0.0322658
329  353  0.068555
330  341  0.841507
330  352  0.067642
331  340  0.845644
331  351  0.0658436
332  339  0.845541
333  338  0.83337
333  349  0.0549254
335  348  0.0768652
336  347  0.0827489
337  346  0.0839577
338  345  0.0840518
339  344  0.0839564
354  366  0.862128
355  365  0.893647
356  364  0.89719
357  363  0.895829
358  362  0.554853
381  389  0.0249695
382  388  0.0218343
382  394  0.0292577
383  393  0.0745773
384  392  0.087964
385  391  0.0886925
385  496  0.838021
386  390  0.0337667
386  495  0.328787
387  494  0.347341
388  493  0.867678
389  492  0.867649
390  491  0.866069
391  490  0.867548
392  489  0.866403
393  487  0.297298
393  488  0.569076
394  486  0.867414
395  485  0.867504
396  484  0.867748
397  483  0.865212
398  482  0.865411
399  481  0.810541
400  480  0.305329
402  477  0.0604186
403  424  0.254713
403  430  0.164393
403  476  0.0607977
404  423  0.277195
404  429  0.180994
405  422  0.277831
405  430  0.0104889
405  475  0.0827903
406  427  0.536125
406  474  0.0824561
407  420  0.236319
407  426  0.645883
408  419  0.282712
408  425  0.49402
409  418  0.282479
409  429  0.0110821
410  417  0.204977
410  423  0.536213
410  428  0.013791
411  422  0.689558
411  427  0.016497
412  421  0.686831
412  426  0.0166701
413  420  0.673312
414  419  0.51008
414  425  0.0139663
415  424  0.0141418
416  423  0.0141853
417  422  0.0102709
424  473  0.0143485
425  472  0.0184623
425  479  0.180462
426  471  0.0184117
426  478  0.180878
427  472  0.0222025
427  477  0.180622
428  471  0.0114702
428  476  0.180202
429  471  0.0291896
429  475  0.167623
430  470  0.136907
431  469  0.149481
431  473  0.0349412
432  468  0.15401
432  472  0.0176024
432  473  0.106767
432  480  0.554577
433  467  0.154227
433  472  0.124903
433  479  0.572244
434  466  0.154206
434  471  0.141595
434  478  0.572373
435  470  0.137669
435  477  0.571497
436  465  0.153264
436  476  0.554851
437  464  0.153412
437  475  0.528092
437  476  0.0132031
438  463  0.154175
438  474  0.380537
438  475  0.0263577
439  462  0.154752
439  471  0.350876
439  474  0.0391766
440  461  0.154625
440  469  0.407668
440  470  0.246763
440  473  0.0273073
441  468  0.545901
441  469  0.14049
441  472  0.0118829
442  459  0.152582
442  467  0.550671
442  468  0.140858
443  458  0.15258
443  466  0.551937
443  471  0.0106044
444  457  0.151927
444  467  0.150898
445  456  0.110678
445  465  0.53701
445  466  0.149709
446  464  0.538628
446  465  0.14971
447  463  0.551519
447  464  0.151245
448  462  0.557635
448  463  0.147649
449  461  0.560447
450  460  0.0898348
451  458  0.0656086
451  460  0.612209
452  457  0.0648759
452  459  0.64025
453  458  0.601881
471  479  0.0119655
472  478  0.0124457
481  486  0.0299389
510  533  0.0139982
511  532  0.0140443
512  531  0.0140527
513  521  0.280732
513  522  0.017525
514  520  0.251817
514  528  0.131427
515  519  0.126112
515  527  0.143546
516  526  0.148025
517  525  0.147425
518  524  0.132772
519  523  0.0773382
531  540  0.0416014
532  539  0.0416627
533  538  0.0408282
545  582  0.506076
546  581  0.722445
549  578  0.760658
549  579  0.0244594
550  577  0.842892
550  578  0.0135879
551  576  0.866684
552  575  0.865017
553  566  0.0419877
553  574  0.857519
553  911  0.0234983
554  565  0.0420044
554  573  0.853469
554  575  0.0157001
554  910  0.0241239
555  564  0.0417452
555  574  0.0226468
555  908  0.0274026
556  563  0.0372385
556  571  0.0128134
556  573  0.0199151
556  907  0.0286854
557  906  0.0289116
558  571  0.732336
558  905  0.0289743
559  570  0.889267
559  904  0.0289978
560  569  0.903787
560  903  0.0289893
561  568  0.905929
561  902  0.0271223
562  567  0.896431
562  901  0.0268844
563  868  0.0161301
564  867  0.0161653
565  594  0.0146093
565  866  0.0161823
565  898  0.0104141
566  593  0.0147759
566  865  0.0161817
566  897  0.0104301
567  592  0.0160654
567  864  0.0160509
568  591  0.0160691
568  863  0.0160188
569  590  0.01602
570  589  0.0160489
570  861  0.0117842
571  588  0.0160383
571  592  0.0124525
571  860  0.0120077
572  591  0.0124596
572  859  0.0119922
573  587  0.0158815
573  590  0.0110343
574  586  0.0158274
575  585  0.0154776
575  588  0.0141054
576  584  0.0148876
576  587  0.01416
577  586  0.0136531
592  601  0.012349
593  600  0.0128297
593  891  0.0116474
594  599  0.0127326
594  890  0.0116525
595  889  0.0117271
596  888  0.0117246
597  887  0.0117274
598  886  0.0117209
599  885  0.011726
600  884  0.011546
601  883  0.0106663
604  609  0.0112753
604  880  0.0100637
611  891  0.126264
612  890  0.126367
613  889  0.126601
614  888  0.126572
615  887  0.126585
616  858  0.849655
616  886  0.126347
617  857  0.851262
617  885  0.126567
618  856  0.846546
618  884  0.126493
619  883  0.126272
620  855  0.0176989
620  882  0.126058
621  853  0.997325
622  852  0.99944
623  851  0.9994
624  850  0.998818
625  849  0.999729
626  848  0.999223
627  847  0.9998
628  846  0.999116
629  646  0.997161
630  645  0.34539
631  644  0.344283
632  643  0.99935
633  642  0.999541
634  641  0.997305
635  640  0.783432
648  845  0.998816
649  844  0.999927
650  843  0.999882
651  842  0.998095
652  841  0.99962
653  840  0.992809
654  839  0.930402
656  837  0.895148
657  836  0.997339
658  835  0.999931
659  834  0.999904
660  833  0.999782
661  832  0.989748
662  830  0.0147368
663  708  0.99873
664  707  0.999642
665  706  0.999203
666  705  0.999667
667  704  0.999643
668  703  0.996565
669  695  0.0297553
669  702  0.965118
670  694  0.224873
671  693  0.225395
672  692  0.225443
673  691  0.225228
673  697  0.77292
674  696  0.773105
675  689  0.0152101
675  695  0.773236
676  694  0.774002
677  687  0.214849
677  692  0.773925
678  686  0.22164
678  691  0.773735
679  685  0.179902
679  690  0.742885
680  688  0.0111438
681  688  0.456357
682  687  0.38264
695  700  0.140115
696  702  0.0207865
709  829  0.99859
710  828  0.999601
711  827  0.999057
712  826  0.999574
713  825  0.999537
714  824  0.995136
715  823  0.623669
716  823  0.349159
717  745  0.300533
717  822  0.695832
718  744  0.301821
718  821  0.695751
719  743  0.324489
719  820  0.647146
720  742  0.350253
720  745  0.06083
720  819  0.520609
721  741  0.349542
721  744  0.0612031
722  740  0.325501
722  743  0.0569053
723  739  0.276647
723  816  0.486738
724  738  0.053182
724  815  0.507422
725  735  0.0106164
725  741  0.0382113
725  814  0.506042
726  740  0.0680519
726  813  0.490665
727  739  0.0858601
727  741  0.0830986
727  812  0.488637
728  740  0.0859766
729  738  0.332989
729  739  0.085541
729  811  0.415424
730  737  0.396199
730  810  0.381595
731  737  0.356972
732  736  0.136307
737  747  0.0282779
737  750  0.0335481
738  746  0.032292
738  749  0.0342499
738  778  0.0240141
738  808  0.344194
739  745  0.0321276
739  748  0.0344853
739  777  0.030137
739  780  0.0363288
739  807  0.348851
740  744  0.0122299
740  747  0.0339394
740  776  0.0315248
740  779  0.03646
740  806  0.35085
741  746  0.0257032
741  775  0.0319915
741  778  0.0319658
741  805  0.348595
742  774  0.0319878
743  773  0.0256925
743  776  0.0375107
743  803  0.351471
743  814  0.0301211
744  771  0.0197263
744  775  0.0389302
744  802  0.354571
744  813  0.112823
745  770  0.0190294
745  774  0.0389318
745  801  0.354579
745  812  0.118171
746  769  0.0169674
746  772  0.0427411
746  800  0.353984
746  811  0.122517
746  814  0.361329
747  771  0.0433693
747  799  0.19026
747  810  0.122417
747  813  0.369993
748  768  0.012018
748  770  0.0428854
748  812  0.370644
749  769  0.0412648
749  809  0.132067
749  811  0.369286
750  766  0.0102408
750  798  0.350502
750  808  0.139635
750  810  0.364572
751  765  0.0139864
751  767  0.0388052
751  780  0.453247
751  797  0.351358
751  807  0.11302
752  762  0.0108392
752  764  0.0110689
752  779  0.454207
752  796  0.34944
752  806  0.113372
753  761  0.0214916
753  766  0.0304869
753  778  0.426153
753  805  0.112646
754  760  0.0210972
754  765  0.0307305
754  777  0.427647
754  804  0.112437
755  764  0.0304124
755  776  0.455633
755  793  0.342738
755  803  0.112524
756  775  0.455837
756  792  0.343996
756  802  0.112408
757  772  0.0105004
757  774  0.429256
757  791  0.332523
757  801  0.108516
759  770  0.452107
760  769  0.926038
761  768  0.931531
762  767  0.91141
770  788  0.35172
771  787  0.375977
772  786  0.379585
774  785  0.38273
774  792  0.0740904
775  784  0.382755
775  791  0.0741448
776  783  0.368041
777  782  0.315194
777  790  0.0808736
778  789  0.0815242
779  788  0.0819806
780  787  0.0820387
781  786  0.0771523
781  805  0.523699
782  804  0.523937
783  803  0.524029
784  802  0.524611
785  801  0.524621
786  800  0.522243
787  797  0.0528209
787  799  0.413842
788  796  0.0554313
789  797  0.151817
789  798  0.195232
791  797  0.0433477
791  798  0.0115458
857  881  0.124012
858  880  0.124701
859  879  0.12473
859  930  0.824307
860  878  0.124723
860  929  0.825083
861  877  0.0278447
861  927  0.0646821
861  928  0.744883
862  876  0.0184873
862  912  0.0198605
863  875  0.110384
863  911  0.0202823
863  925  0.517146
864  873  0.0746055
864  910  0.0202806
864  924  0.518332
864  926  0.288114
865  872  0.0545955
865  909  0.0198705
865  923  0.518343
865  925  0.290103
866  873  0.0378885
866  922  0.516731
866  924  0.290061
867  872  0.023625
868  922  0.282683
871  904  0.0131911
871  919  0.500527
872  903  0.0148096
872  918  0.507851
873  902  0.0160803
873  917  0.506586
874  916  0.485775
875  915  0.355995
877  899  0.848585
878  898  0.852871
879  897  0.852898
880  896  0.852977
881  894  0.861079
882  893  0.861119
883  892  0.860766
884  891  0.861091
885  890  0.837503
900  915  0.201431
901  914  0.812299
902  913  0.81276
903  912  0.812983
904  911  0.777436
908  927  0.0436975
909  926  0.0464233
910  925  0.046688
910  930  0.0122379
911  924  0.023469
911  929  0.0123188
912  924  0.0233116
912  926  0.0809863
913  923  0.04875
913  925  0.105934
914  922  0.0486346
914  924  0.105956
915  923  0.106612
916  922  0.0964231
917  921  0.0264953
