2  13  0.0589573
2  20  0.136922
2  31  0.0625774
2  58  0.188737
2  177  0.0136703
2  284  0.061246
3  12  0.0679019
3  19  0.171585
3  30  0.0821566
3  57  0.466965
3  176  0.0233969
3  276  0.0384948
3  283  0.0688145
4  11  0.0680421
4  18  0.173522
4  29  0.0821284
4  56  0.467028
4  175  0.0233819
4  275  0.0384481
4  282  0.0687962
5  10  0.0470917
5  17  0.101381
5  18  0.0207326
5  28  0.0776482
5  55  0.398009
6  16  0.02475
6  17  0.115719
6  173  0.0213172
7  16  0.188704
7  172  0.0214756
7  272  0.011778
8  15  0.149108
8  24  0.276516
8  51  0.244237
8  171  0.0171552
8  271  0.0115886
9  23  0.335069
9  50  0.276708
10  22  0.350216
10  49  0.284922
11  21  0.356857
11  48  0.288232
12  20  0.352875
12  47  0.285289
13  19  0.319103
15  42  0.264996
16  41  0.288275
16  263  0.0135269
17  40  0.286456
17  262  0.0135195
18  134  0.0101141
18  137  0.0191815
18  261  0.01291
19  36  0.284786
19  133  0.0109915
19  136  0.0181748
19  284  0.0271842
20  35  0.291122
20  283  0.0318944
21  34  0.291784
21  132  0.250996
21  282  0.0329071
22  33  0.290236
22  131  0.254886
23  32  0.286351
23  130  0.257936
24  31  0.232933
24  129  0.259267
24  278  0.0136217
25  128  0.261994
26  127  0.26236
27  126  0.262386
27  275  0.0935064
28  54  0.204966
28  125  0.262349
28  274  0.127715
29  53  0.204913
29  124  0.262349
29  273  0.127743
30  123  0.262195
30  272  0.127723
31  51  0.332536
31  271  0.121496
32  50  0.382144
33  49  0.39352
33  120  0.0141868
33  269  0.0616945
33  277  0.0103067
34  48  0.398254
34  54  0.011043
34  119  0.0142823
34  267  0.0278799
34  268  0.0615416
34  276  0.011732
35  42  0.0409312
35  46  0.186304
35  47  0.210069
35  118  0.0142076
35  214  0.0226444
35  266  0.0572628
36  41  0.0511656
36  45  0.374989
36  53  0.014821
36  117  0.0134881
36  213  0.0264467
36  263  0.0146362
36  265  0.0557224
36  268  0.0131114
37  44  0.29426
37  52  0.0148841
37  212  0.0256087
37  262  0.0132487
37  264  0.0489299
37  267  0.0125103
38  51  0.014607
38  211  0.0253884
39  50  0.0137237
39  209  0.046467
40  208  0.0484626
41  46  0.0109988
41  207  0.050529
42  205  0.0675393
43  204  0.07418
44  122  0.0370199
44  203  0.075924
45  121  0.039096
45  202  0.0782717
46  54  0.0133354
46  75  0.0746215
46  120  0.0388794
46  201  0.10514
47  53  0.0116884
47  57  0.0178047
47  74  0.0746733
47  119  0.038934
47  200  0.105163
48  56  0.0179051
48  73  0.074495
48  118  0.0388938
48  199  0.105157
49  55  0.01405
49  198  0.104524
50  71  0.0200878
50  197  0.102904
51  196  0.098328
53  68  0.0749976
53  190  0.0314819
54  67  0.0750738
54  121  0.116007
54  189  0.0314886
54  192  0.0280743
54  282  0.0307786
55  66  0.0745474
55  87  0.0310038
55  120  0.119771
55  191  0.0279759
55  281  0.0335795
56  63  0.012692
56  65  0.0688314
56  86  0.0395532
56  119  0.119982
56  187  0.0223277
56  193  0.0267588
56  280  0.033608
57  62  0.0137861
57  85  0.040994
57  118  0.119781
57  121  0.0858833
57  186  0.0156314
57  189  0.0267553
57  192  0.0277414
58  84  0.0410053
58  89  0.0124136
58  120  0.0876766
58  184  0.0164004
58  191  0.0273448
58  277  0.291958
59  119  0.0880243
59  183  0.0163049
59  187  0.0345717
59  276  0.498007
59  283  0.0233388
60  82  0.0402295
60  90  0.0118745
60  118  0.0879835
60  181  0.0103241
60  186  0.0334292
60  189  0.025899
60  275  0.498229
60  282  0.024001
61  87  0.237722
61  281  0.0233739
62  80  0.042037
62  86  0.281031
62  187  0.0198334
62  273  0.49683
62  280  0.0224681
63  79  0.0539775
63  85  0.286246
63  186  0.019157
63  272  0.497248
64  84  0.286305
64  271  0.485533
65  77  0.102399
65  83  0.286376
65  186  0.0121104
65  270  0.457226
66  76  0.227677
66  82  0.274637
66  181  0.0137869
66  278  0.0188488
67  75  0.302549
67  180  0.03818
67  184  0.0161049
67  268  0.208921
67  277  0.0206394
68  74  0.301011
68  80  0.248136
68  179  0.0385004
68  183  0.0243339
68  267  0.192282
68  276  0.0207924
69  73  0.114585
69  178  0.038499
69  182  0.0243405
69  266  0.153107
69  275  0.0165873
70  79  0.288285
70  81  0.0157647
70  177  0.0385106
70  181  0.0242921
71  78  0.503929
71  80  0.0172718
71  86  0.0230782
71  176  0.0380544
71  273  0.0192737
72  77  0.500195
72  79  0.0174218
72  85  0.0250628
72  175  0.0380226
72  272  0.0193845
73  78  0.0187781
73  84  0.0285526
73  174  0.0228417
73  271  0.019181
74  83  0.0286491
74  270  0.0158316
75  82  0.0274572
75  156  0.0147053
76  155  0.0149334
76  262  0.0880801
77  154  0.0150122
77  261  0.168753
77  263  0.0130087
78  153  0.0150136
79  152  0.0149122
79  260  0.563835
80  151  0.0148907
80  259  0.577337
81  150  0.0145737
81  258  0.58375
82  257  0.583785
83  256  0.583216
84  255  0.543019
85  183  0.0918077
86  182  0.0899383
86  254  0.0229587
87  181  0.0555096
87  253  0.0214018
89  181  0.24592
90  116  0.0176885
90  117  0.0236556
90  180  0.686299
91  114  0.250721
91  116  0.0219213
91  179  0.690414
92  113  0.256043
92  115  0.0181011
92  178  0.690366
93  112  0.279768
93  177  0.689061
94  111  0.283204
94  176  0.688281
95  110  0.28301
96  109  0.282908
96  171  0.703535
97  108  0.283273
97  170  0.712191
98  107  0.281284
98  169  0.712249
99  168  0.711877
100  105  0.184765
100  166  0.0164331
100  167  0.57071
101  164  0.022603
102  163  0.0234255
103  162  0.0233941
104  161  0.0233957
104  163  0.675352
105  160  0.0234018
105  162  0.690737
106  159  0.0220065
106  161  0.690607
107  160  0.686088
109  158  0.675602
110  157  0.713354
111  156  0.714785
112  155  0.705972
113  152  0.0264637
113  154  0.690104
114  151  0.0309451
114  153  0.684022
116  149  0.728141
117  148  0.735906
118  147  0.736133
119  146  0.736813
120  145  0.736426
121  144  0.736674
122  143  0.712729
123  140  0.61823
124  139  0.736444
125  138  0.736724
126  137  0.734754
129  134  0.505803
136  283  0.153313
137  253  0.0108623
137  282  0.165679
138  170  0.0167121
138  252  0.0113261
138  281  0.161654
139  169  0.0167233
139  251  0.0113242
139  280  0.160805
140  250  0.0113008
140  278  0.0124602
141  249  0.011185
142  248  0.010937
142  279  0.0213682
143  278  0.031577
144  168  0.0488348
145  167  0.0543913
145  277  0.15983
146  166  0.0564439
146  276  0.1738
147  165  0.0564213
147  275  0.173631
148  164  0.0509506
148  274  0.173361
149  163  0.0511204
149  273  0.173371
150  162  0.0565256
150  272  0.173345
151  161  0.0564352
151  271  0.171008
152  160  0.0562741
152  270  0.170637
153  159  0.0426017
153  200  0.081176
153  231  0.0502785
153  269  0.0185255
154  199  0.0821518
154  230  0.0526196
155  198  0.0814802
155  214  0.0125676
155  229  0.0528386
156  213  0.0143328
156  228  0.0526345
157  212  0.0143354
158  195  0.077712
158  211  0.0135816
159  177  0.0217737
159  194  0.0784077
159  210  0.0111087
160  176  0.102773
160  193  0.0741404
161  175  0.102825
162  174  0.110843
163  173  0.110693
163  190  0.067129
164  172  0.109478
165  171  0.0915765
166  189  0.0804876
167  188  0.0838656
168  187  0.0844341
169  186  0.0844422
170  185  0.0843134
172  183  0.0416745
174  181  0.07239
175  180  0.0591564
175  211  0.0129051
175  276  0.0105906
176  210  0.014259
176  275  0.0105724
177  226  0.0500567
178  209  0.096638
178  225  0.0501429
179  208  0.107863
179  224  0.0501667
180  207  0.108062
180  223  0.0499339
180  250  0.010862
181  205  0.0245621
181  206  0.122865
181  222  0.0155272
181  249  0.214528
181  268  0.0149558
182  204  0.101348
182  205  0.0614762
182  248  0.244112
182  267  0.0148191
183  203  0.165496
183  247  0.249428
184  202  0.165256
184  246  0.247224
184  253  0.173844
185  201  0.166297
185  252  0.346555
185  264  0.0147522
186  200  0.166285
186  244  0.255492
186  251  0.346744
186  263  0.015193
187  199  0.164048
187  243  0.256185
187  250  0.346728
188  242  0.256045
188  249  0.340208
188  262  0.0175043
189  241  0.256089
189  248  0.271771
189  261  0.0180856
190  240  0.25058
190  244  0.0313725
190  260  0.0181309
191  239  0.247775
191  243  0.0312672
191  245  0.266037
191  246  0.042874
191  259  0.0180748
192  238  0.242717
192  242  0.0148929
192  244  0.304828
192  258  0.0174743
193  232  0.0229433
193  243  0.29835
194  231  0.026403
194  235  0.026732
194  240  0.161548
194  242  0.152237
195  229  0.133542
195  230  0.0211771
195  234  0.0267408
195  239  0.282284
196  228  0.145985
196  236  0.0144245
196  238  0.291598
196  263  0.0125621
197  235  0.0142924
197  237  0.292073
197  262  0.0117893
198  236  0.287263
199  209  0.0141262
199  225  0.224948
199  231  0.065234
199  235  0.267068
200  208  0.0152379
200  224  0.258261
200  230  0.0654472
200  234  0.260061
201  207  0.015644
201  223  0.276951
201  230  0.0177055
201  232  0.149404
202  221  0.0186455
202  222  0.266984
202  228  0.0592088
202  231  0.0948359
202  257  0.140082
203  220  0.0299717
203  221  0.252493
203  226  0.0947975
203  228  0.0656182
203  256  0.142945
204  227  0.0571905
204  229  0.046014
204  255  0.143856
205  224  0.208185
205  233  0.0196835
205  254  0.144119
206  217  0.203302
206  223  0.288463
206  232  0.02025
206  253  0.144259
207  216  0.189012
207  221  0.0233516
207  222  0.319069
207  231  0.0197595
207  252  0.141048
208  216  0.0452596
208  220  0.0245088
208  221  0.312483
208  251  0.14037
209  215  0.0563411
209  229  0.0199507
209  250  0.136021
210  219  0.0878604
210  220  0.137123
210  228  0.0213425
210  249  0.0551059
211  215  0.0104455
211  217  0.013409
211  227  0.0184864
212  217  0.0229953
212  247  0.02172
213  217  0.014718
213  246  0.020766
216  223  0.0269454
216  227  0.0363867
216  229  0.0295508
216  245  0.0184831
217  222  0.0297389
217  226  0.0486303
217  228  0.0346451
217  244  0.0199506
217  256  0.0131499
218  227  0.0309177
218  243  0.0180104
218  255  0.0132492
219  224  0.011493
219  254  0.012573
222  253  0.0199709
222  275  0.0796442
223  228  0.0191382
223  252  0.032678
223  274  0.132554
224  251  0.0327205
224  273  0.133085
225  233  0.0663295
225  250  0.0238291
226  232  0.0771882
226  272  0.132023
227  231  0.0294873
227  235  0.0214829
227  248  0.0232268
227  271  0.138498
228  234  0.0248739
228  243  0.078671
228  247  0.0222988
228  270  0.139014
229  242  0.0864792
229  269  0.13945
230  240  0.0474009
230  241  0.0880127
230  244  0.0255842
230  268  0.138088
231  239  0.146883
231  243  0.0254247
231  245  0.0151008
231  259  0.0100745
231  266  0.049424
232  238  0.153046
232  241  0.0258663
232  244  0.0162567
232  258  0.0109884
232  263  0.127115
232  265  0.0493234
233  237  0.0583118
233  240  0.0242855
233  242  0.0267908
233  262  0.127306
233  264  0.0496814
234  241  0.028329
234  256  0.0109811
234  260  0.010943
234  261  0.117344
234  263  0.0491397
235  255  0.0104947
235  259  0.0191106
236  259  0.0108131
240  254  0.171044
241  253  0.180413
243  251  0.200743
244  250  0.200538
245  249  0.0763777
