1  752  0.031995
1  970  0.0462796
2  338  0.0569222
2  751  0.0320106
2  969  0.432602
3  337  0.0751445
3  750  0.031804
3  968  0.841679
4  77  0.0115479
4  336  0.0752457
4  749  0.0304098
4  967  0.842145
5  22  0.0100211
5  76  0.0115338
5  335  0.0752022
5  747  0.0247823
5  966  0.83969
6  20  0.143295
6  746  0.024634
6  965  0.3879
7  19  0.234648
7  74  0.010623
7  780  0.0262076
7  810  0.0245602
8  18  0.238129
8  73  0.0106453
8  745  0.029679
8  766  0.0765344
8  779  0.0364344
8  809  0.0245291
8  963  0.0209082
9  17  0.238308
9  72  0.010583
9  739  0.134372
9  744  0.0316939
9  765  0.17485
9  778  0.0380785
9  808  0.024128
9  864  0.0101079
9  964  0.01125
9  965  0.0176581
10  738  0.133881
10  743  0.0315883
10  764  0.174122
10  777  0.0380721
10  863  0.0101174
10  963  0.0107104
10  964  0.0361648
11  776  0.0324222
11  963  0.0362356
12  962  0.0340247
13  961  0.0270033
15  929  0.0116039
16  773  0.0135907
17  335  0.0516183
17  339  0.298225
17  772  0.0138224
17  927  0.215067
18  334  0.0536166
18  338  0.303649
18  926  0.216453
19  28  0.0257623
19  333  0.0559789
19  336  0.261167
19  337  0.153042
19  925  0.217274
20  27  0.0254175
20  332  0.0558832
20  335  0.418064
20  924  0.216996
20  961  0.0420112
21  26  0.0237554
21  331  0.0481826
21  334  0.490841
21  923  0.216256
21  960  0.0731689
22  333  0.512232
22  922  0.215208
22  959  0.0806723
22  964  0.0188919
23  329  0.0542442
23  920  0.118659
23  958  0.0545567
23  963  0.0186369
24  328  0.0544301
24  919  0.118449
24  958  0.0258253
24  962  0.0140204
25  327  0.054469
25  330  0.522646
25  918  0.11919
25  921  0.0813631
25  957  0.0501734
26  326  0.0406292
26  329  0.522038
26  917  0.0607312
26  920  0.0870261
27  326  0.0106508
27  328  0.520298
27  919  0.0871708
28  324  0.0244593
28  325  0.0211147
28  327  0.506427
28  811  0.0570026
28  918  0.0854665
29  323  0.0216212
29  324  0.0190899
29  810  0.05687
30  809  0.0480187
31  171  0.0132878
32  170  0.01477
32  326  0.440965
32  806  0.314813
33  67  0.0457956
33  169  0.0152428
33  325  0.516623
33  805  0.339815
34  66  0.0586009
34  168  0.0152375
34  324  0.516344
34  804  0.339843
36  65  0.972036
37  64  0.988349
38  63  0.996086
39  62  0.996131
40  60  0.997492
41  59  0.997552
42  58  0.998784
43  57  0.997711
44  56  0.996245
45  55  0.998619
46  54  0.999887
47  53  0.991945
48  52  0.849645
66  803  0.352729
67  322  0.576463
67  802  0.353188
68  165  0.0191521
68  321  0.581413
68  801  0.353164
69  164  0.0203127
69  320  0.582696
69  800  0.353273
70  163  0.0203097
70  319  0.160727
70  799  0.352862
71  162  0.0203403
71  798  0.352591
72  161  0.0203617
72  317  0.582262
72  797  0.352788
73  160  0.0203266
73  316  0.582514
73  796  0.35113
74  159  0.0203624
74  315  0.585317
74  795  0.343695
75  158  0.0202907
75  314  0.583913
75  337  0.019861
75  794  0.234536
76  84  0.0205124
76  309  0.904809
76  336  0.0199845
77  83  0.0204304
77  308  0.912695
77  335  0.02003
78  307  0.910836
78  334  0.0198608
79  306  0.907847
79  332  0.0192743
80  305  0.912316
80  331  0.0193507
81  304  0.913001
81  330  0.019893
81  786  0.0227425
81  969  0.0137598
82  303  0.911448
82  329  0.0180331
82  785  0.0229276
82  968  0.0164489
83  302  0.913051
83  328  0.0181539
83  784  0.022988
83  967  0.0164513
84  301  0.912835
84  327  0.0200464
84  783  0.0229881
84  966  0.0164431
85  155  0.0156071
85  300  0.645045
85  326  0.0200187
85  782  0.0229544
86  325  0.0198997
86  781  0.0229153
86  935  0.0117424
87  324  0.0197221
87  780  0.02286
87  934  0.012373
88  152  0.867713
88  933  0.010112
89  151  0.959812
90  150  0.3667
91  149  0.374344
92  148  0.968703
93  147  0.96703
93  928  0.017463
94  146  0.967569
94  927  0.0177565
95  145  0.947913
95  926  0.0177707
96  925  0.0177986
97  143  0.947914
97  924  0.0177986
98  923  0.0177721
99  141  0.965945
99  922  0.0177065
100  140  0.966899
100  921  0.0149182
101  139  0.96546
102  138  0.954222
103  137  0.866101
104  134  0.02297
105  133  0.033768
106  132  0.0339781
106  135  0.933506
106  273  0.012362
107  131  0.0325099
107  134  0.938373
107  272  0.0124226
108  133  0.93658
108  271  0.0124258
109  130  0.0342596
109  132  0.937705
109  270  0.0124358
110  129  0.0342229
110  131  0.93571
110  269  0.0124358
111  129  0.161569
111  268  0.0124268
112  128  0.162674
112  267  0.0124208
113  266  0.0123864
114  127  0.953134
114  265  0.0123367
114  703  0.0104965
115  126  0.964955
115  264  0.0105278
115  702  0.0105411
116  125  0.949201
116  701  0.0100526
117  124  0.717971
123  699  0.0114146
124  698  0.0119964
125  256  0.0112727
125  697  0.0120075
126  255  0.0113334
126  696  0.0120138
127  254  0.0112767
127  695  0.0120133
128  694  0.0119947
129  253  0.0116832
129  693  0.0119896
130  252  0.0116834
131  251  0.0116484
131  690  0.0119118
132  249  0.012514
132  689  0.0119114
133  248  0.0126572
133  688  0.0114784
134  247  0.0126507
134  687  0.0106253
135  246  0.0126485
135  686  0.0105292
136  245  0.0125341
137  244  0.0122182
138  243  0.0106057
145  186  0.0113709
146  185  0.0114786
147  184  0.0115966
148  183  0.0115277
151  180  0.0145022
152  179  0.0154609
153  178  0.016375
154  177  0.01658
155  176  0.0166763
156  175  0.0166714
156  319  0.0126857
158  169  0.0170135
158  317  0.0143661
159  168  0.0170415
159  316  0.0144015
160  167  0.0168957
160  299  0.90617
160  315  0.014397
161  298  0.907599
161  314  0.0143841
162  297  0.906798
162  313  0.0133553
163  296  0.909275
163  744  0.0107712
164  293  0.0239194
164  295  0.90113
164  743  0.0108203
165  292  0.195744
165  294  0.718708
165  742  0.0108171
166  291  0.727796
166  293  0.177146
166  741  0.0108225
167  290  0.921031
167  740  0.0108282
168  289  0.922978
168  739  0.0106729
169  288  0.897258
169  738  0.0103025
173  250  0.0182327
174  249  0.0194127
175  248  0.0198123
178  251  0.0177474
179  250  0.0309836
180  249  0.0289785
182  249  0.276174
183  247  0.839002
183  248  0.143804
184  246  0.984289
185  245  0.984049
186  244  0.983866
189  240  0.971401
190  239  0.988589
191  238  0.993131
192  237  0.997647
193  236  0.999905
194  235  0.99988
195  234  0.999889
196  233  0.999925
197  232  0.999726
198  231  0.95132
199  204  0.0107042
199  207  0.18954
203  228  0.0893778
203  229  0.230969
203  230  0.0885193
204  227  0.0960127
204  228  0.253032
204  229  0.118855
204  230  0.0223232
205  226  0.0532931
207  225  0.0117664
208  226  0.938893
209  225  0.964059
210  224  0.98303
211  223  0.990935
212  222  0.994687
213  221  0.99574
214  220  0.983336
215  219  0.37434
249  878  0.0137986
250  877  0.0138393
251  271  0.748316
251  876  0.013866
252  270  0.932799
252  875  0.0138906
253  269  0.933117
253  874  0.013891
254  268  0.931922
254  378  0.0100657
255  267  0.932032
255  377  0.0101024
256  265  0.128337
256  266  0.796177
256  376  0.0100991
256  871  0.0138829
257  264  0.239752
257  870  0.0115886
258  263  0.181614
258  264  0.111851
259  263  0.0590193
260  264  0.0110216
265  337  0.0101166
266  336  0.0101049
269  736  0.0197995
270  735  0.019809
271  734  0.0198098
272  287  0.8651
272  733  0.0198228
273  286  0.939693
273  732  0.019668
274  285  0.943807
275  284  0.943256
276  283  0.943055
277  282  0.934066
277  719  0.017727
278  718  0.0179325
279  717  0.0179523
280  716  0.0171537
281  715  0.0119806
283  660  0.0364854
284  659  0.0394625
285  658  0.0460775
286  657  0.0461477
287  656  0.0461559
288  655  0.0462912
289  654  0.0463119
290  653  0.0463017
292  652  0.0459124
293  651  0.0458687
294  650  0.0462974
295  649  0.046335
296  310  0.0199071
296  648  0.04633
297  309  0.0266279
297  647  0.0457976
298  308  0.0266391
298  646  0.0454924
299  307  0.0266285
299  382  0.0449346
300  306  0.0257845
300  381  0.0457564
301  380  0.0460784
302  379  0.0460785
303  378  0.0459817
304  377  0.0455085
307  337  0.0458455
308  336  0.0458831
309  335  0.0458634
310  792  0.0154397
311  791  0.0147579
314  331  0.0467961
315  330  0.0468585
315  786  0.0384167
316  329  0.0422063
316  785  0.0415144
316  792  0.0412219
316  793  0.126786
317  328  0.0424453
317  784  0.0417277
317  791  0.0413437
317  792  0.162518
318  327  0.0467582
318  783  0.0408272
319  326  0.036681
319  750  0.0471663
319  790  0.262477
319  828  0.0104467
320  749  0.0474208
320  789  0.262567
320  827  0.010457
321  748  0.0476727
321  781  0.0105105
321  788  0.24682
321  826  0.0104538
322  747  0.0477081
322  780  0.0105532
322  786  0.0927631
322  825  0.0104564
323  746  0.0397896
323  779  0.0105296
323  785  0.0771193
324  744  0.0157038
324  745  0.031885
324  778  0.0104315
324  784  0.0285415
324  785  0.183089
325  743  0.0157996
325  744  0.0318204
325  777  0.0102389
325  784  0.234934
326  742  0.0149094
326  783  0.153867
327  741  0.0118892
327  743  0.0275613
327  782  0.152801
328  742  0.0271983
328  781  0.261209
329  740  0.0312835
329  780  0.108672
330  337  0.0112187
330  739  0.0357701
330  778  0.0311955
330  779  0.080605
331  336  0.0104444
331  738  0.035699
331  777  0.0314959
331  778  0.23264
332  777  0.231501
334  774  0.201452
335  377  0.0211365
335  773  0.270113
336  376  0.0208162
336  772  0.277788
336  934  0.0350136
337  771  0.278132
337  933  0.0360357
338  766  0.0199468
338  770  0.227238
338  791  0.0133028
338  932  0.0350847
339  739  0.332572
339  765  0.0342952
339  790  0.0184196
340  375  0.445556
340  738  0.320975
340  764  0.0335322
340  789  0.017915
341  374  0.714864
341  737  0.107232
341  763  0.0175638
341  929  0.0371055
342  373  0.937556
342  928  0.0388088
343  372  0.953356
343  927  0.0389592
344  371  0.953065
344  926  0.0388253
345  370  0.953316
345  925  0.0383598
346  369  0.875395
348  366  0.989617
349  365  0.995508
350  364  0.995165
351  362  0.42433
351  363  0.570909
352  361  0.845351
353  360  0.826717
354  359  0.692818
354  360  0.0358412
375  737  0.198535
375  788  0.0128616
375  923  0.052099
376  736  0.46989
376  787  0.0204907
376  857  0.0207854
376  922  0.0974915
377  735  0.470066
377  786  0.0207538
377  856  0.0207906
377  921  0.0975276
378  734  0.469797
378  785  0.0207462
378  855  0.0164138
378  920  0.0973218
379  733  0.469949
379  736  0.333138
379  784  0.0207462
379  919  0.0973848
380  732  0.469755
380  735  0.333794
380  783  0.020738
380  918  0.097478
381  734  0.333869
381  782  0.0103883
381  917  0.0936303
382  702  0.0638694
382  731  0.111152
382  733  0.334147
382  752  0.0214681
382  915  0.0760476
383  701  0.0638334
383  730  0.104148
383  732  0.333684
383  751  0.0215106
383  914  0.075928
384  700  0.0625737
384  731  0.328605
384  750  0.0215381
384  913  0.0750476
385  699  0.0548094
385  749  0.0204245
386  554  0.642093
387  553  0.908894
387  697  0.0474358
388  552  0.933668
388  696  0.0481175
389  551  0.942807
389  695  0.0480922
390  550  0.941534
390  694  0.0479487
391  549  0.911513
391  693  0.046743
392  692  0.038071
393  547  0.933487
393  691  0.0304968
394  546  0.942255
394  664  0.0389953
395  545  0.93543
395  663  0.039138
396  662  0.0389286
397  661  0.0382641
399  541  0.939004
400  540  0.942807
401  539  0.942627
402  538  0.942791
402  659  0.0483058
403  537  0.894542
403  658  0.0565103
404  535  0.224072
404  537  0.0412135
404  657  0.0565667
405  534  0.18139
405  536  0.0817058
405  656  0.0565527
406  534  0.0440841
406  655  0.0565386
407  532  0.0119549
407  534  0.549307
407  654  0.0565082
408  533  0.534608
408  653  0.054734
409  652  0.0517102
410  430  0.99881
411  429  0.999295
412  428  0.999777
413  427  0.21328
414  426  0.113156
415  425  0.903819
416  424  0.999138
417  423  0.992419
433  650  0.0212308
434  532  0.909767
434  556  0.015561
434  649  0.0227178
435  531  0.935173
435  555  0.0186315
435  646  0.0129783
435  648  0.0213327
436  530  0.938421
436  554  0.0270314
436  645  0.0172401
437  529  0.94109
437  553  0.0291321
437  644  0.0179395
438  528  0.940256
438  552  0.0290902
438  643  0.0181275
439  527  0.941074
439  551  0.0285772
439  642  0.018131
440  526  0.941072
440  641  0.0180917
441  525  0.938464
441  546  0.0513974
442  524  0.938559
442  545  0.0516382
443  523  0.933965
443  544  0.0517024
444  461  0.0140405
444  522  0.835345
444  543  0.0468718
445  460  0.0222286
445  521  0.831147
445  542  0.0506155
446  459  0.0222683
446  520  0.913479
446  541  0.0562977
447  458  0.0233148
447  470  0.0420069
447  471  0.011414
447  540  0.0563059
448  457  0.0233048
448  469  0.0501359
448  539  0.0562489
449  456  0.0232061
449  538  0.0557251
450  455  0.0223871
450  467  0.581876
450  471  0.239313
450  537  0.0545532
451  466  0.583869
451  470  0.244133
452  465  0.315375
452  469  0.245588
452  534  0.0335672
452  536  0.0131241
453  464  0.316228
453  467  0.169869
453  468  0.162698
453  533  0.0425985
453  535  0.0130046
454  463  0.584556
454  466  0.173857
454  467  0.16017
454  533  0.0131677
455  462  0.584069
455  465  0.334256
455  531  0.0496525
456  461  0.52087
456  464  0.334075
456  530  0.0562331
457  463  0.334087
457  529  0.0562682
458  462  0.271143
458  528  0.0562692
459  527  0.0562649
460  526  0.0561864
464  523  0.0154151
465  522  0.0161044
467  520  0.075598
468  519  0.362089
469  518  0.418969
470  517  0.380577
471  516  0.383232
471  517  0.205702
471  519  0.0725652
472  515  0.38199
472  516  0.220304
472  517  0.384052
473  514  0.231077
473  515  0.201283
473  516  0.388611
474  514  0.277981
474  515  0.411139
475  512  0.119071
476  511  0.0992205
476  513  0.84227
477  512  0.852931
478  511  0.851908
480  510  0.989723
481  509  0.991699
482  508  0.758251
484  506  0.76369
485  505  0.998163
486  504  0.997874
487  503  0.618139
489  501  0.997908
490  500  0.998535
491  499  0.997589
492  498  0.994064
493  497  0.417103
553  729  0.0338015
554  728  0.207008
555  699  0.0544497
555  727  0.597412
555  731  0.0157847
555  745  0.0158472
556  645  0.226156
556  698  0.0848264
556  726  0.58722
556  744  0.0211844
557  644  0.230284
557  697  0.0849694
557  725  0.585968
557  743  0.0212092
558  643  0.233318
558  696  0.082713
558  724  0.538733
558  742  0.0211681
559  642  0.226666
559  644  0.0400638
559  722  0.0100936
559  741  0.0206954
560  641  0.177744
560  643  0.0530337
560  740  0.0174331
561  640  0.0280211
562  641  0.331195
563  640  0.852236
564  639  0.98711
565  638  0.989013
566  637  0.989524
567  636  0.989048
568  635  0.986761
569  634  0.974178
570  633  0.923184
571  577  0.0129542
572  581  0.0622875
573  580  0.0643391
573  623  0.0704185
573  630  0.0595417
574  580  0.0195703
574  622  0.0720343
575  620  0.0579931
576  619  0.0614155
577  617  0.100389
577  618  0.0310007
577  624  0.040066
577  632  0.103911
578  616  0.142136
578  623  0.0419996
579  615  0.14897
579  622  0.0423633
579  630  0.646832
580  614  0.150059
580  621  0.0422081
580  629  0.679619
581  613  0.150006
581  620  0.039949
581  628  0.679256
582  627  0.672866
582  629  0.106517
583  611  0.149622
583  624  0.0102108
583  628  0.105586
584  610  0.150045
584  623  0.0106448
584  626  0.0183461
585  609  0.0414807
585  619  0.0266268
585  622  0.0107726
585  626  0.65244
586  608  0.0415054
586  618  0.0399442
586  621  0.0115168
586  625  0.774793
587  607  0.150082
587  617  0.0408059
587  620  0.0110629
587  624  0.782865
588  606  0.149016
588  616  0.0408177
588  623  0.783603
589  615  0.0405396
589  622  0.7801
590  603  0.12631
590  619  0.648639
591  602  0.135056
591  618  0.75582
591  621  0.0226365
592  599  0.0296221
592  617  0.76642
592  620  0.0210486
593  598  0.0284029
593  601  0.154841
593  616  0.768829
594  600  0.153588
594  615  0.752614
595  599  0.0696776
595  617  0.0123712
596  616  0.0120821
599  615  0.0314697
600  614  0.819692
601  613  0.830156
602  612  0.833534
603  611  0.832847
604  610  0.830495
605  609  0.711565
621  630  0.0231865
622  629  0.0334771
622  632  0.0154675
623  628  0.0217352
623  631  0.022482
624  630  0.017132
641  652  0.0640424
641  653  0.0130688
641  695  0.193637
641  733  0.0107803
641  736  0.0129645
642  651  0.109805
642  694  0.194709
642  735  0.0129835
643  650  0.114438
643  693  0.19502
643  734  0.0124181
644  649  0.112394
644  692  0.194925
644  704  0.0107885
644  730  0.0150905
645  691  0.19522
645  703  0.0113995
645  729  0.0157655
645  732  0.0128129
646  690  0.195411
646  702  0.0114308
646  727  0.108915
646  731  0.0208681
647  689  0.195168
647  701  0.0110943
647  730  0.0193752
648  688  0.192697
648  726  0.189243
649  687  0.126056
649  725  0.192142
650  724  0.191719
653  686  0.192606
654  685  0.194973
654  720  0.658351
655  684  0.194838
655  719  0.660127
656  683  0.181955
656  718  0.659924
657  717  0.659558
658  665  0.0175623
658  681  0.0317175
658  696  0.0152128
658  715  0.647179
659  664  0.0323277
659  695  0.0254919
659  714  0.644962
660  694  0.0255484
660  712  0.0624376
660  713  0.552146
661  693  0.0256021
661  707  0.116086
661  709  0.0152253
661  710  0.0174904
661  711  0.119888
662  692  0.0129613
662  705  0.484033
662  706  0.0806865
663  692  0.0161543
663  704  0.606754
663  705  0.0407732
664  677  0.0211566
664  691  0.0343258
664  703  0.654158
665  672  0.154039
665  676  0.0218274
665  678  0.0460466
665  690  0.0701465
665  702  0.655894
666  671  0.153647
666  677  0.0460829
666  689  0.0701702
666  701  0.654701
667  675  0.0224155
667  676  0.0441809
667  688  0.0703624
667  700  0.644524
668  674  0.0212973
668  687  0.0691218
668  699  0.589807
669  673  0.0106721
672  696  0.0368487
673  694  0.0232258
674  682  0.0272116
674  694  0.0108302
675  692  0.6567
676  681  0.215184
676  691  0.658602
677  690  0.660085
678  689  0.649069
679  710  0.0207412
680  687  0.0427338
680  709  0.0258089
681  685  0.0181318
681  688  0.244192
681  708  0.0279488
682  687  0.186213
682  707  0.0278132
683  706  0.0235325
685  703  0.0152678
686  702  0.015756
687  701  0.0151416
687  704  0.0129337
688  703  0.0130351
689  702  0.0128012
691  698  0.0268323
692  697  0.0264517
700  717  0.0537881
701  716  0.0732725
702  715  0.0750096
703  708  0.0105184
703  714  0.071406
706  711  0.0773423
707  712  0.0137866
714  910  0.0967502
715  727  0.0108164
715  733  0.013211
715  909  0.101053
716  732  0.0132473
716  908  0.10096
717  725  0.02103
717  731  0.0401489
717  907  0.10086
718  724  0.0210831
718  730  0.040245
718  906  0.0922194
719  723  0.0181263
719  729  0.0363858
724  900  0.106337
725  899  0.109039
726  898  0.109057
727  897  0.109021
728  896  0.107132
729  878  0.0106311
729  895  0.105779
730  877  0.0107945
732  875  0.107883
733  874  0.107943
734  873  0.0495559
735  872  0.0496975
736  871  0.107788
737  852  0.0145357
737  870  0.0803692
738  811  0.0118325
738  851  0.016011
739  810  0.0118956
739  850  0.016003
740  761  0.760724
740  808  0.0761037
741  760  0.763316
741  807  0.0771651
742  759  0.763949
742  806  0.0772465
743  758  0.763332
743  805  0.0771827
744  757  0.754966
744  804  0.0768402
746  753  0.17981
747  752  0.17494
747  755  0.442844
747  802  0.0327862
748  754  0.406005
748  801  0.0326266
749  753  0.235939
749  800  0.0317925
750  786  0.0149489
750  799  0.0310494
751  785  0.0165535
751  798  0.0211694
752  783  0.0674597
752  797  0.0164727
753  782  0.101297
754  781  0.11212
755  780  0.112325
756  969  0.0289025
757  765  0.0186954
757  778  0.113955
757  790  0.0153448
757  968  0.0322681
758  764  0.0185885
758  777  0.113846
758  789  0.0154152
758  967  0.0322656
759  788  0.0154139
759  966  0.0320521
760  776  0.0159031
760  787  0.0154113
760  965  0.0280049
761  786  0.0153628
763  773  0.131544
764  772  0.139108
765  771  0.137512
766  961  0.210025
767  960  0.359727
768  849  0.025104
768  867  0.0710432
768  959  0.396277
769  848  0.0251419
769  866  0.0712282
769  958  0.396322
770  847  0.0251451
770  865  0.0710984
770  957  0.395638
771  778  0.011431
771  846  0.0251707
771  864  0.0705701
771  956  0.394282
772  777  0.0108066
772  845  0.0251305
772  863  0.0696248
772  955  0.390257
773  954  0.375885
774  953  0.362264
775  842  0.0237347
775  951  0.327418
776  812  0.0639852
776  841  0.010084
776  950  0.330248
777  811  0.0671997
777  949  0.330758
778  810  0.0672004
778  839  0.0246383
778  948  0.324295
778  954  0.0117096
779  810  0.029666
779  838  0.0246782
779  953  0.0162299
780  808  0.0650137
780  809  0.0132024
780  837  0.0248834
780  860  0.244501
780  952  0.0171983
781  836  0.0241769
781  859  0.249984
781  951  0.0171136
782  807  0.230084
782  835  0.0148009
782  858  0.251817
782  950  0.0170822
783  806  0.268869
783  857  0.252597
784  805  0.271868
784  856  0.252514
784  949  0.0160225
785  804  0.27221
785  948  0.0159721
786  803  0.290314
786  854  0.25019
786  947  0.0159317
787  853  0.250499
788  798  0.0130721
788  801  0.319832
788  852  0.250231
789  797  0.0157371
789  800  0.32858
789  851  0.247302
789  946  0.0176228
790  796  0.0154146
790  799  0.32869
790  850  0.205332
790  945  0.0192242
791  944  0.0193151
792  797  0.341948
792  943  0.0213902
793  942  0.0214043
794  941  0.0214581
795  850  0.0451083
795  940  0.0214491
796  849  0.224155
797  848  0.225527
798  847  0.235609
799  846  0.238905
800  845  0.238638
802  839  0.235413
803  838  0.235725
804  837  0.23493
805  832  0.0112504
805  836  0.231322
806  831  0.0114339
806  835  0.23023
807  830  0.0117834
807  834  0.210228
808  831  0.0910197
809  829  0.259937
809  865  0.202005
810  828  0.28121
810  864  0.28229
811  827  0.280699
811  863  0.282416
811  959  0.0446876
812  862  0.281791
812  958  0.044736
813  861  0.275485
814  824  0.307627
814  828  0.0120907
814  860  0.253085
814  956  0.152833
815  823  0.515585
815  827  0.0129952
815  859  0.0190302
815  947  0.173861
815  955  0.153103
816  822  0.509971
816  825  0.0117445
816  946  0.174404
816  954  0.153073
817  945  0.0875032
817  953  0.135036
818  826  0.0427083
818  944  0.0863624
818  950  0.102462
819  825  0.0466694
819  943  0.172797
819  949  0.105535
820  941  0.0543908
820  942  0.106317
820  949  0.0524999
821  940  0.104703
821  948  0.167808
822  947  0.176341
823  940  0.0423205
823  946  0.176074
824  939  0.0373652
824  945  0.118309
825  860  0.0125033
827  944  0.157607
828  943  0.157934
829  859  0.410464
830  858  0.631727
831  857  0.703041
832  856  0.702442
834  853  0.651813
835  852  0.710252
836  851  0.713069
837  850  0.716192
838  849  0.722395
839  848  0.721506
840  847  0.72152
841  846  0.67871
859  941  0.0361282
860  940  0.0420673
861  936  0.429257
861  939  0.0323552
862  935  0.573042
863  934  0.588443
864  933  0.58856
865  932  0.571621
866  928  0.36776
866  931  0.216476
867  927  0.519566
867  931  0.0157871
868  918  0.0186829
868  926  0.4973
868  929  0.01978
868  930  0.0148226
869  917  0.143281
870  916  0.205483
870  923  0.556952
870  926  0.0613442
871  915  0.22366
871  922  0.563502
871  925  0.0623716
872  914  0.223593
872  921  0.120066
872  924  0.045361
873  913  0.223209
873  920  0.0638175
874  919  0.509978
874  922  0.0622364
875  918  0.563794
875  921  0.0622882
876  917  0.555368
876  920  0.025788
877  892  0.0626953
877  911  0.207027
877  912  0.0261184
877  916  0.424781
878  891  0.0661435
878  910  0.221365
879  910  0.43576
879  914  0.0232205
879  916  0.0129858
880  887  0.0911455
880  909  0.846468
880  915  0.0160209
881  886  0.089428
881  908  0.85182
882  907  0.861563
882  913  0.0170333
883  906  0.85841
883  912  0.0170825
884  905  0.830464
884  911  0.0170541
886  900  0.858155
886  909  0.0170327
887  899  0.862695
887  908  0.0170285
888  898  0.848502
889  897  0.830355
889  898  0.0149621
889  906  0.0156679
890  897  0.0136174
890  905  0.0152121
891  895  0.0229397
908  922  0.0101755
909  921  0.0101791
910  915  0.0415257
911  920  0.0375903
912  919  0.0548282
913  918  0.0590923
932  969  0.0241997
933  968  0.052178
934  967  0.0522021
939  965  0.316431
940  964  0.424357
941  963  0.424129
942  962  0.419322
945  959  0.435651
946  958  0.436102
947  957  0.436589
948  956  0.436588
949  955  0.420236
