2  445  0.0212345
2  453  0.0366265
3  444  0.0243335
3  451  0.0136272
3  452  0.0756431
3  468  0.0276933
4  443  0.0236541
4  451  0.0784319
5  449  0.788413
6  441  0.04246
6  448  0.844974
6  453  0.0272392
6  470  0.0152998
7  440  0.0424027
7  443  0.0165444
7  447  0.842408
7  452  0.0263355
7  469  0.0107804
8  439  0.0407411
8  442  0.0266568
8  446  0.833071
9  438  0.0332002
9  441  0.029912
9  445  0.821662
9  448  0.0349529
10  329  0.0122569
10  440  0.0319852
10  443  0.0548413
10  444  0.682939
10  447  0.0391187
11  328  0.0414571
11  368  0.062894
11  369  0.0103845
11  438  0.0610004
11  439  0.0315135
11  442  0.106245
11  446  0.0402377
12  327  0.0490706
12  367  0.0228104
12  368  0.0133036
12  437  0.0758578
12  438  0.0280193
12  441  0.101104
12  442  0.151466
12  445  0.0413136
13  331  0.0185879
13  366  0.0231557
13  440  0.0463917
13  444  0.0411232
14  330  0.0185866
14  365  0.0629233
14  366  0.0106336
14  435  0.0993934
14  440  0.0947218
14  443  0.0376234
15  24  0.0403381
15  27  0.0756647
15  329  0.0128658
15  434  0.103617
16  23  0.0463439
16  26  0.0867389
16  324  0.729592
16  433  0.105132
17  22  0.0470022
17  25  0.0864024
17  323  0.730068
17  432  0.104976
18  322  0.638874
21  298  0.708606
22  297  0.744939
22  370  0.0240393
22  405  0.0382816
23  296  0.744016
23  369  0.0237155
23  376  0.0101945
23  404  0.0383041
24  295  0.742784
24  368  0.0223878
24  375  0.0104349
24  403  0.0383062
25  294  0.740177
25  374  0.0110695
25  402  0.0383393
26  293  0.739921
26  373  0.0110694
26  401  0.0383278
27  241  0.0204461
27  256  0.022049
27  292  0.625804
27  400  0.0348533
28  240  0.030007
28  255  0.0435957
28  288  0.0345589
28  399  0.0249299
29  239  0.0270753
29  254  0.0452315
29  287  0.0355559
30  238  0.022122
30  239  0.149045
30  253  0.0171998
30  286  0.0349913
31  237  0.0170958
31  238  0.17319
31  284  0.0331831
31  334  0.168716
32  237  0.178318
32  283  0.033172
32  333  0.172041
33  236  0.181496
33  260  0.0803454
33  282  0.029929
33  332  0.172801
34  45  0.596449
34  235  0.180164
34  281  0.0270933
34  331  0.17276
35  44  0.601176
35  330  0.16545
36  43  0.603
36  228  0.034357
36  234  0.176604
36  325  0.0135468
37  42  0.594404
37  227  0.036195
37  233  0.176734
37  240  0.0148409
37  324  0.0136441
38  226  0.0363358
38  232  0.176387
38  239  0.0158392
38  323  0.0136373
39  226  0.14576
39  238  0.0157913
39  326  0.140274
40  225  0.213183
40  237  0.0157482
40  325  0.145988
41  224  0.225995
41  236  0.0120798
41  324  0.145951
42  223  0.226015
42  323  0.145844
43  222  0.226181
43  235  0.0110314
43  297  0.0168062
43  321  0.116089
44  221  0.226131
44  296  0.0165633
44  320  0.115856
45  220  0.22616
45  234  0.0196897
45  319  0.114757
46  219  0.199822
46  233  0.140929
46  258  0.436003
46  290  0.118547
46  294  0.0194615
47  232  0.140572
47  257  0.436242
47  289  0.0599628
47  293  0.0193916
48  139  0.211449
48  256  0.43629
48  289  0.0769495
49  138  0.213361
49  230  0.136672
49  255  0.435994
49  288  0.135658
50  137  0.213608
50  229  0.142852
50  254  0.435402
50  287  0.135596
51  136  0.213216
51  228  0.14263
51  253  0.435431
51  286  0.136085
51  289  0.0335742
52  131  0.212514
52  227  0.141835
52  240  0.0219591
52  252  0.398142
52  285  0.136048
52  288  0.0355855
53  130  0.220115
53  226  0.140768
53  238  0.0119066
53  239  0.0239644
53  251  0.392488
53  284  0.136106
53  287  0.0357291
54  129  0.21938
54  139  0.0101728
54  225  0.125143
54  228  0.355582
54  237  0.0121696
54  238  0.0239402
54  283  0.13576
54  286  0.0357271
55  126  0.204453
55  138  0.0109688
55  227  0.376279
55  236  0.011658
55  282  0.119128
55  285  0.0356973
56  125  0.22332
56  137  0.0110933
56  221  0.0124447
56  226  0.379315
56  284  0.0356391
57  124  0.231726
57  136  0.0110971
57  220  0.0130146
57  223  0.0166386
57  225  0.403384
57  280  0.0303941
57  283  0.0356373
58  123  0.22567
58  219  0.0115112
58  222  0.0166286
58  224  0.469244
58  235  0.0495462
58  279  0.0261701
58  281  0.0895457
58  282  0.0225252
59  220  0.0177084
59  223  0.469409
59  234  0.0496916
59  280  0.0903442
60  120  0.362834
60  219  0.0118276
60  222  0.362209
60  233  0.0497061
60  278  0.0240196
60  279  0.0736107
60  281  0.0280599
61  119  0.526908
61  220  0.226596
61  232  0.0496586
61  277  0.0927844
61  280  0.0280641
62  69  0.0158736
62  72  0.0151258
62  118  0.611891
62  144  0.0331044
62  219  0.160697
62  231  0.011574
62  276  0.0786294
62  279  0.0161149
63  68  0.010444
63  71  0.0147332
63  117  0.612359
63  142  0.0343496
63  143  0.0270954
63  218  0.120861
63  275  0.066033
64  70  0.0123336
64  116  0.612931
64  141  0.0629779
64  142  0.0209153
64  273  0.0387018
65  115  0.61495
65  140  0.0747302
65  141  0.0134643
65  272  0.0392686
66  114  0.614922
66  139  0.0812739
66  158  0.0127025
66  271  0.0400882
66  277  0.011593
67  113  0.235187
67  138  0.0761905
67  156  0.0151103
67  270  0.0331528
68  155  0.0230746
68  213  0.0108674
68  269  0.0229273
69  136  0.0336865
69  139  0.0240112
69  154  0.0283803
69  212  0.0112116
70  138  0.0240361
70  153  0.0283551
70  246  0.0635118
71  152  0.0283121
71  245  0.0825716
72  97  0.0644772
72  136  0.0445484
72  151  0.028233
72  244  0.0864799
73  96  0.0643943
73  134  0.0397962
73  135  0.0385816
73  141  0.0286562
73  243  0.0582197
74  95  0.0626433
74  133  0.0514733
74  134  0.0318662
74  140  0.0366837
75  82  0.0111444
75  94  0.0569191
75  132  0.0587295
75  133  0.0238174
75  139  0.037709
75  241  0.0825937
76  131  0.0648283
76  138  0.0379648
76  240  0.0866908
77  83  0.032704
77  107  0.13021
77  130  0.0632873
77  137  0.0380322
77  239  0.0862976
78  82  0.0304288
78  106  0.14082
78  129  0.0565931
78  136  0.0378037
78  238  0.0857249
79  105  0.141614
80  104  0.14121
81  96  0.204606
81  102  0.0240635
81  103  0.121307
81  128  0.0625282
82  101  0.0437042
82  127  0.0682353
82  279  0.0258087
83  126  0.0679739
83  278  0.0259356
84  93  0.63032
84  100  0.0346921
84  125  0.0670043
84  277  0.025952
85  92  0.634062
85  99  0.0229135
85  246  0.0112289
85  276  0.0187032
86  91  0.630969
86  99  0.134584
86  131  0.0568612
86  245  0.0340684
87  94  0.0415145
87  98  0.158606
87  130  0.0593483
87  244  0.035752
88  93  0.0406925
88  97  0.159491
88  129  0.0594256
88  243  0.0357781
89  96  0.153483
89  121  0.0359518
89  128  0.0593893
89  241  0.0358442
90  120  0.0413388
90  127  0.0572064
90  240  0.0359261
91  119  0.0414515
91  125  0.0580008
91  239  0.0359719
92  124  0.0573622
92  238  0.034152
93  118  0.0142134
93  123  0.0541343
94  122  0.0431415
97  113  0.439889
97  236  0.120117
98  112  0.678431
98  235  0.140505
99  111  0.681151
99  234  0.140817
100  110  0.686983
100  233  0.141906
101  109  0.681719
101  232  0.141914
102  231  0.141706
103  230  0.141383
104  229  0.140882
105  228  0.137447
106  227  0.0225679
108  225  0.135342
109  127  0.0226418
109  131  0.0128008
109  163  0.0478353
109  224  0.135095
110  130  0.0131863
110  162  0.048025
110  223  0.134954
111  126  0.103511
111  161  0.0511575
112  125  0.120217
112  129  0.0243423
112  160  0.0517886
113  124  0.122112
113  128  0.0248023
113  159  0.0503941
113  220  0.0144737
114  123  0.129108
114  127  0.0250356
114  219  0.0163428
115  122  0.101435
115  126  0.0202608
115  157  0.0516784
116  156  0.0517557
117  155  0.0518984
118  124  0.019273
118  154  0.0519409
119  123  0.0125403
119  153  0.0482818
119  219  0.0122169
120  214  0.226583
120  218  0.0108126
121  131  0.0145983
121  213  0.316297
122  130  0.0155499
122  212  0.327198
122  221  0.020406
123  129  0.0157228
123  151  0.0506977
123  211  0.335192
123  220  0.0220821
124  150  0.0513756
124  210  0.336798
124  219  0.0213058
125  138  0.0103263
125  149  0.0513446
125  209  0.335249
125  222  0.0405542
126  137  0.0118625
126  148  0.0484299
126  167  0.0673029
126  208  0.223483
126  221  0.041021
127  136  0.0121062
127  166  0.32496
127  220  0.0411037
128  165  0.329353
129  150  0.143427
129  164  0.330344
130  144  0.033505
130  149  0.143675
130  163  0.330355
131  143  0.0278145
131  148  0.142771
131  162  0.327875
132  147  0.116602
132  161  0.267621
133  146  0.0792253
135  157  0.0358191
136  144  0.0221272
136  147  0.278141
136  156  0.0367098
136  157  0.010729
137  146  0.318174
137  155  0.0366886
137  156  0.010291
138  143  0.0391698
138  145  0.346084
138  154  0.0242815
139  144  0.332109
139  153  0.010143
140  152  0.0169619
141  157  0.0226339
142  153  0.0324897
142  156  0.0239911
142  246  0.0100907
143  152  0.0363296
143  155  0.0251028
143  245  0.0106949
144  151  0.0378602
144  154  0.0256453
144  244  0.0108423
145  153  0.0243396
145  230  0.031389
146  215  0.309034
146  229  0.0435342
147  214  0.375816
147  228  0.0452706
148  161  0.0265821
148  213  0.392261
148  227  0.0460141
149  159  0.208133
149  160  0.0414073
149  212  0.39358
149  226  0.0461899
150  158  0.208729
150  159  0.0408271
150  211  0.393552
150  225  0.0460024
151  157  0.196465
151  210  0.382141
151  219  0.0118876
151  222  0.0866728
151  224  0.0452426
151  297  0.0109918
152  221  0.0872509
152  223  0.0257943
152  296  0.0109841
153  220  0.0886191
153  223  0.0186694
153  295  0.0109831
154  209  0.345089
154  217  0.0107167
154  219  0.0894879
154  222  0.0375787
154  294  0.0109927
155  207  0.0339949
155  208  0.347556
155  216  0.0109988
155  218  0.083366
155  221  0.0339825
155  293  0.0108992
156  206  0.035469
156  207  0.345343
156  212  0.0185247
156  215  0.0115207
156  220  0.028907
156  292  0.0100103
157  205  0.035863
157  206  0.33613
157  211  0.0277497
157  212  0.0166481
157  214  0.0105266
157  216  0.0141057
157  218  0.0149253
158  204  0.0317401
158  210  0.0350932
158  217  0.0188173
158  219  0.0112174
159  171  0.0117068
159  203  0.0195374
159  209  0.0350694
159  210  0.0322375
160  170  0.0117159
160  197  0.0543077
160  204  0.0223921
160  209  0.032373
161  196  0.0228769
161  205  0.0101718
161  208  0.0294674
161  214  0.0660641
162  195  0.0230403
162  203  0.441503
162  213  0.0693002
163  167  0.0104036
163  194  0.0545689
163  202  0.438293
163  212  0.0679042
164  193  0.0545979
164  201  0.43517
164  202  0.0528886
164  211  0.0664193
164  212  0.0212131
165  192  0.054446
165  201  0.0244372
165  211  0.0243726
166  191  0.0541077
166  199  0.0304478
166  200  0.381448
166  210  0.0836471
167  197  0.113354
167  199  0.437767
167  209  0.08364
168  189  0.0538987
168  196  0.0476819
168  198  0.438769
168  208  0.0753634
169  188  0.0541921
169  195  0.0481043
169  197  0.439201
169  203  0.366521
170  187  0.0541789
170  194  0.114093
170  196  0.43793
170  202  0.3679
171  186  0.0540724
171  193  0.114185
171  194  0.385962
171  201  0.367803
172  192  0.0926066
172  193  0.381101
173  195  0.0143806
174  183  0.0133552
174  194  0.0153008
174  198  0.35352
175  182  0.0134544
175  197  0.359505
176  185  0.0341021
176  195  0.260687
177  184  0.0385163
177  191  0.54206
177  195  0.0319057
178  183  0.0374762
178  190  0.542406
178  193  0.348171
178  194  0.0375836
179  189  0.541466
179  192  0.367587
179  193  0.0186795
180  188  0.542445
180  191  0.389648
180  288  0.0119038
181  187  0.542187
181  190  0.38968
181  287  0.0120488
182  186  0.335803
182  189  0.389586
182  286  0.0120633
183  188  0.383955
183  285  0.0120707
184  284  0.012083
187  281  0.0121046
188  280  0.0121043
189  279  0.0120992
190  278  0.0120854
191  277  0.012086
194  242  0.0134955
195  241  0.0135406
196  240  0.013543
197  239  0.0135478
198  213  0.0615267
199  212  0.0679188
199  238  0.0130407
200  211  0.0679534
201  210  0.0769027
202  209  0.0723542
202  235  0.0130769
203  234  0.0130635
204  232  0.0100898
208  227  0.0179846
209  226  0.0187785
210  225  0.0187982
211  224  0.0187142
212  222  0.0178993
213  221  0.0161592
219  243  0.0173097
220  242  0.0179663
221  240  0.0209371
222  239  0.0211477
224  237  0.0230087
225  236  0.0252191
226  235  0.0258292
226  281  0.0101106
227  234  0.0256441
227  280  0.01032
228  233  0.02307
228  250  0.0165896
228  279  0.0120147
229  249  0.0186472
229  278  0.0117824
230  247  0.0106781
231  247  0.0201877
231  308  0.0103507
232  246  0.0232621
232  281  0.0114304
232  307  0.0113123
233  280  0.0117068
233  306  0.0113173
234  245  0.334285
234  305  0.0113202
235  244  0.361426
235  304  0.0113205
235  318  0.119666
236  243  0.361145
236  317  0.120756
237  242  0.355471
237  250  0.0461801
237  265  0.0163038
237  316  0.121165
238  249  0.0288381
238  264  0.0163243
238  301  0.0113177
238  315  0.121172
239  248  0.0290589
239  263  0.0163238
239  300  0.0112841
239  314  0.12115
240  247  0.0461783
240  253  0.0702227
240  262  0.016224
240  299  0.0107943
240  313  0.120287
241  246  0.0362863
241  252  0.132026
241  261  0.0138553
241  278  0.017143
241  311  0.0345937
241  312  0.0702634
242  251  0.140079
242  277  0.0197621
242  283  0.0144226
242  310  0.0691297
242  430  0.0287442
243  250  0.141993
243  276  0.0138515
243  279  0.0171781
243  282  0.0152174
243  309  0.0339351
243  429  0.0368559
244  249  0.124298
244  258  0.0184412
244  281  0.0153125
244  428  0.0367788
245  257  0.0167342
245  280  0.0146151
245  427  0.0349647
246  256  0.0166607
246  275  0.236116
246  426  0.0249689
247  255  0.0183837
247  274  0.357232
248  254  0.0173616
248  273  0.384519
249  272  0.400929
250  271  0.403661
251  270  0.381204
253  268  0.285324
254  267  0.422521
255  266  0.422446
256  264  0.039386
256  265  0.386322
257  263  0.0771606
257  264  0.315322
257  290  0.0841749
258  262  0.0922175
258  289  0.0847974
259  288  0.0848087
260  287  0.0846514
261  286  0.0397802
261  291  0.357429
262  285  0.0399324
262  290  0.458961
263  284  0.0827083
263  289  0.459043
264  283  0.0773239
264  287  0.459656
265  286  0.459768
266  278  0.0183836
266  285  0.459709
267  277  0.0188677
267  280  0.0144103
267  284  0.459268
268  283  0.446944
270  280  0.383024
271  279  0.473479
272  278  0.383514
273  311  0.0148248
274  310  0.0237239
275  309  0.046493
276  308  0.0960842
276  403  0.0202018
276  406  0.0113293
277  307  0.111261
277  402  0.0240296
277  405  0.0136329
278  401  0.0240017
278  404  0.0135382
279  306  0.113333
279  400  0.0241346
280  305  0.120259
280  398  0.0596871
280  402  0.0145115
281  304  0.120003
281  397  0.0608266
281  401  0.0145246
282  303  0.117142
282  396  0.0589209
283  301  0.115647
284  300  0.116792
284  398  0.0143888
285  299  0.117255
285  394  0.0654542
286  393  0.0771758
287  297  0.117952
287  392  0.0773402
288  295  0.0324235
288  296  0.0864834
288  391  0.0773104
289  294  0.0621355
289  390  0.077345
290  389  0.0771537
292  387  0.075139
293  386  0.0758409
294  385  0.0758522
295  384  0.0402819
296  384  0.0343485
297  383  0.0686614
298  321  0.0296322
298  382  0.0653593
299  321  0.40693
300  319  0.852336
301  318  0.864503
302  317  0.864198
303  316  0.862405
304  315  0.860049
306  314  0.857762
307  313  0.854308
308  312  0.325207
323  374  0.0523214
324  373  0.0523113
325  331  0.0100552
327  444  0.0101296
328  440  0.0156106
328  443  0.0159645
329  369  0.148726
329  438  0.0297253
329  439  0.0168547
329  442  0.0168745
330  368  0.192483
330  437  0.035121
330  438  0.0138719
330  441  0.0137241
330  442  0.0571427
331  367  0.164001
331  436  0.0310964
331  441  0.0629483
332  367  0.402113
332  441  0.0212854
333  366  0.415268
333  434  0.0177056
333  440  0.0133363
333  468  0.0160959
334  365  0.418368
334  366  0.0140395
334  433  0.0243437
334  467  0.0160902
335  364  0.222468
335  432  0.0226125
335  466  0.0156215
336  364  0.641654
337  363  0.997651
338  362  0.99805
339  361  0.997022
340  360  0.995266
341  359  0.997817
342  358  0.345494
343  357  0.344562
344  356  0.996176
345  354  0.997673
346  353  0.992969
347  352  0.72027
365  464  0.0124242
366  463  0.0148734
367  462  0.0154863
368  461  0.014647
370  436  0.820928
371  435  0.830591
372  434  0.831147
373  431  0.0769077
373  433  0.832362
374  430  0.0770879
374  432  0.832188
375  429  0.0771747
375  431  0.815761
377  427  0.495084
378  426  0.51147
378  430  0.132634
379  405  0.022269
379  425  0.0514128
379  428  0.0439587
379  429  0.14485
382  426  0.0370208
383  405  0.504288
384  403  0.592039
384  404  0.252467
385  402  0.921645
386  401  0.921747
387  400  0.351646
388  399  0.351664
389  398  0.921867
390  397  0.910473
409  425  0.835182
410  424  0.992494
411  423  0.995689
412  422  0.997473
413  421  0.997421
414  420  0.98556
415  419  0.774605
432  458  0.0137709
433  457  0.0139162
434  456  0.0138711
435  455  0.0136336
438  452  0.0134
439  451  0.0135716
440  450  0.0135119
441  449  0.0112654
451  464  0.0202911
452  463  0.0234865
453  462  0.0242076
454  461  0.0189906
455  469  0.0585828
456  469  0.0440941
457  467  0.913978
457  468  0.0253626
458  466  0.941036
459  465  0.915311
