1  405  0.956179
2  404  0.963763
3  403  0.972282
4  402  0.958787
5  401  0.681788
6  396  0.0205427
6  398  0.524007
7  397  0.537639
7  399  0.281481
8  397  0.223384
9  393  0.894423
10  392  0.990961
11  391  0.991465
12  390  0.99092
13  389  0.991396
14  388  0.991097
15  383  0.0658812
15  386  0.0929664
15  387  0.725037
16  382  0.103997
17  87  0.0148752
17  170  0.129894
17  381  0.0974611
17  384  0.594383
18  86  0.0182957
18  169  0.130428
18  383  0.718981
19  85  0.0185797
19  168  0.13052
19  376  0.101752
19  382  0.721132
20  26  0.0133377
20  84  0.0107874
20  167  0.130592
20  375  0.106686
20  381  0.671755
21  25  0.0108393
21  166  0.130596
21  374  0.106744
22  165  0.130576
22  373  0.106677
23  30  0.0204958
23  38  0.0256162
23  83  0.0134992
23  164  0.129099
23  372  0.0388046
23  377  0.644799
24  29  0.0207837
24  37  0.0260755
24  82  0.0135402
24  163  0.128721
24  376  0.663457
25  36  0.0267776
25  61  0.120179
25  375  0.658415
26  35  0.0268213
26  60  0.119957
26  374  0.650681
27  59  0.0723574
27  373  0.0294047
28  33  0.0279828
28  59  0.0248617
28  373  0.625607
29  54  0.0826814
29  57  0.0908588
29  58  0.0222776
29  372  0.637883
30  53  0.082841
30  371  0.591983
31  52  0.0339959
31  56  0.147582
31  184  0.0218246
31  186  0.590868
31  381  0.0390693
32  52  0.0796721
32  55  0.14822
32  185  0.591241
32  380  0.0429666
33  51  0.11079
33  54  0.148171
33  183  0.34293
33  184  0.300379
33  379  0.0442415
34  53  0.127888
34  182  0.633389
34  378  0.0441723
35  49  0.276844
35  181  0.632818
35  377  0.0285681
36  48  0.282807
36  180  0.634022
36  376  0.0276604
37  47  0.290381
37  179  0.634303
37  375  0.0452103
38  46  0.290754
38  178  0.628322
38  374  0.0452218
39  45  0.288577
39  373  0.0452176
40  47  0.0119284
40  61  0.187343
40  176  0.415376
40  372  0.0233806
41  46  0.0113336
41  175  0.384635
41  371  0.0193964
42  60  0.308658
43  59  0.316089
44  58  0.31878
44  171  0.12013
45  57  0.319088
45  170  0.126303
45  171  0.184824
46  56  0.314127
46  170  0.197145
47  168  0.349203
48  54  0.282791
48  167  0.350047
49  166  0.332736
49  168  0.0225018
50  165  0.184917
51  165  0.078284
51  166  0.0443297
52  165  0.108213
53  164  0.345633
54  163  0.351338
55  162  0.112092
55  163  0.0305605
56  161  0.110588
56  162  0.379891
57  72  0.0117661
57  160  0.108663
57  161  0.38452
58  71  0.0119819
58  160  0.3858
59  68  0.0335163
59  70  0.0119214
59  158  0.0131766
59  159  0.45978
60  67  0.0353024
60  69  0.0113901
60  158  0.459119
61  66  0.0374964
61  156  0.0765359
61  157  0.372389
62  155  0.139513
62  171  0.0670193
63  68  0.0417599
63  69  0.0176952
63  78  0.026667
63  154  0.137695
63  167  0.185629
63  170  0.07669
63  372  0.076171
64  77  0.026803
64  153  0.033563
64  166  0.185354
64  169  0.0766614
64  371  0.0759778
65  76  0.026891
65  165  0.0209899
65  168  0.0765206
65  370  0.0721856
66  75  0.0277318
66  159  0.0187493
66  167  0.076506
66  193  0.0145946
66  369  0.0280364
67  74  0.020488
67  163  0.167031
67  166  0.072849
67  192  0.014731
68  162  0.204706
68  165  0.0585528
68  191  0.0147309
69  157  0.200321
69  161  0.205374
69  162  0.0105209
69  163  0.0450513
69  190  0.0136233
70  156  0.313474
70  160  0.205101
70  161  0.0105664
70  162  0.0447351
71  155  0.315717
72  154  0.313743
72  158  0.029491
72  159  0.0186844
75  91  0.925153
76  90  0.945982
77  89  0.949029
78  88  0.949846
79  87  0.948633
79  291  0.0102552
80  86  0.945771
80  290  0.0103525
81  85  0.810321
81  289  0.0103672
82  288  0.0103769
83  287  0.010373
84  286  0.0103463
87  284  0.010009
87  385  0.0117931
88  283  0.0100887
88  384  0.0191343
89  282  0.0100245
89  383  0.0264099
90  382  0.0275948
91  381  0.0289425
92  380  0.0285442
94  156  0.135228
94  378  0.0264097
95  155  0.148169
95  377  0.0283416
96  156  0.0114783
96  157  0.122222
96  376  0.0281698
97  153  0.790846
97  156  0.127271
98  152  0.840121
98  155  0.125486
98  275  0.0106028
99  151  0.849225
99  154  0.123886
99  274  0.0106204
100  150  0.849221
100  153  0.121994
100  273  0.0106037
101  149  0.857708
101  272  0.0105952
102  148  0.855315
102  271  0.0105296
103  146  0.0218328
103  150  0.10146
104  146  0.761839
104  149  0.101156
105  145  0.863032
105  203  0.0103627
106  144  0.862204
106  147  0.0973803
106  151  0.0102542
106  202  0.0103704
107  146  0.0999925
107  150  0.0102731
107  201  0.010367
108  149  0.0100528
109  141  0.808844
109  144  0.0921317
110  143  0.0900115
111  139  0.951564
111  142  0.0188519
112  138  0.985179
113  137  0.984938
114  136  0.985501
114  145  0.0139682
115  135  0.98549
115  144  0.0140065
116  134  0.985093
116  143  0.0139311
117  133  0.983375
118  132  0.982912
118  141  0.0142361
119  130  0.110009
119  131  0.810984
119  140  0.0143031
120  129  0.217042
120  139  0.0139777
121  128  0.186264
121  129  0.286135
122  128  0.285599
122  129  0.0312022
123  128  0.0344783
123  129  0.0440038
124  128  0.0265805
124  129  0.0156772
124  135  0.0143257
125  134  0.0145075
126  133  0.0145539
127  132  0.0143446
157  375  0.0373471
158  374  0.0377214
159  187  0.0547225
159  373  0.0378538
160  186  0.209606
161  185  0.213846
162  184  0.217711
163  183  0.218311
164  182  0.215442
165  181  0.215347
166  179  0.225876
167  178  0.226045
168  177  0.225898
174  378  0.0130471
174  385  0.0170774
175  377  0.0148559
175  384  0.0180869
177  376  0.0345764
177  382  0.0617525
178  375  0.0453064
178  381  0.0640838
179  374  0.04484
180  377  0.0109847
181  378  0.0603399
182  377  0.061943
183  374  0.0165585
183  376  0.0613009
184  373  0.0173061
184  374  0.0409309
185  371  0.0108863
185  373  0.0371876
185  374  0.0110372
186  373  0.0197866
187  369  0.928228
188  368  0.95828
189  367  0.963049
190  366  0.967422
191  365  0.96599
192  364  0.96715
193  363  0.96735
194  362  0.943727
196  360  0.839789
197  359  0.924018
198  358  0.920011
201  248  0.574215
202  247  0.572289
202  271  0.0103859
203  241  0.087395
203  271  0.0447498
205  240  0.955781
206  239  0.994969
207  238  0.998926
208  237  0.998968
209  236  0.998423
210  235  0.998936
211  234  0.998695
212  233  0.998971
213  232  0.998953
214  231  0.997508
215  229  0.0354675
215  230  0.741967
216  223  0.441463
217  222  0.430418
217  226  0.335747
218  225  0.325911
218  227  0.0237094
220  226  0.141479
221  225  0.0594459
225  230  0.0127715
247  357  0.110691
248  356  0.108026
250  270  0.986682
251  269  0.988008
252  268  0.988157
253  267  0.986668
255  265  0.988625
256  264  0.988898
257  263  0.987753
258  262  0.80167
271  357  0.0119283
274  356  0.843458
275  355  0.947791
276  354  0.980677
277  353  0.98043
278  352  0.980378
279  351  0.857414
283  316  0.840446
283  349  0.0116406
284  315  0.873734
285  314  0.826215
287  312  0.0107497
287  345  0.0175422
288  344  0.0175393
289  312  0.887482
290  311  0.97052
291  310  0.98325
292  309  0.985421
294  308  0.99715
295  307  0.998102
296  306  0.998012
297  305  0.990176
298  304  0.920704
315  343  0.0292763
316  342  0.0302143
317  341  0.0201342
318  340  0.0100844
318  341  0.0102331
319  340  0.0203535
319  347  0.950297
320  339  0.0304393
320  346  0.950725
321  338  0.0304485
321  345  0.950482
322  337  0.0295458
323  334  0.0232407
323  344  0.947033
324  333  0.0303535
324  343  0.948919
325  332  0.0291425
325  342  0.951182
326  341  0.943743
327  340  0.889033
328  339  0.85493
329  336  0.0103386
329  339  0.0161764
330  337  0.162628
330  338  0.311449
331  337  0.235814
331  340  0.0674544
332  339  0.0789981
333  338  0.0915732
394  399  0.0152725
403  419  0.0120894
404  418  0.0122566
405  417  0.0119073
406  419  0.0191329
407  417  0.0351269
408  416  0.0320341
410  418  0.0854382
411  417  0.0912773
411  419  0.0710221
412  418  0.0578646
