1  517  0.671519
2  516  0.765859
3  515  0.849051
4  514  0.847375
4  517  0.0227759
5  247  0.0186754
5  513  0.786551
5  516  0.024236
6  246  0.0195999
6  412  0.0382237
6  414  0.0117288
6  477  0.0126824
6  513  0.0504444
7  245  0.0184243
7  411  0.0400293
7  413  0.0132833
7  476  0.0125855
7  512  0.0916604
8  240  0.116961
8  244  0.0109674
8  410  0.0366085
8  412  0.0112245
9  239  0.152845
9  409  0.0286521
10  238  0.1602
10  410  0.0380214
11  237  0.161303
11  254  0.0625368
11  409  0.0489801
11  472  0.0563958
11  508  0.549513
12  236  0.163136
12  253  0.0879485
12  408  0.0515386
12  471  0.0748685
12  507  0.577053
13  235  0.163147
13  252  0.0730664
13  407  0.0506882
13  470  0.0748803
13  506  0.575956
14  234  0.162972
14  250  0.0596099
14  252  0.0657253
14  469  0.0748132
14  505  0.572482
15  215  0.176975
15  249  0.0720561
15  251  0.0973004
16  33  0.0140955
16  214  0.215131
16  237  0.0278088
16  248  0.074531
16  250  0.101893
16  421  0.23882
16  504  0.0744931
17  32  0.0149049
17  213  0.237561
17  236  0.0295155
17  249  0.104438
17  415  0.0622212
17  420  0.301839
17  499  0.0107601
17  502  0.0127914
18  31  0.0148535
18  212  0.237574
18  235  0.029519
18  247  0.170794
18  248  0.0998443
18  414  0.0568642
18  419  0.302546
18  498  0.014752
18  501  0.0128144
19  211  0.237433
19  234  0.0294862
19  246  0.176268
19  247  0.0948749
19  412  0.048573
19  418  0.302521
19  497  0.0147469
20  29  0.0107542
20  209  0.131036
20  245  0.175032
20  411  0.0444346
20  413  0.0120686
20  417  0.278223
20  496  0.0107077
21  28  0.01075
21  165  0.0252091
21  208  0.129793
21  244  0.153008
21  410  0.0297613
21  412  0.0119846
21  416  0.236504
22  164  0.0313668
22  207  0.120707
22  411  0.010558
23  163  0.031864
24  68  0.164721
24  162  0.0307171
24  205  0.132671
24  217  0.501376
25  67  0.197067
25  161  0.03011
25  204  0.135263
25  216  0.582692
26  66  0.1971
26  160  0.0294076
26  203  0.131173
26  215  0.582725
27  65  0.19712
27  202  0.111178
27  214  0.581985
28  64  0.19739
28  158  0.0672608
28  213  0.584168
29  63  0.197224
29  157  0.0679685
29  202  0.010743
29  212  0.583429
30  62  0.197218
30  156  0.0678887
30  201  0.0126928
30  211  0.582411
31  42  0.151546
31  61  0.188809
31  74  0.0512784
31  166  0.319854
31  210  0.186633
32  41  0.152514
32  60  0.188955
32  73  0.051335
32  165  0.541395
33  40  0.154301
33  59  0.173347
33  72  0.050707
33  164  0.561937
34  39  0.101338
34  57  0.0106034
34  71  0.0490498
34  163  0.562857
35  162  0.561487
36  161  0.559567
37  54  0.0233687
37  68  0.0493375
37  160  0.560612
37  503  0.0135094
38  50  0.12996
38  67  0.0509099
38  158  0.269928
38  159  0.298468
38  502  0.0155218
39  49  0.139196
39  52  0.0295265
39  157  0.532048
39  501  0.0131697
40  48  0.139783
40  51  0.0298178
40  156  0.531403
41  50  0.0204461
41  64  0.195118
41  74  0.141195
41  155  0.190411
41  499  0.0155806
42  63  0.195002
42  73  0.141029
42  153  0.0142968
42  498  0.0156745
43  48  0.0222212
43  62  0.194629
43  153  0.0824516
43  497  0.015651
44  60  0.0270702
45  59  0.0265016
45  61  0.0223711
45  70  0.126945
45  151  0.0220303
46  150  0.0207674
47  68  0.140812
47  152  0.264207
48  58  0.184117
48  67  0.143278
48  151  0.289367
48  210  0.10584
49  57  0.185383
49  66  0.143188
49  150  0.288772
49  209  0.105862
50  56  0.182457
50  65  0.142879
50  149  0.281655
50  208  0.105308
51  58  0.16442
51  64  0.139259
51  148  0.240572
51  207  0.102989
52  57  0.165929
52  205  0.0307512
53  59  0.0312915
53  84  0.0155589
53  204  0.0306979
54  62  0.0263198
55  61  0.0252085
55  83  0.16601
56  82  0.280503
56  203  0.0864917
57  81  0.324902
57  202  0.10504
58  80  0.32849
58  201  0.105839
59  79  0.328547
59  200  0.105822
60  78  0.319037
61  76  0.307975
61  198  0.100297
62  75  0.319513
62  197  0.104027
63  74  0.343647
63  196  0.104998
64  73  0.343667
64  195  0.104999
65  72  0.319864
65  194  0.104499
66  193  0.1011
67  192  0.0948965
68  189  0.0175429
69  188  0.0225706
69  207  0.0121135
70  187  0.0228404
70  206  0.0128187
70  337  0.0111071
71  136  0.0114414
71  186  0.015799
71  238  0.0108934
71  336  0.0100657
72  135  0.0137474
72  208  0.0237419
72  237  0.0129837
73  134  0.0220413
73  158  0.0515289
73  184  0.0242678
73  207  0.0294978
73  213  0.0271545
73  236  0.0148815
73  408  0.0103245
73  415  0.0178336
73  502  0.018474
74  133  0.0220484
74  183  0.0242572
74  206  0.0296508
74  212  0.0271614
74  235  0.0148972
74  333  0.0111697
74  407  0.0103112
74  414  0.0178067
74  501  0.0185486
75  132  0.0220436
75  156  0.0639334
75  211  0.024957
75  234  0.0148277
75  332  0.0111595
76  131  0.022058
76  155  0.531517
76  210  0.0104038
76  233  0.0145901
76  331  0.0111572
76  499  0.0196976
77  130  0.0220388
77  154  0.581084
77  232  0.0113065
77  330  0.0111346
77  498  0.0197321
78  129  0.0220272
78  153  0.586635
78  329  0.0111321
78  497  0.01973
79  128  0.020719
79  152  0.597757
79  328  0.0108277
79  496  0.0161533
80  127  0.0194661
80  151  0.607825
80  327  0.0107303
80  495  0.015147
81  150  0.605173
82  93  0.0119381
82  149  0.600948
83  92  0.0119871
83  147  0.713057
84  89  0.0134151
84  91  0.0106759
84  141  0.0108651
84  146  0.918805
85  140  0.0140604
85  145  0.939873
86  139  0.0140635
86  144  0.943966
87  138  0.0138451
87  143  0.926149
88  137  0.0115193
88  142  0.908957
88  143  0.015309
89  142  0.0159196
90  141  0.916029
91  140  0.934909
91  321  0.0106052
92  139  0.934482
92  320  0.0105326
93  137  0.0151806
93  138  0.857649
94  136  0.0142722
95  136  0.0536005
97  124  0.264397
98  123  0.998833
99  122  0.999126
100  121  0.998635
101  120  0.998533
102  119  0.342205
103  119  0.656142
104  118  0.998547
105  117  0.999842
106  116  0.999867
107  115  0.949526
108  114  0.89384
108  115  0.0486169
109  113  0.340859
109  114  0.0970793
124  136  0.635166
125  135  0.929504
126  134  0.959513
127  133  0.95523
128  132  0.400803
129  317  0.0132655
130  316  0.0132837
131  315  0.0132842
132  314  0.0132763
133  313  0.0132828
134  312  0.0132735
146  500  0.0119527
147  499  0.0119784
148  498  0.0118862
152  230  0.0155253
152  494  0.0342976
153  210  0.0123087
153  229  0.0294463
153  493  0.0631052
154  209  0.0123161
154  228  0.0297173
154  492  0.0631631
155  208  0.0123229
155  227  0.0299654
155  491  0.0633346
156  207  0.01028
156  210  0.0133091
156  226  0.0300701
156  490  0.0638493
157  209  0.0127352
157  225  0.0300177
157  489  0.063834
158  224  0.0295689
158  488  0.0638484
159  487  0.0637416
163  174  0.0152113
163  410  0.0141624
163  460  0.0331985
164  173  0.0272312
164  409  0.0176894
164  459  0.0133479
165  172  0.0351668
165  191  0.0705943
165  408  0.0185953
165  458  0.0327935
166  171  0.035125
166  190  0.0741347
166  201  0.469916
166  407  0.0185456
166  457  0.0551853
167  189  0.0742434
167  200  0.810889
167  456  0.0551974
168  187  0.0733532
168  199  0.815046
168  455  0.0551806
169  186  0.0279651
169  198  0.311163
169  454  0.0550203
170  185  0.0284442
170  197  0.312387
170  453  0.0549015
171  184  0.073775
171  196  0.816535
171  452  0.0548806
172  183  0.0736052
172  195  0.81644
172  451  0.0545192
173  181  0.0580909
173  194  0.808738
174  180  0.0569353
174  184  0.0101452
175  183  0.0100601
175  192  0.438946
175  429  0.0297899
176  428  0.0304214
177  190  0.820124
177  427  0.0309042
178  189  0.820807
178  426  0.0289423
179  188  0.82189
179  338  0.023548
179  425  0.013371
180  187  0.816998
180  337  0.0414735
181  186  0.438629
181  238  0.0107493
181  336  0.0415819
182  237  0.0115922
182  335  0.0417759
183  236  0.0116613
183  334  0.0417548
184  235  0.0116636
184  333  0.0417923
185  234  0.011601
185  332  0.0416936
186  233  0.0110713
186  331  0.0411815
188  329  0.0316249
189  220  0.0137949
189  328  0.0281019
190  219  0.0138716
190  327  0.0279493
191  218  0.0139805
191  326  0.0274935
192  216  0.0307914
193  215  0.0313967
193  324  0.0249595
194  214  0.0315715
194  323  0.0237042
195  213  0.0324435
196  212  0.0324453
197  211  0.0323613
197  322  0.0121067
198  210  0.0318179
198  321  0.0161247
199  209  0.0267407
199  320  0.016048
201  210  0.0712213
201  259  0.0256623
201  406  0.0209651
202  209  0.0665352
202  258  0.025721
202  405  0.0213517
203  208  0.0484115
203  257  0.0257402
203  404  0.0215735
204  256  0.02574
204  403  0.0215679
205  254  0.0249795
206  213  0.0183851
206  253  0.0250021
207  212  0.013927
207  252  0.024049
208  251  0.0166493
208  400  0.0203051
209  399  0.0206509
210  247  0.0110074
210  398  0.0207443
211  397  0.0206847
212  245  0.0106814
212  396  0.0207197
213  395  0.0207077
214  243  0.0826055
215  242  0.0832218
216  241  0.0834135
216  247  0.0176003
217  240  0.0804125
217  246  0.0177537
218  245  0.0166587
218  249  0.0202469
218  413  0.0265151
219  238  0.0327207
219  242  0.226499
219  248  0.0219686
219  412  0.023708
220  237  0.0329377
220  241  0.249021
220  247  0.0240912
220  412  0.0438728
221  232  0.114404
221  239  0.121796
221  240  0.195354
221  246  0.0159569
222  231  0.165062
222  235  0.0252255
222  238  0.185901
222  239  0.140977
222  410  0.216569
223  230  0.177021
223  234  0.030129
223  237  0.240475
223  238  0.0873909
223  244  0.0247385
223  409  0.290319
224  229  0.175352
224  233  0.0509335
224  236  0.331361
224  243  0.0257017
224  327  0.0251345
224  408  0.308972
225  232  0.0385525
225  235  0.330318
225  242  0.0256257
225  326  0.0255207
225  407  0.245995
226  234  0.313702
226  241  0.0251533
226  325  0.0259661
227  324  0.0257383
227  405  0.28763
228  238  0.012599
228  323  0.0229059
228  404  0.311464
229  237  0.0144209
229  403  0.311866
230  402  0.311085
231  401  0.308643
232  400  0.303577
233  318  0.0502774
233  398  0.0121127
233  399  0.278195
233  504  0.0101358
234  314  0.0225566
234  317  0.259137
234  321  0.0265525
234  397  0.0235973
234  503  0.0102525
235  313  0.0252309
235  316  0.259245
235  320  0.0265635
235  396  0.0236413
235  502  0.0102892
236  241  0.0189318
236  312  0.0252663
236  315  0.258662
236  318  0.0266189
236  395  0.0236714
236  501  0.0102688
237  311  0.025667
237  313  0.0185156
237  314  0.184219
237  317  0.026326
237  394  0.0149901
240  314  0.0408364
241  311  0.140512
241  313  0.0467785
241  511  0.0131766
241  515  0.0975508
242  478  0.0117374
242  510  0.0119584
242  514  0.0976725
243  309  0.35465
243  418  0.0147455
243  477  0.0124364
243  513  0.0977491
244  308  0.356501
244  417  0.0153911
244  476  0.0124337
244  512  0.0909454
245  307  0.356907
245  416  0.0155476
246  306  0.357344
246  394  0.0113322
246  415  0.0156941
246  475  0.0147962
246  511  0.0669499
247  305  0.356863
247  393  0.0113372
247  474  0.0148
247  509  0.0112277
247  510  0.0454575
248  304  0.357392
248  392  0.0104143
248  413  0.0152853
248  417  0.230472
248  473  0.0144217
248  509  0.0300423
249  303  0.357066
249  391  0.0101324
249  416  0.262476
249  472  0.0144423
249  508  0.0407637
250  302  0.357175
250  415  0.317149
250  417  0.0295055
250  471  0.0140431
250  507  0.0119914
251  301  0.356365
251  410  0.01534
251  414  0.133333
251  416  0.0450225
251  470  0.0123222
252  300  0.350016
252  413  0.134481
252  415  0.0658468
253  296  0.113365
253  412  0.318494
253  414  0.0658576
254  295  0.114648
254  299  0.0197427
254  411  0.299563
254  413  0.0652099
255  280  0.0382588
255  294  0.113769
255  296  0.0433426
255  297  0.0765733
255  390  0.029018
255  407  0.431234
255  412  0.0439644
256  279  0.0405989
256  293  0.0911257
256  295  0.0226495
256  389  0.0309294
256  406  0.545151
257  291  0.0659549
257  295  0.0682228
257  405  0.546392
258  276  0.0373163
258  278  0.0261139
258  290  0.0661078
258  404  0.546405
259  275  0.0458703
259  277  0.0273664
259  289  0.0662933
259  294  0.187298
259  386  0.0332387
259  403  0.546494
260  274  0.0461636
260  288  0.0561461
260  293  0.192481
260  385  0.0332842
260  402  0.4098
261  268  0.0191915
261  292  0.193146
261  318  0.334294
261  384  0.0332594
262  267  0.0215473
262  273  0.0903086
262  291  0.192145
262  317  0.574044
262  383  0.0333678
263  272  0.0909257
263  316  0.574858
263  382  0.0333699
264  271  0.0911773
264  289  0.192913
264  315  0.574877
264  381  0.0332824
265  270  0.0418767
265  288  0.18891
265  314  0.574595
266  287  0.136724
266  313  0.574866
266  376  0.0281104
267  312  0.565381
267  375  0.028254
267  412  0.0113424
268  283  0.0233411
268  285  0.0495505
268  374  0.0281805
268  411  0.011356
269  281  0.261571
269  282  0.0192415
269  373  0.0140863
269  410  0.0113424
270  280  0.295775
270  281  0.0122498
270  373  0.0193835
270  409  0.0113282
271  279  0.322263
271  311  0.465045
271  372  0.0336775
271  408  0.0113256
272  278  0.319477
272  281  0.0293607
272  310  0.466555
272  371  0.033869
272  407  0.0104453
273  277  0.273655
273  280  0.029494
273  309  0.466946
273  370  0.0339519
274  307  0.469732
274  369  0.0130346
275  306  0.475052
275  368  0.0129541
276  305  0.47474
276  367  0.033812
277  304  0.475057
277  366  0.0278171
278  291  0.0369278
278  365  0.0147537
279  289  0.0435984
279  290  0.0404333
279  303  0.365175
280  288  0.0439298
280  300  0.0443507
280  302  0.357493
281  287  0.041006
281  288  0.0384378
281  299  0.0229543
282  287  0.0294309
282  299  0.423943
283  298  0.509897
284  297  0.450633
284  310  0.0139162
284  326  0.0155522
285  296  0.451495
285  309  0.0239229
285  325  0.0192568
286  295  0.515991
286  308  0.0256684
286  324  0.0200316
287  294  0.489642
287  307  0.0236613
287  323  0.0202154
288  322  0.0203043
289  305  0.0205547
289  311  0.030458
289  321  0.0203532
290  304  0.0287261
290  320  0.0203438
290  365  0.011904
291  303  0.0103101
291  309  0.0317266
291  319  0.0187805
291  364  0.0227682
292  308  0.0325725
292  363  0.0247541
293  301  0.026433
293  307  0.0308637
293  362  0.02488
294  300  0.0264474
294  302  0.0146622
294  304  0.0223404
294  306  0.0268251
294  361  0.023601
295  301  0.0145986
295  303  0.0245736
296  300  0.0115005
296  302  0.0266233
296  304  0.0128054
296  358  0.0154788
297  357  0.0211974
298  356  0.0261991
299  355  0.033363
300  354  0.0337603
301  353  0.0337436
302  312  0.015044
302  352  0.033682
303  311  0.044133
303  351  0.0233849
304  310  0.0438813
305  309  0.0167048
306  348  0.0172867
308  346  0.0230881
309  345  0.029854
310  344  0.0298899
311  335  0.0159544
311  343  0.0298081
312  334  0.058549
313  333  0.060013
314  332  0.0603889
315  331  0.0686407
316  330  0.0693973
317  329  0.0688026
318  328  0.0524416
318  401  0.0143921
319  400  0.0193539
320  330  0.575535
320  399  0.0180969
321  329  0.586184
321  398  0.0144833
322  328  0.501554
325  331  0.0119847
325  401  0.0188265
326  400  0.0222683
327  399  0.0228279
329  400  0.032595
331  398  0.805091
332  397  0.837817
333  396  0.856847
334  395  0.856292
335  342  0.0252734
335  394  0.881275
336  341  0.0235483
336  393  0.885882
337  392  0.884388
338  391  0.883156
339  390  0.880966
339  424  0.0429556
340  388  0.371649
340  389  0.508339
340  423  0.0608148
341  387  0.74083
341  422  0.0608414
342  386  0.740765
342  421  0.0608452
343  385  0.739291
343  388  0.146195
343  420  0.0646759
344  384  0.631106
344  387  0.146933
344  419  0.0646804
345  384  0.105572
345  386  0.146895
345  418  0.0646362
346  383  0.189422
346  385  0.146474
346  417  0.0573687
347  382  0.167679
347  383  0.691351
348  382  0.715913
348  415  0.0508349
349  379  0.0315761
349  380  0.10537
349  381  0.735556
349  414  0.0482201
350  378  0.0360119
350  379  0.094991
350  380  0.718879
350  410  0.0521153
351  378  0.0834158
351  379  0.710759
351  409  0.0657063
352  408  0.0671697
353  375  0.0340189
353  377  0.592879
353  378  0.0748918
353  407  0.0671136
354  374  0.0154938
354  376  0.48365
354  406  0.0672112
355  374  0.0341084
355  376  0.128506
355  405  0.0669449
356  373  0.0337776
356  375  0.126657
356  404  0.0638083
357  373  0.0588343
357  403  0.0553287
358  378  0.0122001
358  379  0.0123578
358  380  0.019608
359  371  0.851883
359  378  0.0182563
359  379  0.0291417
360  370  0.86687
360  377  0.02073
360  378  0.0342639
360  399  0.0161042
361  369  0.860947
361  375  0.0373361
361  377  0.0340543
361  398  0.0160976
362  367  0.0516703
362  368  0.658813
362  374  0.0522844
362  376  0.02027
363  373  0.0552861
363  375  0.0189659
364  372  0.0554912
364  374  0.0291542
365  371  0.0536846
365  373  0.0284056
366  370  0.0312175
375  396  0.0182703
376  395  0.0183208
377  394  0.0191311
378  393  0.0191309
379  392  0.0183615
379  402  0.0268836
380  401  0.0372489
381  388  0.0184333
381  400  0.0503694
382  387  0.0189578
382  399  0.0517346
383  398  0.0517492
384  396  0.0523926
385  395  0.0523704
386  394  0.0524234
387  393  0.0458787
407  415  0.0138198
408  414  0.0137832
408  513  0.0126142
409  512  0.0170419
412  509  0.076424
413  508  0.118628
414  507  0.130224
415  506  0.132065
417  504  0.127555
418  503  0.477436
419  502  0.535768
419  517  0.0183758
420  501  0.536006
420  504  0.015145
420  516  0.0190578
421  500  0.537827
421  503  0.0672014
421  515  0.0197045
422  467  0.0429999
422  499  0.53785
422  502  0.203368
422  514  0.0196869
423  466  0.0421122
423  498  0.53655
423  501  0.203168
423  504  0.0102549
423  513  0.0196959
424  512  0.0140717
425  466  0.0536694
425  479  0.0101435
425  484  0.0100189
426  465  0.926782
427  464  0.928303
428  463  0.389682
429  462  0.391278
430  461  0.928797
431  460  0.929566
432  459  0.930071
433  458  0.925972
434  457  0.871088
437  454  0.0194718
437  455  0.857732
438  451  0.0446353
438  454  0.88072
439  450  0.0933745
439  453  0.87807
440  449  0.0936523
441  448  0.0924703
441  451  0.883503
442  447  0.0606668
442  450  0.885572
443  449  0.835443
444  448  0.485082
459  486  0.0171941
460  485  0.0171913
461  484  0.0166306
466  478  0.821189
467  477  0.86701
467  497  0.0109901
468  476  0.868049
468  496  0.0110493
469  475  0.868301
469  495  0.0110447
470  474  0.537792
477  509  0.0397293
478  508  0.056238
479  507  0.0622103
480  506  0.0528233
481  505  0.0484794
481  506  0.0254904
482  504  0.048553
482  505  0.0281142
483  504  0.0497426
484  503  0.06383
486  497  0.465505
486  501  0.157622
487  496  0.475806
487  500  0.391151
488  495  0.47652
488  499  0.391367
489  494  0.276608
489  498  0.390985
490  497  0.385871
491  496  0.253492
