1  316  0.0118282
2  315  0.0134802
3  314  0.0149414
5  313  0.0160464
6  312  0.0173661
7  311  0.0172131
8  310  0.0150618
8  317  0.888831
9  316  0.967329
10  220  0.0223224
10  315  0.974684
11  219  0.0244258
11  314  0.974936
12  218  0.0248727
12  313  0.973779
13  217  0.029792
13  312  0.969579
14  216  0.0299365
14  311  0.968349
15  215  0.0304413
15  309  0.952059
16  214  0.0305134
16  308  0.951616
17  213  0.0305203
17  287  0.182831
18  212  0.0304501
18  286  0.183052
19  285  0.165439
20  211  0.0161537
21  210  0.0160736
21  283  0.126051
21  285  0.0138134
22  209  0.0158762
22  282  0.127036
22  284  0.031924
22  287  0.0132004
22  289  0.0149658
23  32  0.0338837
23  283  0.0281434
23  288  0.0144807
24  31  0.0428638
24  285  0.0228023
25  32  0.0126933
25  281  0.0252681
25  284  0.032292
25  286  0.0143795
26  31  0.013483
26  283  0.0305525
26  285  0.0138111
32  280  0.691651
33  279  0.913628
34  278  0.939813
35  161  0.0117844
35  277  0.960966
36  160  0.0172881
36  276  0.96831
37  159  0.0145781
37  275  0.968108
38  274  0.969299
39  157  0.0148727
39  273  0.969306
40  156  0.0288011
40  272  0.969256
41  155  0.029195
42  154  0.0293382
42  270  0.968553
43  153  0.0292985
43  269  0.965837
44  152  0.0291912
44  268  0.959591
45  151  0.0270154
45  267  0.930634
46  264  0.951853
47  263  0.965726
48  150  0.0261442
48  262  0.968039
49  149  0.0293641
49  261  0.969228
50  148  0.0293717
50  260  0.969068
51  147  0.0293708
51  256  0.0112657
51  259  0.957364
52  146  0.029248
53  145  0.0282539
53  254  0.76312
54  144  0.0196564
54  253  0.84783
55  252  0.853648
55  255  0.0320764
55  257  0.0126422
56  71  0.0137935
56  251  0.85747
56  255  0.0108513
56  256  0.0135027
57  70  0.0153794
57  250  0.858736
57  254  0.0114233
57  255  0.0136679
58  69  0.0160882
58  249  0.858422
58  252  0.044835
58  254  0.0132586
59  248  0.811128
59  251  0.0458316
60  67  0.0152661
60  140  0.0126054
60  249  0.011263
60  250  0.0438667
61  139  0.0126451
61  246  0.0436803
62  138  0.0119595
62  245  0.108089
62  246  0.0147721
63  246  0.622095
64  245  0.79116
65  244  0.905153
66  243  0.913261
67  87  0.0350881
67  242  0.914479
68  86  0.035162
68  88  0.0130912
68  241  0.912693
69  85  0.017985
69  87  0.0180234
69  240  0.906917
70  85  0.925044
71  84  0.943286
72  83  0.942443
72  118  0.0148438
73  82  0.94344
73  117  0.0169204
74  81  0.740334
74  116  0.0169636
75  115  0.0163464
75  143  0.0132825
76  114  0.0137116
76  142  0.0143377
77  98  0.0193137
77  141  0.0148605
78  97  0.019523
78  140  0.0149077
79  96  0.018153
80  138  0.0148093
81  137  0.0159112
82  136  0.0159877
83  135  0.0159389
84  134  0.0144995
87  231  0.015096
88  230  0.0133063
89  234  0.516167
90  133  0.0210029
90  233  0.591084
91  132  0.0226803
91  232  0.61127
92  231  0.538335
92  257  0.0423294
93  231  0.027108
93  256  0.0451687
94  130  0.213722
94  255  0.0452423
95  129  0.687556
95  254  0.0452486
96  128  0.702173
96  253  0.0423846
97  127  0.704278
98  126  0.704272
98  250  0.0440727
99  124  0.703651
99  249  0.0440545
100  112  0.287778
100  123  0.633339
101  111  0.28805
101  122  0.638004
102  110  0.287734
102  121  0.704027
103  109  0.23311
103  120  0.69031
105  118  0.62518
106  117  0.699047
107  116  0.699135
108  115  0.689005
109  114  0.635765
119  238  0.233089
120  237  0.256737
121  236  0.267933
122  235  0.134444
123  235  0.148454
124  234  0.285148
125  233  0.286589
126  232  0.289804
127  231  0.289574
129  228  0.231144
129  229  0.0528058
130  227  0.773141
131  226  0.880502
132  225  0.956718
133  224  0.958977
134  223  0.960155
135  222  0.959984
136  221  0.8692
138  148  0.617233
139  147  0.819769
139  220  0.0341557
140  146  0.853263
140  217  0.0159811
140  219  0.0410994
141  145  0.324855
141  218  0.0390228
145  215  0.0854389
146  214  0.0869398
147  213  0.0869625
147  221  0.042858
148  212  0.0865688
149  183  0.0742282
149  219  0.809278
150  182  0.0743215
150  218  0.859899
151  181  0.0741522
151  217  0.879146
152  180  0.0738267
152  216  0.87848
153  179  0.0737334
153  215  0.877903
154  177  0.0741233
154  214  0.878237
155  176  0.0741316
155  188  0.296265
155  213  0.522543
156  175  0.0741243
156  187  0.299584
157  174  0.0736
158  173  0.0714632
158  185  0.210041
159  184  0.222598
160  185  0.202648
161  170  0.072427
161  182  0.575831
161  184  0.199176
162  169  0.0742598
162  181  0.717179
162  183  0.184935
163  168  0.0487649
163  180  0.837742
163  181  0.0177261
164  179  0.865941
164  180  0.0117303
165  178  0.875753
166  177  0.876095
167  176  0.868783
167  179  0.0342219
168  174  0.0393514
168  175  0.766684
168  178  0.0380537
169  173  0.0673915
169  177  0.0382553
170  176  0.0348849
171  175  0.0202858
191  211  0.786043
192  210  0.92936
193  209  0.953163
195  207  0.281505
196  204  0.0105447
196  206  0.975349
197  203  0.0104645
197  205  0.973332
198  204  0.956116
199  203  0.364021
222  309  0.0209227
223  308  0.0210513
224  307  0.0208357
226  302  0.0290679
227  301  0.0305684
228  300  0.0305586
229  299  0.0305681
230  298  0.014051
231  297  0.0140697
232  296  0.030505
236  249  0.0269578
237  248  0.0270624
238  247  0.0269842
239  246  0.0236523
250  295  0.0236807
251  294  0.023052
254  291  0.0299087
255  290  0.0301446
256  289  0.0301485
257  288  0.0268322
259  286  0.0231184
260  285  0.0235838
261  284  0.0285438
264  281  0.0302639
265  280  0.0303875
266  278  0.0100923
266  279  0.0203682
267  277  0.0200368
267  278  0.010445
268  276  0.0300497
269  275  0.0299032
270  274  0.0217119
281  305  0.696592
282  304  0.701947
283  303  0.700823
284  301  0.690583
284  304  0.0129711
285  300  0.690442
285  303  0.0131182
286  299  0.690615
287  298  0.686777
287  301  0.0288767
288  300  0.0294309
288  306  0.0114365
289  296  0.406222
289  299  0.0292375
290  296  0.0115134
290  298  0.0283151
290  305  0.225096
291  296  0.0342709
291  304  0.23449
292  303  0.238507
293  302  0.238569
294  301  0.157259
295  301  0.0261218
