1  13  0.0739239
1  24  0.0381703
1  32  0.0340851
1  209  0.0228807
1  215  0.041084
1  270  0.0619304
2  14  0.152675
2  22  0.0232776
2  23  0.0271831
2  31  0.0207787
2  208  0.0233376
2  214  0.0411977
2  269  0.0569815
3  11  0.101095
3  13  0.197772
3  21  0.0540885
3  207  0.0235655
3  213  0.0426885
4  10  0.0820312
4  12  0.176075
4  20  0.0495607
4  29  0.0180152
4  206  0.0183392
4  212  0.0403842
6  18  0.025166
6  23  0.0100051
7  17  0.0266415
8  16  0.0238725
8  17  0.0185744
8  30  0.0736714
9  16  0.019423
9  20  0.0561216
9  29  0.0809586
9  206  0.0457374
10  15  0.0158595
10  19  0.0871091
10  28  0.0859504
10  205  0.069567
11  18  0.0890948
11  27  0.0861314
11  204  0.0701679
11  226  0.0115087
12  19  0.015624
12  23  0.0105353
12  26  0.0653065
12  203  0.0701273
13  18  0.0175357
13  22  0.0148602
13  31  0.0131041
13  202  0.0700458
14  30  0.0141667
15  29  0.0136564
15  33  0.0189375
16  23  0.0210155
16  26  0.0166352
16  28  0.0129087
17  22  0.0213291
17  25  0.0344252
17  27  0.0115871
17  31  0.112044
18  24  0.0352893
18  30  0.580476
19  29  0.619595
20  28  0.649867
21  27  0.652731
26  271  0.0831785
27  270  0.0957064
29  226  0.0142892
29  268  0.0782052
30  224  0.0118508
30  225  0.017302
30  267  0.0860768
31  62  0.0512741
31  128  0.0178936
31  221  0.208323
31  227  0.028684
31  266  0.0900898
32  61  0.0513839
32  127  0.0179128
32  192  0.0578683
32  220  0.20885
32  226  0.0398122
32  265  0.0902955
33  60  0.0512925
33  126  0.0178531
33  191  0.0582673
33  225  0.0333074
33  264  0.0899364
34  59  0.0513771
34  125  0.0178173
34  190  0.058448
34  218  0.212283
34  221  0.558368
34  263  0.0897806
35  58  0.0513643
35  124  0.0178174
35  189  0.0584465
35  217  0.212352
35  220  0.56001
35  262  0.089709
36  57  0.0448608
36  123  0.0147148
36  216  0.212046
36  219  0.561524
37  56  0.0379215
37  92  0.0248805
37  93  0.0157969
37  188  0.054265
37  215  0.211389
37  218  0.56235
37  237  0.0172268
37  238  0.0167986
38  91  0.0127877
38  92  0.0157294
38  187  0.0542632
38  213  0.0281008
38  237  0.0167193
39  57  0.0101521
39  90  0.0206671
39  186  0.0536253
39  210  0.0796302
39  212  0.0183433
39  213  0.124627
39  216  0.551406
39  235  0.0158
40  56  0.0695684
40  89  0.0409441
40  209  0.0808029
40  210  0.0117411
40  212  0.110849
40  215  0.562707
40  234  0.0314065
41  55  0.0712487
41  88  0.0409699
41  214  0.542383
41  233  0.0314981
42  54  0.0672085
42  85  0.0306333
42  208  0.192395
42  211  0.0931623
42  214  0.0203227
43  50  0.0326194
43  84  0.0459995
43  207  0.204662
43  209  0.0142029
43  210  0.0965001
43  213  0.459648
44  49  0.0215835
44  83  0.0471872
44  206  0.192648
44  212  0.458456
45  82  0.047375
45  205  0.141247
45  208  0.029156
45  211  0.434466
46  81  0.0459914
46  206  0.575071
47  203  0.144401
47  205  0.645733
48  79  0.0358938
48  202  0.146199
48  204  0.659054
49  77  0.06396
49  201  0.141505
49  203  0.659387
50  76  0.0659461
50  202  0.658996
51  75  0.0659951
51  199  0.154236
51  201  0.565051
52  74  0.0652345
52  198  0.224607
53  73  0.0619374
53  198  0.0283444
54  198  0.0153532
55  71  0.0671929
55  194  0.175622
55  195  0.070457
56  70  0.0662674
56  192  0.754452
57  184  0.0870753
57  191  0.757779
58  69  0.0689472
58  183  0.112856
58  190  0.759576
59  68  0.0690909
59  182  0.11287
59  189  0.759652
60  67  0.0694307
60  181  0.11285
60  188  0.754389
61  66  0.0684279
61  180  0.112839
61  183  0.0165992
61  187  0.733249
62  179  0.112763
62  182  0.0282146
63  178  0.0977897
63  182  0.608882
63  185  0.0172977
64  171  0.0890415
64  181  0.761237
65  170  0.0899382
65  176  0.0173328
65  180  0.762543
65  266  0.0489659
66  169  0.0905207
66  179  0.762576
66  265  0.051785
67  178  0.762528
67  264  0.0518218
68  167  0.0909796
68  176  0.721612
68  177  0.0402654
68  263  0.0517096
69  166  0.0382665
69  175  0.763237
69  262  0.0515964
70  165  0.0382956
70  174  0.764042
70  261  0.0506758
71  164  0.0910603
71  173  0.764224
71  259  0.0234414
72  98  0.152059
72  123  0.0124242
72  163  0.0905442
72  172  0.530226
73  97  0.155582
73  101  0.0773738
73  122  0.0204235
73  133  0.0111448
73  162  0.0892041
73  256  0.0430162
74  96  0.15457
74  100  0.0869375
74  121  0.0212555
74  132  0.0432359
74  161  0.0789735
74  169  0.0564623
74  255  0.0490852
75  95  0.142229
75  99  0.0888674
75  120  0.0150474
75  131  0.171697
75  140  0.0116586
75  168  0.0684893
75  254  0.050334
76  92  0.21987
76  93  0.0207669
76  98  0.0882206
76  130  0.19589
76  139  0.0167899
76  167  0.0690092
76  253  0.0504322
77  91  0.223829
77  138  0.0175629
77  165  0.0677987
78  96  0.0777909
78  129  0.25826
78  137  0.0177877
78  164  0.0677611
78  252  0.0511055
79  89  0.281404
79  95  0.0811434
79  128  0.27848
79  163  0.0687131
79  251  0.0512415
80  88  0.280595
80  94  0.0800596
80  127  0.278492
80  136  0.0840274
80  162  0.0682065
80  250  0.0512339
81  126  0.274598
81  135  0.0884761
81  161  0.0590046
81  249  0.049082
82  123  0.0283528
82  125  0.259199
82  134  0.0920159
83  101  0.0237304
83  122  0.0371186
83  124  0.164101
83  133  0.0872308
83  248  0.012458
83  256  0.0133389
84  100  0.0315776
84  121  0.0433944
84  124  0.0432047
84  132  0.0867925
84  247  0.0124045
84  255  0.0144849
85  99  0.0326895
85  120  0.0416716
85  123  0.0857045
85  131  0.0830157
85  246  0.0123549
85  254  0.0131422
86  97  0.156429
86  119  0.034438
86  122  0.0805747
86  136  0.0227927
86  245  0.0105677
86  248  0.0290136
87  96  0.207436
87  118  0.0275108
87  121  0.0752453
87  129  0.0966291
87  135  0.0302149
87  247  0.0310646
87  252  0.0197091
88  95  0.229642
88  120  0.0262077
88  128  0.101011
88  134  0.0316171
88  138  0.0178804
88  246  0.0315774
88  251  0.022237
89  94  0.22425
89  116  0.0191157
89  127  0.100972
89  133  0.0316724
89  137  0.0189404
89  245  0.0315522
89  250  0.0222376
90  115  0.0166206
90  118  0.0336216
90  126  0.0951874
90  132  0.0310125
90  136  0.0187378
90  244  0.0291555
90  249  0.0211138
91  101  0.0172862
91  114  0.0135059
91  117  0.0423862
91  135  0.0187443
91  243  0.0211847
91  248  0.0129071
92  100  0.0173101
92  116  0.0436752
92  133  0.0214204
92  245  0.0221029
93  100  0.0100653
93  112  0.0100366
93  115  0.0435525
93  121  0.0163986
93  124  0.0598774
93  132  0.021404
93  244  0.0223492
94  120  0.016901
94  123  0.0643118
94  128  0.0548259
94  131  0.0100783
95  119  0.0168404
95  122  0.0636317
95  127  0.0435589
97  125  0.143047
98  112  0.0221537
98  116  0.0162511
98  124  0.160412
98  127  0.0135386
99  111  0.0214957
99  115  0.0160306
99  122  0.014005
99  126  0.0143291
100  106  0.0258676
100  125  0.0143169
100  172  0.0208434
101  120  0.0196811
102  120  0.621498
103  113  0.0242198
103  118  0.135036
103  119  0.688016
104  112  0.0254169
104  117  0.198858
104  118  0.685523
105  111  0.0206025
105  116  0.207625
105  117  0.675932
106  115  0.217455
106  116  0.666501
107  114  0.216788
107  115  0.611185
121  172  0.0172589
124  170  0.421739
125  169  0.426793
126  168  0.429701
127  167  0.4315
127  242  0.0821108
128  166  0.431503
128  241  0.0822979
129  165  0.430663
129  198  0.0122498
129  240  0.0833492
130  164  0.427294
130  197  0.0136202
130  239  0.0792217
131  154  0.0131525
131  196  0.0136112
132  153  0.38753
132  163  0.0401804
132  168  0.0580745
132  171  0.146321
132  195  0.0136541
132  238  0.0922293
133  152  0.387952
133  167  0.0866693
133  170  0.149529
133  194  0.0136451
133  237  0.0922344
134  151  0.379881
134  161  0.0387109
134  166  0.0868987
134  169  0.149559
134  193  0.0130115
135  148  0.0790185
135  150  0.289591
135  165  0.0870165
135  168  0.147118
135  236  0.0904562
136  147  0.232121
136  149  0.145556
136  167  0.141675
136  171  0.0136112
136  235  0.0908002
137  146  0.2724
137  148  0.114808
137  163  0.110578
137  170  0.0137502
137  234  0.0921264
138  145  0.243605
138  157  0.0376986
138  162  0.110035
138  169  0.0131149
138  233  0.0691441
139  161  0.108063
139  232  0.0457779
139  233  0.0239484
140  145  0.0242255
140  160  0.103791
140  231  0.0229282
140  232  0.0477302
141  154  0.177479
141  159  0.0428028
141  231  0.0712132
142  153  0.419994
142  168  0.0124579
142  171  0.020203
142  230  0.0953298
143  152  0.421565
143  167  0.0141641
143  170  0.0203906
143  229  0.0953433
144  151  0.39714
144  166  0.0141972
144  169  0.0202601
144  228  0.0952935
145  150  0.27504
145  165  0.0140793
145  168  0.0178624
145  227  0.0952917
146  164  0.0133174
146  226  0.0953307
147  225  0.094368
148  224  0.0920428
149  192  0.0100125
149  223  0.0861778
150  191  0.0105752
151  163  0.0117298
151  167  0.0369238
151  190  0.0107229
151  221  0.0880134
152  162  0.0116826
152  166  0.037194
152  189  0.0106872
152  220  0.0877229
153  160  0.0138925
153  164  0.0696644
154  163  0.564363
154  218  0.0508165
155  162  0.533526
155  217  0.0493054
156  161  0.35115
160  213  0.0221165
161  212  0.0216712
161  216  0.0300405
162  190  0.0146265
162  215  0.031811
163  189  0.0146415
163  214  0.0318195
164  188  0.0136121
164  209  0.0181488
164  213  0.0287466
165  184  0.0462485
165  208  0.0186672
165  211  0.0259032
166  183  0.0560632
166  207  0.018518
166  210  0.0256678
167  182  0.0560537
168  208  0.0241938
169  180  0.0566198
169  207  0.0241236
170  179  0.0564559
170  204  0.012025
171  178  0.0510077
171  202  0.0200538
172  204  0.0150472
174  199  0.0574256
175  198  0.0595521
176  197  0.0597566
177  196  0.0596591
178  195  0.0597932
179  194  0.0597796
180  192  0.0462327
182  190  0.0657905
183  189  0.0651239
185  198  0.022434
186  197  0.0231485
187  196  0.0218312
187  197  0.0335602
188  196  0.0351661
189  195  0.0327128
189  218  0.0230477
190  217  0.0230751
191  216  0.0231301
192  215  0.0230719
193  198  0.0128992
196  210  0.0354745
197  209  0.0354628
198  208  0.0297744
204  213  0.0132455
205  212  0.0124375
212  232  0.0337025
213  231  0.0396324
214  221  0.021624
214  230  0.0402637
215  220  0.0214204
216  228  0.0422047
217  227  0.0516581
218  226  0.0540775
219  225  0.0522899
222  272  0.0587957
223  271  0.0611283
225  271  0.158427
226  270  0.179574
227  247  0.011723
227  267  0.605976
227  269  0.114726
228  246  0.0123826
228  266  0.815515
229  245  0.0124575
229  265  0.834331
230  244  0.0124515
230  264  0.834648
231  263  0.833347
233  242  0.0114001
233  261  0.350296
234  241  0.0113699
234  259  0.801014
235  257  0.270071
235  258  0.572323
236  256  0.506615
236  257  0.337088
237  255  0.734517
238  255  0.0829143
239  253  0.886099
240  252  0.891897
241  251  0.892436
242  250  0.885644
