1  110  0.998786
2  109  0.99992
3  108  0.999946
4  107  0.999961
5  106  0.999976
6  105  0.999974
7  104  0.998473
8  103  0.999805
9  102  0.999421
10  101  0.999965
11  100  0.904472
12  99  0.113366
13  98  0.21285
14  97  0.99996
15  96  0.992073
16  95  0.948066
17  93  0.791622
18  91  0.990231
19  90  0.999089
20  89  0.999186
21  88  0.999007
22  86  0.470792
22  87  0.52316
23  85  0.940185
24  84  0.932888
25  82  0.976919
26  81  0.982686
26  83  0.0100716
27  80  0.985482
28  79  0.983171
29  76  0.0268532
29  77  0.159646
30  75  0.0324651
31  76  0.255645
32  74  0.756511
33  43  0.20759
33  73  0.781522
34  42  0.208762
34  72  0.781009
35  41  0.201836
35  71  0.780631
36  70  0.674142
37  69  0.613363
38  68  0.602435
40  49  0.0228817
40  69  0.0228165
40  70  0.0144572
41  48  0.0223369
41  69  0.0158426
43  66  0.743703
44  62  0.0153226
44  65  0.745577
44  78  0.2048
45  61  0.01391
45  64  0.701834
45  77  0.206153
46  64  0.0158453
46  76  0.206372
47  75  0.171445
48  62  0.123966
49  62  0.0197048
50  59  0.950571
50  60  0.0160896
50  61  0.0102873
51  58  0.998475
52  57  0.998574
64  71  0.20566
65  70  0.20528
