1  549  0.0121265
2  46  0.213019
2  56  0.342794
2  548  0.0191856
2  551  0.0152524
3  45  0.257854
3  55  0.413343
3  547  0.0199162
3  550  0.0167045
4  44  0.250337
4  54  0.401467
4  549  0.0144637
5  58  0.0170382
5  398  0.0575932
6  57  0.0171093
6  397  0.0585335
7  22  0.0154137
7  42  0.354438
7  51  0.467952
7  396  0.0588753
8  21  0.0152615
8  41  0.354767
8  50  0.468358
8  394  0.0226284
8  395  0.0368696
9  22  0.463768
9  24  0.0113716
9  55  0.0135008
9  393  0.0449653
10  23  0.0128988
10  54  0.0130324
11  18  0.0201213
11  21  0.827833
12  17  0.0183013
12  20  0.849897
12  390  0.0648528
13  19  0.856702
13  22  0.0102328
13  51  0.010115
13  389  0.0684395
14  18  0.695299
14  21  0.0101239
14  50  0.0100862
14  388  0.0684464
16  387  0.0685453
17  386  0.0685161
18  385  0.0685784
19  384  0.0685492
20  383  0.0649345
21  42  0.041469
21  382  0.0589048
22  41  0.0420645
22  58  0.0218976
23  35  0.625144
23  40  0.0320426
23  47  0.0342537
23  57  0.0218972
23  380  0.0224484
24  34  0.827514
24  46  0.0457676
24  56  0.0223893
24  379  0.0227355
25  33  0.879579
25  45  0.0492484
25  55  0.0225044
25  378  0.0213591
26  32  0.869436
26  44  0.0485131
26  54  0.0222266
27  31  0.683276
27  42  0.0307165
27  53  0.01916
28  40  0.0109846
28  41  0.0233023
28  52  0.0162964
29  39  0.0164667
30  38  0.0154451
38  53  0.0106893
39  52  0.0112549
41  51  0.0808059
42  50  0.0802538
47  246  0.0662651
48  121  0.0113124
48  245  0.0736995
49  120  0.0123714
49  244  0.0770897
50  119  0.0128472
50  243  0.0795136
51  118  0.0128358
51  242  0.0791561
53  116  0.0121482
54  115  0.0128144
55  114  0.0128314
55  228  0.0142009
56  227  0.0143329
57  64  0.0711116
57  65  0.0958721
57  112  0.0113332
57  226  0.0143634
57  251  0.67838
58  63  0.0637958
58  64  0.0935789
58  111  0.0113117
58  250  0.678804
59  248  0.654781
59  441  0.0144615
60  223  0.0143429
60  247  0.653582
60  440  0.0181908
61  222  0.0141921
61  249  0.0169528
61  439  0.0183042
62  221  0.013254
62  244  0.0946011
62  245  0.0184741
62  248  0.0190391
62  438  0.018577
63  220  0.0127507
63  247  0.0190806
63  437  0.0186431
64  219  0.0121799
64  242  0.698483
64  376  0.0122631
64  436  0.0186455
65  241  0.765275
65  375  0.012373
65  435  0.01862
66  240  0.767816
67  239  0.763005
69  279  0.0144495
70  236  0.779234
70  278  0.0161284
70  545  0.0912394
71  185  0.0107295
71  235  0.780834
71  544  0.0972612
72  184  0.0112404
72  234  0.780001
72  276  0.0222888
72  543  0.0973964
73  93  0.795518
73  183  0.0124253
73  275  0.0267037
73  542  0.0970746
74  92  0.797991
74  182  0.0124192
74  274  0.0267084
74  541  0.0949136
75  91  0.799227
75  181  0.0124364
75  273  0.0267032
76  90  0.797209
76  180  0.0116276
76  272  0.0190201
77  89  0.698239
78  88  0.532006
78  89  0.0925325
79  86  0.24018
79  88  0.18442
79  178  0.011546
79  537  0.010809
80  86  0.0903424
80  177  0.0115415
81  176  0.0112841
81  282  0.023139
81  283  0.0220952
82  175  0.0101889
82  281  0.0272478
82  282  0.0914724
83  281  0.107945
84  280  0.109261
85  278  0.141793
86  243  0.0111825
86  277  0.143476
87  241  0.0294441
87  276  0.143417
88  240  0.169272
89  239  0.177315
90  238  0.179146
91  237  0.18092
92  236  0.180116
93  235  0.178817
95  106  0.981772
96  105  0.986485
97  104  0.982853
98  103  0.933126
108  233  0.842654
109  232  0.96719
110  231  0.967222
111  230  0.967479
112  229  0.967406
113  228  0.965121
114  183  0.289105
114  226  0.0256765
114  227  0.416533
115  182  0.286206
115  225  0.0165581
115  227  0.068238
116  225  0.0406367
117  180  0.248568
117  225  0.541088
118  179  0.304281
118  224  0.644602
119  178  0.306608
119  223  0.644412
120  155  0.0147966
120  177  0.294961
120  222  0.425973
121  155  0.0330351
121  176  0.269515
122  153  0.777824
122  154  0.0205637
123  152  0.969937
124  151  0.990016
125  150  0.990044
126  149  0.989436
127  148  0.985828
128  145  0.575401
129  144  0.989621
130  143  0.995132
131  142  0.995866
132  141  0.995698
133  140  0.926264
155  221  0.0104536
160  171  0.052774
161  170  0.0574461
162  169  0.0594419
162  187  0.128303
163  168  0.0596017
163  186  0.653265
164  185  0.65356
165  174  0.24042
166  173  0.238763
166  174  0.0149447
166  183  0.654883
167  173  0.0143028
167  182  0.65463
168  181  0.65489
169  179  0.0394611
169  180  0.565265
170  178  0.0777373
171  177  0.0612614
171  178  0.0505731
172  179  0.123746
173  178  0.13001
184  225  0.208494
184  226  0.0415759
185  224  0.311991
186  223  0.31284
187  221  0.812306
188  220  0.96603
189  219  0.976755
190  204  0.0109214
190  218  0.97559
191  203  0.0109519
192  202  0.0109588
192  216  0.975468
193  201  0.0109773
193  215  0.987197
194  200  0.0108691
194  214  0.987208
195  213  0.98714
196  212  0.981632
199  209  0.863425
200  208  0.968021
201  207  0.970436
229  547  0.0159591
230  546  0.0161221
231  545  0.0161354
232  544  0.0161924
233  543  0.0161715
234  542  0.0162171
235  541  0.0161425
236  279  0.0135936
237  278  0.0185544
238  277  0.0194666
240  276  0.0107185
241  275  0.16854
242  274  0.16896
243  273  0.168588
244  270  0.120579
245  269  0.187271
246  268  0.198292
247  267  0.19997
248  266  0.199709
250  265  0.208289
251  264  0.208531
252  263  0.20878
252  547  0.78244
253  262  0.208504
253  546  0.783138
254  261  0.157632
254  545  0.782569
255  544  0.783279
256  543  0.783366
257  542  0.782635
260  539  0.774865
261  538  0.778029
262  537  0.751498
263  278  0.0243134
263  537  0.0274436
264  277  0.0274908
264  535  0.700877
264  536  0.0525601
265  275  0.0359325
265  534  0.70164
265  535  0.0505831
266  274  0.0364476
266  533  0.701525
266  534  0.0498495
267  273  0.0365422
267  532  0.749737
268  272  0.0139126
268  531  0.71102
269  530  0.560648
270  441  0.0234878
270  446  0.211191
271  398  0.133112
271  440  0.0252327
271  445  0.22655
271  527  0.0184623
272  390  0.172607
272  397  0.136385
272  439  0.0115853
272  444  0.195104
272  526  0.0176566
273  389  0.221372
273  396  0.195105
273  399  0.193137
273  438  0.0118818
273  441  0.0401133
273  525  0.0129672
274  388  0.221395
274  395  0.195151
274  398  0.205465
274  437  0.0254234
274  440  0.0445827
275  387  0.221343
275  394  0.195109
275  397  0.205633
275  436  0.0253611
275  439  0.0446018
276  381  0.0387105
276  385  0.181788
276  386  0.0363839
276  393  0.158371
276  396  0.0989641
276  438  0.0444697
276  522  0.0123004
277  379  0.231024
277  384  0.189418
277  395  0.0979482
277  437  0.0444071
277  521  0.012299
278  378  0.275771
278  381  0.0106536
278  383  0.095905
278  385  0.0183712
278  392  0.0624289
279  377  0.263667
279  379  0.0268427
279  384  0.0179487
279  390  0.0104701
279  391  0.0552294
279  435  0.0156324
280  378  0.0428943
280  381  0.0160315
280  389  0.0132757
280  540  0.0103642
281  539  0.0103293
283  374  0.827752
284  373  0.907
284  376  0.0746196
285  372  0.908879
285  375  0.0750478
286  371  0.908591
286  374  0.0750314
287  370  0.907716
287  373  0.0749606
288  369  0.909164
288  372  0.0750645
289  368  0.904865
289  371  0.0749356
290  367  0.888144
291  369  0.072872
292  366  0.0167743
292  367  0.0194818
292  368  0.0107838
293  365  0.0137208
293  366  0.0192794
294  365  0.0131848
294  366  0.649172
295  365  0.9135
296  364  0.937569
297  363  0.924877
298  362  0.802684
300  358  0.947198
301  357  0.959508
303  356  0.98665
304  355  0.986748
305  354  0.985009
306  353  0.986667
307  352  0.981919
310  349  0.0409888
311  347  0.0891856
312  319  0.0966163
313  318  0.100799
313  345  0.888391
314  344  0.891268
315  343  0.890433
316  342  0.61009
318  340  0.01166
319  339  0.0116833
320  338  0.0112892
320  342  0.354691
321  341  0.972559
322  340  0.984474
323  339  0.982683
324  338  0.98368
325  337  0.984748
326  335  0.994805
327  334  0.996017
328  333  0.972807
375  382  0.138722
375  393  0.0852981
375  434  0.0696839
375  462  0.0125097
375  535  0.138392
376  381  0.124334
376  392  0.0854377
376  433  0.0852369
376  461  0.0125644
376  534  0.140617
377  432  0.0855901
377  460  0.0126444
377  533  0.141879
378  431  0.0856931
378  459  0.0126753
378  532  0.141846
379  389  0.142762
379  430  0.0856494
379  531  0.119974
380  429  0.085544
380  446  0.0119485
380  530  0.0928738
381  388  0.229419
381  398  0.0140305
381  428  0.0848384
381  445  0.0141626
382  387  0.2244
382  397  0.0140245
382  398  0.214551
383  397  0.219885
384  389  0.0124498
384  396  0.401875
385  395  0.40229
386  394  0.402651
387  392  0.0438441
387  393  0.399381
388  392  0.247384
394  529  0.220487
395  528  0.220849
396  527  0.220749
397  414  0.0124303
397  529  0.0914908
398  413  0.0124357
398  528  0.0917131
399  411  0.013561
399  442  0.604385
399  527  0.087343
400  441  0.86427
401  409  0.0142947
401  440  0.891612
402  408  0.0125068
402  439  0.89111
403  425  0.0138987
403  438  0.891361
404  412  0.0186307
404  424  0.0186067
404  437  0.891046
405  411  0.0195447
405  423  0.0189307
405  436  0.891723
406  410  0.0121562
406  422  0.0146949
407  434  0.86132
408  417  0.0301083
408  434  0.0204113
409  416  0.0358822
409  432  0.311639
409  433  0.0232831
410  415  0.0360411
410  431  0.899708
411  430  0.900468
412  429  0.899893
413  428  0.869919
414  423  0.0211768
414  428  0.0207542
415  421  0.0103881
415  422  0.0150349
415  425  0.237774
415  426  0.451767
415  427  0.0377914
416  423  0.012905
416  424  0.479411
417  423  0.463776
417  424  0.0760877
418  422  0.214463
436  468  0.0118474
437  467  0.0125782
438  466  0.0130362
439  465  0.0126564
440  464  0.013144
441  463  0.0146984
442  462  0.0179725
443  461  0.0177719
444  460  0.0177588
444  550  0.0231813
445  458  0.0296342
445  525  0.390731
445  549  0.0264704
446  457  0.0137382
446  524  0.391235
446  548  0.02713
447  456  0.0139913
447  523  0.391447
447  529  0.534393
447  547  0.026731
448  455  0.0300699
448  522  0.391923
448  528  0.536061
448  546  0.0265737
449  454  0.0292461
449  521  0.391913
449  527  0.536101
449  545  0.0261138
450  520  0.383047
450  526  0.535603
450  544  0.0164423
451  499  0.0921759
451  519  0.322574
451  525  0.530781
452  460  0.0134921
452  498  0.0945947
452  523  0.0757537
453  459  0.0158407
453  490  0.0220637
453  497  0.0951043
454  489  0.0229426
454  496  0.0967112
454  516  0.0799109
454  522  0.533687
455  488  0.0229434
455  495  0.0963326
455  521  0.535546
456  487  0.0228972
456  494  0.0856369
456  514  0.260831
456  520  0.534264
457  486  0.0229404
457  493  0.0640065
457  513  0.276115
457  519  0.530305
458  485  0.0219435
458  490  0.0123315
458  512  0.276005
459  465  0.0113329
459  467  0.0266232
459  468  0.251114
459  471  0.0470423
459  489  0.0110449
459  518  0.48166
460  466  0.0370302
460  470  0.050029
460  492  0.011859
460  517  0.452479
461  469  0.045685
461  491  0.0128221
462  490  0.0127459
463  515  0.0217369
464  514  0.0229174
465  514  0.0121103
466  515  0.121681
466  516  0.0201295
467  514  0.116039
470  498  0.019948
471  490  0.0131686
471  497  0.0226153
471  511  0.753076
472  488  0.0496192
472  495  0.0995705
472  510  0.758549
473  487  0.0513664
473  494  0.110269
473  509  0.758223
474  486  0.0551396
474  493  0.127173
474  508  0.756944
475  485  0.0288866
475  492  0.128764
475  504  0.0425598
475  507  0.702805
476  485  0.0313037
476  491  0.129409
476  503  0.196448
476  506  0.478453
477  484  0.0960781
477  490  0.129538
477  502  0.230993
478  483  0.102443
478  489  0.1287
478  501  0.229548
479  500  0.223936
480  488  0.103657
480  503  0.0498905
480  504  0.0147677
480  505  0.0850135
481  487  0.0956334
481  502  0.0512347
482  503  0.427344
483  502  0.444247
484  499  0.26821
484  501  0.443647
485  498  0.272571
485  500  0.437975
485  501  0.0130253
486  497  0.274783
487  496  0.165308
487  499  0.468723
488  496  0.116035
488  498  0.469239
489  495  0.224008
489  497  0.470126
490  496  0.452574
497  513  0.09228
498  512  0.0837115
499  511  0.084148
499  512  0.0184036
500  510  0.0361241
500  511  0.0193586
501  510  0.0337193
502  508  0.0597737
502  540  0.0124252
503  539  0.0125722
504  538  0.0122724
507  533  0.0314881
508  532  0.0359779
509  531  0.0361728
510  519  0.0671532
510  530  0.0363104
511  518  0.0668884
511  529  0.0366433
512  528  0.0366437
513  527  0.0362357
531  548  0.0284541
532  547  0.039356
534  545  0.0586886
535  544  0.0698229
536  543  0.0703599
537  542  0.0616538
