1  353  0.0276822
2  39  0.0338435
2  352  0.0499333
2  484  0.0496292
2  486  0.0328945
2  488  0.348891
2  605  0.0167091
3  12  0.0361525
3  38  0.0460346
3  351  0.0602413
3  483  0.196594
3  485  0.0689792
3  487  0.422387
3  604  0.0167133
4  11  0.0359191
4  37  0.0459515
4  350  0.0602091
4  482  0.19671
4  484  0.0689867
4  486  0.422189
5  481  0.192256
5  602  0.0269822
6  444  0.0138355
6  480  0.176892
6  601  0.0315621
7  443  0.0151176
7  479  0.117442
7  600  0.0318224
8  34  0.17549
8  346  0.296282
8  442  0.0154468
8  599  0.0312572
9  33  0.179469
9  123  0.0127137
9  345  0.29895
9  441  0.0154366
9  445  0.338375
10  32  0.177246
10  122  0.0130739
10  344  0.298765
10  444  0.341697
11  331  0.0241234
11  343  0.298611
11  443  0.342484
12  120  0.0412566
12  330  0.024043
12  342  0.296969
12  442  0.339636
13  119  0.0432579
13  329  0.0240256
13  441  0.335328
14  118  0.0432833
14  328  0.0230753
15  28  0.858206
15  117  0.0441382
16  27  0.859611
16  116  0.0441394
16  328  0.0526991
17  26  0.85913
17  115  0.0440425
17  327  0.0303653
18  25  0.856847
18  114  0.0440848
18  326  0.05967
19  24  0.497168
19  113  0.0438851
19  325  0.0873747
20  112  0.0420365
20  324  0.0882634
21  111  0.0304791
21  323  0.0892082
22  322  0.0895189
23  321  0.0896432
24  320  0.0895294
25  319  0.0895221
26  318  0.0764998
27  38  0.0462413
27  103  0.0278392
27  105  0.0266315
27  317  0.0202998
28  37  0.0462827
28  102  0.0278439
28  104  0.0265693
29  36  0.0445374
29  101  0.0223501
30  35  0.0372431
30  314  0.0107845
32  433  0.15212
32  439  0.107561
32  605  0.0462287
33  341  0.182354
33  432  0.183148
33  436  0.0117488
33  438  0.142736
33  604  0.0461504
34  100  0.087107
34  305  0.0180791
34  334  0.0114501
34  340  0.181337
34  431  0.182317
34  435  0.0117475
34  437  0.140908
34  603  0.0481159
35  83  0.0138356
35  99  0.101274
35  304  0.0183851
35  333  0.0108771
35  602  0.0654575
36  98  0.130128
36  303  0.0181731
36  601  0.0675566
37  81  0.502093
37  97  0.141793
37  302  0.0182083
37  485  0.0624607
37  487  0.0104722
37  600  0.0685662
38  80  0.521432
38  96  0.141531
38  484  0.0624433
38  486  0.010472
38  599  0.0686699
39  95  0.0290449
39  301  0.0527668
40  78  0.773402
40  300  0.0592822
40  448  0.0256234
41  77  0.80683
41  299  0.0608176
41  447  0.022424
41  488  0.0348285
42  76  0.817792
42  298  0.0610009
42  393  0.0545035
42  487  0.0463245
43  75  0.817786
43  297  0.0609984
43  392  0.0637934
43  486  0.0463295
44  74  0.817995
44  391  0.066444
44  485  0.0455594
45  73  0.818011
45  295  0.0609903
45  390  0.0664474
45  484  0.0454467
46  72  0.816463
46  294  0.06089
46  389  0.0664307
47  71  0.816844
47  293  0.0609917
47  388  0.0664491
48  292  0.0609848
48  387  0.0630886
48  401  0.0425563
49  69  0.814675
49  291  0.0610005
49  400  0.0463609
50  68  0.80871
50  290  0.0609648
50  399  0.0513143
51  289  0.0609769
51  398  0.0530073
52  288  0.060834
52  385  0.0665242
52  397  0.0530092
53  66  0.808216
53  286  0.0476347
53  384  0.066569
53  396  0.053006
54  65  0.819186
54  285  0.0181549
54  383  0.0664657
54  395  0.0529178
55  64  0.819241
55  282  0.0603759
55  382  0.0665728
55  394  0.053021
56  63  0.819117
56  281  0.0606667
56  381  0.0665325
56  393  0.0529893
57  62  0.802674
57  280  0.060682
57  380  0.0665804
57  392  0.0530289
58  279  0.0597471
58  379  0.0659963
58  391  0.0530259
59  278  0.0476462
59  390  0.0529612
60  389  0.0528641
61  374  0.0624485
61  388  0.0527129
62  149  0.0601583
62  373  0.0672489
63  148  0.0603357
63  372  0.067646
64  147  0.0603366
64  356  0.0400487
64  371  0.0676455
65  146  0.0603294
65  355  0.0407775
65  370  0.0676428
66  145  0.058682
66  354  0.0409415
66  369  0.0675498
67  353  0.0406902
67  368  0.0665398
69  143  0.0569284
69  351  0.0398735
69  366  0.0506822
70  142  0.056731
70  350  0.0399652
70  365  0.060524
71  349  0.0398477
71  364  0.0604476
72  140  0.0499507
72  344  0.0223161
72  348  0.0394486
72  363  0.0241209
73  139  0.0696851
73  343  0.0302044
74  138  0.06973
74  342  0.030943
74  346  0.0226627
75  97  0.0650093
75  137  0.0697298
76  96  0.065105
76  136  0.0693193
76  345  0.0358124
77  95  0.0657506
77  344  0.0360474
78  94  0.0671333
78  133  0.0690074
78  343  0.036102
78  485  0.02059
79  93  0.06721
79  132  0.0695327
79  342  0.0361019
79  484  0.0211442
79  486  0.0100197
79  594  0.018609
80  92  0.0669673
80  131  0.0694759
80  341  0.0315243
80  354  0.0103495
80  483  0.0273799
80  485  0.0103559
81  91  0.0531921
81  130  0.0664611
81  482  0.0273219
81  484  0.0100235
81  592  0.0516066
82  89  0.0111882
82  353  0.0113574
82  481  0.0250009
82  591  0.0617918
83  339  0.151163
83  352  0.0121434
83  430  0.214261
83  590  0.0645328
84  95  0.140337
84  127  0.0458642
84  338  0.200874
84  351  0.0124818
84  429  0.291567
84  479  0.0173065
84  589  0.0655385
85  94  0.189972
85  111  0.0124075
85  124  0.02322
85  126  0.0466967
85  337  0.19959
85  428  0.291659
85  478  0.0252992
85  588  0.0654968
86  93  0.190147
86  110  0.0149876
86  123  0.0239024
86  125  0.0468771
86  336  0.199573
86  349  0.0127487
86  427  0.291625
86  477  0.0252733
86  587  0.0655458
87  92  0.266959
87  109  0.0183397
87  122  0.0240167
87  124  0.046687
87  335  0.091255
87  348  0.0286993
87  398  0.0276494
87  426  0.222611
87  586  0.0645156
88  121  0.0246931
88  123  0.0456674
88  347  0.0293036
88  397  0.0264556
88  404  0.0273363
88  405  0.0726518
88  585  0.0352798
89  107  0.0201847
89  120  0.0267513
89  121  0.0279795
89  346  0.0293836
89  396  0.018104
89  403  0.0306128
89  404  0.0896095
89  421  0.0799482
89  584  0.0293818
90  106  0.0204539
90  119  0.0279419
90  120  0.0280062
90  345  0.0294626
90  402  0.0320813
90  403  0.0907379
90  420  0.0808475
90  583  0.0560904
91  333  0.0139851
91  344  0.0288261
91  393  0.0747705
91  419  0.080753
91  497  0.010972
92  104  0.0206796
92  118  0.0705135
92  392  0.0875794
92  402  0.0392124
92  418  0.0806362
92  496  0.0113588
93  103  0.0217322
93  117  0.0708975
93  331  0.511348
93  343  0.0267847
93  391  0.0900613
94  102  0.0217323
94  116  0.0709011
94  330  0.511839
94  342  0.0267357
94  390  0.0900629
95  101  0.0215126
95  115  0.0707643
95  329  0.501405
95  332  0.0101032
95  389  0.089718
96  100  0.0169088
96  114  0.0707847
96  331  0.0247996
96  388  0.0881338
97  113  0.0707667
97  327  0.506658
97  330  0.0247371
98  112  0.0675837
98  329  0.0189977
98  386  0.013356
99  325  0.752812
99  385  0.0109016
100  324  0.790088
100  384  0.0109487
101  323  0.814445
101  383  0.0108696
102  111  0.0524751
102  322  0.825298
102  382  0.0108274
103  110  0.0563411
103  321  0.82739
104  109  0.0427714
104  312  0.0209852
104  320  0.827911
104  381  0.0107358
105  311  0.0226813
105  319  0.828646
105  380  0.010755
106  310  0.0230788
106  318  0.813823
106  379  0.0107584
107  309  0.0230725
107  317  0.776482
107  378  0.0107511
108  308  0.0230017
108  377  0.0107286
109  307  0.0229104
109  376  0.0107102
110  315  0.731236
111  314  0.83185
112  313  0.837061
113  312  0.840608
114  230  0.0141214
114  311  0.841609
115  229  0.0144155
115  310  0.840343
116  228  0.0143753
116  309  0.824048
117  146  0.0532152
117  227  0.0143574
117  308  0.796759
118  144  0.0407611
118  145  0.81545
118  226  0.0124352
119  143  0.0411435
119  144  0.816131
119  224  0.0122858
120  141  0.0307481
120  143  0.812465
120  223  0.0122827
121  140  0.0339959
121  222  0.0120909
121  353  0.0100781
122  352  0.0102282
123  139  0.863943
123  351  0.0102683
124  138  0.865649
125  137  0.865729
125  348  0.0112886
125  596  0.011111
126  136  0.864964
126  347  0.0112914
126  595  0.0146223
127  135  0.865168
127  346  0.0112974
127  594  0.0149449
128  134  0.856523
128  593  0.012378
129  133  0.673189
129  429  0.012219
130  343  0.0112927
130  428  0.0122209
130  485  0.017311
130  487  0.0105221
131  342  0.0112861
131  427  0.0122159
131  484  0.0173897
131  486  0.0105612
132  483  0.0174028
132  485  0.0105811
133  336  0.0110462
133  482  0.0174028
133  484  0.0105673
134  335  0.0110867
134  395  0.0206683
134  481  0.0171815
135  334  0.0110949
135  394  0.0241773
135  480  0.0165438
136  393  0.0242177
136  479  0.0166062
137  392  0.0242627
138  331  0.0112088
138  391  0.0242721
138  478  0.0171299
139  330  0.011211
139  390  0.0242627
139  477  0.0171356
140  329  0.0110861
140  389  0.016653
140  476  0.0171107
141  328  0.0109753
141  475  0.016991
143  308  0.0105143
144  307  0.0105099
144  361  0.0185901
144  385  0.0129908
145  234  0.0141598
145  307  0.0123201
145  360  0.0187218
145  384  0.013045
146  359  0.0187797
146  383  0.0130048
147  232  0.858685
147  358  0.0187713
147  382  0.0130184
147  474  0.0142736
148  231  0.865729
148  357  0.0187367
148  381  0.0129965
148  473  0.0143761
149  230  0.870035
149  380  0.012994
149  472  0.0144528
150  229  0.870423
150  276  0.0597182
150  354  0.021034
150  379  0.0105266
150  471  0.0144846
151  228  0.870095
151  275  0.0600266
151  353  0.0210539
151  378  0.0101601
151  470  0.0144985
152  227  0.867929
152  274  0.060113
152  352  0.0215717
152  469  0.0144992
153  185  0.0144699
153  226  0.863026
153  273  0.0601853
153  351  0.0220775
153  468  0.0144738
154  184  0.0149284
154  225  0.130048
154  272  0.0600839
154  350  0.0220433
154  467  0.0121169
155  182  0.118797
155  225  0.725451
155  271  0.0598242
155  349  0.0219652
156  181  0.15066
156  224  0.753485
157  180  0.150661
157  223  0.752681
158  222  0.713838
159  178  0.858746
160  177  0.933713
161  176  0.965243
161  262  0.0174563
162  175  0.967823
162  261  0.0184103
163  174  0.968085
164  173  0.968023
165  172  0.935331
165  259  0.0208322
166  170  0.0557648
166  258  0.020875
167  257  0.0208675
168  256  0.0208767
171  253  0.0208783
172  252  0.0208788
173  251  0.0208639
175  249  0.0207957
176  248  0.020802
177  247  0.0179251
178  246  0.0139082
179  243  0.0112761
179  269  0.0602577
180  242  0.021581
180  268  0.0604683
181  241  0.0215828
181  267  0.0604722
182  240  0.0193848
182  266  0.0602864
183  451  0.0138113
184  264  0.0603612
184  450  0.0139955
185  263  0.0607931
185  449  0.014016
186  262  0.0596193
186  448  0.0139859
187  261  0.0576129
187  447  0.0139441
188  260  0.0565517
188  446  0.0140114
189  259  0.0516429
189  445  0.0140188
190  257  0.0136993
191  256  0.0130994
191  442  0.0123317
192  219  0.899984
192  255  0.0118735
192  441  0.012259
193  218  0.96543
194  217  0.964812
195  216  0.964322
196  215  0.965311
197  214  0.932543
198  213  0.829947
198  214  0.0321333
199  212  0.508502
199  213  0.131723
200  212  0.228067
202  210  0.699273
203  208  0.029023
203  209  0.553631
205  211  0.0111675
213  234  0.0124832
214  233  0.0126021
215  232  0.0126673
218  230  0.0123681
219  229  0.0126654
220  228  0.0106029
222  236  0.0186823
223  235  0.0197692
223  256  0.0480625
224  234  0.0197689
224  255  0.0503426
225  254  0.0515803
226  253  0.0516764
227  252  0.0514629
228  251  0.0395883
230  249  0.0366982
234  305  0.0146524
235  244  0.0465768
235  304  0.0122493
235  305  0.890949
236  243  0.0365936
236  303  0.0111711
236  304  0.894292
237  302  0.0100525
237  303  0.893166
238  302  0.894258
239  301  0.89706
240  300  0.89734
241  298  0.0103982
242  298  0.894569
243  296  0.011541
243  297  0.893908
244  295  0.0132126
244  296  0.891444
248  292  0.87681
249  291  0.911206
250  290  0.911069
251  289  0.911584
252  288  0.909456
253  284  0.644746
254  283  0.890682
255  282  0.905084
256  281  0.905087
257  280  0.903359
258  279  0.881009
260  277  0.896162
261  276  0.905033
262  275  0.904837
263  273  0.911558
263  348  0.0193914
264  272  0.911459
264  347  0.0206634
265  271  0.911715
265  346  0.0208109
266  270  0.564674
266  345  0.020809
267  344  0.0207521
268  343  0.0207888
269  342  0.0207883
270  341  0.0207462
271  340  0.0204996
273  327  0.0180523
274  326  0.0181474
275  325  0.01816
276  324  0.0180853
278  322  0.0179705
279  321  0.0181048
280  320  0.0179974
281  319  0.0171941
287  313  0.0155592
288  312  0.0162583
289  311  0.0164252
291  310  0.017788
292  309  0.0177828
293  308  0.0176394
296  305  0.0104934
310  327  0.0155257
311  326  0.0162243
312  325  0.0163546
313  324  0.0163373
314  323  0.0158379
319  343  0.0143059
320  342  0.0143564
321  341  0.0147266
323  339  0.0165688
324  338  0.0189103
325  337  0.0189251
326  336  0.0103338
326  342  0.049892
326  433  0.054797
326  439  0.0101605
327  335  0.0103021
327  341  0.200667
327  432  0.0660517
327  438  0.0147818
328  334  0.0187816
328  340  0.201001
328  431  0.0661355
328  437  0.0148008
329  338  0.280232
329  429  0.068606
329  436  0.0147911
330  337  0.280846
330  428  0.0686258
330  435  0.0145495
331  336  0.278261
331  427  0.0686056
333  401  0.280075
334  400  0.303503
335  399  0.335459
336  398  0.344741
336  495  0.0284726
337  397  0.344442
337  452  0.0117028
337  494  0.028556
338  396  0.344343
338  451  0.013356
338  493  0.0285684
339  395  0.323192
339  450  0.0133982
339  492  0.0214985
340  449  0.0134095
341  392  0.341929
341  448  0.0133672
342  391  0.352762
342  398  0.0294161
343  361  0.0317499
343  385  0.12257
343  390  0.352495
343  397  0.0294309
344  360  0.0359514
344  384  0.0478295
344  389  0.351608
344  396  0.0112309
345  359  0.0526824
345  383  0.0594345
345  388  0.34211
345  395  0.0114902
346  358  0.0530893
346  382  0.184016
346  394  0.0298418
347  357  0.0532648
347  381  0.184669
347  393  0.0298485
347  600  0.0254997
348  355  0.0395748
348  356  0.0512093
348  380  0.184767
348  384  0.211852
348  385  0.0178594
348  392  0.0298536
348  475  0.191237
348  599  0.0297992
349  354  0.0390567
349  379  0.181822
349  382  0.0983692
349  383  0.154128
349  391  0.0184804
349  474  0.215277
349  598  0.0301647
350  354  0.0247276
350  378  0.131248
350  381  0.101637
350  382  0.151971
350  391  0.0111602
350  473  0.215303
350  478  0.010103
350  597  0.0293065
351  376  0.0810542
351  380  0.235142
351  390  0.0221726
351  472  0.215276
351  477  0.0101235
352  375  0.0767514
352  378  0.295397
352  471  0.182891
352  596  0.0331637
353  377  0.339658
353  476  0.0113698
353  595  0.0397201
354  376  0.341985
354  475  0.0114629
354  594  0.0408159
354  599  0.0134374
355  374  0.259793
355  375  0.172831
355  388  0.0972674
355  468  0.0667104
355  474  0.0114629
355  598  0.0149942
356  373  0.446625
356  388  0.0982488
356  468  0.0156952
356  473  0.0112229
357  372  0.445743
357  386  0.376967
357  387  0.0494765
358  371  0.447444
358  385  0.453298
359  370  0.447512
359  384  0.454338
360  369  0.434558
360  383  0.45363
361  368  0.264895
361  369  0.015422
361  382  0.454437
362  368  0.0232106
362  381  0.454291
363  367  0.0154909
363  380  0.453561
364  379  0.4533
365  378  0.415508
366  376  0.0221257
366  377  0.267767
367  375  0.0428326
367  378  0.0297123
368  377  0.139464
369  376  0.171229
370  375  0.0951246
389  462  0.197352
390  461  0.225645
390  487  0.113981
390  588  0.0148826
391  460  0.225663
391  486  0.114043
391  587  0.0193425
392  459  0.195999
392  485  0.112955
392  586  0.0208477
393  484  0.0966523
393  585  0.0208973
394  448  0.032701
394  584  0.0241619
395  430  0.160432
395  447  0.0226725
395  457  0.173558
395  583  0.0241998
396  429  0.266374
396  456  0.195292
396  474  0.0134801
396  582  0.0469688
397  428  0.266572
397  455  0.196701
397  473  0.0135326
397  581  0.0469952
398  427  0.266562
398  454  0.196634
398  472  0.0135318
398  580  0.0469941
399  471  0.0115355
399  579  0.0441571
400  426  0.568842
400  578  0.0209829
401  425  0.582106
402  424  0.663999
402  429  0.0386237
402  576  0.0408605
403  423  0.664051
403  428  0.0386508
403  575  0.0408911
404  422  0.51611
404  574  0.0377856
406  425  0.0151631
409  422  0.318969
410  421  0.903478
411  420  0.914364
412  419  0.913153
413  418  0.888575
422  545  0.0110209
423  544  0.0130275
424  540  0.0352477
424  543  0.0110016
425  452  0.0555987
425  539  0.0425089
426  451  0.067736
426  538  0.0433771
427  450  0.232679
427  537  0.0441599
428  449  0.23746
428  536  0.0441593
429  448  0.239554
429  535  0.0441253
430  450  0.0104279
431  449  0.0105152
432  445  0.550935
433  444  0.562502
434  443  0.564267
435  442  0.564591
436  441  0.483298
437  499  0.0552463
438  498  0.0557505
439  497  0.0558823
440  496  0.0558945
441  495  0.0510269
442  465  0.0178865
442  490  0.027985
443  464  0.0179467
443  489  0.0341454
444  463  0.0178051
444  488  0.0351782
445  462  0.0167029
445  487  0.035248
448  459  0.0483992
448  485  0.116511
449  458  0.0486552
449  483  0.657183
450  457  0.0464882
450  482  0.228469
451  456  0.0396656
451  481  0.233278
452  480  0.668573
453  462  0.034212
453  479  0.679154
454  461  0.0392948
454  478  0.686319
455  460  0.0382258
455  477  0.686295
456  476  0.682022
458  475  0.360178
459  475  0.0140103
460  473  0.671144
460  474  0.0117865
461  472  0.671025
463  470  0.0378579
463  471  0.0470684
464  470  0.0394205
469  490  0.01771
470  489  0.0214895
471  488  0.0233435
472  487  0.0237681
473  486  0.0204867
474  484  0.011994
475  483  0.0115608
477  483  0.0134134
477  485  0.018209
478  482  0.0109097
478  484  0.0179981
484  600  0.0952945
485  599  0.109317
486  598  0.111114
488  597  0.0413589
489  596  0.0396828
490  592  0.77374
490  595  0.0199723
491  591  0.865547
492  590  0.894611
493  589  0.902058
494  588  0.901841
495  587  0.902022
496  586  0.899039
497  585  0.876174
502  534  0.986286
503  533  0.996345
504  532  0.996647
505  531  0.994595
506  530  0.995612
507  529  0.996693
508  528  0.996687
509  526  0.155012
509  527  0.834626
510  525  0.307654
511  524  0.30743
511  525  0.146903
512  523  0.0159019
513  523  0.978378
514  522  0.997066
515  521  0.991058
516  520  0.377262
534  583  0.0101208
535  582  0.9477
536  581  0.948418
537  580  0.948377
538  579  0.946151
539  578  0.946516
540  577  0.935045
543  574  0.0219949
543  576  0.916207
544  573  0.0225916
544  575  0.921496
545  574  0.86125
546  574  0.0161884
548  570  0.196284
548  572  0.261813
549  569  0.207534
549  571  0.290318
549  573  0.0195959
550  568  0.207505
550  569  0.449832
550  571  0.20173
551  570  0.20261
552  567  0.74836
553  566  0.748297
553  569  0.248821
554  565  0.749634
554  568  0.248985
555  564  0.750011
555  567  0.249052
556  563  0.744003
556  566  0.224468
557  565  0.225859
558  564  0.246638
591  605  0.0206333
592  604  0.0282948
593  603  0.0353719
593  604  0.0266268
594  602  0.0381225
594  603  0.0303007
595  601  0.0378882
595  602  0.03021
