1  25  0.0225728
4  22  0.985109
5  21  0.999294
6  20  0.999876
7  19  0.999671
8  18  0.999834
9  17  0.998936
10  16  0.995409
11  15  0.417668
32  83  0.0215047
32  84  0.615791
33  82  0.0268563
33  83  0.81204
33  84  0.015504
34  81  0.0276818
34  82  0.857885
34  83  0.0192188
35  80  0.0272562
35  81  0.868959
35  82  0.019635
36  79  0.0257238
36  80  0.871256
36  81  0.0190918
37  78  0.0209119
37  79  0.869001
37  80  0.0176148
38  78  0.856194
38  79  0.0131508
39  77  0.804092
40  46  0.0294334
40  47  0.0185195
40  49  0.206996
40  52  0.0190929
40  55  0.0115689
40  76  0.456775
41  45  0.0113282
41  48  0.173198
41  51  0.0200378
41  52  0.0286632
42  50  0.0188418
42  51  0.0301948
43  50  0.0263478
45  54  0.0625879
46  53  0.0664785
46  56  0.0196823
46  57  0.414419
47  53  0.0447655
47  56  0.439647
48  54  0.133007
49  53  0.115075
49  56  0.0288898
57  76  0.534751
58  75  0.993563
59  74  0.99987
60  73  0.999963
61  72  0.998568
62  71  0.996915
63  70  0.993011
64  69  0.935112
