1  111  0.12877
1  114  0.032664
1  340  0.2508
2  110  0.210728
2  113  0.0377559
2  136  0.0110866
2  291  0.0192206
2  337  0.0124999
2  339  0.28569
3  109  0.234628
3  112  0.042476
3  135  0.013448
3  290  0.0230893
3  336  0.0253118
3  338  0.315011
4  108  0.201506
4  111  0.0406675
4  134  0.0117267
4  335  0.0228677
5  107  0.165046
5  108  0.060508
6  107  0.0972542
6  335  0.292975
6  340  0.0578084
7  102  0.0104481
7  106  0.130266
7  132  0.0225351
7  286  0.0220915
7  333  0.0143659
7  334  0.295624
7  339  0.0620421
8  101  0.0101201
8  105  0.109638
8  131  0.0227389
8  285  0.0176399
9  14  0.237525
9  65  0.011171
9  101  0.466637
9  130  0.022682
10  64  0.0110874
10  100  0.617459
10  103  0.0143652
10  128  0.0193507
10  338  0.0161785
10  340  0.0113841
11  99  0.623119
11  102  0.0143736
11  127  0.0193465
11  337  0.0162131
11  339  0.0116657
12  98  0.622179
12  101  0.0112856
12  126  0.0132761
13  97  0.621552
14  60  0.0119382
14  96  0.620592
17  23  0.0155009
17  64  0.0178306
17  65  0.054805
19  285  0.0101511
20  284  0.0106193
21  340  0.0352769
22  35  0.49839
22  61  0.115975
22  282  0.110151
22  339  0.0359611
23  34  0.501201
23  60  0.116518
23  70  0.0161647
23  281  0.110627
23  337  0.0400902
23  339  0.0526709
24  33  0.497982
24  59  0.0126899
24  69  0.0183537
24  123  0.0318519
24  280  0.0881912
24  336  0.0416873
24  338  0.0685851
25  68  0.0182631
25  114  0.0198256
25  122  0.032196
25  335  0.0413836
26  34  0.10906
26  66  0.0167334
26  113  0.0211172
26  121  0.0324789
26  247  0.011616
26  260  0.0591756
26  334  0.0405604
26  337  0.0750092
27  33  0.109494
27  65  0.0177835
27  98  0.0124851
27  112  0.0228815
27  120  0.0322119
27  246  0.0118221
27  259  0.0647881
27  336  0.0758838
28  97  0.012936
28  111  0.020777
28  245  0.0118495
28  335  0.075104
29  96  0.0130319
29  244  0.0117544
29  258  0.0541745
29  334  0.073396
30  257  0.0404961
31  61  0.0263249
31  241  0.0973949
32  60  0.026546
32  61  0.0835053
32  240  0.0978703
33  60  0.086382
33  113  0.0519392
33  239  0.0978565
34  49  0.0149065
34  59  0.0519102
34  65  0.0235468
34  112  0.0564936
34  238  0.0818899
35  48  0.0176835
35  58  0.0417768
35  64  0.0235242
35  111  0.0424414
35  237  0.0735471
36  47  0.0178436
36  57  0.0344466
36  59  0.746211
36  236  0.0626389
37  46  0.0181105
37  58  0.884534
37  235  0.0477014
38  45  0.016848
38  57  0.894499
38  234  0.0431129
39  56  0.937438
39  233  0.0245139
40  55  0.96317
41  54  0.965654
42  53  0.968064
43  52  0.967583
51  110  0.0101592
52  109  0.0112511
53  108  0.011244
54  107  0.0112218
55  106  0.0111733
56  105  0.0106104
57  95  0.0118958
58  94  0.013125
59  93  0.015191
60  65  0.0276033
60  92  0.019827
61  92  0.0651128
61  109  0.135589
62  108  0.136561
62  231  0.0792231
63  107  0.136337
63  230  0.0914906
63  335  0.0108404
64  94  0.0373764
64  106  0.133984
64  229  0.0937442
64  334  0.018013
65  121  0.0112929
65  228  0.0937607
65  333  0.0225898
66  88  0.56603
66  92  0.213015
66  120  0.0174728
66  227  0.0932093
67  87  0.615794
67  91  0.212472
67  119  0.0174723
67  226  0.0923083
68  86  0.619398
68  90  0.200177
68  118  0.0136628
68  225  0.0294429
69  85  0.62
69  87  0.0315038
69  225  0.0494392
70  81  0.0737466
70  84  0.358183
70  88  0.0218119
70  89  0.123161
70  172  0.0208634
70  224  0.0393027
71  80  0.0751078
71  84  0.0406947
71  88  0.123604
71  171  0.020862
72  79  0.0726133
72  83  0.0438844
72  87  0.120553
72  95  0.0152176
73  78  0.0550817
73  82  0.0255785
73  83  0.586773
73  86  0.0973545
73  94  0.016726
73  210  0.0247811
74  79  0.0155476
74  82  0.678859
74  85  0.081192
74  93  0.0174205
74  168  0.0208512
75  81  0.709487
75  84  0.0280587
75  92  0.017711
75  167  0.0209686
75  208  0.0140642
76  80  0.270123
76  207  0.0392005
77  206  0.0398594
78  89  0.0137471
78  205  0.0400891
79  88  0.0144343
79  204  0.0402092
80  87  0.0119064
80  161  0.0103381
80  203  0.0403079
81  160  0.0104526
81  202  0.0402317
84  110  0.016531
84  154  0.056277
85  109  0.0202067
85  153  0.0710175
86  108  0.0199353
86  152  0.071026
87  107  0.0159139
87  151  0.0710504
88  150  0.0697678
89  102  0.012599
89  149  0.0627931
90  101  0.0419468
90  212  0.0104616
91  100  0.0597993
91  103  0.220109
91  147  0.027146
91  211  0.0104836
92  99  0.0595752
92  102  0.22027
92  146  0.0336364
92  210  0.0100039
93  98  0.0273607
93  101  0.220172
94  100  0.216593
94  145  0.0114769
95  144  0.0106853
96  120  0.010957
97  119  0.0109544
98  118  0.0109004
99  120  0.0144903
100  119  0.0145167
101  115  0.0102934
101  118  0.0141937
101  327  0.124129
102  114  0.011488
102  117  0.0114138
102  128  0.0111129
102  259  0.0114357
102  326  0.416407
103  113  0.0114861
103  127  0.0111662
103  258  0.011459
103  325  0.41665
104  114  0.0157661
104  126  0.0111362
104  257  0.011455
104  324  0.416453
105  113  0.0173659
105  125  0.0104403
105  142  0.014665
105  256  0.0114527
105  323  0.415949
106  112  0.0176728
106  141  0.0177124
106  255  0.0114373
106  290  0.0109045
106  322  0.416643
107  140  0.017069
107  254  0.0109758
107  321  0.416173
108  139  0.0138616
108  287  0.0117146
108  320  0.4157
109  286  0.0151819
109  319  0.414523
110  285  0.0125641
111  282  0.0129516
111  317  0.335478
112  121  0.0468711
112  281  0.0201451
112  316  0.33677
112  339  0.0219651
113  120  0.0793051
113  141  0.0500665
113  280  0.0213447
113  315  0.133449
113  338  0.0252543
114  119  0.0576113
114  140  0.0484908
114  279  0.0200748
114  286  0.0153012
114  314  0.0126391
114  337  0.0151193
114  341  0.0201586
115  285  0.0184343
115  304  0.174123
115  340  0.0223079
116  138  0.0336075
116  284  0.0189323
116  303  0.222056
116  335  0.0129089
117  137  0.0350951
117  139  0.0121718
117  283  0.0188045
117  302  0.244623
117  334  0.0120597
117  341  0.0127315
118  138  0.0131032
118  301  0.244827
118  340  0.0136892
119  135  0.0367729
119  261  0.0172523
119  312  0.0161565
119  338  0.246647
119  340  0.0111582
120  260  0.0172588
120  281  0.0287269
120  311  0.0162297
120  337  0.246747
120  339  0.0116705
121  134  0.130895
121  135  0.0142431
121  259  0.0155113
121  280  0.030866
121  310  0.0156393
121  336  0.210649
122  133  0.179521
122  279  0.0300651
122  299  0.615313
122  309  0.0118372
123  132  0.185224
123  278  0.0252546
123  298  0.648683
124  131  0.185156
124  297  0.654018
125  130  0.182619
125  261  0.0578086
125  296  0.655064
126  260  0.0578273
126  295  0.65422
127  259  0.0581518
128  258  0.0581109
128  294  0.670631
129  257  0.0431193
129  293  0.671402
130  292  0.671927
131  291  0.670902
132  145  0.0178115
132  235  0.0423461
132  290  0.663838
133  144  0.0177284
133  192  0.0508261
133  234  0.0425102
134  143  0.0170048
134  191  0.0575801
134  233  0.042676
134  240  0.0213512
134  287  0.317408
134  288  0.0226961
135  190  0.058348
135  232  0.0425505
135  239  0.0271774
135  286  0.365056
136  189  0.0580998
136  231  0.041727
136  238  0.0271247
136  285  0.360014
137  188  0.053039
137  230  0.0398978
137  237  0.0262264
137  284  0.340018
138  229  0.037337
138  283  0.299944
139  186  0.0527055
140  147  0.0130268
140  185  0.0576712
140  234  0.0114151
141  146  0.0136458
141  184  0.0577644
141  226  0.0120799
141  232  0.102821
141  281  0.0159671
141  286  0.0729743
142  231  0.104011
142  285  0.0738722
143  230  0.104943
143  284  0.0748494
144  166  0.0101709
144  181  0.0229108
144  229  0.105471
144  282  0.139328
144  283  0.0715934
144  317  0.0180352
145  165  0.0186664
145  180  0.023447
145  228  0.106393
145  260  0.0133157
145  281  0.188564
145  282  0.0607722
145  316  0.0190521
146  164  0.0187883
146  167  0.283973
146  179  0.0232493
146  227  0.0976758
146  259  0.0173247
146  261  0.060902
146  280  0.197774
147  163  0.017785
147  166  0.267797
147  178  0.0221773
147  226  0.0920203
147  258  0.0171361
147  260  0.0592867
147  279  0.185924
148  257  0.0114734
149  164  0.0585196
151  162  0.883954
152  161  0.892395
153  160  0.892276
154  159  0.552678
157  200  0.0286801
158  199  0.0353108
159  198  0.0353295
160  197  0.0351003
161  176  0.0339313
162  175  0.0413599
163  174  0.0421523
163  315  0.0638055
164  173  0.0422607
164  256  0.0121126
164  262  0.108693
164  314  0.071426
165  172  0.0415654
165  175  0.0186896
165  255  0.0133547
165  261  0.145524
165  280  0.0156465
165  313  0.0830799
166  171  0.0257589
166  174  0.0189166
166  259  0.308491
166  261  0.0244112
166  312  0.0830955
167  173  0.0189594
167  258  0.309082
167  260  0.0245841
167  311  0.0830538
168  257  0.261794
169  183  0.237123
169  256  0.0935353
169  288  0.0309654
169  289  0.182592
170  182  0.35218
170  283  0.0121019
170  287  0.0369612
170  288  0.241403
171  181  0.380325
171  226  0.0275059
171  282  0.0207198
171  286  0.0292934
171  287  0.256398
172  180  0.382909
172  225  0.146676
172  281  0.0261833
172  286  0.25774
173  179  0.380959
173  224  0.178483
173  280  0.0264159
173  284  0.16641
173  285  0.128626
174  178  0.145023
174  191  0.0105033
174  223  0.178474
174  279  0.0250953
174  283  0.306082
175  190  0.0105689
175  222  0.178686
175  278  0.0172847
175  282  0.308676
176  221  0.178421
176  281  0.307764
177  186  0.0375257
177  220  0.17773
177  280  0.304455
178  185  0.0772741
178  211  0.0111486
178  219  0.151601
178  259  0.02862
178  261  0.302756
179  184  0.127646
179  190  0.0157755
179  209  0.0150634
179  210  0.0122639
179  258  0.0286274
179  260  0.303087
180  189  0.0161335
180  208  0.0249777
180  217  0.0401172
180  257  0.0229773
180  259  0.302114
181  188  0.0159128
181  207  0.0256097
181  208  0.0144093
182  187  0.0120799
182  206  0.0256458
182  207  0.0145217
183  205  0.0254267
183  206  0.0143866
183  212  0.0194585
184  204  0.0239016
184  205  0.0134744
184  211  0.0207783
184  252  0.676959
185  203  0.0205852
185  210  0.0206574
185  251  0.67952
186  202  0.0151926
186  209  0.0189791
186  250  0.680387
187  249  0.682565
188  203  0.0524134
188  248  0.684778
189  196  0.0149779
189  198  0.0107756
189  202  0.0591078
189  247  0.190992
190  195  0.0203556
190  197  0.0135598
190  201  0.0690822
190  246  0.189919
191  200  0.0687627
191  245  0.682948
192  199  0.063154
192  244  0.635676
194  240  0.649261
194  241  0.046396
195  239  0.649913
195  240  0.0462905
196  238  0.574978
197  239  0.0276664
197  286  0.0303342
198  212  0.316304
198  236  0.35362
198  238  0.0191164
198  285  0.0303517
199  211  0.371766
199  234  0.0747813
199  235  0.350621
199  284  0.0303205
200  210  0.371561
200  233  0.428738
200  283  0.0303657
201  209  0.369176
201  232  0.429114
201  282  0.029674
202  208  0.338964
202  231  0.426697
202  235  0.0142766
202  252  0.0120094
203  207  0.223109
203  230  0.426536
203  234  0.014505
204  229  0.423419
204  233  0.0145148
204  251  0.0245889
205  228  0.154226
205  232  0.014366
205  250  0.0285237
206  249  0.0295733
207  226  0.381124
207  248  0.0299478
208  225  0.399357
208  229  0.0143327
209  217  0.0258857
209  220  0.0104551
209  224  0.401427
210  216  0.0257574
210  224  0.0152278
210  227  0.024132
210  245  0.0277786
211  222  0.398653
211  223  0.0181338
211  226  0.0242673
211  244  0.0299726
212  221  0.371119
212  222  0.0150598
212  225  0.0227315
212  243  0.0260212
214  231  0.270614
215  230  0.295685
216  223  0.0528834
216  229  0.302833
217  222  0.051134
217  228  0.302889
219  226  0.302487
220  225  0.284538
233  284  0.0129445
234  242  0.0287731
234  283  0.0219089
235  241  0.0302337
235  282  0.0262209
236  240  0.011516
236  281  0.0196447
238  262  0.0274581
239  261  0.0395832
240  259  0.0134966
241  259  0.0369408
242  257  0.0185305
244  255  0.251043
245  254  0.252081
246  253  0.25243
247  252  0.240097
259  281  0.0273342
260  280  0.0303042
263  278  0.947361
264  277  0.991671
265  276  0.992537
266  275  0.981535
267  274  0.940049
289  315  0.0255223
289  340  0.0252106
290  314  0.0285983
290  339  0.0272288
292  310  0.072181
292  312  0.036048
292  338  0.176997
293  309  0.0722816
293  311  0.036205
293  337  0.17705
294  308  0.0441474
294  310  0.0407146
294  336  0.184046
295  308  0.0936362
295  335  0.184082
296  306  0.015822
296  307  0.121877
296  334  0.184034
297  306  0.0544457
297  333  0.180314
298  305  0.0421426
299  304  0.103017
300  335  0.0133634
301  331  0.0148201
301  334  0.0133195
303  329  0.0988147
303  330  0.0983021
303  331  0.0136908
303  332  0.0636279
303  333  0.0103772
304  328  0.114069
304  329  0.113868
304  330  0.0153571
304  331  0.0749931
304  332  0.0140051
305  314  0.125716
305  327  0.118112
305  328  0.112423
305  330  0.0763694
305  331  0.0147416
306  313  0.271554
306  326  0.0596004
307  312  0.267829
307  326  0.518497
308  325  0.578703
309  324  0.578504
310  323  0.578739
311  322  0.578783
312  321  0.576242
313  319  0.435701
