1  73  0.995114
2  72  0.995775
3  71  0.995885
4  70  0.99586
5  69  0.995692
6  68  0.995005
7  67  0.718453
10  26  0.102481
10  48  0.873031
11  25  0.102611
11  47  0.882723
12  24  0.102649
12  46  0.880121
13  23  0.101977
13  45  0.878844
14  21  0.0117629
14  44  0.435486
15  21  0.0197203
15  26  0.463351
15  29  0.376393
16  20  0.0167826
16  25  0.45731
16  28  0.384176
17  24  0.371271
17  27  0.394507
18  26  0.39181
25  48  0.0133264
26  47  0.0133467
28  44  0.447861
29  43  0.596068
30  42  0.982687
31  41  0.981784
32  40  0.915851
33  40  0.0426255
34  38  0.0178253
34  39  0.058293
50  66  0.998746
51  65  0.999167
52  64  0.998632
53  63  0.998858
54  62  0.979198
55  60  0.016974
56  60  0.0101431
