2  12  0.0554676
2  21  0.0279957
2  139  0.0101783
2  491  0.145295
3  11  0.0980127
3  15  0.0105542
3  20  0.0338542
3  138  0.011687
3  359  0.0268538
3  360  0.015022
3  490  0.174543
4  10  0.0922245
4  19  0.0333591
4  38  0.0138301
4  137  0.0118176
4  358  0.0455558
4  379  0.0126756
4  394  0.0419533
4  453  0.0149193
5  14  0.0467679
5  18  0.027677
5  37  0.0168459
5  136  0.0118582
5  170  0.283531
5  357  0.0638448
5  378  0.0151186
5  393  0.0520978
5  397  0.0807741
5  452  0.0190033
5  490  0.0167405
6  13  0.0702543
6  36  0.016833
6  169  0.28257
6  356  0.0637325
6  377  0.0148377
6  392  0.0520757
6  396  0.0807932
6  451  0.0244921
6  484  0.0142942
6  489  0.0138053
7  12  0.0699268
7  17  0.0249349
7  35  0.0168364
7  168  0.278041
7  355  0.0634735
7  376  0.0145597
7  391  0.0518581
7  395  0.0808559
7  450  0.0250675
7  454  0.0187272
7  483  0.0149655
8  16  0.0222189
8  34  0.0139701
8  394  0.0690139
8  449  0.0194838
8  453  0.0329372
9  69  0.0608925
9  369  0.0263967
9  374  0.0140212
9  452  0.0348768
10  68  0.0827174
10  368  0.0291759
10  373  0.0152576
10  377  0.0179475
10  392  0.0318011
10  451  0.0384088
11  67  0.0843466
11  355  0.0148176
11  367  0.0294117
11  372  0.0153128
11  376  0.0195302
11  391  0.0320531
11  450  0.0386262
12  20  0.0204617
12  28  0.0266976
12  66  0.0854508
12  70  0.0112547
12  354  0.015281
12  366  0.0258055
12  371  0.0113791
12  375  0.0254492
12  390  0.0170416
12  449  0.0183136
13  19  0.0192516
13  65  0.0849455
13  69  0.0112824
13  365  0.0240521
13  374  0.0259445
14  26  0.173362
14  64  0.0739766
14  68  0.0112916
14  364  0.0146959
14  373  0.0263426
15  25  0.653598
15  67  0.0112126
15  372  0.0262415
16  24  0.658325
16  370  0.0162072
16  491  0.0417941
17  23  0.657678
17  28  0.0110769
17  62  0.0126774
17  369  0.0161976
17  482  0.0121977
17  490  0.0547467
18  22  0.250368
18  368  0.0157049
18  481  0.0121945
18  489  0.0524726
19  61  0.0889802
19  367  0.011663
19  480  0.0121344
19  488  0.0419261
20  25  0.0107424
20  60  0.0964952
20  364  0.0232901
20  479  0.01192
21  59  0.0959351
21  363  0.0238503
22  362  0.0238981
23  41  0.0117755
23  57  0.0982572
23  361  0.0238977
23  450  0.0892694
24  40  0.0118572
24  56  0.100991
24  449  0.0898584
25  448  0.0896428
25  474  0.0101951
26  38  0.0153309
26  54  0.511822
26  287  0.0179788
26  358  0.0139987
26  366  0.0125114
26  473  0.0103892
27  37  0.0174095
27  53  0.523546
27  165  0.0125514
27  286  0.0261588
27  352  0.0883926
27  357  0.0139379
27  362  0.0111264
27  365  0.0137127
27  446  0.136777
27  472  0.010391
28  36  0.0174022
28  52  0.528345
28  164  0.0125604
28  285  0.0261806
28  351  0.0884972
28  356  0.0137988
28  361  0.0113328
28  364  0.0144864
28  445  0.136806
28  471  0.0103717
29  35  0.0159478
29  51  0.527848
29  163  0.0114853
29  284  0.0246785
29  350  0.0882927
29  444  0.038392
30  50  0.52825
30  349  0.0873695
30  362  0.0168613
31  48  0.364767
31  49  0.264342
31  282  0.0154566
31  348  0.0840073
31  361  0.0177379
31  391  0.0133005
31  442  0.125744
31  444  0.0125936
32  47  0.70934
32  202  0.0307248
32  360  0.0172493
32  390  0.0281396
32  441  0.123337
32  443  0.0153353
33  46  0.714
33  201  0.030783
33  389  0.0281629
33  440  0.123391
33  442  0.0153096
34  45  0.272539
34  200  0.0118004
34  388  0.0280458
34  412  0.0145193
34  439  0.122431
35  44  0.273141
35  199  0.0124835
35  358  0.0186569
35  387  0.027477
35  411  0.0191733
35  438  0.118486
36  43  0.714865
36  198  0.0326071
36  357  0.0259729
36  386  0.0211879
36  410  0.018086
36  437  0.118317
37  42  0.704431
37  197  0.0326112
37  356  0.0260234
37  385  0.0211546
37  436  0.118305
38  196  0.0325536
38  355  0.0260141
39  195  0.0326041
39  354  0.0260797
39  384  0.0132015
39  407  0.0417688
39  431  0.0157544
39  435  0.066425
40  194  0.0320524
40  353  0.0260523
40  383  0.0131599
40  406  0.0434723
40  430  0.0196829
41  352  0.0232366
41  382  0.0127522
41  405  0.0454693
41  429  0.0197595
41  432  0.0109073
41  433  0.0171732
42  170  0.0164463
42  192  0.0326061
42  381  0.0119842
42  404  0.0454769
42  428  0.0197597
42  431  0.010906
42  432  0.0824878
43  169  0.016469
43  191  0.0326061
43  350  0.0180798
43  403  0.0452295
43  427  0.0196537
44  168  0.0164379
44  190  0.0320713
44  430  0.0937922
45  167  0.0166252
45  189  0.0279031
45  400  0.0425197
45  429  0.0946089
46  165  0.0367325
46  399  0.0456051
46  428  0.0946126
47  164  0.0357848
47  187  0.0112848
47  398  0.0456504
47  427  0.043902
48  186  0.0129701
48  315  0.0821701
48  360  0.0106938
48  397  0.0455342
48  426  0.0432719
49  162  0.0471484
49  185  0.0129723
49  314  0.110995
49  359  0.0109745
49  360  0.0412484
49  425  0.0940508
50  161  0.0506767
50  184  0.012922
50  313  0.117637
50  395  0.0389958
50  424  0.089927
51  160  0.0511693
51  183  0.01139
51  312  0.120833
51  358  0.107518
51  394  0.0379125
51  423  0.0491352
52  159  0.0512971
52  170  0.0259327
52  311  0.125154
52  357  0.170286
52  393  0.0358665
53  158  0.0507758
53  169  0.0259488
53  310  0.126713
53  356  0.170692
53  392  0.0358016
53  422  0.0122398
54  168  0.026116
54  309  0.126822
54  355  0.178585
54  391  0.0355349
54  421  0.012409
55  147  0.413013
55  167  0.0283778
55  308  0.0182596
55  354  0.223066
55  390  0.0101615
56  146  0.527266
56  155  0.0488774
56  166  0.0283094
56  353  0.223123
57  145  0.586292
57  154  0.0490006
57  165  0.0281385
57  352  0.225086
58  144  0.586255
58  153  0.0489218
58  164  0.0281273
58  351  0.22493
59  163  0.0245832
59  350  0.176876
60  142  0.895733
61  141  0.897278
62  140  0.895474
63  139  0.89339
64  138  0.861909
66  135  0.886104
67  134  0.901639
68  133  0.899726
69  132  0.828218
70  132  0.0280721
71  132  0.0148623
72  129  0.850177
72  130  0.0663402
72  131  0.0717102
73  128  0.429957
73  129  0.066405
73  130  0.0716005
74  127  0.475231
74  128  0.0332681
74  129  0.0637884
75  126  0.99408
76  125  0.994461
77  124  0.995086
78  123  0.992225
83  119  0.867725
84  118  0.917965
85  117  0.907107
85  118  0.0599418
86  115  0.0374754
86  117  0.0655467
87  114  0.0187834
87  116  0.249608
88  114  0.942721
89  113  0.997599
90  112  0.999818
91  111  0.999813
92  110  0.998318
93  109  0.999903
94  108  0.999949
95  107  0.999358
96  106  0.999323
97  105  0.89769
99  103  0.0843763
117  122  0.0117593
132  170  0.0234069
132  393  0.0309246
133  169  0.0233859
133  392  0.0310833
134  168  0.0232677
134  391  0.0311062
135  145  0.0153728
135  390  0.0310809
136  144  0.0153263
136  389  0.0310325
143  153  0.0130063
143  350  0.0120354
143  353  0.0194439
144  152  0.0901732
144  349  0.150561
144  352  0.0282082
145  151  0.0898853
145  348  0.157976
145  351  0.0280952
146  150  0.0342415
146  311  0.085849
146  347  0.0885917
147  310  0.152728
148  295  0.010554
148  309  0.161983
149  294  0.0118122
149  308  0.165858
150  168  0.024884
150  293  0.0103058
151  167  0.279072
151  170  0.0644209
151  307  0.435461
152  166  0.279274
152  168  0.0901188
152  169  0.0324452
152  306  0.435936
153  165  0.285998
153  167  0.183045
153  305  0.43656
154  163  0.0299268
154  164  0.257448
154  166  0.183096
154  304  0.43656
155  162  0.0550854
155  165  0.184159
155  303  0.436321
156  161  0.0500641
156  163  0.0402941
156  164  0.164034
156  302  0.434768
157  162  0.0310547
157  301  0.41664
158  300  0.168789
159  164  0.0214474
159  298  0.0126421
163  300  0.245653
164  170  0.0262234
164  299  0.325165
165  169  0.0213273
165  298  0.325602
166  297  0.319767
166  299  0.0810495
167  187  0.0183298
167  298  0.0811686
168  186  0.0213963
168  294  0.0386316
168  296  0.0102929
168  297  0.0810906
169  185  0.0214019
169  296  0.0695077
170  184  0.021366
171  183  0.0188843
171  291  0.954026
172  290  0.957653
173  289  0.957839
174  288  0.961167
175  287  0.962722
176  286  0.963392
177  285  0.962253
178  284  0.957426
179  283  0.961005
180  282  0.944279
181  282  0.013483
182  281  0.0193642
183  196  0.0216476
183  203  0.0204467
183  235  0.721951
184  195  0.033366
184  202  0.0253643
184  234  0.891152
185  194  0.0333772
185  201  0.025359
185  233  0.897186
186  193  0.0333428
186  200  0.0248821
186  232  0.897214
187  192  0.0306666
187  231  0.893442
188  230  0.88619
189  229  0.850722
190  199  0.0237055
191  198  0.0310246
191  227  0.879965
192  197  0.0304192
192  226  0.880537
193  225  0.807308
194  224  0.410575
196  222  0.0150769
197  222  0.863957
198  221  0.889629
199  220  0.888155
200  219  0.88993
201  218  0.889992
202  217  0.889895
203  216  0.867689
204  211  0.0509484
204  215  0.708136
204  280  0.0862809
205  210  0.054958
205  279  0.0863366
206  213  0.728517
206  278  0.0863541
207  277  0.0431978
208  277  0.0431742
209  219  0.0103903
209  276  0.086322
210  218  0.0103915
210  275  0.0863193
211  274  0.0522943
212  274  0.0335325
213  273  0.0672997
214  271  0.0132763
214  272  0.0672463
215  270  0.0116668
215  271  0.0658401
216  252  0.021149
216  270  0.0591377
217  251  0.0934243
218  250  0.0938479
219  249  0.093853
220  248  0.0897035
221  247  0.0890801
223  245  0.0902925
224  244  0.0935513
225  243  0.0321904
226  242  0.032475
227  241  0.0936425
228  240  0.0917804
230  239  0.0482361
231  238  0.0421454
232  237  0.0315937
239  280  0.902917
240  279  0.903386
241  278  0.90344
242  277  0.902728
243  276  0.895554
245  274  0.019252
246  273  0.146021
246  274  0.748402
247  273  0.751858
248  271  0.146231
248  272  0.725428
250  269  0.28474
251  270  0.168537
252  268  0.92739
253  267  0.990249
254  266  0.989606
255  265  0.990538
256  264  0.98211
257  263  0.933969
258  262  0.543249
294  486  0.0275447
296  484  0.485859
297  483  0.512441
298  330  0.015372
298  482  0.517023
299  329  0.0153727
299  481  0.517022
300  328  0.0139141
300  480  0.50642
301  327  0.0137524
301  479  0.475465
302  326  0.0152295
303  324  0.0158335
303  444  0.486624
304  323  0.0162364
304  443  0.52649
305  322  0.0162367
305  442  0.526548
306  321  0.0162383
306  441  0.525129
307  320  0.0162384
307  440  0.525582
308  319  0.01619
308  439  0.524484
309  318  0.015905
309  438  0.524561
310  437  0.517263
311  351  0.0106085
311  436  0.398283
312  350  0.0480913
312  434  0.0187972
312  436  0.0420692
313  349  0.0885157
313  433  0.0149097
313  435  0.0804937
314  348  0.0792027
314  434  0.0650381
315  434  0.0109234
316  346  0.973001
317  345  0.976755
318  344  0.97684
319  343  0.980856
320  342  0.9809
321  340  0.979868
322  339  0.976878
324  337  0.673634
325  336  0.970319
327  334  0.982201
328  333  0.982323
348  393  0.0100099
348  431  0.363816
348  432  0.0278384
349  392  0.0100346
349  430  0.480371
350  420  0.020772
350  429  0.522142
351  390  0.0156625
351  419  0.0208443
351  428  0.522283
352  389  0.0156887
352  418  0.0208448
352  427  0.522214
353  417  0.0204971
353  426  0.498098
354  388  0.060892
354  421  0.515574
355  387  0.0656996
355  415  0.0202347
355  420  0.5303
356  386  0.0651545
356  390  0.0295868
356  397  0.0133692
356  414  0.0199167
356  419  0.530354
357  385  0.0640051
357  389  0.0296551
357  396  0.0133731
357  418  0.529538
358  388  0.0259293
358  395  0.0125322
359  383  0.0130639
359  484  0.0183695
360  385  0.0905852
360  483  0.020305
361  381  0.0364509
361  384  0.128876
361  393  0.599242
361  414  0.0333136
361  482  0.0202034
362  383  0.127075
362  392  0.601653
362  413  0.0329975
362  481  0.0182263
363  391  0.601468
363  412  0.0313438
364  378  0.285869
364  390  0.60782
364  411  0.0138838
365  377  0.290179
365  389  0.607495
366  376  0.290833
366  388  0.607832
367  375  0.299964
367  387  0.599789
368  374  0.273288
368  386  0.598301
369  373  0.158721
369  385  0.470599
371  383  0.178464
372  381  0.562155
372  382  0.0246606
372  390  0.0131063
373  380  0.527587
374  389  0.0263091
375  388  0.0372219
376  387  0.0628544
377  386  0.0628943
378  385  0.0615436
380  480  0.0290967
381  479  0.0372484
382  478  0.0372335
383  477  0.0368021
385  423  0.0438412
385  476  0.0325969
386  422  0.0807296
387  421  0.084029
388  405  0.0715203
388  420  0.0846217
388  473  0.0404853
389  404  0.0716952
389  419  0.084628
389  472  0.0405682
390  403  0.0716957
390  418  0.0845975
390  471  0.0405644
391  402  0.0716241
391  417  0.0773493
391  470  0.035857
392  401  0.0649099
392  416  0.0708701
392  469  0.0299545
394  406  0.474198
395  405  0.739545
396  404  0.739923
397  403  0.73215
400  485  0.0873139
401  484  0.111906
402  483  0.113955
403  482  0.114083
404  481  0.113805
405  456  0.108198
406  455  0.111022
406  465  0.0785864
407  454  0.111033
407  464  0.162488
408  463  0.169626
409  462  0.169454
410  451  0.114071
410  461  0.169505
411  450  0.114809
411  460  0.169394
412  449  0.107872
414  445  0.116251
415  444  0.117462
417  442  0.118733
418  441  0.330963
418  446  0.0106972
419  440  0.337835
419  445  0.0106991
420  439  0.338475
420  444  0.0106984
421  438  0.344388
421  443  0.0106927
422  437  0.344316
423  436  0.344044
423  442  0.0106027
424  435  0.344222
424  441  0.0106061
425  434  0.343546
425  440  0.0106852
426  439  0.0106628
427  432  0.0150722
427  438  0.0105687
443  459  0.17609
444  458  0.205632
445  457  0.695543
446  456  0.702719
447  455  0.702578
448  454  0.697532
452  484  0.0897914
453  483  0.10256
454  482  0.151486
455  481  0.0824714
457  479  0.289421
458  478  0.695721
459  477  0.803989
460  476  0.822717
461  475  0.822191
462  474  0.821814
463  473  0.82288
464  472  0.822391
465  471  0.74408
465  488  0.0513302
466  487  0.0987534
467  486  0.110907
468  485  0.114454
469  484  0.116224
470  483  0.117212
471  482  0.11903
472  481  0.116386
473  479  0.078303
474  478  0.0328575
