2  16  0.0109548
3  15  0.0155056
3  28  0.0429605
4  14  0.0117004
4  27  0.0413004
7  20  0.0421533
7  26  0.299956
7  563  0.0152485
8  19  0.0529937
8  25  0.375622
8  563  0.0146696
9  18  0.0553574
9  24  0.38916
9  561  0.368308
10  23  0.389929
10  560  0.369026
11  22  0.387456
11  26  0.0109649
11  559  0.359209
12  21  0.373391
12  25  0.0133902
12  558  0.319089
13  24  0.013676
14  23  0.0127815
16  555  0.375421
17  554  0.394778
18  553  0.394613
19  33  0.0208464
19  552  0.151407
20  32  0.0231936
20  33  0.0359126
20  551  0.0573678
21  31  0.023504
21  32  0.0395496
22  30  0.0215562
22  31  0.0400702
23  35  0.242574
24  34  0.290287
25  33  0.293715
26  32  0.274235
27  31  0.137686
27  562  0.0155994
30  559  0.392487
31  558  0.534793
32  557  0.568898
33  556  0.578094
34  555  0.576933
37  552  0.812986
38  551  0.920719
39  550  0.999052
40  549  0.999866
41  548  0.999146
42  547  0.999044
43  546  0.984927
44  544  0.0189438
45  84  0.0182677
46  83  0.0190254
46  545  0.0278326
47  82  0.0162288
47  83  0.0865995
47  544  0.0295457
48  82  0.0952134
48  543  0.0301627
49  542  0.0221687
54  76  0.953396
55  75  0.988659
56  74  0.988588
58  72  0.98382
59  71  0.959046
61  69  0.825105
61  70  0.0166102
62  68  0.937628
62  69  0.0134484
63  67  0.804717
82  541  0.0117516
83  540  0.0115223
84  545  0.0113326
86  544  0.933403
87  543  0.94794
88  539  0.0110308
88  541  0.030447
88  542  0.505713
89  538  0.0110203
89  540  0.0175108
90  540  0.931138
91  536  0.0190123
91  539  0.956777
92  535  0.0189668
92  538  0.955455
93  532  0.0101272
93  537  0.951674
94  531  0.0101233
95  533  0.97414
96  532  0.978769
97  531  0.373472
98  530  0.37373
99  529  0.979147
100  528  0.975982
101  524  0.0768518
101  527  0.903331
102  520  0.0327827
102  523  0.094601
103  524  0.19346
104  518  0.0119671
104  521  0.171069
104  523  0.0127745
104  525  0.0301121
105  517  0.0418449
105  520  0.174297
105  523  0.755711
106  516  0.0418928
106  522  0.761576
107  515  0.0419517
107  518  0.137888
107  521  0.759504
108  514  0.0419887
108  517  0.197052
108  520  0.755455
109  512  0.0111541
109  513  0.0306123
109  516  0.20176
110  511  0.0221767
110  512  0.0161928
110  515  0.203864
110  518  0.52162
111  510  0.0331773
111  514  0.204141
111  517  0.75238
112  509  0.0324453
112  512  0.070058
112  513  0.136827
112  516  0.751781
113  511  0.140376
113  512  0.0694306
113  515  0.751789
114  510  0.207467
114  514  0.751976
115  505  0.0382596
115  509  0.202739
115  513  0.630013
116  504  0.0539357
116  508  0.186476
117  502  0.617549
118  501  0.623226
118  502  0.322728
118  510  0.0325103
119  501  0.329342
119  509  0.0319352
120  499  0.767777
120  500  0.227084
121  498  0.874066
121  499  0.123419
122  497  0.977092
124  495  0.660528
125  494  0.997248
126  493  0.999816
127  492  0.99855
128  491  0.997823
129  490  0.997971
130  489  0.997021
131  488  0.991668
132  150  0.0121071
132  487  0.0204647
133  149  0.0162547
133  150  0.414579
134  145  0.344293
134  148  0.0102725
134  149  0.57257
135  144  0.380345
135  148  0.583977
136  143  0.355631
136  146  0.0560085
136  147  0.522382
137  145  0.0853804
139  144  0.168837
151  487  0.974742
152  486  0.989468
153  485  0.999348
154  484  0.999372
155  483  0.999353
156  482  0.998587
157  481  0.996293
158  480  0.903168
159  175  0.117701
160  168  0.0354207
160  171  0.0154937
160  174  0.142275
160  255  0.0576574
160  297  0.109318
160  401  0.0282964
160  432  0.0264963
160  476  0.067665
160  478  0.0280577
160  479  0.261536
161  167  0.0335189
161  170  0.0135902
161  173  0.132897
161  254  0.0577511
161  296  0.1111
161  400  0.040999
161  431  0.0264617
161  475  0.0677665
162  166  0.0195011
162  170  0.021412
162  253  0.0588382
162  295  0.111265
162  399  0.0427766
162  474  0.0670642
163  169  0.0260253
163  171  0.0509046
163  252  0.0596022
163  294  0.112129
163  398  0.0432889
163  469  0.0105131
163  473  0.0666263
163  476  0.427114
164  251  0.0596085
164  293  0.112134
164  397  0.037754
164  428  0.0256314
164  468  0.0105697
164  472  0.0662518
164  475  0.426663
165  170  0.0118834
165  250  0.059494
165  292  0.111869
165  395  0.0111508
165  396  0.0286828
165  467  0.0106231
165  474  0.399188
166  171  0.0137833
166  249  0.0590527
166  291  0.11187
166  394  0.0125861
166  426  0.013716
166  466  0.0105126
166  473  0.230195
167  290  0.102914
167  473  0.0283713
168  175  0.0105697
168  246  0.0381295
168  376  0.0144868
168  425  0.0178594
168  472  0.0558605
169  175  0.0191713
169  245  0.0382541
169  376  0.0106386
169  424  0.0178524
169  430  0.0245077
170  244  0.0296983
170  374  0.0249036
170  423  0.0131857
170  429  0.0246485
170  469  0.0733919
171  178  0.121008
171  186  0.021042
171  199  0.0682264
171  373  0.0301039
171  428  0.0245466
171  468  0.0774282
171  475  0.0382732
172  177  0.0924552
172  185  0.0207656
172  198  0.0685403
172  467  0.0677633
172  470  0.0200786
172  474  0.0432733
173  197  0.0686233
173  371  0.0397001
173  469  0.0215058
173  473  0.0496685
174  183  0.0212255
174  196  0.0686655
174  370  0.0412104
174  468  0.0215496
174  472  0.0516163
175  182  0.0179094
175  195  0.0678156
175  231  0.117881
175  369  0.0413478
175  471  0.0498517
175  479  0.0575997
176  230  0.117923
176  368  0.0413117
176  478  0.0585694
177  191  0.0287746
177  229  0.117725
177  258  0.113948
177  367  0.04121
177  438  0.0336535
177  477  0.0586208
177  480  0.0285702
178  190  0.0284914
178  228  0.117248
178  257  0.130855
178  366  0.0408561
178  437  0.0380562
178  471  0.0379608
178  476  0.0580924
178  479  0.126935
179  256  0.130162
179  436  0.0323678
179  478  0.126665
180  469  0.171662
180  477  0.125501
181  186  0.0120538
181  193  0.0176658
181  254  0.132317
181  435  0.0106317
181  468  0.182955
181  475  0.177281
182  192  0.0136158
182  243  0.0331351
182  253  0.133367
182  435  0.0163578
182  467  0.182464
182  474  0.180818
183  242  0.0431036
183  252  0.133454
183  434  0.0606453
183  441  0.012705
183  466  0.178783
183  473  0.18094
184  192  0.0722871
184  241  0.0430096
184  251  0.133371
184  433  0.0607098
184  439  0.219277
184  472  0.180496
185  191  0.0756768
185  438  0.222378
186  190  0.0604444
186  231  0.0456043
186  437  0.222893
186  471  0.0338289
187  230  0.0443379
187  436  0.214084
188  229  0.0343733
189  469  0.178061
190  433  0.118795
190  468  0.193741
191  227  0.0200598
191  236  0.290762
191  467  0.192977
192  226  0.0229235
192  234  0.0432487
192  235  0.413426
192  442  0.0414097
192  443  0.0161955
192  466  0.187205
193  226  0.010257
193  233  0.0445049
193  234  0.410887
193  441  0.0437902
193  442  0.167037
193  443  0.0201504
194  209  0.615006
194  233  0.0490554
194  441  0.165706
194  442  0.0258648
195  208  0.632158
196  207  0.64338
196  231  0.0178815
196  441  0.0219814
197  206  0.641795
197  439  0.22539
197  440  0.0111404
198  205  0.62147
198  229  0.017596
198  438  0.254588
199  228  0.0175889
199  437  0.257784
200  436  0.257728
200  473  0.0481227
201  208  0.0109976
201  435  0.257736
201  472  0.0661678
202  207  0.0158076
202  434  0.254567
202  471  0.0694895
203  433  0.226519
203  470  0.0691364
204  469  0.0661877
205  431  0.030132
205  468  0.0478898
206  436  0.056649
207  430  0.0115528
207  435  0.0701417
208  226  0.167834
208  429  0.0112872
208  434  0.0732971
209  428  0.0112905
209  433  0.0732789
210  225  0.753677
211  224  0.995953
212  223  0.996677
213  222  0.996368
214  221  0.996612
215  220  0.977291
225  431  0.0119656
226  430  0.0178066
227  429  0.0179138
228  428  0.0178601
230  431  0.0526972
231  430  0.0590854
232  429  0.0589982
233  428  0.0585068
234  246  0.058485
235  245  0.0603739
235  430  0.0347938
236  244  0.0491635
236  429  0.0352153
237  245  0.0223047
237  428  0.0352091
238  244  0.0182315
240  414  0.0498629
241  247  0.0918664
241  362  0.0337709
241  413  0.0582475
241  420  0.0104159
241  426  0.013373
241  432  0.289557
241  434  0.0306606
241  476  0.0105147
242  246  0.0745962
242  361  0.0337884
242  412  0.0581843
242  419  0.0104107
242  425  0.0133086
242  430  0.533575
242  433  0.0301394
242  475  0.010361
243  360  0.0337893
243  429  0.540841
244  359  0.0337566
244  428  0.540854
244  431  0.0187373
245  309  0.0123623
245  315  0.0111876
245  316  0.0359815
245  358  0.0338147
245  414  0.0107145
245  427  0.548922
246  308  0.0124412
246  314  0.0113168
246  315  0.0357244
246  357  0.0335099
246  413  0.0115545
246  420  0.0237875
246  426  0.548902
246  429  0.019466
247  307  0.0124538
247  412  0.0115555
247  419  0.024128
247  425  0.546852
247  428  0.0200247
247  430  0.0249528
248  429  0.0251604
249  304  0.0192762
249  312  0.0503859
249  355  0.0223753
249  415  0.101194
249  418  0.0358393
249  419  0.0258287
249  424  0.36445
249  428  0.0249451
250  303  0.019382
250  311  0.0504872
250  354  0.0225133
250  414  0.103192
250  423  0.342411
251  302  0.0192057
251  306  0.0374948
251  310  0.0494596
251  353  0.0223247
251  413  0.103861
251  420  0.0233401
251  422  0.220322
252  304  0.0291331
252  305  0.0280651
252  312  0.038711
252  352  0.0221013
252  355  0.0130814
252  412  0.1034
252  415  0.194032
252  419  0.0219979
253  303  0.0385932
253  311  0.0470649
253  354  0.0130675
253  414  0.200654
254  302  0.0381331
254  306  0.123767
254  310  0.0473167
254  315  0.0150962
254  353  0.0129961
254  413  0.20241
254  420  0.14613
255  305  0.123532
255  352  0.0129671
255  412  0.202135
255  419  0.145488
256  304  0.0871162
256  313  0.108015
256  418  0.0547613
257  304  0.0164314
257  312  0.11858
257  418  0.0720555
258  417  0.0639724
259  291  0.097523
259  302  0.0435698
259  310  0.0499539
259  316  0.0198645
259  479  0.0303683
260  290  0.0932778
260  478  0.0299701
261  477  0.0235151
264  288  0.981601
265  287  0.994051
266  286  0.996686
267  285  0.997373
268  284  0.997528
269  283  0.992528
270  281  0.181383
271  280  0.174399
273  280  0.0130965
290  301  0.185774
290  313  0.0227296
290  416  0.155481
291  300  0.20223
291  312  0.0246015
291  415  0.165602
292  299  0.20737
292  309  0.499338
292  414  0.150637
293  298  0.168231
293  308  0.504787
293  413  0.151078
294  307  0.506756
294  412  0.151064
295  306  0.510384
295  411  0.140155
297  305  0.500844
298  304  0.459244
298  305  0.0424162
298  397  0.0116581
299  304  0.0402426
299  396  0.011911
299  428  0.010828
299  472  0.0114472
300  427  0.0128649
300  471  0.0128562
300  479  0.0201026
301  469  0.0144156
301  478  0.0180778
302  396  0.0135953
302  425  0.0147826
302  468  0.0145366
303  391  0.0229207
303  395  0.0136662
303  467  0.014251
304  310  0.0157874
304  315  0.0297828
304  316  0.0559401
304  390  0.0251777
304  394  0.0136824
304  427  0.0259389
304  466  0.0124688
304  477  0.0113972
305  314  0.0298477
305  315  0.054578
305  389  0.0118827
305  393  0.0135962
305  422  0.013784
305  426  0.0259559
305  476  0.0131971
306  312  0.0152205
306  425  0.025747
306  475  0.0131949
307  314  0.0425673
307  387  0.0279386
307  420  0.208273
308  386  0.0366056
308  419  0.200578
309  385  0.036608
309  418  0.192358
309  419  0.0154886
310  351  0.0110951
310  384  0.0366099
310  418  0.0262797
311  383  0.0363519
311  416  0.110696
311  417  0.0333912
312  349  0.0417044
312  382  0.035946
313  348  0.0418219
313  414  0.110958
314  347  0.0418446
315  346  0.0417532
315  412  0.150357
316  412  0.0197427
317  410  0.890361
317  411  0.0146673
318  343  0.0379414
318  376  0.0121598
318  409  0.910921
319  342  0.0365517
319  375  0.0130812
319  408  0.912175
320  374  0.0129402
320  407  0.913153
321  340  0.0440048
321  373  0.0124039
321  406  0.914188
322  339  0.0506159
322  405  0.913071
323  338  0.0522685
323  377  0.0212205
323  404  0.913517
324  337  0.0522058
324  376  0.0238212
324  403  0.914172
325  336  0.0257409
325  375  0.0242736
325  402  0.910478
326  336  0.0233358
326  374  0.0245969
326  401  0.866033
327  333  0.011998
327  335  0.0349029
327  373  0.0250781
327  376  0.0444811
328  372  0.0234419
328  375  0.044583
329  371  0.0228779
329  374  0.044311
330  343  0.0242464
330  370  0.0226187
330  373  0.0438396
330  396  0.043298
330  397  0.049641
331  342  0.0279178
331  372  0.0261299
332  341  0.0282615
332  383  0.0495774
332  395  0.293906
332  399  0.411707
333  380  0.0131608
333  382  0.0594855
333  394  0.295143
333  398  0.440285
334  340  0.0371985
334  381  0.0594901
334  397  0.440274
335  378  0.0296709
335  380  0.0550976
335  392  0.239516
336  376  0.0134556
336  377  0.0306409
336  391  0.306915
336  395  0.425544
337  375  0.0308175
337  378  0.0138562
337  390  0.30691
337  393  0.0128231
337  394  0.409706
338  374  0.0414411
338  375  0.0282569
338  389  0.289379
338  392  0.0232765
339  374  0.029088
339  392  0.0162779
340  372  0.746446
341  371  0.847569
342  370  0.865778
343  369  0.915244
344  368  0.915109
345  367  0.9152
346  366  0.916553
347  365  0.916544
347  398  0.0343536
348  364  0.91549
348  397  0.0344477
349  363  0.909529
349  396  0.0345228
350  359  0.279002
350  395  0.0345751
351  358  0.337187
351  362  0.0214829
351  394  0.0346141
352  357  0.300883
352  360  0.193349
352  362  0.356745
352  393  0.0345641
353  359  0.194466
353  361  0.364576
354  359  0.010411
354  391  0.029962
355  390  0.0295701
356  387  0.0171229
356  389  0.0170297
357  386  0.0341003
358  385  0.0341687
360  383  0.0344056
361  382  0.0344408
362  381  0.0344329
363  380  0.0334921
368  377  0.0269321
369  376  0.0281178
370  375  0.024646
372  391  0.0337811
373  390  0.170629
373  393  0.0198464
375  388  0.0177823
375  391  0.0514162
376  387  0.0102992
376  390  0.0633993
377  387  0.699442
377  389  0.0367586
378  386  0.778171
379  385  0.777712
380  384  0.48168
381  398  0.0721851
382  397  0.0721602
384  394  0.0563146
385  393  0.056276
385  394  0.0778926
386  392  0.0524745
386  393  0.075482
387  391  0.0365232
403  479  0.0798339
404  478  0.0802898
405  477  0.0802074
406  476  0.0797938
407  475  0.0796251
408  474  0.0791873
409  473  0.0785596
410  472  0.0774633
411  435  0.0129362
412  420  0.0497908
412  434  0.0407019
412  469  0.0386039
412  476  0.026943
413  419  0.0495657
413  433  0.0405289
413  468  0.0408587
413  475  0.0269783
414  418  0.0188701
414  431  0.0117929
414  467  0.0408143
414  474  0.0235671
415  466  0.040589
416  423  0.0158714
416  429  0.0111832
417  422  0.0159735
417  443  0.0205644
418  427  0.298617
418  442  0.0297958
419  426  0.299298
419  441  0.0297441
420  425  0.291066
420  439  0.012657
421  438  0.0100635
422  440  0.0128893
424  437  0.0154146
425  436  0.0156405
425  437  0.0142468
426  435  0.0138282
427  433  0.0103825
427  435  0.0163058
428  434  0.0190656
428  476  0.0163311
429  475  0.0155179
430  476  0.0163135
433  473  0.219206
434  472  0.247457
435  471  0.307102
436  470  0.30731
437  468  0.339544
438  467  0.344378
439  466  0.344601
441  468  0.0104787
442  463  0.0155117
443  462  0.0159344
443  465  0.714302
444  461  0.0160394
444  464  0.973304
445  460  0.0160363
445  463  0.973624
446  459  0.0155742
446  462  0.973136
447  461  0.973674
448  460  0.969821
449  456  0.0195296
450  458  0.0299824
450  459  0.0183993
501  508  0.0110786
503  509  0.170335
503  510  0.443638
504  509  0.324509
508  513  0.0316615
