1  208  0.0119473
2  192  0.011083
2  196  0.0101058
2  207  0.0130272
2  209  0.0149173
3  191  0.0133647
3  195  0.0114292
3  203  0.0215859
3  205  0.0223466
3  208  0.0157254
4  190  0.0116849
4  194  0.0100645
4  202  0.0186507
5  207  0.0193703
8  206  0.0512521
9  201  0.812253
9  205  0.058128
10  200  0.81267
10  204  0.0542845
11  199  0.808289
12  198  0.799896
13  197  0.722615
16  174  0.804484
16  182  0.0100491
16  189  0.0185551
16  201  0.0867945
17  173  0.805303
17  188  0.0195324
17  191  0.0446361
17  200  0.0869614
18  172  0.80129
18  187  0.0194436
18  190  0.0445004
18  199  0.0819946
19  171  0.765418
19  186  0.0162193
19  189  0.039621
20  197  0.0894342
21  73  0.0131902
21  169  0.824492
21  187  0.02159
21  196  0.0916796
22  72  0.0136674
22  168  0.888909
22  195  0.0909507
23  71  0.0130774
23  167  0.886009
23  194  0.0891741
24  166  0.883872
24  193  0.0805093
25  165  0.445705
26  63  0.0370332
26  165  0.450815
27  62  0.0510034
27  164  0.892612
28  61  0.0510098
28  66  0.0151818
28  163  0.890103
29  60  0.0478115
29  65  0.0254349
29  162  0.887707
30  59  0.0472266
30  64  0.0254818
30  161  0.875042
31  58  0.0479734
31  160  0.853601
32  125  0.010006
32  159  0.812659
33  61  0.0251422
33  124  0.0177878
33  158  0.736249
34  55  0.0418111
34  60  0.025898
34  123  0.025906
35  54  0.0461526
35  59  0.0259538
35  120  0.0103676
35  122  0.0194992
36  52  0.449777
36  53  0.0236203
36  58  0.0258281
37  51  0.967741
37  57  0.0253874
38  50  0.968676
38  56  0.02507
39  49  0.970004
39  55  0.0201216
40  48  0.972909
41  47  0.97293
41  53  0.0237523
42  46  0.602588
42  52  0.0232127
52  123  0.132421
52  156  0.0761062
53  122  0.206594
53  123  0.0127119
53  155  0.0201204
53  156  0.0239007
56  119  0.638422
57  118  0.869706
58  117  0.874701
59  116  0.873893
60  115  0.873026
61  114  0.812275
63  112  0.83837
64  74  0.0343736
64  111  0.846125
65  70  0.0933595
65  73  0.0555389
66  72  0.0576406
66  109  0.789781
67  108  0.788853
68  107  0.726815
69  107  0.0255766
70  75  0.0785862
70  191  0.0123362
72  190  0.0236809
73  109  0.0499718
73  189  0.0243518
74  104  0.723511
74  108  0.0498678
74  188  0.024778
74  191  0.0497209
75  103  0.724688
75  187  0.0245182
75  190  0.0500765
76  102  0.723979
76  186  0.0119657
76  189  0.0450953
77  101  0.719769
77  104  0.245107
77  188  0.0276693
78  103  0.245936
78  187  0.0272053
79  102  0.241442
79  186  0.0185165
81  100  0.913482
82  99  0.978167
83  98  0.973065
85  96  0.983723
86  95  0.990527
87  94  0.98968
88  93  0.803108
100  112  0.0120098
101  111  0.0156491
102  110  0.0156773
103  109  0.0150052
109  118  0.0103498
109  187  0.0250384
110  186  0.0386735
111  185  0.0469066
112  184  0.0423638
114  166  0.0261478
115  165  0.0274971
117  163  0.0797064
118  162  0.0985083
119  161  0.10039
120  160  0.102394
121  159  0.104623
121  160  0.0118402
122  158  0.106325
122  159  0.0242445
123  157  0.0744811
123  158  0.0375892
125  155  0.0365713
126  154  0.0191473
126  155  0.73303
127  154  0.935652
128  153  0.990537
129  152  0.990663
130  151  0.990695
131  150  0.954932
132  146  0.688933
133  145  0.995672
134  144  0.996797
135  143  0.997812
136  142  0.995601
137  141  0.378999
169  182  0.151697
170  181  0.154447
172  180  0.178255
173  179  0.178266
174  178  0.110415
177  186  0.0165479
178  185  0.0185506
178  189  0.626148
179  184  0.0115025
179  188  0.701606
179  191  0.0499687
180  187  0.675778
180  190  0.0487565
182  187  0.0211019
189  209  0.0149397
190  197  0.0153815
190  208  0.0256619
191  196  0.0172686
191  207  0.026049
192  206  0.0249289
195  202  0.026532
196  201  0.025967
202  208  0.0120726
203  207  0.0101077
