1  195  0.397894
1  202  0.013367
2  194  0.490211
2  197  0.0135388
2  198  0.091034
2  199  0.0249453
2  201  0.0149676
3  193  0.516626
4  192  0.514157
5  76  0.011188
5  191  0.512783
5  195  0.425817
6  75  0.0112371
6  194  0.446087
7  74  0.0110774
7  189  0.508747
7  191  0.010796
7  193  0.452487
8  73  0.0103058
8  188  0.505878
8  190  0.0118919
8  192  0.452277
9  187  0.492234
9  189  0.0121895
9  191  0.451708
10  190  0.399509
11  68  0.239734
11  182  0.0126538
11  183  0.0101349
11  185  0.0649652
11  186  0.0327493
12  67  0.286656
12  109  0.0109441
12  181  0.0132175
12  182  0.0107348
12  183  0.010572
12  184  0.0623799
12  185  0.0284253
13  66  0.292533
13  108  0.0105609
13  180  0.011057
13  188  0.0785074
14  38  0.243438
14  65  0.293602
14  187  0.0864921
15  37  0.249592
15  64  0.291144
15  186  0.083837
16  35  0.380088
16  36  0.126621
17  34  0.590467
18  33  0.657238
19  32  0.673353
20  31  0.674922
20  62  0.305425
21  30  0.674207
21  61  0.305646
22  29  0.562325
22  60  0.305226
23  59  0.303955
24  58  0.302711
25  57  0.299696
27  55  0.0184499
28  54  0.0182622
30  56  0.255698
31  55  0.286582
32  54  0.287224
33  53  0.290581
34  52  0.289505
34  187  0.0373211
35  184  0.0150566
35  186  0.0402762
36  182  0.017632
36  183  0.0270057
36  185  0.0474708
37  50  0.296385
38  49  0.306034
38  181  0.413056
39  48  0.30618
39  105  0.0167378
39  180  0.582628
40  47  0.305798
40  104  0.0167483
40  179  0.602783
41  46  0.299896
41  126  0.0181711
41  178  0.602759
42  101  0.0180355
42  125  0.0278012
43  100  0.0180294
43  124  0.0277388
43  177  0.595717
44  99  0.0160028
44  106  0.029106
44  123  0.0202807
44  176  0.593783
45  94  0.022096
45  105  0.0621467
45  175  0.588733
46  93  0.0222764
46  104  0.0622525
46  135  0.497971
46  174  0.0661818
47  92  0.0217778
47  103  0.0622168
47  134  0.589845
48  91  0.0203754
48  102  0.0622755
48  133  0.598124
49  101  0.0623844
49  132  0.59763
50  100  0.0622745
50  131  0.597806
51  90  0.0141982
51  99  0.0619341
51  130  0.597845
52  89  0.0188027
52  98  0.0612173
52  129  0.596235
53  88  0.0188247
53  97  0.0517898
53  126  0.301464
53  127  0.0264067
54  82  0.0490618
54  87  0.023312
54  125  0.583771
55  81  0.0471037
55  86  0.023188
55  124  0.5835
56  85  0.0176817
56  123  0.442142
57  80  0.0773075
58  79  0.0760234
58  120  0.0255147
58  121  0.348519
59  119  0.0454966
59  120  0.356103
60  77  0.073571
60  118  0.049417
60  119  0.330679
61  76  0.084239
61  117  0.0422708
62  116  0.0296474
62  117  0.538448
63  74  0.0524492
63  116  0.553472
64  73  0.118204
64  115  0.563893
65  72  0.118301
65  114  0.56793
66  71  0.0895557
66  113  0.505568
69  175  0.161231
69  189  0.0252059
70  108  0.244931
70  174  0.160915
70  188  0.0167228
71  107  0.244257
71  108  0.0812487
71  173  0.156005
71  180  0.0106533
72  104  0.0107143
72  105  0.0157673
72  107  0.102131
72  132  0.0131279
72  172  0.138233
72  179  0.0122035
72  187  0.0157555
73  106  0.0990109
73  131  0.020313
73  134  0.0105759
73  178  0.0120291
73  186  0.0156015
74  130  0.0226589
74  133  0.011329
74  170  0.0162019
74  177  0.0100794
74  185  0.0136059
75  132  0.0103742
76  102  0.557212
76  129  0.191295
77  101  0.563029
77  105  0.0137969
77  128  0.194266
78  100  0.539816
78  127  0.194848
80  100  0.0129728
80  102  0.0439469
80  126  0.241291
81  101  0.0453183
81  125  0.243871
82  98  0.606022
82  100  0.042705
82  124  0.243451
83  97  0.135928
83  99  0.0371392
83  123  0.234959
84  95  0.0102864
84  96  0.132767
85  94  0.0125194
85  95  0.627453
86  93  0.0114471
86  94  0.691389
87  120  0.0502749
88  93  0.740375
89  117  0.153942
90  116  0.145803
91  115  0.073039
91  116  0.0428192
92  115  0.0640323
93  113  0.116395
93  114  0.0823267
94  112  0.117226
94  113  0.0820671
94  120  0.0312736
95  111  0.112231
95  112  0.0788596
95  119  0.0326205
96  106  0.101492
96  110  0.0578326
96  111  0.0328528
96  118  0.0331997
97  105  0.129179
97  117  0.0289796
98  104  0.12457
98  108  0.0188876
98  116  0.0223317
98  117  0.0247622
99  107  0.0276562
99  108  0.0132952
99  115  0.0160537
99  116  0.0292156
100  107  0.0117812
100  115  0.0294768
101  114  0.0312085
101  181  0.0234491
102  180  0.0261794
103  115  0.0232675
103  125  0.0137982
103  179  0.0314298
104  113  0.101513
104  114  0.0265144
104  124  0.0138435
104  178  0.0314419
105  112  0.103275
105  113  0.0259904
105  123  0.013614
105  177  0.0314168
112  189  0.0336686
113  188  0.0337685
114  132  0.0196835
114  187  0.033901
115  131  0.02555
115  186  0.0334012
116  130  0.027518
116  185  0.0259286
117  129  0.0276525
118  128  0.0231385
120  125  0.0129771
123  180  0.0449642
124  179  0.0484108
125  178  0.0485107
128  176  0.0810399
129  175  0.0897711
130  174  0.089109
131  173  0.0881513
132  176  0.0931999
133  172  0.0936535
133  175  0.132565
134  171  0.0936945
134  174  0.131917
135  169  0.0130121
135  170  0.0807788
136  168  0.0608346
136  172  0.529946
137  167  0.0626306
137  171  0.531923
138  166  0.0644574
138  169  0.917888
139  165  0.0637324
139  168  0.924843
140  167  0.927571
141  166  0.926073
142  165  0.927971
143  163  0.99775
144  162  0.997366
145  161  0.998011
146  160  0.99799
147  159  0.987458
148  159  0.0104695
149  157  0.974323
149  158  0.0207657
177  188  0.167139
177  189  0.0314719
178  187  0.279797
179  186  0.281914
180  185  0.280652
