1  347  0.0215558
1  356  0.0100837
1  383  0.0166283
1  388  0.0334452
2  346  0.0377232
2  349  0.106272
2  355  0.0127304
2  382  0.0189532
2  387  0.0372409
3  345  0.0408262
3  348  0.131222
3  354  0.0209052
3  381  0.0209069
4  14  0.0116418
4  344  0.0409841
4  347  0.13305
4  353  0.0211732
4  380  0.0189624
4  385  0.0383827
5  13  0.0119317
5  343  0.040898
5  346  0.133257
5  352  0.0210992
5  384  0.0380869
6  342  0.0379406
6  345  0.12988
6  351  0.0171999
6  383  0.0340614
7  12  0.038318
7  341  0.0326841
7  344  0.124907
7  368  0.0305116
8  340  0.019162
8  354  0.0417074
8  367  0.040557
8  369  0.0137577
8  381  0.0115759
9  342  0.118661
9  353  0.0423377
9  366  0.0393292
9  368  0.0133451
9  380  0.0107263
10  341  0.113474
10  365  0.0241144
11  340  0.0923809
12  23  0.0401998
12  372  0.0124979
13  22  0.0489088
13  68  0.0519052
13  338  0.0249596
13  339  0.0150012
13  350  0.54782
13  364  0.0761451
13  371  0.0134613
14  21  0.0467485
14  67  0.0520406
14  349  0.54953
14  363  0.0769572
14  370  0.0134474
15  66  0.0520911
15  336  0.0259895
15  338  0.0153912
15  348  0.536792
15  350  0.0159302
15  362  0.0780963
15  369  0.0134098
16  65  0.0492777
16  335  0.0220863
16  337  0.014282
16  347  0.49265
16  361  0.0775775
16  368  0.0125993
17  348  0.0471328
17  360  0.0731168
18  345  0.0145899
18  347  0.0524556
18  359  0.0571251
20  33  0.0334663
20  345  0.698408
21  32  0.0365098
21  344  0.80548
22  31  0.037207
22  343  0.822276
23  30  0.0310346
23  342  0.821424
24  341  0.817806
25  340  0.809582
26  59  0.12725
26  60  0.0222687
26  339  0.769866
27  58  0.747813
27  59  0.0155361
28  57  0.863358
29  56  0.863073
29  57  0.0238695
30  56  0.0245195
31  54  0.629259
31  55  0.0385256
32  52  0.0134634
33  52  0.108672
36  49  0.902274
37  48  0.948841
38  47  0.949148
39  46  0.94647
39  55  0.0108082
39  60  0.0120805
40  54  0.0107732
40  59  0.0123867
41  58  0.0157775
42  57  0.0186462
43  56  0.0180029
48  59  0.0100022
49  58  0.0221716
50  57  0.0364736
51  56  0.0344677
56  63  0.0156219
57  62  0.0136861
62  283  0.352669
63  282  0.877789
64  281  0.889185
65  280  0.882567
66  279  0.878569
67  278  0.277331
69  210  0.986739
70  209  0.989799
71  208  0.991429
72  207  0.991604
73  206  0.978433
75  202  0.973788
76  201  0.995413
77  200  0.995488
78  198  0.993742
79  197  0.993
80  196  0.995807
81  195  0.995844
82  194  0.992062
83  193  0.956539
86  190  0.0135705
87  189  0.0130014
89  191  0.880954
90  190  0.97311
91  189  0.978335
92  188  0.97848
93  187  0.978302
94  149  0.291868
94  150  0.0144366
94  186  0.601367
95  148  0.308119
97  146  0.343184
98  145  0.596409
98  146  0.045437
98  181  0.0172429
99  144  0.597981
99  145  0.0461863
99  181  0.0141792
100  111  0.729457
100  150  0.0692389
100  154  0.0206673
100  183  0.0537277
101  110  0.731795
101  149  0.0692278
101  153  0.0207276
101  178  0.0712754
101  182  0.0578928
102  109  0.731103
102  148  0.0671211
102  152  0.0198464
102  177  0.0465413
102  179  0.0217417
102  181  0.0399821
103  108  0.724507
103  147  0.0211444
103  178  0.0225977
104  175  0.0710445
104  177  0.0211073
104  179  0.0476907
105  174  0.0822258
105  178  0.0479783
106  173  0.0797002
107  176  0.0563391
108  175  0.0572279
109  147  0.122106
109  171  0.0899893
110  145  0.0169983
110  146  0.139707
110  170  0.0996675
111  144  0.0171328
111  145  0.139817
111  169  0.0996875
112  144  0.137215
112  168  0.0957712
113  167  0.0924519
113  180  0.014196
114  166  0.086411
114  179  0.0156539
115  139  0.955883
115  178  0.0153052
116  138  0.868647
116  177  0.0145092
117  137  0.112729
117  176  0.0123512
118  136  0.241846
119  135  0.998962
120  134  0.998682
121  133  0.999271
122  132  0.46213
123  131  0.457281
124  130  0.996156
125  129  0.616973
137  183  0.0107648
138  182  0.0178537
139  169  0.0126528
139  181  0.017962
140  168  0.0225684
140  180  0.0180774
141  167  0.0275648
141  179  0.0176263
142  152  0.0280158
142  166  0.0286474
142  177  0.016806
143  151  0.0314403
143  176  0.0162516
144  150  0.0341025
144  155  0.0393983
144  163  0.0242817
144  164  0.0344681
145  149  0.0211251
145  154  0.059517
145  162  0.0245161
145  163  0.0343563
145  174  0.0124376
146  153  0.0596884
146  161  0.0241286
146  162  0.0328752
146  173  0.0103883
146  178  0.0246363
147  152  0.0433897
147  177  0.0202693
149  175  0.0213206
151  157  0.0142001
151  172  0.14166
151  183  0.351943
152  156  0.0119365
152  171  0.193663
152  178  0.0996349
152  182  0.483686
153  170  0.199056
153  177  0.0588491
153  181  0.479375
154  169  0.198992
154  175  0.0107887
154  177  0.216163
155  167  0.0169057
155  168  0.180121
155  176  0.258933
155  179  0.126732
156  166  0.0328146
156  175  0.258282
156  177  0.311544
157  167  0.156945
157  170  0.205741
157  176  0.312814
158  166  0.157183
158  169  0.260069
158  175  0.311157
159  168  0.263242
160  167  0.266106
161  166  0.252914
161  170  0.143934
162  169  0.133893
162  170  0.0382178
163  169  0.0360541
163  170  0.198251
164  169  0.190488
166  185  0.0157992
167  184  0.0155482
168  183  0.0151924
169  182  0.0145891
170  178  0.0133313
171  177  0.0121057
171  180  0.0132126
172  179  0.0107732
175  184  0.0412922
175  185  0.0117518
176  183  0.0526833
177  182  0.0587425
181  188  0.0112226
182  187  0.0109207
215  280  0.0879543
216  279  0.108141
217  278  0.62751
218  277  0.97226
219  276  0.998386
220  275  0.998083
221  274  0.998266
222  273  0.99923
223  272  0.997232
224  242  0.0101288
224  271  0.98547
225  241  0.0118997
225  270  0.98376
226  232  0.0147432
226  240  0.0120609
226  268  0.0519111
227  239  0.0121725
227  267  0.0469098
227  268  0.904906
228  238  0.0120267
229  266  0.658031
229  267  0.0517987
230  265  0.656649
231  263  0.247661
232  262  0.246778
232  263  0.580863
233  261  0.166123
233  262  0.584904
234  261  0.660869
234  265  0.139102
235  260  0.737403
235  264  0.150332
236  259  0.681523
236  263  0.150899
237  259  0.105978
237  262  0.150775
238  245  0.0118043
238  257  0.461385
238  258  0.156759
238  260  0.128053
239  244  0.0116353
239  256  0.52562
239  259  0.129811
241  256  0.0551089
242  256  0.322994
243  255  0.942353
243  258  0.0149977
243  271  0.0121423
244  254  0.955405
244  257  0.0151058
244  270  0.0124058
245  253  0.956827
245  256  0.0151278
245  269  0.0124056
246  252  0.948575
246  255  0.015098
246  268  0.0107042
247  251  0.36112
247  265  0.0109702
248  264  0.0136091
249  263  0.0137758
250  262  0.01384
251  260  0.0215213
252  259  0.0221728
253  258  0.0217858
282  337  0.0711844
283  336  0.636189
284  335  0.869363
285  334  0.96084
286  333  0.985129
287  332  0.991748
288  331  0.995994
289  330  0.997961
290  329  0.99774
291  328  0.995937
294  302  0.0779052
294  311  0.0187854
295  301  0.0818947
295  310  0.0194925
296  300  0.034383
296  306  0.0281432
296  311  0.0684669
297  305  0.0385503
297  309  0.0567805
297  327  0.0152921
298  308  0.0543588
298  309  0.712589
298  326  0.0148483
299  307  0.0511467
299  308  0.711897
299  325  0.0115454
300  307  0.68225
301  305  0.0114974
301  309  0.0967613
302  308  0.0865897
303  307  0.0433483
310  326  0.159706
310  327  0.564403
311  325  0.0808535
312  325  0.819816
313  324  0.985582
314  323  0.985681
315  322  0.976684
317  324  0.0114102
347  390  0.0234436
348  357  0.0484388
348  389  0.0444801
349  356  0.0625065
349  388  0.0477473
350  355  0.0610218
350  387  0.0476876
351  386  0.0242803
351  389  0.54841
352  385  0.0182848
352  388  0.118025
353  384  0.033009
353  387  0.246328
354  382  0.0317801
354  386  0.785357
355  364  0.0172217
355  381  0.0309717
355  385  0.819151
356  363  0.0172179
356  384  0.822824
357  362  0.0152703
357  379  0.0167732
357  383  0.825657
358  382  0.822927
363  377  0.809919
363  388  0.0114434
364  376  0.864418
364  387  0.0126944
365  375  0.86299
365  386  0.0124956
366  374  0.859754
367  373  0.835239
367  376  0.0156463
368  372  0.350522
368  375  0.0161501
369  374  0.0160082
369  382  0.0341769
370  381  0.0406043
370  383  0.0116446
371  382  0.0123917
372  380  0.053563
373  379  0.0586663
374  378  0.0363435
378  387  0.0177479
379  386  0.0180534
