1  74  0.103068
2  73  0.145877
3  15  0.428763
3  18  0.02476
3  66  0.0190756
3  72  0.184087
4  14  0.429131
4  17  0.0250932
4  65  0.019091
4  71  0.183712
5  13  0.367264
5  64  0.0189199
5  70  0.183798
6  63  0.0104246
6  69  0.092236
7  69  0.0956376
8  14  0.0284457
8  62  0.0162613
8  68  0.187838
8  346  0.163865
9  13  0.0232932
9  61  0.0162525
9  67  0.187767
9  345  0.168803
9  347  0.0325254
10  344  0.0846005
10  346  0.0276325
11  344  0.133318
11  346  0.0301947
12  343  0.218302
12  345  0.0371043
12  347  0.0102205
13  30  0.204301
13  342  0.218309
13  344  0.0358895
13  346  0.0102725
14  29  0.204034
14  341  0.217814
14  343  0.0356931
14  345  0.0102069
15  340  0.21635
15  341  0.0297817
16  27  0.204904
16  339  0.0334308
16  340  0.0303409
17  26  0.205982
17  338  0.0288654
17  339  0.13125
18  25  0.20382
18  338  0.131748
18  347  0.462019
19  82  0.154119
19  337  0.0970425
19  346  0.48407
20  81  0.154153
20  336  0.0970681
20  345  0.48491
20  347  0.0132277
21  335  0.0883512
21  344  0.227024
21  346  0.012414
22  79  0.439019
22  334  0.0616963
23  78  0.680324
23  333  0.0558201
24  77  0.723075
24  332  0.0549011
25  76  0.733021
25  168  0.0177845
26  75  0.733047
26  167  0.0178293
26  330  0.0368571
27  74  0.732734
27  166  0.0178907
27  329  0.0379142
28  73  0.731405
28  165  0.0179311
28  328  0.0378604
29  68  0.294938
29  72  0.42615
29  164  0.0188437
29  327  0.0258205
30  67  0.351839
30  163  0.0188455
31  71  0.0137149
31  162  0.0183611
31  326  0.01161
32  71  0.162702
32  325  0.0104141
33  64  0.624275
33  70  0.192122
34  63  0.712103
34  69  0.193812
34  159  0.0183779
35  56  0.0174332
35  60  0.0318512
35  62  0.723955
35  68  0.191863
35  158  0.0183535
36  55  0.0198179
36  59  0.0319522
36  61  0.725144
36  67  0.191786
36  157  0.01835
37  54  0.0222409
37  58  0.0322318
37  60  0.727974
37  65  0.0529377
37  66  0.126211
37  156  0.0157057
38  59  0.711836
38  64  0.105297
39  56  0.029197
39  63  0.10072
40  55  0.0299468
40  61  0.0743941
41  50  0.0852877
41  56  0.702361
42  49  0.108301
42  55  0.729904
42  59  0.0620933
43  48  0.113104
43  51  0.0216678
43  54  0.743221
43  58  0.0816148
44  50  0.0201296
44  53  0.683375
44  57  0.0773007
45  49  0.0118824
48  55  0.0327171
54  61  0.0466455
55  60  0.0637669
55  62  0.0192674
56  61  0.0112071
59  68  0.0275037
60  67  0.0275148
61  66  0.0240603
61  68  0.0232701
62  67  0.0226612
65  323  0.0239939
66  322  0.0240952
67  321  0.0177612
70  317  0.0150104
71  149  0.0107824
71  316  0.0158561
72  148  0.0129339
72  315  0.0157964
73  146  0.0138841
73  147  0.013235
74  145  0.0456347
75  144  0.0474589
75  347  0.0137678
76  143  0.0474814
76  347  0.0444094
78  141  0.048735
79  140  0.0487793
79  344  0.411272
80  139  0.0486494
80  343  0.717341
81  87  0.0263462
81  90  0.0106458
81  342  0.740917
82  341  0.742738
83  340  0.742391
84  334  0.0368222
84  339  0.832493
85  333  0.0380849
85  338  0.835492
86  332  0.0387825
86  337  0.884257
87  331  0.0388426
87  336  0.889232
88  330  0.0349446
88  335  0.888895
89  334  0.887854
90  328  0.0240741
90  333  0.888299
91  332  0.784844
92  138  0.341041
92  331  0.478738
93  137  0.769488
94  136  0.831457
95  135  0.880572
96  134  0.895981
97  133  0.894771
97  329  0.0160969
98  132  0.89596
98  328  0.0161821
99  131  0.448862
99  327  0.0149979
100  131  0.548211
101  130  0.996609
102  129  0.996932
103  128  0.99577
104  127  0.997149
105  126  0.901302
106  125  0.125981
107  124  0.0304123
109  126  0.0802229
110  122  0.0153819
110  125  0.851689
111  121  0.0209854
111  124  0.961778
112  120  0.0210526
112  123  0.978578
113  119  0.0209817
113  122  0.978576
114  121  0.96779
115  120  0.919301
134  329  0.039654
135  328  0.0587526
136  327  0.119103
137  319  0.0154987
137  326  0.0942192
138  318  0.0234148
138  325  0.0670414
138  326  0.24888
139  317  0.030612
139  325  0.452307
140  316  0.0333422
140  323  0.0222897
140  324  0.515985
141  315  0.0332283
141  322  0.0485289
141  323  0.51897
142  320  0.0643284
142  322  0.464876
142  328  0.136407
143  247  0.0917368
143  319  0.0966317
143  321  0.175891
143  327  0.312793
144  246  0.173384
144  318  0.117378
144  326  0.312514
145  317  0.128088
145  325  0.311423
146  245  0.516274
146  316  0.109368
146  324  0.300676
147  244  0.561774
147  315  0.104121
147  323  0.297026
148  159  0.12422
148  243  0.835463
149  158  0.124312
149  242  0.835631
150  157  0.0901279
150  241  0.821236
151  240  0.793409
152  241  0.0126475
153  240  0.0207826
156  237  0.825527
157  236  0.8312
158  235  0.832195
159  234  0.831653
160  233  0.823378
160  316  0.0213683
161  231  0.81559
161  315  0.0233096
162  230  0.376318
162  315  0.0182262
163  193  0.017777
163  229  0.373989
163  314  0.123464
164  192  0.0178077
164  228  0.810668
164  313  0.126383
165  180  0.0144919
165  191  0.0181213
165  227  0.763084
165  312  0.127763
166  226  0.713032
166  311  0.125968
167  224  0.100823
168  177  0.0213353
168  189  0.0161161
168  223  0.100731
168  224  0.137566
168  306  0.011916
169  176  0.0215148
169  188  0.0161725
169  305  0.0119849
169  308  0.114753
170  175  0.0198038
170  190  0.024525
170  195  0.0108959
170  223  0.0136074
170  224  0.421244
170  304  0.0119915
170  307  0.117587
170  323  0.0170749
171  186  0.0165441
171  189  0.0249347
171  223  0.422657
171  303  0.0118647
171  306  0.117586
171  322  0.0171771
172  185  0.0161337
172  188  0.0231314
172  196  0.0147763
172  305  0.113867
172  321  0.0147979
173  196  0.0110062
174  185  0.0234511
174  194  0.657074
174  302  0.119255
175  182  0.0177989
175  184  0.0236067
175  193  0.750787
175  200  0.0105819
175  301  0.128864
176  181  0.0159771
176  192  0.750292
176  300  0.12879
177  182  0.0140283
177  191  0.750534
177  242  0.0157057
177  299  0.128428
178  190  0.471905
178  241  0.0156587
178  298  0.12511
179  189  0.144064
179  190  0.241079
179  240  0.0112521
179  289  0.125611
180  186  0.0571445
180  189  0.480367
180  195  0.013737
180  288  0.12959
181  185  0.0219479
181  188  0.372615
181  194  0.0136618
181  238  0.0175951
181  287  0.129782
182  186  0.0316604
182  192  0.0129427
182  237  0.0203223
182  286  0.129357
183  190  0.0380061
183  235  0.0215199
183  285  0.128254
184  189  0.0395572
184  234  0.0218799
185  233  0.0222578
186  232  0.0223416
186  263  0.131133
187  231  0.0222515
187  262  0.131358
188  230  0.0196836
188  261  0.0501218
189  260  0.0501938
190  259  0.131445
191  258  0.131424
192  225  0.0280068
192  257  0.105214
193  224  0.0280393
194  223  0.022588
195  200  0.0142631
195  204  0.0146232
195  225  0.0103679
195  256  0.0699098
196  255  0.0697852
197  254  0.0666258
198  253  0.0534939
200  207  0.0105884
202  227  0.0244176
203  226  0.0262531
204  224  0.0110774
205  224  0.10577
206  223  0.274049
207  222  0.974362
208  221  0.976176
209  220  0.979156
210  219  0.979932
211  218  0.973133
211  228  0.0157299
212  217  0.639159
212  227  0.0175871
213  226  0.0181863
214  225  0.0185838
215  224  0.0185786
216  223  0.0178809
226  251  0.0796189
227  250  0.0977121
228  249  0.131043
229  248  0.131154
230  247  0.13115
231  246  0.131143
234  243  0.131785
235  242  0.131312
236  241  0.103115
244  318  0.0519607
245  317  0.0583883
246  315  0.0363355
247  315  0.520022
248  314  0.826531
249  313  0.856965
250  312  0.859972
251  311  0.435143
252  311  0.424825
253  310  0.847033
254  309  0.846895
255  308  0.859866
256  307  0.862102
257  306  0.862042
258  305  0.85425
259  304  0.854556
260  303  0.564366
261  271  0.467112
261  302  0.147227
262  270  0.468999
262  301  0.374096
263  269  0.463452
265  282  0.129402
266  281  0.177212
267  277  0.215709
267  280  0.188975
267  299  0.0103164
268  276  0.215243
268  279  0.188933
268  298  0.0103079
269  275  0.162956
269  277  0.201069
269  278  0.0683965
270  276  0.196926
271  276  0.0573765
275  300  0.0324916
276  299  0.039784
276  301  0.0955171
276  302  0.0234012
277  298  0.0397514
278  300  0.54148
279  296  0.0247231
279  299  0.739698
280  295  0.0374193
280  298  0.739849
281  297  0.738902
282  293  0.0380272
282  296  0.737889
283  292  0.0384816
283  295  0.707736
284  295  0.0249272
285  293  0.0182028
285  294  0.479253
286  293  0.393185
286  299  0.0543558
287  292  0.0580271
287  298  0.0192152
288  294  0.0184872
288  297  0.0191145
289  296  0.0545158
290  295  0.0415701
