1  715  0.0598551
2  18  0.0736223
2  592  0.0219185
2  600  0.0143837
2  604  0.0184772
2  704  0.0550922
2  714  0.0679241
3  16  0.0219198
3  17  0.1009
3  599  0.0158306
3  603  0.021961
3  703  0.0660395
3  713  0.0720631
4  15  0.0492158
4  16  0.0794809
4  590  0.0592167
4  602  0.0206784
5  14  0.0745092
5  15  0.0580382
5  589  0.0763014
5  601  0.0153592
5  639  0.0128811
5  692  0.268169
5  698  0.142737
6  13  0.0974282
6  14  0.0359953
6  588  0.0792919
6  594  0.0743494
6  638  0.0128917
6  691  0.26842
6  697  0.149856
6  700  0.0167793
7  12  0.115883
7  586  0.023786
7  587  0.0783222
7  593  0.0837569
7  637  0.0128594
7  690  0.268545
7  696  0.151305
7  699  0.0167148
8  584  0.199309
8  586  0.0285025
8  592  0.084297
8  667  0.0347727
8  689  0.260634
8  694  0.172126
9  583  0.24541
9  591  0.0843517
9  666  0.0394196
9  693  0.174937
10  510  0.0130694
10  582  0.247908
10  590  0.0820541
10  665  0.0391269
10  687  0.246284
10  692  0.174893
11  509  0.0127658
11  581  0.247128
11  589  0.0793549
11  686  0.234817
11  691  0.172269
12  510  0.0361307
12  580  0.236088
12  588  0.0445062
12  663  0.027727
13  587  0.0329782
13  662  0.0241352
13  689  0.128001
14  586  0.0267926
14  688  0.104012
16  508  0.0724953
16  584  0.0486147
17  583  0.0490055
18  506  0.660749
18  602  0.0124103
19  505  0.818527
19  601  0.0222934
20  504  0.854051
20  600  0.0240515
21  503  0.868638
22  502  0.876657
22  598  0.0650123
23  501  0.877967
23  597  0.0795523
24  500  0.878641
24  596  0.0820776
25  499  0.878544
25  595  0.0823938
26  61  0.734628
26  498  0.123632
26  594  0.0823469
26  703  0.0143742
27  60  0.716761
27  593  0.0824065
27  702  0.0143655
28  58  0.0147521
28  60  0.0704881
28  592  0.077558
29  57  0.0130749
29  59  0.590843
29  700  0.0136125
30  56  0.0112757
30  58  0.592812
30  591  0.0144068
30  699  0.0139493
31  57  0.421815
31  589  0.0440941
31  590  0.0138102
31  698  0.0139781
32  57  0.400342
32  588  0.0619913
32  589  0.0130726
32  697  0.0138104
33  56  0.584525
33  587  0.0624269
33  696  0.0132627
34  56  0.0205864
34  586  0.0606147
34  587  0.0177324
35  54  0.878985
35  586  0.0189785
36  53  0.892849
36  515  0.0458838
36  585  0.0142063
36  675  0.0104956
37  52  0.892714
37  514  0.0457959
37  674  0.0104327
38  51  0.884099
39  49  0.0607668
40  48  0.0599816
40  50  0.790604
40  513  0.0631842
40  633  0.0166632
41  47  0.0607118
41  49  0.733038
41  512  0.0577096
41  632  0.0167827
42  46  0.0356018
42  511  0.0575223
42  631  0.0168656
43  510  0.0640153
44  509  0.0639586
44  629  0.0171251
45  508  0.0635178
45  628  0.0172252
46  507  0.0606678
46  627  0.0172595
47  506  0.0537343
47  626  0.0172502
48  62  0.0132376
48  625  0.0172437
49  61  0.0161221
49  505  0.0319267
49  624  0.0172582
50  60  0.0160363
50  504  0.0321192
50  623  0.0172501
51  503  0.0249642
51  622  0.0122214
54  61  0.0337148
55  60  0.03227
55  583  0.0118135
56  582  0.0105451
60  513  0.0250864
61  512  0.0251889
63  497  0.974394
63  498  0.0155586
64  496  0.986999
65  495  0.993329
66  494  0.97521
67  493  0.927572
69  491  0.983683
70  490  0.99162
71  489  0.983699
72  488  0.972196
72  489  0.0126485
73  488  0.0213402
75  485  0.0132268
75  486  0.965124
76  484  0.0147751
76  485  0.968341
76  486  0.0113212
77  483  0.0148329
77  484  0.969646
78  483  0.971609
79  481  0.0317307
79  482  0.954962
80  480  0.997332
81  479  0.997372
82  478  0.997409
83  477  0.996997
84  476  0.477671
85  473  0.0118849
85  475  0.441641
86  474  0.955617
87  472  0.984274
88  471  0.994626
89  470  0.994709
90  469  0.938745
92  465  0.937249
92  467  0.0224943
93  464  0.993543
94  463  0.993025
95  462  0.994676
96  461  0.995208
97  460  0.994088
98  459  0.993623
99  458  0.994032
101  457  0.98782
102  456  0.989131
103  455  0.988096
104  126  0.0170838
105  124  0.997423
106  123  0.999768
107  122  0.999262
108  121  0.999822
109  120  0.999799
110  119  0.996629
111  118  0.966051
112  117  0.760106
129  454  0.868027
130  453  0.993928
131  452  0.99387
132  451  0.994057
133  450  0.983117
134  449  0.846728
135  445  0.0136771
135  447  0.14767
136  445  0.11034
136  447  0.145147
137  445  0.173823
138  324  0.0207427
138  443  0.382072
138  444  0.119843
139  323  0.0249956
139  442  0.442902
140  322  0.0249408
140  442  0.0469496
141  195  0.221029
141  438  0.755477
142  194  0.224891
142  437  0.766239
143  193  0.225185
143  436  0.767999
144  191  0.0173837
144  435  0.768012
145  190  0.0169306
145  191  0.210263
145  434  0.767993
146  190  0.211268
146  433  0.765626
147  189  0.229127
147  432  0.76653
148  188  0.229099
148  431  0.766404
149  187  0.229146
149  430  0.766268
150  185  0.0145222
150  186  0.213709
150  427  0.0200588
150  429  0.715908
151  423  0.22164
151  424  0.104706
151  425  0.0114537
151  426  0.0316864
152  422  0.260143
152  423  0.125165
152  424  0.0120189
152  425  0.0324749
153  182  0.229798
153  421  0.227143
154  181  0.236435
154  419  0.190334
154  421  0.422789
155  180  0.23675
155  418  0.190407
155  420  0.470497
156  179  0.236482
156  417  0.189303
156  419  0.242461
156  421  0.0448213
157  177  0.236243
157  419  0.28277
157  421  0.0351346
158  176  0.236043
158  415  0.114221
158  418  0.511026
158  420  0.0361083
159  175  0.236175
159  414  0.11415
159  417  0.51053
159  419  0.0360768
160  211  0.511303
160  413  0.0264301
160  416  0.0518814
161  173  0.234285
161  210  0.559386
161  412  0.0217018
162  172  0.234176
162  210  0.061069
163  171  0.228433
163  208  0.688925
163  209  0.0311806
164  174  0.010089
164  207  0.75191
165  173  0.0103026
165  206  0.751958
166  172  0.0102135
166  205  0.751926
167  204  0.751666
168  203  0.744068
171  200  0.0217896
172  200  0.0156313
173  198  0.0604418
173  200  0.330893
174  197  0.0597953
174  199  0.369555
174  201  0.253723
175  198  0.373002
175  200  0.293725
176  195  0.0112723
176  197  0.369158
176  199  0.301658
177  194  0.0132016
177  198  0.302476
178  197  0.300064
179  192  0.0805279
179  193  0.011003
180  187  0.0136545
180  191  0.0971045
180  195  0.617823
181  186  0.013807
181  194  0.623968
182  189  0.0968144
182  193  0.622193
182  198  0.0162375
183  188  0.0702768
183  197  0.016335
184  191  0.112083
184  196  0.0164743
185  190  0.168008
185  191  0.390104
185  195  0.0163972
186  190  0.242241
187  193  0.0158848
197  447  0.158268
198  321  0.0201576
198  442  0.0195656
198  446  0.171209
199  320  0.0210113
199  441  0.0195637
199  445  0.170763
200  319  0.0211717
200  440  0.0182878
200  444  0.165165
201  318  0.0209701
203  439  0.1735
204  438  0.188531
205  222  0.0252096
205  437  0.187117
206  221  0.0254973
206  436  0.187084
207  220  0.025689
207  435  0.186528
209  218  0.0280991
209  331  0.0136411
210  217  0.0289693
210  330  0.014844
210  432  0.012791
211  216  0.0190282
211  329  0.0148274
212  328  0.0145661
213  327  0.0140246
213  416  0.636607
214  415  0.813287
215  325  0.0146988
216  324  0.0148011
216  413  0.909485
217  323  0.0147508
217  412  0.921279
218  322  0.0102269
218  411  0.927535
219  410  0.930536
220  409  0.930033
221  408  0.925654
222  405  0.914717
223  319  0.0182242
223  404  0.925574
224  318  0.0206443
224  403  0.926452
225  317  0.0206087
225  402  0.905909
226  299  0.149423
226  401  0.674965
227  298  0.67466
227  316  0.0359645
228  297  0.750664
228  315  0.0424123
229  288  0.0110313
229  296  0.769798
229  314  0.0442775
230  287  0.0126369
230  295  0.772683
230  313  0.0445165
231  286  0.0125871
231  294  0.769024
231  312  0.0445043
232  241  0.775893
232  310  0.0443091
233  240  0.809899
233  309  0.0443039
234  239  0.800854
234  300  0.024113
234  308  0.0347324
235  299  0.0241691
235  306  0.0186619
235  307  0.0253559
236  298  0.0231208
236  305  0.0273662
237  297  0.0221518
237  304  0.0170226
238  295  0.0229699
239  294  0.025838
239  302  0.0406407
240  284  0.0688171
240  293  0.0300719
240  301  0.0413856
240  386  0.0208378
241  283  0.0688974
241  292  0.0300351
241  300  0.0405432
241  385  0.0208682
241  397  0.0173997
242  282  0.0623686
242  297  0.0620863
242  384  0.0208536
242  396  0.0178902
243  281  0.0346076
243  288  0.0977261
243  296  0.0632338
244  286  0.0323194
244  287  0.114844
244  295  0.062871
244  396  0.0202485
245  285  0.0311919
245  286  0.0944689
245  287  0.0136456
245  294  0.0379325
245  298  0.0360072
245  367  0.0185818
245  395  0.0202892
246  286  0.0348081
246  287  0.0112025
246  294  0.0157332
246  297  0.0386708
246  366  0.0199164
246  394  0.0200088
247  289  0.0970867
247  296  0.0228639
247  365  0.0198717
248  288  0.118491
248  296  0.0257862
248  364  0.0198049
249  287  0.122863
249  295  0.0387391
249  363  0.0152498
250  282  0.723274
250  286  0.111965
250  294  0.0379035
251  281  0.830338
252  280  0.863686
252  283  0.0813928
253  279  0.43198
253  282  0.0820861
254  279  0.531191
255  278  0.974792
255  357  0.0114474
256  277  0.974936
256  356  0.0121852
257  276  0.974872
257  355  0.0121906
258  275  0.951054
258  354  0.0121837
259  273  0.0331519
260  272  0.0319998
261  274  0.826512
262  273  0.828158
263  269  0.0122541
263  272  0.816157
264  274  0.0186475
265  273  0.0177369
266  339  0.0103697
267  338  0.0107007
268  337  0.0108084
269  336  0.0107819
270  335  0.0102967
279  314  0.0111802
280  313  0.0168136
282  296  0.0108774
282  311  0.0100363
283  295  0.0251353
283  310  0.0200251
284  294  0.0262198
284  309  0.0200468
285  308  0.0199854
286  293  0.563393
286  307  0.0179209
287  292  0.545979
287  306  0.018017
288  305  0.0196614
289  304  0.0176984
293  302  0.0204549
294  301  0.0257963
295  300  0.024273
295  399  0.0115641
296  398  0.0146835
297  397  0.0203703
299  395  0.0348571
299  396  0.0170774
299  398  0.0118629
300  394  0.0184934
300  396  0.0804105
301  394  0.843916
302  393  0.925599
303  392  0.925637
304  391  0.925551
305  390  0.915112
307  388  0.749753
308  387  0.921645
309  386  0.925683
310  385  0.925572
311  384  0.919104
312  361  0.116573
312  383  0.801777
313  360  0.1226
313  382  0.77652
314  359  0.125009
314  380  0.0359812
315  358  0.112573
315  381  0.0577147
316  335  0.563621
316  337  0.0252406
316  356  0.0169641
316  357  0.0428814
318  334  0.890159
319  333  0.900465
320  332  0.901661
321  331  0.899379
322  330  0.89603
323  329  0.826929
323  330  0.0103138
324  328  0.544114
327  445  0.0179441
328  444  0.023267
329  375  0.021189
329  443  0.0239102
330  374  0.0230681
330  442  0.0233534
331  373  0.0231033
332  372  0.0231344
332  441  0.0244255
333  371  0.0220708
333  440  0.0244569
334  439  0.0247456
335  438  0.0247347
336  355  0.180517
336  364  0.0131119
337  343  0.0117427
337  354  0.180597
337  363  0.0148354
337  366  0.426414
338  351  0.0235079
338  362  0.0137628
338  365  0.430089
339  350  0.0267201
339  364  0.429848
340  349  0.0260874
340  363  0.4271
341  350  0.108487
341  362  0.382407
342  349  0.111222
342  352  0.0434407
342  359  0.427306
343  351  0.0490932
343  358  0.487235
343  360  0.0182266
344  350  0.0486599
344  357  0.49621
345  356  0.490023
354  376  0.0118785
355  374  0.0221548
356  373  0.0220395
360  374  0.0440416
360  435  0.0328709
361  373  0.0437665
361  374  0.0550317
361  434  0.0385369
362  373  0.0305744
362  377  0.181891
362  433  0.039447
363  372  0.0403649
363  376  0.237551
363  432  0.0417598
364  371  0.0643002
364  375  0.236861
364  431  0.0417474
365  370  0.0469646
365  374  0.227831
365  430  0.0416723
366  429  0.041644
367  372  0.15533
367  428  0.038865
373  383  0.151638
374  382  0.152364
375  381  0.115374
384  418  0.0123622
384  420  0.0300138
385  417  0.0122057
385  419  0.0299992
386  417  0.0226627
388  397  0.0176723
388  415  0.0482409
389  396  0.0176599
389  414  0.0483181
390  395  0.0160076
390  413  0.0482941
391  412  0.0482723
394  410  0.0397111
396  409  0.0586604
397  408  0.0588284
398  407  0.0588819
399  406  0.0582253
400  405  0.0510075
418  433  0.155369
419  432  0.165576
420  430  0.184424
421  429  0.194485
422  428  0.166824
439  448  0.127941
440  447  0.144734
441  446  0.130921
498  511  0.0416386
499  510  0.0465536
500  509  0.0464697
501  508  0.0457022
502  507  0.0371129
507  685  0.0589206
508  588  0.010485
508  684  0.0670449
509  584  0.0174871
509  587  0.0175469
509  661  0.0572126
509  683  0.0685965
510  578  0.218498
510  583  0.0188318
510  586  0.0210602
510  660  0.0650776
511  577  0.279295
511  582  0.020551
511  585  0.0213629
511  659  0.0663427
511  682  0.453102
512  576  0.279398
512  581  0.0182339
512  658  0.0666403
512  681  0.453514
513  575  0.276475
513  657  0.0664378
513  680  0.45067
514  656  0.0662127
514  679  0.435182
515  578  0.0109973
515  655  0.065729
516  573  0.0647382
516  577  0.0166805
516  580  0.49489
516  675  0.173667
517  573  0.0752682
517  576  0.0166979
517  579  0.49817
517  674  0.174334
518  571  0.282148
518  575  0.0161616
518  578  0.498209
518  673  0.174255
519  570  0.285374
520  569  0.284603
520  570  0.0172409
520  577  0.677505
521  569  0.0182241
521  576  0.677712
522  567  0.304843
522  575  0.670911
523  566  0.305138
523  574  0.33712
524  565  0.304015
524  574  0.342256
525  563  0.0512733
525  564  0.251356
525  573  0.675019
526  562  0.0972991
526  572  0.674261
527  560  0.0176925
527  562  0.0656334
527  571  0.670874
528  561  0.0492884
528  570  0.650647
529  558  0.425377
529  569  0.543801
530  557  0.793357
530  567  0.143518
531  556  0.996125
532  555  0.99692
533  554  0.996835
535  553  0.988041
536  552  0.987574
537  551  0.990531
538  550  0.990349
539  548  0.186892
539  549  0.751354
540  547  0.371161
541  546  0.337454
541  547  0.104085
542  546  0.0646327
542  547  0.0286628
557  563  0.0474804
557  564  0.0436139
558  562  0.0185855
558  565  0.178425
559  564  0.338158
578  672  0.161972
579  671  0.161069
581  652  0.0230237
582  637  0.0138825
582  651  0.0250909
582  673  0.0101826
582  679  0.0125179
583  619  0.0108712
583  636  0.0215629
583  639  0.0221712
583  649  0.0110879
583  650  0.0153453
583  672  0.015193
583  678  0.22256
584  618  0.0108891
584  638  0.0221937
584  648  0.0180819
584  677  0.220825
585  617  0.0109037
585  635  0.0528754
585  637  0.0214222
585  647  0.0179724
585  671  0.0109256
585  673  0.013927
586  616  0.0108415
586  634  0.345215
586  636  0.0176809
586  672  0.011752
586  675  0.236311
587  615  0.0108285
587  633  0.418484
587  674  0.234085
588  632  0.417595
588  673  0.209686
589  631  0.404414
589  632  0.0123687
590  604  0.0362534
590  630  0.290903
590  631  0.0156785
590  632  0.0295247
590  671  0.0207244
591  603  0.0714303
591  612  0.0105708
591  629  0.0174684
591  633  0.0128896
592  602  0.0713914
592  611  0.0106289
593  601  0.0713327
593  610  0.0102922
593  629  0.661839
594  600  0.0714049
594  609  0.0102947
594  628  0.723979
595  599  0.056676
595  603  0.0129099
595  627  0.751865
596  602  0.012151
596  608  0.0117196
596  626  0.751548
596  715  0.0124208
597  607  0.0118692
597  625  0.751391
597  714  0.0134467
598  606  0.0125957
598  624  0.752091
598  713  0.0149567
599  605  0.0124763
599  623  0.749968
599  712  0.01496
600  711  0.0148163
601  622  0.0148058
601  710  0.0142585
602  709  0.0130547
603  617  0.760956
604  616  0.770927
605  615  0.776439
605  715  0.199459
606  614  0.776279
606  714  0.206293
607  613  0.726852
607  713  0.208636
608  712  0.208528
609  711  0.20809
610  710  0.207449
611  709  0.197338
613  707  0.206778
614  706  0.207024
616  704  0.210528
617  703  0.219944
618  702  0.171074
620  700  0.217754
621  699  0.222891
622  698  0.222432
623  697  0.22258
624  696  0.222718
625  695  0.221046
626  694  0.220031
627  693  0.218242
628  691  0.0106804
629  676  0.0128784
629  688  0.028813
630  675  0.0138634
630  687  0.0330426
630  692  0.0276271
631  686  0.0313762
631  691  0.0165631
632  691  0.0252674
633  690  0.0368666
634  671  0.157285
634  689  0.0312781
635  670  0.889344
636  669  0.893806
637  668  0.906027
638  667  0.905778
639  666  0.90424
641  663  0.337852
641  664  0.402095
641  665  0.0720377
642  662  0.340715
643  663  0.431151
644  660  0.0937715
644  661  0.0188191
644  662  0.411126
645  659  0.105535
646  660  0.0221286
647  658  0.917271
648  657  0.91763
649  656  0.918733
650  655  0.91806
654  665  0.0114311
655  664  0.011451
656  663  0.0113625
669  703  0.0624103
669  715  0.0121083
670  702  0.062465
670  714  0.0126444
671  682  0.106253
671  700  0.0715042
671  701  0.0316605
671  703  0.0223638
671  713  0.0161358
671  715  0.121764
672  699  0.107553
672  702  0.0223449
672  712  0.0161258
672  714  0.126326
673  681  0.197677
673  698  0.0686743
673  701  0.014098
673  713  0.12636
674  680  0.198576
674  699  0.0135662
674  712  0.125596
675  679  0.122993
675  696  0.277924
676  695  0.30295
677  694  0.309094
678  693  0.311316
679  692  0.338813
680  691  0.33862
681  690  0.334869
694  708  0.123862
694  715  0.0277082
695  704  0.0388752
695  707  0.134966
695  714  0.0298867
696  703  0.0467123
696  706  0.154322
696  713  0.0320034
697  702  0.037944
697  705  0.154996
697  712  0.0175809
698  704  0.15444
698  712  0.015624
699  703  0.121607
699  706  0.0147905
699  711  0.141026
700  710  0.152669
701  709  0.159789
701  714  0.070404
702  708  0.160928
702  713  0.151767
703  707  0.130717
703  712  0.151785
704  711  0.119197
705  715  0.213411
706  714  0.2299
707  713  0.231748
708  712  0.088224
