2  19  0.0428551
3  18  0.049199
3  65  0.476595
3  862  0.0387298
4  17  0.0498478
4  64  0.479104
5  16  0.0492611
5  63  0.479224
6  62  0.47258
6  859  0.046253
7  14  0.0331769
7  18  0.0174011
7  858  0.0425762
7  868  0.24258
8  13  0.0282152
8  17  0.019756
8  21  0.0158876
8  22  0.259724
8  23  0.0274111
8  856  0.0169958
8  867  0.276422
9  16  0.0172145
9  20  0.0187425
9  21  0.31065
9  22  0.0356792
9  855  0.0178361
9  856  0.0168624
9  866  0.285546
10  19  0.0189159
10  20  0.322515
10  21  0.037035
10  854  0.0178632
10  855  0.0188734
10  865  0.287098
11  19  0.324333
11  20  0.0356599
11  34  0.0222534
11  853  0.0164405
11  854  0.0172334
11  864  0.284
12  18  0.294897
12  33  0.0260891
12  863  0.23855
13  32  0.0267298
13  843  0.0139277
14  31  0.026874
14  842  0.0154389
14  865  0.0271205
15  30  0.0262033
15  841  0.0160627
15  859  0.0417188
15  864  0.0287652
16  36  0.298685
16  840  0.016114
16  861  0.0159556
17  35  0.299547
17  839  0.0158832
17  860  0.0180701
18  34  0.298767
18  838  0.0128378
18  859  0.0185214
19  33  0.287961
19  858  0.0154486
20  32  0.231573
22  33  0.026683
22  861  0.024575
23  32  0.0439022
23  860  0.031592
24  30  0.1882
24  31  0.0477816
24  844  0.0525594
24  859  0.0327616
24  864  0.0112011
25  32  0.0493558
25  843  0.0532688
25  858  0.0217507
26  31  0.0621604
26  43  0.0427633
26  61  0.335817
26  842  0.0533449
27  42  0.0428578
27  60  0.336108
27  61  0.0206173
27  841  0.0523229
30  40  0.332439
30  58  0.188204
30  840  0.0296798
30  858  0.0132929
31  39  0.335156
31  57  0.188826
31  839  0.030523
31  857  0.0145621
32  38  0.303497
32  56  0.122596
32  838  0.0153619
32  856  0.0139338
33  55  0.0962519
33  838  0.0548794
33  855  0.010011
34  54  0.083274
34  837  0.0823288
35  53  0.07773
35  836  0.0919524
36  52  0.0751221
36  56  0.094793
36  835  0.0927916
37  55  0.124803
37  834  0.0926461
37  855  0.0131785
38  45  0.0498689
38  54  0.140352
38  833  0.0941097
39  44  0.0499546
39  53  0.144995
39  61  0.0283693
39  832  0.0941108
40  52  0.14518
40  60  0.028279
40  831  0.0939101
40  852  0.29077
41  830  0.0901086
41  851  0.316359
42  51  0.174259
42  829  0.0849075
42  850  0.31937
42  851  0.0216148
43  50  0.173021
43  58  0.252921
43  804  0.0125267
43  828  0.0708505
43  850  0.0250384
44  57  0.254009
44  803  0.0143683
44  810  0.0442682
44  848  0.413576
45  56  0.254658
45  802  0.0143938
45  809  0.0441998
45  827  0.0136109
45  847  0.414527
46  55  0.245386
46  801  0.0127814
46  808  0.0429519
46  846  0.41405
47  764  0.011019
47  800  0.0112816
47  807  0.0344992
47  845  0.413791
48  53  0.0107372
48  763  0.0174387
48  844  0.413911
49  762  0.030563
49  843  0.414245
50  761  0.0315114
50  842  0.414633
51  760  0.0315259
51  805  0.042962
51  841  0.414621
52  759  0.0315191
52  804  0.05794
52  840  0.414072
53  758  0.0315173
53  803  0.0580275
53  839  0.41154
54  757  0.0313493
54  802  0.0574921
54  838  0.407162
55  756  0.0267788
55  837  0.349811
56  111  0.0288305
56  833  0.105577
57  110  0.0288658
57  799  0.34799
57  832  0.106638
58  109  0.0288292
58  798  0.350242
58  831  0.106615
59  108  0.0148686
59  797  0.348514
59  830  0.105761
60  65  0.0157235
60  796  0.34773
60  829  0.105321
61  795  0.336654
61  828  0.104244
62  70  0.0712986
62  794  0.33269
63  69  0.0710861
64  68  0.0270764
64  792  0.0926893
65  769  0.337566
65  770  0.0162161
66  767  0.0446542
66  768  0.323791
66  769  0.0127568
67  766  0.0760686
67  767  0.308469
68  765  0.0956899
68  766  0.294281
69  764  0.134433
69  765  0.259184
70  748  0.0607004
70  763  0.170098
70  764  0.162595
71  747  0.0710321
71  762  0.204946
72  746  0.0719293
72  761  0.203366
72  763  0.0244772
72  827  0.0112322
73  745  0.0711479
73  760  0.0728342
73  865  0.454939
74  105  0.0182462
74  744  0.0707011
74  760  0.0331615
74  761  0.0207139
74  864  0.490021
75  104  0.0184687
75  863  0.490341
76  823  0.0442887
76  862  0.490667
77  822  0.0442982
77  861  0.49028
78  821  0.0442402
78  860  0.489888
79  88  0.0150747
79  153  0.0968165
79  820  0.0441488
79  859  0.49035
80  87  0.0145981
80  99  0.0465408
80  152  0.110462
80  858  0.489263
81  86  0.013488
81  98  0.0522843
81  108  0.0637303
81  151  0.113288
81  857  0.487486
82  89  0.102256
82  96  0.0810454
82  107  0.104844
82  111  0.0146469
82  150  0.113304
82  810  0.0473504
82  833  0.368352
83  88  0.0954581
83  95  0.0811689
83  106  0.111886
83  110  0.0146939
83  149  0.113303
83  799  0.0288447
83  809  0.0474675
83  832  0.368593
84  94  0.0789862
84  105  0.112221
84  109  0.0146966
84  148  0.11322
84  798  0.0290548
84  808  0.0474095
84  831  0.368265
84  852  0.0331142
85  99  0.0103819
85  104  0.112139
85  108  0.0113133
85  797  0.0127651
85  830  0.202399
85  851  0.0328973
86  92  0.0130975
86  103  0.109459
86  766  0.0630105
86  827  0.116656
87  97  0.202732
87  102  0.0413755
87  765  0.0679643
87  826  0.151336
87  849  0.0351621
88  96  0.282124
88  806  0.0133514
88  825  0.154408
88  848  0.0360683
89  95  0.278138
89  763  0.0858797
89  805  0.0133241
89  824  0.154144
89  847  0.0360497
90  762  0.0847196
91  117  0.0488692
91  761  0.0845489
92  116  0.0533615
92  821  0.150984
93  109  0.1067
93  115  0.0537937
93  760  0.19976
93  820  0.152878
94  108  0.0974818
94  114  0.0538084
94  750  0.036798
94  759  0.219266
94  819  0.151333
95  107  0.0980063
95  749  0.0368476
95  758  0.219303
95  818  0.138397
96  105  0.0194634
96  106  0.106927
96  109  0.0129
96  112  0.0536489
96  748  0.0368511
96  757  0.219071
96  813  0.0194117
97  104  0.0148842
97  107  0.0465659
97  747  0.0366833
97  756  0.145024
97  812  0.0192999
98  105  0.129687
98  106  0.0778552
98  110  0.0650534
98  746  0.0366167
98  811  0.0188011
99  105  0.0734438
99  109  0.0654229
99  745  0.0330742
100  104  0.0341247
100  108  0.0644777
101  107  0.056536
102  756  0.0442844
103  755  0.147328
103  812  0.0684925
104  143  0.0657368
104  740  0.0173381
104  754  0.151803
104  760  0.0128035
104  811  0.0698863
105  142  0.0870051
105  145  0.020272
105  739  0.0186294
105  753  0.15218
105  759  0.0452413
105  810  0.0656115
105  829  0.0204147
106  141  0.0867512
106  144  0.0203259
106  738  0.0186162
106  752  0.151208
106  758  0.0453065
106  810  0.0823349
106  828  0.0204403
107  143  0.0198912
107  737  0.0183193
107  751  0.0786566
107  757  0.0416966
107  808  0.0571824
107  809  0.087785
107  827  0.0203861
108  123  0.0117472
108  139  0.0906913
108  736  0.0155099
108  751  0.0768425
108  754  0.0807413
108  807  0.0581087
108  808  0.0242622
108  826  0.0200284
109  122  0.0210838
109  138  0.0940214
109  141  0.0175048
109  183  0.0112472
109  750  0.150632
109  753  0.104485
109  759  0.0410958
109  806  0.0292384
109  825  0.0176279
110  121  0.0211148
110  137  0.0938993
110  140  0.0175498
110  182  0.0140126
110  749  0.150609
110  752  0.0439943
110  758  0.0411887
110  806  0.297984
111  181  0.0144545
111  748  0.150249
111  757  0.0411632
111  760  0.0130859
111  805  0.327742
112  120  0.0247886
112  135  0.0938142
112  138  0.0181461
112  180  0.0153859
112  747  0.0664116
112  750  0.192779
112  756  0.0168637
112  759  0.0192119
112  804  0.339554
113  119  0.0237646
113  137  0.0181365
113  179  0.0153877
113  749  0.193226
113  755  0.0105668
113  758  0.0192161
113  803  0.339644
114  133  0.094385
114  178  0.015378
114  745  0.0376446
114  748  0.191182
114  757  0.0191921
114  802  0.339468
115  132  0.0949533
115  135  0.0173519
115  747  0.0439692
115  756  0.0107821
116  131  0.0937638
116  134  0.0158456
118  126  0.100761
118  174  0.0121193
118  747  0.235242
119  125  0.105778
119  173  0.0121324
119  746  0.302538
119  764  0.0433854
119  765  0.223968
119  835  0.0240259
120  124  0.0655779
120  745  0.302846
120  763  0.0439525
120  764  0.224798
120  765  0.103214
120  834  0.0241505
121  744  0.300672
121  761  0.044063
121  763  0.22369
121  764  0.105247
121  832  0.025199
122  153  0.377452
122  760  0.0447679
122  761  0.137951
122  763  0.105431
122  831  0.0253378
123  152  0.424343
123  762  0.067653
123  830  0.0251646
124  151  0.433211
124  759  0.391797
124  829  0.0251084
125  150  0.433242
125  758  0.392199
125  828  0.0250171
126  149  0.432429
126  757  0.391931
126  827  0.0242771
127  756  0.389477
128  755  0.369873
129  146  0.426812
130  145  0.436445
130  753  0.388125
131  144  0.436388
131  752  0.166137
131  806  0.030148
132  805  0.0302537
133  142  0.427895
133  750  0.4001
133  804  0.0310566
134  141  0.380647
134  749  0.400315
134  803  0.0310589
135  748  0.399076
135  802  0.0309554
136  747  0.394128
137  746  0.389716
137  799  0.0256516
138  745  0.385241
138  798  0.0257513
139  170  0.0238543
140  149  0.0286866
140  169  0.0276026
140  744  0.0248119
140  746  0.0110331
140  765  0.0311905
141  148  0.0269053
141  149  0.0420666
141  745  0.0125138
141  764  0.0313395
142  148  0.0422548
142  169  0.0131876
142  171  0.0229287
142  744  0.013945
142  763  0.0313409
143  170  0.0516367
143  762  0.0313123
144  169  0.0554237
144  761  0.0310777
145  760  0.0294659
148  155  0.241106
148  739  0.0162462
149  154  0.238438
149  738  0.0163194
150  737  0.0163176
151  736  0.0162708
152  735  0.0128582
153  172  0.0692955
153  762  0.0191599
154  171  0.0701158
154  745  0.0163965
154  746  0.0117399
154  761  0.0460293
155  169  0.579546
155  744  0.0178647
155  745  0.011741
155  760  0.0485871
156  168  0.917984
156  759  0.0522667
157  167  0.92104
157  758  0.0522627
158  166  0.920613
158  757  0.0504159
159  165  0.917602
159  756  0.03357
160  164  0.349323
165  748  0.0613605
166  747  0.0644007
167  746  0.0647286
168  745  0.0647229
170  744  0.250798
171  743  0.882897
172  742  0.884184
172  744  0.0194911
173  741  0.89508
173  743  0.0442061
174  740  0.894174
174  742  0.0441897
175  739  0.883603
175  741  0.0438933
178  659  0.0233442
178  738  0.92582
179  658  0.0234659
179  737  0.929319
180  736  0.927395
181  656  0.726839
181  659  0.12246
182  655  0.727702
182  658  0.0834055
183  654  0.728314
184  653  0.730167
184  656  0.258207
185  652  0.730089
185  655  0.258527
186  651  0.720977
186  654  0.258396
187  653  0.258508
188  646  0.0423242
188  649  0.160853
188  652  0.257855
189  646  0.056536
189  649  0.0300437
191  643  0.0145395
191  646  0.47863
191  649  0.194849
192  643  0.164735
192  645  0.442124
192  648  0.183514
193  642  0.839294
194  641  0.994406
195  640  0.995095
196  639  0.999625
197  638  0.999647
198  637  0.998991
199  636  0.999089
200  635  0.999641
201  634  0.999539
202  633  0.991203
203  632  0.986909
204  631  0.75313
205  266  0.0745318
205  628  0.266641
206  223  0.148176
206  265  0.174635
206  627  0.275517
207  217  0.0372041
207  222  0.155464
207  264  0.175166
207  626  0.225151
207  628  0.0562294
208  216  0.227735
208  221  0.160561
208  263  0.174662
208  267  0.014603
208  270  0.0172902
208  620  0.0180105
208  630  0.0171958
209  215  0.206766
209  262  0.15255
209  266  0.0125419
209  619  0.0273211
209  626  0.0600143
210  219  0.158333
210  268  0.0142834
210  618  0.0276902
210  625  0.0618638
211  218  0.162261
211  617  0.0489111
211  624  0.0602693
211  629  0.0440698
212  217  0.122733
212  260  0.066893
212  266  0.0471393
212  616  0.0537216
212  623  0.0593192
212  628  0.0529018
213  259  0.0727573
213  265  0.101792
213  615  0.0526263
213  622  0.0587299
213  627  0.053379
214  264  0.101501
214  626  0.0459895
215  614  0.0636839
216  262  0.112178
216  613  0.0638982
217  224  0.0206824
217  240  0.0262208
217  254  0.0226584
217  261  0.115872
217  612  0.0635176
218  223  0.0151089
218  239  0.0260662
218  253  0.0210581
218  260  0.112254
218  625  0.17678
219  624  0.216578
220  250  0.0629308
220  259  0.013012
220  623  0.220443
221  249  0.0639181
221  622  0.220289
222  248  0.0594028
223  234  0.206642
223  247  0.0565058
223  254  0.0605149
223  608  0.334538
224  233  0.206719
224  253  0.0610043
224  607  0.334403
224  625  0.128767
225  232  0.156463
225  624  0.130612
226  623  0.130766
227  604  0.336544
227  622  0.128937
227  631  0.0269105
228  240  0.0508291
228  242  0.0158378
228  267  0.163795
228  603  0.341505
228  630  0.021434
229  239  0.0285187
229  266  0.0826795
230  239  0.103364
230  266  0.137224
230  601  0.346463
231  238  0.132738
231  265  0.266636
231  600  0.35012
232  237  0.123935
232  264  0.268574
232  599  0.349985
233  263  0.268994
233  598  0.350177
234  262  0.268403
234  597  0.350017
237  248  0.200679
237  558  0.0475487
238  247  0.237073
238  254  0.0628192
238  255  0.0395758
238  258  0.205097
238  557  0.0543296
239  246  0.179335
239  257  0.197464
239  556  0.0385704
240  253  0.199302
241  251  0.500314
241  252  0.100821
242  250  0.625146
243  249  0.619194
244  248  0.235733
248  559  0.0403533
249  255  0.0165554
249  558  0.0519191
249  596  0.207645
250  254  0.0102619
250  270  0.0106832
250  557  0.0536057
250  595  0.207655
251  269  0.0108153
251  556  0.026932
251  594  0.196571
252  556  0.211229
253  261  0.0177846
253  267  0.0673796
253  555  0.343452
254  259  0.0123933
254  266  0.0674256
254  554  0.3425
255  265  0.065358
255  553  0.340911
256  531  0.105184
257  530  0.114239
258  529  0.12292
259  528  0.344952
260  527  0.34781
261  526  0.348355
262  525  0.348111
263  524  0.348422
264  523  0.347643
265  522  0.347092
266  521  0.344502
266  630  0.0893596
267  519  0.172149
267  631  0.0221717
268  278  0.0516599
268  629  0.310259
269  277  0.0716811
269  520  0.0613739
269  626  0.0118219
269  628  0.393358
270  276  0.0729869
270  519  0.0645385
270  625  0.013187
270  627  0.399047
271  275  0.0278041
273  465  0.0294374
273  517  0.011002
273  624  0.503046
274  464  0.0316664
274  516  0.0123937
274  623  0.521024
275  463  0.0313882
275  468  0.0108317
275  515  0.0123698
275  622  0.52079
276  421  0.0143542
276  462  0.0296767
276  467  0.0398468
276  514  0.0123299
276  621  0.64894
277  420  0.0143479
277  513  0.012162
277  620  0.649066
278  419  0.0135677
278  512  0.011497
278  619  0.648739
279  418  0.0128767
279  618  0.648543
280  417  0.0106718
280  617  0.648264
281  331  0.301411
281  616  0.649354
282  330  0.319485
282  615  0.649715
283  329  0.323582
283  614  0.649378
284  328  0.323233
284  613  0.645058
286  611  0.623881
287  325  0.324486
287  610  0.647689
288  324  0.330504
288  609  0.648244
289  323  0.330329
290  322  0.328718
290  607  0.636524
291  606  0.629645
292  320  0.208553
292  321  0.0119752
295  317  0.329457
295  603  0.618633
296  316  0.333436
296  602  0.613319
297  315  0.333668
297  535  0.0146852
297  600  0.262605
298  312  0.0238855
298  314  0.308082
298  533  0.0687077
299  311  0.0732597
299  313  0.225402
299  532  0.100482
299  601  0.0194974
300  310  0.0858995
300  554  0.0360165
300  600  0.0204376
301  309  0.0799604
301  310  0.246412
301  530  0.59594
301  553  0.0396757
302  309  0.245133
302  529  0.604712
302  552  0.0396815
303  307  0.0136422
303  308  0.178643
303  528  0.64902
304  527  0.648991
305  526  0.649124
306  525  0.648345
307  524  0.648118
309  522  0.636176
310  521  0.634894
312  519  0.0416164
312  520  0.163766
314  519  0.0456932
315  517  0.578642
315  518  0.0544002
316  516  0.660484
317  515  0.662573
318  514  0.664293
319  513  0.66415
320  512  0.664398
321  511  0.663888
322  429  0.653402
323  428  0.659588
324  427  0.662494
325  426  0.660841
326  425  0.627183
328  423  0.658724
329  422  0.662573
330  421  0.662844
331  420  0.654015
332  393  0.011619
332  417  0.0229905
332  508  0.011829
333  415  0.658361
333  416  0.0150665
333  465  0.245035
333  507  0.0126512
334  391  0.0265529
334  414  0.674898
334  464  0.253786
334  506  0.0127315
335  390  0.0269839
335  413  0.674592
335  463  0.253566
335  505  0.0126893
336  389  0.027627
336  412  0.674975
336  462  0.255401
336  504  0.0125241
337  384  0.0196852
337  388  0.0275444
337  411  0.674725
337  461  0.254455
338  383  0.0200487
338  387  0.0272791
338  410  0.673179
338  459  0.0118614
338  460  0.240434
339  382  0.0213182
339  385  0.026905
339  409  0.662279
339  458  0.0218552
340  381  0.0215513
340  384  0.0276859
340  405  0.011187
340  408  0.625629
340  455  0.234793
340  457  0.0120837
341  380  0.0211364
341  383  0.0267283
341  404  0.0107634
341  454  0.238532
342  404  0.0150392
342  453  0.237118
343  378  0.108287
343  399  0.0187113
343  405  0.358718
343  452  0.234996
344  377  0.10823
344  398  0.0187977
344  406  0.0112183
344  451  0.233762
345  397  0.0179195
345  404  0.0602752
346  373  0.241092
347  372  0.243657
347  399  0.696968
348  371  0.245065
348  394  0.0139273
348  398  0.698002
349  369  0.2605
349  370  0.0126218
349  397  0.680107
350  368  0.273094
350  396  0.679764
351  367  0.273576
351  395  0.678334
352  361  0.0131586
352  366  0.273787
352  394  0.672803
353  360  0.206182
353  363  0.0159975
353  365  0.260883
353  369  0.0623694
353  393  0.0402658
354  362  0.0156383
354  368  0.0607836
356  361  0.0497454
356  362  0.0750834
356  366  0.0420108
357  363  0.0136695
357  364  0.0134593
357  365  0.0464218
357  369  0.0899088
359  367  0.295373
359  391  0.0203651
360  366  0.306401
360  390  0.0218235
361  365  0.190313
361  370  0.0203785
361  389  0.0217765
362  369  0.0212265
362  388  0.0216136
362  393  0.228718
363  392  0.240098
364  391  0.240329
364  407  0.0113241
365  390  0.240305
365  406  0.0125903
366  389  0.222694
366  405  0.0126788
367  381  0.0672829
367  404  0.0118868
368  380  0.0736379
369  379  0.0704028
370  379  0.0198513
371  378  0.268256
371  393  0.423641
372  377  0.267747
372  392  0.455116
373  391  0.456701
374  390  0.456754
376  388  0.0103979
376  389  0.449315
377  388  0.449086
377  399  0.140587
378  398  0.14103
379  384  0.0486434
379  386  0.570339
379  397  0.139725
379  399  0.0485374
380  385  0.331639
380  396  0.128517
380  398  0.0463316
381  395  0.0249872
382  393  0.0128277
383  392  0.0128282
383  395  0.160414
384  391  0.011749
384  394  0.189387
385  393  0.190848
386  392  0.189569
387  391  0.0721662
387  500  0.0124309
388  407  0.0112434
388  499  0.0136215
389  406  0.011476
389  498  0.0136311
390  405  0.0114402
390  497  0.0123855
391  404  0.0101877
394  399  0.010239
394  461  0.0500119
395  460  0.050748
396  459  0.0514284
397  458  0.0515316
398  457  0.0521441
401  454  0.047112
402  453  0.048447
403  452  0.0490336
405  451  0.0773138
406  450  0.316079
407  449  0.316511
408  448  0.316991
409  447  0.317019
410  446  0.316796
411  445  0.317277
412  444  0.317262
413  443  0.308373
414  438  0.312911
415  437  0.317832
416  436  0.317866
417  435  0.317306
418  434  0.317907
419  433  0.316474
420  432  0.23763
430  509  0.470769
431  508  0.578062
432  465  0.059925
432  507  0.604748
433  464  0.0645679
433  506  0.610956
434  463  0.0646306
434  505  0.610908
435  462  0.0648752
435  504  0.595331
436  461  0.0647355
436  502  0.122169
437  460  0.0539167
437  501  0.122684
437  502  0.0215573
438  499  0.0106519
438  500  0.133171
438  503  0.0132539
439  502  0.0160616
440  501  0.0144225
442  459  0.0112028
442  477  0.0101529
442  497  0.557723
443  458  0.067772
443  476  0.0104309
443  496  0.557923
444  457  0.0994839
444  475  0.0105212
444  495  0.543148
445  456  0.0995879
445  474  0.0105453
445  494  0.527432
445  495  0.0170177
446  455  0.0987302
446  467  0.256263
446  473  0.0105429
446  494  0.0312458
447  466  0.257321
447  472  0.0102312
447  493  0.0444797
448  465  0.25773
448  485  0.0314871
449  464  0.257405
449  484  0.035204
449  491  0.035721
449  493  0.0395816
450  463  0.256948
450  483  0.0371867
450  492  0.0490309
451  462  0.237941
451  482  0.0376707
451  490  0.130653
452  481  0.0376247
452  488  0.129469
452  489  0.124871
453  480  0.0373988
453  487  0.138624
453  488  0.11619
454  479  0.0373695
454  487  0.094348
455  478  0.036243
456  464  0.0133533
456  484  0.262976
457  463  0.0134825
457  483  0.263867
458  482  0.26424
459  480  0.0573968
459  481  0.206536
460  479  0.114137
460  480  0.135836
460  500  0.0263077
461  478  0.170236
461  499  0.0293097
462  471  0.0287135
462  478  0.0478115
462  498  0.029295
463  470  0.0312529
463  474  0.285304
463  495  0.0185762
464  469  0.0313843
464  473  0.287339
464  494  0.0197524
465  472  0.246246
465  493  0.0196858
467  519  0.0391035
468  517  0.263996
469  492  0.0441009
469  516  0.320404
470  487  0.200108
470  491  0.0425073
470  515  0.321553
471  486  0.243225
471  490  0.0380423
471  514  0.322152
472  485  0.282213
472  513  0.322065
473  484  0.284133
473  512  0.321832
474  483  0.280549
474  511  0.314191
478  510  0.365035
479  509  0.36651
480  508  0.364956
481  497  0.0182207
481  507  0.366353
482  506  0.366221
483  495  0.407671
484  494  0.407912
485  493  0.403873
486  492  0.375947
497  505  0.356038
498  504  0.365153
529  550  0.031907
529  551  0.234545
530  549  0.0337676
530  550  0.236638
532  548  0.341017
533  547  0.385108
533  601  0.200662
534  546  0.388187
534  600  0.221294
535  545  0.388428
536  544  0.388418
536  598  0.597832
537  597  0.600713
538  543  0.388206
538  596  0.599567
539  595  0.585371
540  593  0.0348563
541  555  0.0682064
541  557  0.455698
542  556  0.457131
543  554  0.607799
544  553  0.609006
545  552  0.608474
546  551  0.572162
561  592  0.981741
562  591  0.984898
563  590  0.981581
564  589  0.86273
566  587  0.985861
567  586  0.998126
568  584  0.0167555
568  585  0.981902
569  583  0.50641
569  584  0.491802
570  582  0.996174
571  581  0.992436
572  580  0.970771
573  578  0.0177401
573  579  0.825651
609  621  0.284506
610  620  0.284567
611  619  0.284597
612  618  0.282179
613  617  0.107429
618  630  0.0360314
619  629  0.0362127
620  628  0.0365849
621  627  0.0366464
657  733  0.141298
658  732  0.180201
659  731  0.181578
659  735  0.643861
660  730  0.182228
660  734  0.765825
661  729  0.169236
661  733  0.775954
662  732  0.777351
663  731  0.77666
663  735  0.0131132
664  734  0.0128444
665  733  0.0117417
672  716  0.990722
673  715  0.991175
674  714  0.990288
676  713  0.992269
677  712  0.991705
678  711  0.988595
679  710  0.985849
680  709  0.950329
684  708  0.955102
685  707  0.99311
686  706  0.993307
687  705  0.992759
688  704  0.993236
689  703  0.724955
691  701  0.863815
692  700  0.984445
693  699  0.980449
717  726  0.995841
718  725  0.996263
719  724  0.996131
749  764  0.067357
750  763  0.0760974
751  756  0.0137163
751  762  0.0762346
752  761  0.0761438
753  760  0.0701671
755  845  0.034831
756  844  0.0132174
757  810  0.0120096
757  843  0.0156058
758  809  0.0120143
758  842  0.0386419
759  808  0.0119998
759  841  0.0386537
760  840  0.0385549
761  806  0.0133881
761  839  0.0382488
762  805  0.0134059
762  838  0.0377228
763  804  0.0138923
763  837  0.0326889
764  803  0.0137546
768  797  0.391929
769  796  0.458531
769  797  0.0127968
769  830  0.0665701
770  795  0.459689
770  796  0.014418
770  829  0.0926907
771  794  0.462018
771  828  0.0931191
773  793  0.249306
773  827  0.155613
774  826  0.15733
775  791  0.836551
775  825  0.158076
776  790  0.83736
776  824  0.158074
777  789  0.837591
777  823  0.158029
778  788  0.835471
778  822  0.157777
779  787  0.834859
779  821  0.157903
780  786  0.820072
780  820  0.157523
781  819  0.156044
783  818  0.099603
787  815  0.126114
788  814  0.144594
789  813  0.145809
790  812  0.145583
791  811  0.14557
793  810  0.144756
794  809  0.142742
795  808  0.0108579
796  808  0.13292
797  807  0.134215
798  804  0.0138248
798  806  0.132596
799  804  0.0610739
803  835  0.359082
804  834  0.361974
805  825  0.0308351
805  833  0.364005
806  824  0.030892
806  831  0.190752
806  832  0.182063
807  830  0.444824
808  822  0.0116682
808  829  0.488252
809  821  0.0426152
809  828  0.488763
810  820  0.0446951
810  827  0.488777
811  818  0.0726496
811  819  0.0283998
811  825  0.568845
811  850  0.0133587
812  817  0.0936172
812  824  0.568674
812  849  0.0133993
813  823  0.571044
813  848  0.0134066
814  822  0.557408
815  821  0.487274
817  843  0.0139914
818  842  0.0141724
819  841  0.0141673
820  840  0.0122011
821  836  0.0121331
822  835  0.0143503
823  834  0.014912
824  833  0.0150923
825  832  0.0148061
837  855  0.0243746
839  853  0.433045
840  852  0.45655
841  851  0.456762
842  850  0.457695
843  849  0.452323
844  848  0.355481
846  861  0.0346809
847  860  0.0511144
848  859  0.0554882
849  858  0.0537112
851  856  0.0477802
852  862  0.0118607
853  861  0.0117209
854  860  0.0102797
