1  289  0.0122604
3  284  0.032017
3  285  0.142476
3  287  0.135631
3  288  0.592737
3  290  0.0243469
4  283  0.0418903
4  284  0.138559
4  286  0.177273
4  287  0.57661
4  289  0.0296826
5  282  0.0475036
5  283  0.111212
5  285  0.200762
5  286  0.464476
5  288  0.0309155
7  281  0.173358
7  284  0.719905
8  280  0.188154
8  283  0.784603
9  279  0.190711
9  282  0.788302
10  278  0.191811
10  281  0.779979
11  34  0.019488
11  277  0.194234
12  33  0.0223276
12  276  0.194175
13  32  0.0227366
13  275  0.18555
13  278  0.76548
14  31  0.0227948
14  277  0.770721
15  30  0.0229096
15  273  0.18537
15  276  0.769461
16  29  0.0253385
16  247  0.56615
16  274  0.133229
16  275  0.0504161
17  28  0.0252722
17  246  0.566962
17  271  0.232004
17  273  0.137404
18  27  0.0228482
18  144  0.0507664
18  154  0.0246699
18  245  0.455744
18  270  0.240933
19  25  0.0122186
19  143  0.0477441
19  153  0.0316748
19  244  0.387413
19  269  0.240922
20  126  0.127989
20  152  0.0362624
20  246  0.0140931
20  268  0.240773
21  125  0.128046
21  142  0.0193677
21  151  0.0240169
22  124  0.12499
22  126  0.0115511
22  141  0.023417
23  123  0.0848594
23  125  0.0121488
23  140  0.0228331
23  149  0.036453
23  243  0.0354782
23  265  0.213853
24  122  0.0138744
24  148  0.0371528
24  242  0.0363106
24  247  0.0532716
24  257  0.0108059
24  264  0.209907
25  125  0.0173057
25  147  0.0360799
25  246  0.0530167
25  256  0.021781
26  245  0.041566
26  255  0.0224746
26  257  0.0432522
26  260  0.0123826
27  123  0.379695
27  254  0.0226218
27  256  0.0452197
27  259  0.0117333
28  122  0.773735
28  255  0.0459379
28  260  0.0707042
29  121  0.780357
29  253  0.0972215
29  259  0.0711824
30  120  0.784681
30  252  0.105459
30  258  0.0653229
31  119  0.784698
31  251  0.105516
31  257  0.06543
32  118  0.783092
32  250  0.105335
32  256  0.0694237
33  117  0.746954
33  249  0.100293
33  255  0.0641324
34  116  0.561277
34  248  0.0724586
35  253  0.042586
36  63  0.93376
36  252  0.0454282
37  62  0.93686
37  251  0.0452303
38  61  0.932063
39  250  0.0367836
40  60  0.945282
40  249  0.0287518
41  59  0.963059
41  248  0.0206889
42  58  0.986942
42  247  0.0127454
43  57  0.98696
43  246  0.0127343
44  56  0.98801
45  55  0.985772
46  54  0.983359
47  53  0.91333
66  113  0.652068
66  276  0.0108128
67  112  0.766246
67  247  0.172883
68  246  0.0599849
69  110  0.786907
69  245  0.0606103
70  109  0.786895
70  244  0.174239
71  108  0.786596
71  243  0.174374
72  107  0.786362
72  242  0.174178
72  252  0.010191
73  93  0.0182158
73  106  0.760643
73  241  0.169087
73  251  0.0102023
74  92  0.0373737
74  250  0.0101967
75  86  0.193764
75  91  0.0383013
75  93  0.211262
75  105  0.38393
76  85  0.19497
76  92  0.218846
76  103  0.0302409
77  84  0.176729
77  90  0.301606
77  102  0.0234961
77  103  0.0113442
77  104  0.368087
78  89  0.31575
78  101  0.0107306
78  102  0.0268268
78  103  0.370193
78  104  0.0171521
79  88  0.331143
79  101  0.0284725
79  102  0.372827
79  103  0.0182481
80  87  0.332268
80  101  0.360061
80  102  0.0172086
81  86  0.33064
81  100  0.196504
84  98  0.364062
85  97  0.414761
86  96  0.418775
86  101  0.0212373
87  95  0.400118
87  100  0.0346522
88  99  0.0296739
88  209  0.179737
89  98  0.0337953
89  208  0.179968
90  97  0.0411045
90  207  0.179853
91  96  0.0370681
91  206  0.178828
92  205  0.168482
94  100  0.0101414
94  203  0.0124309
96  105  0.280251
97  104  0.276323
98  103  0.242375
102  171  0.176838
103  170  0.177434
105  169  0.181666
106  168  0.182047
107  167  0.182016
108  166  0.180824
109  165  0.135338
111  163  0.171485
112  162  0.17283
113  160  0.0102152
113  161  0.0200157
117  149  0.138655
118  148  0.181477
119  147  0.181512
120  146  0.181457
121  145  0.176415
123  144  0.209004
123  242  0.0266113
123  262  0.033381
124  143  0.199936
124  249  0.0154212
124  261  0.0332216
125  145  0.143176
125  248  0.0165855
125  260  0.0296181
125  263  0.0138537
126  144  0.166113
126  242  0.0362064
126  247  0.0170072
126  262  0.0204703
127  143  0.159975
127  258  0.015208
127  261  0.0185123
128  139  0.991628
129  138  0.997848
130  137  0.997348
131  136  0.996652
142  255  0.0393025
143  254  0.0448336
144  253  0.0438216
145  243  0.0294905
145  253  0.0127545
146  241  0.642575
146  242  0.0291389
146  252  0.0679847
147  240  0.660863
147  241  0.0146609
147  251  0.0680144
148  239  0.675326
148  250  0.0679947
149  238  0.658637
149  249  0.0639722
151  161  0.128998
151  234  0.599
151  248  0.0423142
152  160  0.15989
152  233  0.655241
152  247  0.0426617
153  159  0.144847
153  232  0.663927
153  246  0.0393855
154  231  0.661438
155  230  0.179058
157  228  0.737909
158  227  0.778565
159  226  0.785598
160  225  0.785606
161  224  0.281887
162  223  0.270957
163  222  0.767873
164  212  0.0146959
165  211  0.0210451
166  210  0.0210524
167  209  0.022307
167  220  0.77452
168  208  0.0223098
168  219  0.389099
169  207  0.0222801
169  218  0.392947
170  206  0.0221924
170  217  0.779649
171  216  0.778789
172  201  0.213877
173  200  0.214385
173  214  0.759194
174  199  0.216642
174  213  0.763303
175  198  0.0184347
175  212  0.730761
176  211  0.503637
177  196  0.226354
177  210  0.458412
178  195  0.965732
179  194  0.964669
180  193  0.960106
181  192  0.592148
181  195  0.0168638
182  190  0.0447719
182  192  0.372346
183  191  0.734678
183  193  0.0186902
184  189  0.0237528
184  190  0.726014
184  192  0.0238487
185  191  0.0247266
186  190  0.0197766
196  211  0.274565
197  210  0.295182
198  209  0.776293
199  208  0.777022
200  207  0.775676
201  206  0.755406
210  240  0.17247
211  239  0.172826
212  238  0.173882
213  237  0.173923
214  236  0.174114
215  235  0.173437
216  234  0.156806
217  233  0.15849
218  232  0.173475
219  231  0.171657
220  230  0.171506
221  229  0.167259
222  228  0.139837
223  227  0.0703152
224  241  0.0110235
224  248  0.0125994
225  240  0.011546
225  247  0.0169957
226  239  0.0118566
226  246  0.0170153
227  238  0.0117911
227  245  0.0170599
228  237  0.0116114
228  244  0.0170984
229  236  0.0107693
229  242  0.122888
230  241  0.123055
231  240  0.121471
250  274  0.300536
251  272  0.545605
251  273  0.200701
252  271  0.652803
252  272  0.100388
253  270  0.756285
254  269  0.756018
255  268  0.754021
256  267  0.715989
258  265  0.733434
259  264  0.722012
