1  8  0.116351
2  7  0.0722396
2  9  0.0400677
3  8  0.0474262
11  404  0.969391
12  403  0.991659
13  402  0.993294
14  401  0.992687
15  400  0.992493
16  399  0.984633
17  393  0.0283311
17  398  0.893163
18  392  0.0552407
18  397  0.704304
19  85  0.0116334
19  88  0.0742987
19  391  0.060482
19  393  0.0388008
20  82  0.0176291
20  84  0.013356
20  87  0.725127
20  395  0.117101
21  81  0.0186036
21  86  0.727936
21  394  0.168022
22  80  0.0175406
22  85  0.730443
22  393  0.144681
23  57  0.0196158
23  84  0.750798
24  56  0.0196985
24  60  0.834681
24  214  0.0107982
25  55  0.0196061
25  59  0.940028
25  213  0.010837
25  391  0.0225694
26  52  0.0193875
26  58  0.94403
26  212  0.01083
26  390  0.0225544
27  51  0.0247515
27  57  0.94435
27  389  0.0154734
28  50  0.0247619
28  56  0.943832
29  49  0.0244849
29  55  0.940082
30  47  0.0141285
30  53  0.890049
31  46  0.0141638
31  52  0.892717
32  50  0.0867862
32  51  0.813479
32  118  0.0100157
33  52  0.0216116
33  117  0.0100501
34  48  0.673495
34  50  0.119801
34  51  0.0188632
34  116  0.01019
35  44  0.0391686
35  47  0.81636
35  49  0.0933461
35  115  0.0102192
36  43  0.0406655
36  46  0.832136
36  114  0.0102245
37  45  0.756706
37  47  0.0342604
37  113  0.0101194
39  43  0.0714896
39  46  0.0775635
40  45  0.0589798
41  96  0.0120482
42  95  0.0123469
43  94  0.0123795
44  93  0.0123305
45  92  0.0121929
46  91  0.0119159
47  90  0.0110051
50  59  0.0106752
51  58  0.0107016
51  88  0.0132177
52  57  0.0100749
52  87  0.0225774
53  86  0.0225839
54  85  0.0225381
55  84  0.0223563
58  81  0.0248133
60  79  0.129804
61  78  0.995212
62  77  0.996338
63  76  0.995442
64  75  0.996217
65  74  0.995916
66  73  0.996309
67  72  0.964385
83  394  0.0567386
84  393  0.0803346
86  391  0.107523
86  392  0.0125809
87  390  0.210893
87  391  0.0124304
88  104  0.43911
88  389  0.369449
88  394  0.0811915
89  103  0.440037
89  388  0.369374
89  393  0.113408
90  102  0.438446
90  392  0.112492
91  101  0.435191
91  391  0.108468
92  100  0.425647
92  390  0.0608788
93  99  0.398139
94  98  0.199931
94  388  0.0277195
101  216  0.524793
101  396  0.0194764
102  215  0.525738
102  395  0.0220757
103  214  0.52635
103  394  0.0230153
104  213  0.526334
104  393  0.0231262
106  212  0.528702
106  390  0.429265
107  211  0.529006
107  389  0.443524
108  210  0.528992
108  388  0.443287
110  208  0.525831
111  207  0.525257
112  206  0.52381
112  216  0.0731163
113  215  0.0715168
114  205  0.412937
114  214  0.058072
114  216  0.336619
115  215  0.336798
116  204  0.417355
116  212  0.0435907
117  203  0.419983
117  211  0.0537184
117  214  0.389526
118  202  0.419447
118  210  0.0515293
118  213  0.393219
119  204  0.0155573
119  212  0.392745
120  203  0.0169037
120  209  0.0537467
120  211  0.393624
121  189  0.480194
121  202  0.0169071
121  208  0.0536988
121  210  0.393078
122  188  0.82767
122  201  0.0160333
122  209  0.106886
123  187  0.830878
123  193  0.0272211
123  200  0.0137567
123  208  0.0599895
124  186  0.834624
124  192  0.0409644
124  208  0.0383205
125  185  0.775623
125  191  0.0415278
125  207  0.0286576
126  184  0.565456
126  187  0.0673611
126  190  0.0414933
127  186  0.0732051
127  189  0.041639
128  185  0.067954
129  158  0.03048
129  181  0.012022
129  184  0.0489465
129  187  0.0591719
130  157  0.0322487
130  186  0.0610244
131  156  0.0308042
131  185  0.0460842
132  154  0.0110387
133  159  0.638696
134  158  0.930965
135  157  0.951038
136  156  0.948109
137  152  0.0477025
137  155  0.938504
138  151  0.125077
138  154  0.8669
139  150  0.208056
139  153  0.78606
140  149  0.238824
140  152  0.747865
141  148  0.271081
142  147  0.265201
142  150  0.711072
143  149  0.707958
144  148  0.556689
160  179  0.0104948
161  178  0.010689
161  180  0.932837
162  179  0.963517
163  178  0.97165
164  177  0.485677
165  177  0.494112
166  176  0.981201
167  175  0.982356
168  174  0.970277
189  206  0.397281
190  201  0.370977
190  203  0.108985
190  205  0.399871
191  200  0.368487
191  202  0.109327
191  204  0.399231
192  199  0.335521
192  201  0.141676
192  203  0.394301
193  198  0.182119
193  201  0.171882
194  199  0.0124929
202  209  0.0338176
203  208  0.0333953
216  388  0.0162334
217  387  0.986836
218  386  0.987409
219  385  0.987806
220  384  0.985403
221  383  0.985915
222  382  0.984163
223  381  0.933918
225  379  0.680747
226  378  0.967365
227  377  0.768255
229  347  0.0419477
229  349  0.0257612
229  351  0.438047
229  374  0.01332
229  375  0.255089
230  350  0.408212
231  288  0.793237
232  287  0.862399
233  286  0.891648
234  285  0.895458
235  284  0.894895
237  251  0.383768
237  283  0.0267187
237  351  0.0435578
237  380  0.0112146
238  250  0.373484
238  350  0.0424245
238  379  0.0112249
239  378  0.0112215
240  249  0.382233
240  252  0.360724
240  348  0.0377365
240  352  0.0216821
241  248  0.386863
241  251  0.460813
241  347  0.0386184
241  351  0.0308737
242  250  0.393027
242  350  0.028682
254  281  0.824803
255  280  0.998938
256  279  0.999056
257  278  0.999045
258  277  0.998563
259  276  0.996168
260  274  0.0369179
260  275  0.746398
262  272  0.86915
262  273  0.0619718
263  271  0.99616
264  270  0.98404
284  349  0.0209384
285  348  0.0200942
289  345  0.977872
290  344  0.991304
291  343  0.992856
292  342  0.991867
293  341  0.992032
294  340  0.992978
295  332  0.0201798
295  339  0.972708
296  331  0.0311853
296  338  0.961907
297  330  0.0423682
297  331  0.783817
297  334  0.0216346
298  329  0.0108873
298  333  0.0203486
298  336  0.0899542
299  329  0.852424
299  335  0.122064
300  328  0.878008
301  327  0.875402
301  333  0.117435
302  326  0.836295
302  332  0.117516
303  325  0.835708
303  331  0.11562
305  324  0.993826
306  323  0.995083
307  322  0.995274
308  321  0.997289
309  320  0.999932
310  319  0.999824
311  318  0.961862
334  339  0.0153212
357  373  0.975821
358  372  0.985238
359  371  0.986818
360  370  0.988823
361  369  0.983059
362  367  0.794267
