1  9  0.0685332
1  11  0.085618
1  453  0.0481909
1  455  0.0151167
1  490  0.0123689
1  503  0.0269472
1  576  0.0821191
2  8  0.0611094
2  10  0.0959815
2  452  0.0477757
2  454  0.015568
2  489  0.0125185
2  575  0.0806338
2  577  0.0169799
3  9  0.097191
3  451  0.047306
3  453  0.0176365
3  488  0.0128669
3  574  0.0632358
3  576  0.0219761
4  500  0.0268003
4  691  0.0111989
5  12  0.0173295
5  499  0.0266591
5  690  0.0119872
6  289  0.0991926
6  452  0.0852043
6  498  0.0194978
7  288  0.12534
7  451  0.204469
9  286  0.149749
9  450  0.317597
10  285  0.158721
10  449  0.320862
11  284  0.159336
11  448  0.321665
12  283  0.16025
12  447  0.321774
13  282  0.150422
13  446  0.259798
15  445  0.0158219
15  692  0.423967
16  446  0.0471584
16  691  0.461222
17  442  0.0136815
17  443  0.0431976
17  444  0.0251604
17  445  0.219757
17  689  0.020577
17  690  0.461587
18  441  0.0162541
18  442  0.0488402
18  443  0.0289461
18  444  0.224843
18  688  0.0284506
18  689  0.46125
19  440  0.0161764
19  441  0.0487808
19  442  0.0291455
19  443  0.224623
19  687  0.0312502
19  688  0.458333
20  440  0.0267664
20  441  0.0264838
20  442  0.213184
20  686  0.0331573
20  687  0.394693
21  61  0.0563198
21  440  0.0170897
21  441  0.178499
21  685  0.0326231
21  686  0.311021
22  60  0.168057
22  246  0.761852
22  684  0.0244499
23  59  0.168136
23  245  0.769213
24  58  0.166295
24  244  0.770759
25  243  0.771062
25  683  0.0363614
26  242  0.773223
26  682  0.0422635
27  55  0.166278
27  241  0.77431
27  681  0.0433784
28  54  0.163155
28  240  0.773478
28  680  0.0431848
29  53  0.113181
29  239  0.773594
29  679  0.042486
30  49  0.178067
30  238  0.773067
30  678  0.0406451
31  48  0.181573
31  237  0.769157
32  61  0.07539
32  90  0.0225604
33  46  0.510037
33  60  0.105209
33  89  0.0302473
33  92  0.0183776
33  199  0.0118339
33  236  0.0342541
34  45  0.523001
34  57  0.225168
34  59  0.0874598
34  91  0.0135219
34  198  0.0114877
34  235  0.0327364
35  44  0.528997
35  56  0.324855
35  194  0.0183751
35  234  0.0242253
36  43  0.535941
36  55  0.341555
36  99  0.0349143
36  193  0.0223639
37  42  0.528194
37  89  0.0241563
37  98  0.0349436
37  192  0.0223733
38  88  0.0243566
38  97  0.0348176
38  191  0.0223524
39  52  0.426471
39  96  0.0146526
40  51  0.453213
41  50  0.458997
42  49  0.459964
43  48  0.447384
46  233  0.0225166
47  61  0.0184741
47  84  0.0301068
47  88  0.0239023
47  232  0.0376192
48  60  0.0259594
48  83  0.0383447
48  87  0.0577935
48  231  0.084318
49  59  0.025824
49  82  0.0334111
49  83  0.0287195
49  86  0.0575483
49  230  0.104407
50  58  0.0249926
50  67  0.0109882
50  85  0.0568552
50  229  0.104305
51  66  0.0112417
51  84  0.0439444
51  228  0.103479
52  80  0.118201
52  227  0.0920134
53  65  0.0309487
53  79  0.133262
54  64  0.0368487
54  78  0.137679
54  225  0.022663
55  63  0.0405903
55  77  0.139047
56  76  0.107658
56  224  0.0938894
57  223  0.102934
58  68  0.0448078
58  74  0.12877
58  222  0.104122
59  67  0.0642702
59  73  0.13899
59  221  0.104238
59  677  0.0105776
60  66  0.0655657
60  72  0.139225
60  95  0.0149927
60  220  0.103817
60  676  0.011154
61  65  0.024976
61  71  0.130082
61  91  0.0134105
61  94  0.0156855
62  90  0.0193371
62  218  0.0662815
62  489  0.0217205
62  685  0.123933
63  69  0.0242198
63  89  0.0209682
63  184  0.0224971
63  217  0.0750698
63  488  0.0288317
63  684  0.149721
64  88  0.0145919
64  182  0.0513979
64  183  0.0165295
64  216  0.0634322
64  487  0.0287419
64  683  0.146541
65  90  0.0105043
65  181  0.0701385
65  182  0.0104538
65  215  0.0529228
65  486  0.0283638
65  682  0.141876
66  87  0.0101941
66  89  0.0119799
66  92  0.251995
66  180  0.153581
66  485  0.0273398
66  681  0.123676
67  91  0.251838
67  179  0.154653
68  90  0.212019
68  178  0.150309
68  679  0.0220907
68  680  0.0295762
69  90  0.0170784
69  177  0.139566
69  678  0.022281
69  679  0.0292466
70  176  0.102822
70  182  0.012002
70  677  0.0208725
70  678  0.0291323
71  84  0.0113331
71  88  0.367922
71  175  0.0595774
71  181  0.0121333
71  676  0.0154534
71  677  0.0259899
72  83  0.0128363
72  87  0.826259
73  82  0.0125239
73  86  0.827065
74  85  0.827003
75  84  0.828666
76  83  0.827585
77  82  0.724311
88  180  0.0110215
88  451  0.0656311
89  450  0.0656704
90  179  0.0143886
90  449  0.0589987
91  177  0.021499
91  178  0.0155471
91  443  0.0100081
91  448  0.0368621
92  176  0.0234597
92  442  0.0185671
92  484  0.0222921
93  175  0.0116507
93  176  0.121415
93  441  0.0169855
93  483  0.02427
94  175  0.0524411
94  482  0.0247833
94  575  0.0188144
95  174  0.150823
95  236  0.592508
95  481  0.02482
95  574  0.0242195
96  173  0.270937
96  235  0.297605
96  438  0.0189018
96  456  0.0307315
96  573  0.0259286
97  172  0.271384
97  234  0.301276
97  437  0.0188883
97  455  0.0308069
97  572  0.0259446
98  171  0.272035
98  233  0.597252
98  436  0.0189076
98  454  0.0305994
98  571  0.0259466
99  170  0.271999
99  232  0.597125
99  435  0.0188808
99  570  0.0259446
100  169  0.260222
100  231  0.579321
100  569  0.0247822
101  228  0.0175233
101  229  0.305982
101  568  0.0193465
102  228  0.29521
102  229  0.06923
103  166  0.16942
103  225  0.3937
103  227  0.139063
103  449  0.0110745
103  566  0.0101796
104  164  0.126705
104  165  0.119048
104  224  0.574384
104  448  0.010079
105  163  0.190064
105  164  0.0667514
105  223  0.600644
106  162  0.242349
106  222  0.603434
106  446  0.0105751
107  161  0.242073
107  177  0.0242487
107  221  0.603927
107  445  0.0116107
108  160  0.23904
108  176  0.0257711
108  220  0.603552
108  233  0.0399076
108  444  0.0116219
109  175  0.0254925
109  219  0.600936
109  232  0.0407177
109  443  0.0116003
110  174  0.0223694
110  231  0.0407023
110  548  0.0132756
111  120  0.261191
111  173  0.0191348
111  217  0.0253666
111  230  0.0407259
111  547  0.0220205
112  119  0.269526
112  170  0.0146801
112  175  0.603229
112  228  0.0405697
112  546  0.022741
113  118  0.269048
113  169  0.0167018
113  174  0.619124
113  227  0.0404844
113  545  0.0227274
114  168  0.016763
114  173  0.624985
114  226  0.0405481
114  544  0.0227722
115  167  0.0160003
115  172  0.626616
115  225  0.0394849
115  543  0.0227658
116  171  0.624282
116  220  0.0406717
116  542  0.0225626
117  170  0.620307
117  219  0.04075
117  541  0.0222433
118  218  0.0407494
119  166  0.0221406
119  168  0.287627
119  217  0.040078
120  163  0.167837
120  165  0.023132
120  216  0.0364667
121  162  0.180743
121  166  0.073027
122  159  0.258595
122  161  0.163027
122  165  0.063255
123  158  0.355728
123  160  0.0484114
123  161  0.384893
123  164  0.0113325
124  157  0.361599
124  160  0.423223
125  158  0.152056
125  159  0.408323
126  157  0.166322
126  158  0.321411
127  155  0.66003
127  156  0.116939
128  154  0.917164
128  155  0.0586893
129  153  0.991108
130  152  0.992612
131  151  0.990886
134  148  0.991195
135  147  0.992652
136  146  0.992595
137  145  0.990064
159  169  0.0673142
160  168  0.111131
161  167  0.104598
165  179  0.0122805
166  178  0.0170363
167  177  0.0189236
168  176  0.0190261
169  175  0.0170888
170  513  0.0102702
171  512  0.0104737
172  511  0.0106837
173  509  0.0141598
174  508  0.0141507
175  507  0.0141717
176  506  0.0140325
178  432  0.0149619
179  431  0.0171046
180  191  0.0113071
180  218  0.368717
180  430  0.0212786
181  190  0.0137625
181  217  0.383488
181  429  0.0213542
181  447  0.0853922
182  189  0.0114891
182  428  0.021357
182  446  0.0847651
183  427  0.0212801
184  213  0.118483
184  426  0.0210508
184  444  0.0878902
185  205  0.0122953
185  212  0.0631726
185  213  0.393332
185  214  0.10389
185  443  0.0882533
186  204  0.0131336
186  211  0.0634885
186  212  0.562622
186  213  0.106812
186  442  0.0897539
186  680  0.0722587
187  203  0.0131482
187  205  0.0101652
187  211  0.569329
187  212  0.102202
187  441  0.0894498
187  679  0.0750793
188  202  0.0131423
188  204  0.0105333
188  210  0.631585
188  211  0.0995706
188  440  0.0894215
188  678  0.07537
189  201  0.0113567
189  203  0.0105353
189  209  0.630547
189  210  0.0748563
189  677  0.0753736
190  202  0.0105021
190  676  0.0754079
191  207  0.722405
191  208  0.0282787
191  437  0.0913406
191  675  0.0747036
192  206  0.72563
192  436  0.0943728
192  674  0.0743616
193  204  0.795287
193  206  0.0310924
193  435  0.0940169
194  203  0.797175
194  205  0.0366662
195  202  0.796511
195  204  0.0367361
196  201  0.602757
196  203  0.0321149
196  433  0.0995174
197  432  0.107826
198  431  0.108331
199  430  0.108777
200  429  0.102427
201  428  0.0946593
202  427  0.0892024
203  425  0.0556647
204  236  0.0272747
204  424  0.0561481
204  425  0.0143708
205  235  0.0273677
205  423  0.0410066
205  425  0.0174415
206  234  0.0274454
206  393  0.0516066
206  423  0.0570483
206  424  0.0187814
207  233  0.0275206
207  392  0.055149
207  422  0.132671
208  232  0.0275443
208  391  0.0553867
208  421  0.133192
209  231  0.0274809
209  420  0.107781
210  230  0.027345
210  390  0.199497
211  389  0.201376
212  217  0.0323539
212  388  0.202958
213  387  0.203034
214  386  0.13525
215  385  0.0676502
215  386  0.069299
216  385  0.137394
217  384  0.205461
218  227  0.0135107
218  383  0.205489
219  226  0.0138661
219  227  0.0167465
219  382  0.20539
220  226  0.0185139
220  381  0.202185
221  380  0.198669
222  379  0.173441
225  239  0.14557
226  238  0.153654
227  237  0.153445
228  236  0.153593
229  235  0.119046
230  361  0.0254811
232  359  0.0304235
233  358  0.0404787
234  357  0.0404589
235  356  0.0404618
236  355  0.0404251
237  247  0.0272021
238  246  0.0357017
239  245  0.0289789
248  357  0.0117804
249  356  0.0157719
250  355  0.0160872
251  354  0.0157413
252  353  0.0155861
252  440  0.146623
253  439  0.115796
253  672  0.0173504
254  280  0.485643
254  354  0.0562567
254  376  0.148458
254  493  0.0523474
254  657  0.0157377
254  671  0.0198206
254  681  0.0624044
255  279  0.487818
255  353  0.0622696
255  375  0.148506
255  492  0.0523657
255  656  0.0159029
255  670  0.0200601
255  680  0.0623994
256  278  0.486535
256  352  0.0426361
256  374  0.100634
256  491  0.0418812
256  655  0.0158959
256  669  0.0197755
257  277  0.48741
257  351  0.0214467
257  352  0.318192
257  490  0.0302028
257  654  0.0152233
257  668  0.0123889
258  276  0.487131
258  351  0.341527
258  488  0.0249959
258  610  0.0221858
258  681  0.0464677
259  275  0.406436
259  350  0.362411
259  487  0.0243717
259  609  0.0222939
259  678  0.0169522
259  680  0.0469092
260  349  0.362624
260  486  0.021585
260  608  0.0223621
260  677  0.017648
260  679  0.0470095
261  271  0.245667
261  273  0.226834
261  348  0.36309
261  607  0.0223127
261  676  0.0176896
261  678  0.0470169
262  270  0.243827
262  272  0.18849
262  347  0.352921
263  269  0.229435
263  270  0.0164146
264  268  0.116
264  270  0.0339384
265  269  0.0241303
265  344  0.362139
266  343  0.362719
266  605  0.0177154
267  342  0.360792
267  485  0.0772216
267  604  0.019349
268  484  0.0772372
268  603  0.0193448
269  483  0.0769241
269  602  0.0192969
270  482  0.0769366
270  601  0.0193154
271  341  0.297067
271  453  0.0202751
271  481  0.0743922
271  600  0.0191948
272  340  0.355587
272  452  0.0207358
272  480  0.0687055
272  599  0.0152258
273  339  0.3632
273  451  0.0232455
273  455  0.0272414
273  456  0.0110741
273  594  0.0119342
273  596  0.0103821
274  324  0.010085
274  338  0.363864
274  450  0.023203
274  454  0.0274235
274  593  0.0119624
274  595  0.0118514
275  323  0.0102257
275  337  0.364063
275  402  0.0110885
275  453  0.0240719
275  455  0.035183
275  592  0.0119408
275  594  0.0115333
276  322  0.0102088
276  336  0.362257
276  401  0.0111114
276  444  0.0108041
276  454  0.035261
276  591  0.011732
276  593  0.011481
277  321  0.0101854
277  400  0.0110988
277  443  0.0108241
277  517  0.0140245
278  334  0.0468821
278  442  0.0105921
278  452  0.0529657
278  516  0.0168381
279  287  0.0115701
279  332  0.367876
279  451  0.0549096
279  515  0.0179527
280  286  0.011797
280  331  0.369924
280  440  0.0106696
280  450  0.0549088
280  514  0.0178767
281  330  0.368506
281  398  0.0126742
281  437  0.248239
281  449  0.0467199
282  329  0.348852
282  397  0.0167447
282  436  0.309746
282  448  0.030966
283  327  0.346148
283  329  0.0187153
283  396  0.0205337
283  435  0.348477
284  326  0.346839
284  328  0.0196651
284  395  0.0208473
284  434  0.390837
284  512  0.0216831
285  324  0.3519
285  327  0.0168204
285  394  0.0208308
285  433  0.390569
285  511  0.0270326
286  323  0.381069
286  393  0.0208376
286  432  0.39072
286  510  0.0278387
287  322  0.382225
287  392  0.020849
287  431  0.390937
287  509  0.0280948
288  321  0.381553
288  391  0.0208344
288  430  0.390909
288  508  0.0280838
289  428  0.121115
289  429  0.268161
290  427  0.241995
290  428  0.142681
291  318  0.0306834
291  426  0.36317
291  575  0.0145547
292  425  0.363879
292  574  0.0173417
293  402  0.0119204
293  423  0.0182239
293  424  0.357925
293  572  0.135669
294  316  0.450934
294  401  0.0119251
294  422  0.375556
294  571  0.145113
295  315  0.451968
295  400  0.0119225
295  421  0.375333
295  570  0.145119
296  314  0.449949
296  399  0.0109626
296  417  0.0633306
296  419  0.0229078
296  420  0.274821
296  569  0.144179
297  312  0.386713
297  313  0.0797574
297  416  0.211639
297  418  0.0443238
297  568  0.143611
298  311  0.463938
298  415  0.252271
298  417  0.0372038
298  566  0.0616426
298  567  0.0805857
299  310  0.465437
299  414  0.253692
299  565  0.12269
300  309  0.464306
300  398  0.0244102
300  413  0.205206
300  415  0.0237596
300  563  0.14518
301  397  0.0317389
301  414  0.0401936
301  562  0.145243
302  307  0.469316
302  396  0.031872
302  414  0.0556149
302  561  0.145238
303  395  0.0317098
303  413  0.0660575
303  560  0.137714
304  412  0.0290022
304  558  0.0143927
304  559  0.129806
305  557  0.0209366
306  399  0.288441
306  555  0.0415306
307  393  0.0307332
307  398  0.333473
307  554  0.0433141
308  392  0.0318738
308  397  0.340698
308  470  0.0339447
308  553  0.0428819
309  391  0.0318781
309  396  0.340909
309  469  0.0341672
310  390  0.0316407
310  395  0.340705
310  468  0.0340539
310  551  0.0117942
310  557  0.0536453
311  394  0.338456
311  550  0.0117823
311  556  0.0603821
312  393  0.314778
312  555  0.0609282
313  347  0.0277981
313  464  0.0291218
313  554  0.0610081
314  346  0.0299358
314  391  0.253776
314  392  0.0374458
314  463  0.0304042
314  553  0.0604806
315  345  0.0306513
315  388  0.0389554
315  390  0.23461
315  462  0.0304406
315  552  0.0433011
316  344  0.0306099
316  387  0.0393549
316  389  0.0593757
316  390  0.0582806
316  461  0.0189905
316  551  0.0385949
317  343  0.0194434
317  386  0.039291
317  389  0.0362523
318  343  0.0100775
318  385  0.0389954
318  389  0.203881
318  459  0.0291589
319  342  0.0200877
319  345  0.015311
319  388  0.317903
319  458  0.0286089
320  341  0.0149339
320  344  0.0153301
320  383  0.0331952
320  387  0.318196
320  457  0.0302225
320  507  0.141029
321  343  0.0152233
321  382  0.0324397
321  386  0.158708
321  456  0.0358371
321  506  0.141801
322  328  0.0125858
322  337  0.0112187
322  342  0.0152376
322  385  0.159592
322  455  0.0358688
322  505  0.142178
323  327  0.0102322
323  336  0.0112313
323  338  0.0110549
323  384  0.318303
323  454  0.0358885
323  504  0.142476
324  335  0.0112091
324  337  0.0105888
324  383  0.307599
324  453  0.0357984
324  481  0.0602287
324  503  0.0217117
325  334  0.0110056
325  356  0.0198989
325  452  0.0353707
325  480  0.0503315
325  502  0.0168053
326  338  0.0293457
326  355  0.0234297
327  332  0.0154217
327  337  0.031848
327  354  0.0234184
327  380  0.172762
327  451  0.0338438
327  455  0.164909
328  336  0.0319053
328  353  0.0234388
328  450  0.0338411
328  454  0.166077
329  335  0.0298638
329  352  0.0204589
329  378  0.29279
329  380  0.0114647
329  449  0.0315286
329  453  0.169218
330  334  0.0207215
330  377  0.294361
330  379  0.0133044
330  448  0.0305243
330  452  0.169065
331  376  0.294401
331  378  0.0133256
331  447  0.0217751
331  451  0.169038
332  375  0.293864
332  450  0.163045
333  348  0.0226139
333  355  0.0346861
334  347  0.0279603
334  354  0.0414287
334  449  0.157824
335  346  0.0284315
335  353  0.0420372
335  355  0.102742
335  377  0.0333517
335  448  0.15764
335  452  0.0109436
336  345  0.0283478
336  352  0.0428993
336  354  0.224372
336  376  0.0409959
336  447  0.157205
336  451  0.0149666
337  353  0.229017
337  375  0.0410527
337  450  0.0150017
338  344  0.0170458
338  351  0.0444072
338  352  0.227374
338  374  0.0411673
338  446  0.0328577
338  449  0.0153655
339  350  0.0456905
339  373  0.0391522
339  445  0.0324988
339  448  0.0153751
340  446  0.131094
341  349  0.272275
341  444  0.0550803
341  445  0.142232
342  348  0.273921
342  443  0.0614789
342  444  0.1414
343  371  0.0393676
343  442  0.0630745
343  443  0.139167
344  370  0.0412883
344  441  0.065361
344  442  0.137814
345  355  0.0183088
345  369  0.0413266
345  440  0.0669142
345  441  0.136002
346  354  0.0190508
346  368  0.0395648
346  439  0.0672468
347  353  0.0189114
347  440  0.0328793
348  352  0.0103546
348  367  0.0318487
348  438  0.100961
349  366  0.0287504
349  437  0.050814
350  393  0.0427368
350  437  0.12829
351  392  0.0604497
351  436  0.181893
352  361  0.0135151
352  391  0.0607334
352  435  0.181905
353  358  0.0570473
353  360  0.0127465
353  374  0.0102117
353  378  0.0134716
353  390  0.0605583
353  434  0.181352
353  490  0.0368357
354  373  0.0105285
354  377  0.0134874
354  433  0.17827
354  489  0.0370271
355  367  0.0102491
355  376  0.0133901
355  387  0.0720086
355  432  0.140321
355  488  0.0369205
356  386  0.073896
357  385  0.0738883
358  370  0.0862599
358  384  0.073242
358  431  0.0123181
358  484  0.0402797
358  687  0.0352018
359  369  0.0617268
359  483  0.0406324
359  686  0.0357185
360  365  0.0315036
360  448  0.0105741
360  482  0.0406876
360  685  0.0366177
361  367  0.117457
361  382  0.0668007
361  447  0.0118771
361  481  0.0404404
361  684  0.0364061
362  366  0.0448614
362  381  0.0668333
362  428  0.0101447
362  446  0.0107711
363  380  0.0588431
366  377  0.0210815
368  375  0.105392
368  406  0.0214348
369  374  0.628534
369  383  0.0664198
369  405  0.030157
369  456  0.0130725
369  669  0.0119053
370  382  0.0665067
370  404  0.0301807
370  455  0.0130878
370  668  0.0119218
371  381  0.0645273
371  403  0.0289799
371  666  0.0121224
372  380  0.0583439
372  665  0.0121136
373  664  0.0122084
374  663  0.0122383
375  402  0.162745
375  451  0.0346541
375  662  0.0129373
376  401  0.162918
376  450  0.0346915
376  661  0.0129195
377  449  0.0266894
378  400  0.15955
379  399  0.15027
382  392  0.0111317
382  397  0.214977
383  391  0.0115716
383  396  0.216361
384  390  0.0114749
384  395  0.216642
384  446  0.0177256
384  681  0.0374136
385  394  0.213907
385  445  0.0266918
385  680  0.0373738
386  444  0.0280337
386  679  0.0374542
387  392  0.176585
387  422  0.0223421
387  443  0.0289707
387  678  0.018862
388  421  0.0227468
388  442  0.0290847
388  678  0.0345405
389  441  0.0289941
389  677  0.0534976
390  440  0.0290621
390  676  0.0535745
391  439  0.0259201
391  675  0.0518859
392  417  0.173084
392  438  0.0252855
393  416  0.184749
393  673  0.0449612
394  415  0.187572
394  437  0.0231046
394  671  0.0627475
394  672  0.0226402
395  414  0.187988
395  436  0.0231083
395  670  0.0931527
396  412  0.0563275
396  413  0.137862
396  662  0.0100376
396  669  0.0938721
397  411  0.106296
397  412  0.070011
397  434  0.0204358
397  668  0.0938052
398  410  0.155924
398  433  0.0195985
398  660  0.0155853
398  667  0.0911756
399  409  0.155511
399  448  0.026258
399  659  0.0191392
400  408  0.155605
400  412  0.34375
400  434  0.0107802
400  447  0.0358618
400  658  0.0200379
400  665  0.0328512
401  407  0.117748
401  411  0.391966
401  446  0.0276661
401  447  0.0127206
401  657  0.0200392
401  664  0.0843904
402  410  0.392628
402  656  0.0199993
402  663  0.0843808
403  409  0.308439
403  444  0.0133755
403  445  0.0940116
404  431  0.234365
404  443  0.0252872
404  444  0.101437
405  430  0.239684
405  442  0.0253757
405  443  0.101505
406  429  0.223366
407  441  0.0700875
408  426  0.285765
408  440  0.13629
409  425  0.290024
409  439  0.136663
410  424  0.289731
410  438  0.136457
411  422  0.019872
412  421  0.0187169
412  422  0.272466
412  436  0.13632
413  421  0.272689
413  435  0.139283
414  420  0.256887
414  434  0.13956
415  433  0.130765
416  432  0.114419
417  431  0.0956154
418  432  0.0242939
419  431  0.0374679
421  427  0.0104471
421  428  0.022491
421  429  0.0123811
422  427  0.0184971
422  428  0.0505456
435  447  0.044131
436  446  0.0467441
436  662  0.0817738
437  445  0.0478619
437  661  0.0827043
438  444  0.0477673
438  660  0.0833603
439  443  0.0181841
439  659  0.0833579
440  585  0.0101117
440  658  0.0834319
441  584  0.0100418
441  657  0.0833929
442  583  0.0100351
443  506  0.0100629
443  655  0.075772
444  505  0.0100658
444  654  0.0754009
449  486  0.0277156
449  504  0.0205543
449  597  0.0252233
449  653  0.018918
450  485  0.0338022
450  503  0.060191
450  596  0.0288614
450  652  0.0207948
451  484  0.0337131
451  502  0.0602392
451  595  0.0290007
451  651  0.0207838
452  501  0.0596331
452  596  0.0219962
452  691  0.115067
453  593  0.0304288
453  595  0.0257792
453  676  0.0432014
453  690  0.136347
454  481  0.0223796
454  485  0.0519915
454  500  0.062773
454  592  0.0314055
454  594  0.0261558
454  675  0.0473614
454  691  0.0741082
455  484  0.0513378
455  499  0.0646393
455  591  0.0311989
455  593  0.0260608
455  674  0.0469498
455  688  0.142389
455  689  0.0224223
455  690  0.0761554
456  498  0.0662301
456  591  0.0104302
456  687  0.142462
456  688  0.0229949
456  689  0.0759344
457  479  0.587425
457  686  0.0876659
457  687  0.0191459
457  688  0.0467385
458  478  0.799647
458  685  0.0463968
458  686  0.0163206
458  687  0.0216458
459  477  0.893204
459  685  0.0134191
459  686  0.014815
460  476  0.914357
461  475  0.915884
462  474  0.919066
463  473  0.922712
463  681  0.0346826
464  472  0.921875
464  680  0.034701
465  471  0.920027
466  470  0.569819
466  678  0.0347975
467  677  0.0349602
468  676  0.0349728
469  675  0.0328671
471  555  0.0316221
471  672  0.0335394
472  554  0.0346744
472  671  0.0354368
473  553  0.0346899
473  670  0.0356936
474  552  0.0347013
474  669  0.0389559
475  551  0.0347
475  668  0.0389991
476  550  0.0346496
476  667  0.0389504
477  549  0.0269405
477  666  0.0319212
478  548  0.0192208
478  665  0.0244467
479  547  0.0109813
479  548  0.0152358
479  664  0.0152891
479  665  0.0148333
479  672  0.0124143
480  547  0.0228971
480  664  0.021867
480  671  0.0143626
481  546  0.0304886
481  663  0.0287849
481  670  0.0147574
481  687  0.0110259
482  545  0.0239125
484  493  0.372243
484  503  0.232317
484  681  0.0368906
485  492  0.371672
485  502  0.232682
485  680  0.0367733
486  491  0.269898
486  501  0.23233
487  500  0.230293
488  499  0.227375
489  691  0.0210434
490  498  0.16068
490  678  0.0358624
490  690  0.022692
491  496  0.0199924
491  653  0.0185244
491  676  0.0851368
491  677  0.0275524
491  689  0.0223309
492  652  0.026961
492  675  0.229245
493  651  0.0269628
493  674  0.22917
493  687  0.0226273
494  650  0.0216227
495  672  0.441614
496  671  0.473838
497  590  0.0800915
497  670  0.479891
498  589  0.0990088
498  669  0.535542
499  588  0.0990358
499  668  0.535574
500  587  0.0989155
500  667  0.508774
501  586  0.0987762
502  585  0.0982716
502  664  0.514672
503  663  0.536641
504  544  0.0181288
504  583  0.052347
504  662  0.586671
504  691  0.0362074
505  661  0.58648
505  690  0.0371837
506  542  0.0320063
506  660  0.585912
506  689  0.0371012
507  541  0.0327384
507  581  0.105835
507  656  0.0361988
507  688  0.0362138
508  540  0.0306431
508  552  0.0568739
508  580  0.163732
508  655  0.0412712
508  658  0.550915
509  539  0.0296765
509  551  0.057603
509  579  0.163657
509  654  0.0412697
509  657  0.551023
510  538  0.0296829
510  550  0.0580127
510  578  0.151917
510  653  0.0389902
510  656  0.533442
511  549  0.0535511
512  538  0.0114222
512  653  0.0145491
514  536  0.283649
514  547  0.0695062
514  652  0.585163
515  535  0.283872
515  546  0.0748688
515  651  0.586548
516  534  0.283705
516  545  0.0748959
516  650  0.585443
517  533  0.283305
517  544  0.0748563
517  585  0.0107771
517  649  0.583066
518  543  0.0711926
518  584  0.0110035
518  648  0.575906
519  647  0.481144
520  530  0.273451
520  582  0.306128
520  589  0.0899183
520  594  0.0245511
520  644  0.0208534
521  529  0.273225
521  531  0.0113657
521  581  0.308568
521  593  0.0245655
521  643  0.0210395
521  645  0.0814472
522  528  0.256816
522  530  0.0114166
522  579  0.150878
522  580  0.176628
522  588  0.219902
522  592  0.0252448
522  621  0.0182841
523  529  0.0103334
523  542  0.0703037
523  578  0.276816
523  587  0.222136
523  591  0.0251232
523  620  0.0185011
524  541  0.011862
524  577  0.275519
524  586  0.222406
524  590  0.0246351
524  619  0.0184911
525  540  0.107067
525  576  0.259515
525  585  0.221397
525  589  0.0219061
525  618  0.0176747
526  539  0.377366
526  584  0.199931
527  538  0.482545
528  537  0.511959
529  536  0.519797
529  582  0.177252
530  535  0.497036
530  581  0.178406
531  580  0.175589
534  577  0.147247
535  576  0.149181
539  575  0.018325
539  607  0.0219911
541  573  0.74834
541  605  0.0268287
542  572  0.750474
542  604  0.0489788
543  571  0.738331
543  603  0.0481767
544  570  0.735723
544  571  0.0134975
545  568  0.290627
545  601  0.0528766
546  567  0.260579
546  569  0.0158659
546  600  0.0554098
547  568  0.0196503
547  599  0.0553556
548  565  0.665012
548  598  0.0551988
549  564  0.774218
549  597  0.0551971
550  563  0.790735
550  596  0.0552889
551  562  0.790781
551  595  0.055254
552  561  0.790372
552  593  0.0550395
553  560  0.7039
553  592  0.0548894
554  591  0.0548775
555  590  0.0509656
561  583  0.0522754
562  582  0.0524728
563  581  0.0524609
565  579  0.0500429
566  578  0.0482462
567  577  0.0244514
569  577  0.0223276
570  576  0.0299841
570  583  0.0158322
571  582  0.0158726
572  581  0.0156611
578  691  0.0291457
579  690  0.0313799
580  689  0.0314009
581  681  0.0380173
581  691  0.126005
582  680  0.0378541
582  688  0.0311676
582  690  0.130186
583  678  0.0387953
583  687  0.0314143
583  689  0.130432
584  677  0.0388027
584  686  0.0227738
584  688  0.129764
585  676  0.0386064
585  687  0.129644
588  674  0.0185195
589  645  0.0133915
590  672  0.20509
591  644  0.481314
591  671  0.236328
592  643  0.481538
592  645  0.0711761
592  670  0.239003
593  642  0.481028
593  644  0.0845023
593  669  0.242183
594  643  0.084506
595  641  0.533772
595  642  0.0424118
595  668  0.246087
596  640  0.574748
596  667  0.246405
597  639  0.573551
597  666  0.246182
598  638  0.570086
598  665  0.245782
599  637  0.568097
599  664  0.246222
600  636  0.565673
600  663  0.245353
604  612  0.0591395
604  619  0.0128343
604  634  0.0185189
604  660  0.259234
605  619  0.0499787
605  622  0.0936476
605  633  0.0177573
605  659  0.259456
606  618  0.0974219
606  621  0.119996
606  655  0.026075
606  658  0.259577
607  616  0.0212151
607  618  0.0129016
607  626  0.0102519
607  654  0.026092
607  657  0.259114
608  615  0.0204685
608  616  0.0222216
608  625  0.0112556
609  615  0.0193538
610  619  0.0461556
610  651  0.0805889
611  619  0.0380672
611  622  0.084346
612  618  0.0636166
612  621  0.104096
612  649  0.367437
613  648  0.369021
614  647  0.369718
615  646  0.371174
616  645  0.0915509
618  643  0.370071
619  642  0.365565
621  630  0.0455454
621  634  0.0173316
622  629  0.0359646
622  638  0.345793
623  637  0.397547
624  630  0.0197284
624  631  0.0848289
624  634  0.36174
624  636  0.408194
625  630  0.069141
625  633  0.359836
625  635  0.411114
626  632  0.344585
626  634  0.405889
627  631  0.200454
627  633  0.319305
660  669  0.0108102
661  668  0.0101739
670  684  0.0699305
671  683  0.0699231
672  682  0.0702861
674  681  0.481456
675  680  0.481594
