2  304  0.0802598
2  424  0.0145781
2  428  0.481615
3  303  0.0973527
3  422  0.179627
3  426  0.0153117
3  427  0.54922
4  278  0.0204206
4  302  0.0973968
4  421  0.179819
4  425  0.0128538
4  426  0.55613
5  250  0.0108678
5  277  0.0204832
5  301  0.097394
5  420  0.174941
6  249  0.0243917
6  276  0.0241051
6  300  0.0972059
7  248  0.0250031
7  423  0.598632
7  427  0.0169724
8  48  0.0209084
8  247  0.0253556
8  257  0.041137
8  296  0.0253172
8  422  0.622134
8  426  0.0193889
9  47  0.0207658
9  62  0.0132902
9  256  0.0464798
9  295  0.0287769
9  425  0.0185918
10  61  0.0147378
10  246  0.0253798
10  255  0.0483729
10  294  0.0308716
10  418  0.121494
10  421  0.660325
11  60  0.0149548
11  127  0.0100095
11  245  0.0253815
11  254  0.0486416
11  293  0.0325696
11  417  0.121771
11  420  0.661949
12  59  0.0147178
12  126  0.0100185
12  244  0.020351
12  253  0.0486819
12  292  0.0251833
12  416  0.119804
12  418  0.686304
13  125  0.0100138
13  252  0.0486564
13  414  0.106905
13  417  0.686388
14  58  0.0130754
14  222  0.0123585
14  413  0.0932634
14  416  0.677954
15  43  0.153559
15  57  0.0115873
15  221  0.0103652
15  412  0.0778467
15  415  0.589699
16  42  0.970226
17  41  0.971583
18  40  0.970968
19  39  0.961472
20  36  0.947543
21  35  0.98927
22  34  0.992094
23  33  0.990824
24  32  0.992058
25  31  0.991082
26  30  0.613863
39  69  0.0152848
40  68  0.0153177
41  67  0.0153337
42  66  0.0153188
43  48  0.0260494
43  65  0.0122734
43  297  0.0387786
44  296  0.0387504
44  410  0.420259
45  295  0.0381251
45  409  0.451155
46  294  0.0364305
46  408  0.460569
47  236  0.027113
47  293  0.0257767
47  407  0.463786
48  63  0.0210374
48  235  0.0285965
48  406  0.465198
49  62  0.0558462
49  234  0.0285788
49  405  0.464375
50  61  0.0589007
50  233  0.0285531
50  404  0.462749
51  60  0.059213
51  232  0.0284989
51  403  0.46069
51  414  0.30583
52  220  0.126744
52  413  0.306975
53  219  0.173617
53  299  0.0195797
53  397  0.127676
53  412  0.305268
54  218  0.195023
54  223  0.0158862
54  298  0.0260344
54  411  0.30062
55  73  0.0789845
55  217  0.200853
55  222  0.0220867
55  297  0.0298891
55  410  0.265668
56  72  0.0795145
56  221  0.0221155
56  394  0.126364
57  71  0.0796016
57  216  0.203936
57  220  0.0219587
57  393  0.133184
57  408  0.274499
58  67  0.0105785
58  70  0.0400977
58  215  0.20483
58  219  0.0213973
58  392  0.13288
58  407  0.279212
59  66  0.0104622
59  70  0.0426585
59  127  0.02901
59  214  0.204817
59  293  0.0340946
59  391  0.132171
59  406  0.278921
60  69  0.0851832
60  126  0.0339513
60  213  0.183998
60  292  0.0432813
60  405  0.153622
61  68  0.0820441
61  125  0.0335782
62  67  0.0666101
62  124  0.0335657
62  211  0.184713
63  210  0.205696
63  291  0.463929
63  404  0.123888
64  123  0.0363591
64  209  0.206178
64  290  0.484788
64  403  0.132293
65  122  0.0364178
65  208  0.0786605
65  289  0.489919
65  402  0.13203
66  121  0.0364589
66  207  0.0786613
66  288  0.496173
66  401  0.130757
67  120  0.0362835
67  206  0.206179
67  287  0.496185
67  400  0.0981568
68  205  0.206082
68  286  0.495871
69  204  0.205831
69  285  0.494485
70  117  0.0104841
70  119  0.0178538
70  203  0.100794
70  222  0.210023
70  284  0.232684
71  118  0.0176303
71  175  0.181521
71  221  0.210721
71  282  0.0615943
71  283  0.0161962
72  174  0.203818
72  220  0.210986
73  173  0.205742
73  219  0.211045
73  280  0.243927
73  283  0.0111735
74  112  0.0236796
74  115  0.0352784
74  172  0.205657
74  218  0.200287
74  279  0.245073
75  111  0.0332332
75  114  0.0449971
75  126  0.0115517
75  171  0.205773
75  217  0.139527
75  278  0.245784
76  125  0.0115502
76  133  0.0103513
76  170  0.205592
76  215  0.109889
76  277  0.244838
77  112  0.0639872
77  169  0.0601087
77  214  0.0888887
77  276  0.0839087
78  110  0.929553
78  111  0.0575256
79  109  0.968691
79  110  0.0287803
80  108  0.99686
81  107  0.999801
82  106  0.999863
83  105  0.999388
84  104  0.99992
85  103  0.999392
86  102  0.997871
87  101  0.999902
88  100  0.998628
89  99  0.900698
90  96  0.0100228
90  98  0.244244
91  96  0.0511635
91  98  0.0607611
92  97  0.0531184
112  134  0.0287367
112  138  0.0611874
113  133  0.0350305
113  137  0.0878559
113  169  0.070264
113  397  0.214723
114  132  0.0381385
114  136  0.0898918
114  168  0.103222
114  276  0.135566
114  396  0.227092
115  134  0.0142053
115  167  0.103506
115  275  0.142214
115  395  0.227086
116  124  0.0110107
116  130  0.0339861
116  133  0.0142212
116  166  0.103402
116  169  0.0671105
116  274  0.142369
116  281  0.0287946
116  394  0.0100494
117  123  0.0125122
117  129  0.0609605
117  132  0.0143309
117  133  0.0796683
117  165  0.103376
117  168  0.098582
117  273  0.142907
117  280  0.0302964
117  394  0.22186
118  128  0.0612362
118  167  0.0988762
118  272  0.142844
118  393  0.232448
119  127  0.060091
119  130  0.0140362
119  163  0.100602
119  166  0.0986062
119  271  0.142003
119  392  0.232652
120  125  0.0256871
120  129  0.0136964
120  130  0.0988355
120  162  0.0998083
120  165  0.0979324
120  270  0.140653
120  277  0.0319067
120  391  0.232645
121  129  0.0995227
121  154  0.118406
121  163  0.0431165
121  276  0.0351867
121  390  0.230941
122  128  0.07832
122  153  0.119558
122  319  0.0154893
122  323  0.0165416
123  135  0.0187322
123  152  0.120128
123  257  0.12453
123  268  0.0226024
123  318  0.0262104
123  322  0.021103
124  134  0.0186957
124  150  0.195493
124  256  0.134518
124  317  0.025464
124  321  0.0205392
125  149  0.204843
125  253  0.0135683
125  255  0.138761
125  268  0.096343
125  320  0.0127074
126  132  0.0197627
126  148  0.204857
126  252  0.0135699
126  254  0.139438
126  265  0.0243362
126  267  0.0965251
126  315  0.0234705
126  352  0.075541
127  147  0.203492
127  222  0.0520403
127  253  0.138039
127  262  0.0141771
127  314  0.0231136
127  351  0.080058
128  144  0.0549055
128  146  0.139718
128  221  0.0521344
128  223  0.0106385
128  252  0.135946
128  261  0.0146195
128  264  0.103506
128  313  0.0220169
128  350  0.0795772
129  143  0.123795
129  220  0.051286
129  222  0.01153
129  260  0.0146481
129  263  0.109024
129  349  0.0633912
130  142  0.123952
130  259  0.0145697
130  262  0.108943
130  348  0.0340939
130  349  0.0126198
131  140  0.0676707
131  248  0.11759
131  348  0.0244901
132  139  0.067591
132  140  0.0425374
132  143  0.0733024
132  217  0.149233
132  247  0.126435
132  260  0.0953403
132  327  0.0123793
132  347  0.0272388
133  138  0.0444572
133  139  0.063178
133  142  0.0734511
133  246  0.12648
133  259  0.0951149
133  326  0.0124036
133  346  0.0268239
133  354  0.0476056
134  141  0.0487464
134  258  0.0777552
134  325  0.012429
134  345  0.0247617
134  353  0.0511162
135  214  0.158947
135  245  0.125924
135  324  0.0124191
135  328  0.0100705
135  352  0.0514155
136  213  0.158734
136  217  0.193714
136  244  0.143556
136  351  0.0493366
137  212  0.153618
137  216  0.194644
137  243  0.14351
137  330  0.0207101
137  342  0.0245292
138  211  0.0799007
138  215  0.194442
138  242  0.143469
138  329  0.0220496
138  341  0.0260766
139  214  0.192286
139  241  0.143401
139  328  0.0224104
139  340  0.0261243
140  211  0.423041
140  240  0.0767441
140  339  0.0211974
141  210  0.773823
142  209  0.790731
143  208  0.79315
144  207  0.792857
145  206  0.793306
146  205  0.793101
147  204  0.793191
148  203  0.792466
149  202  0.793019
150  175  0.0213091
150  201  0.743594
151  174  0.0419688
151  197  0.0383824
152  162  0.0833314
152  173  0.0437953
152  196  0.0397425
152  199  0.545834
153  161  0.0846082
153  172  0.0437381
154  160  0.0836656
154  171  0.0427582
154  197  0.0789028
155  195  0.639404
156  194  0.728027
157  169  0.0372384
157  193  0.749083
158  168  0.0434711
158  192  0.750189
159  167  0.0434746
159  191  0.749706
160  166  0.0425278
160  190  0.745197
162  188  0.749411
163  187  0.750228
164  186  0.750211
165  185  0.74862
166  184  0.739512
167  182  0.0921291
169  180  0.0808251
170  177  0.0448922
170  180  0.0126857
171  178  0.46846
173  177  0.0341291
177  199  0.241737
178  198  0.248203
179  197  0.248943
180  196  0.248867
181  195  0.248433
182  194  0.248568
183  193  0.249076
184  192  0.245337
185  190  0.212
211  330  0.0626208
212  236  0.0593682
212  240  0.0165956
212  329  0.078488
213  235  0.0552548
213  239  0.0247592
213  328  0.0901064
214  234  0.013598
214  327  0.132274
215  233  0.0116782
215  326  0.132614
216  232  0.0547933
216  236  0.0693852
216  325  0.133364
217  231  0.0682119
217  235  0.0731873
217  324  0.133622
218  230  0.0681586
218  234  0.0697519
218  256  0.0128855
218  323  0.13559
219  233  0.0112095
219  253  0.0236025
219  255  0.0173346
219  322  0.135364
220  228  0.067424
220  232  0.011377
220  252  0.0222173
220  396  0.071569
221  227  0.0676008
221  319  0.0211075
221  395  0.160768
222  226  0.0491169
222  231  0.12335
222  252  0.0289558
222  394  0.168976
223  230  0.124725
223  317  0.161139
223  393  0.169081
224  229  0.124412
224  250  0.338311
224  280  0.0625759
224  316  0.177691
224  392  0.167749
225  249  0.34047
225  279  0.0628179
225  315  0.178126
225  391  0.165525
226  248  0.339785
226  278  0.0591196
226  314  0.178493
226  351  0.0107115
227  277  0.0561304
227  313  0.17434
227  350  0.0105992
227  364  0.0178946
228  247  0.421644
228  363  0.0196715
229  246  0.422355
229  308  0.036821
229  362  0.0199738
230  245  0.421989
230  309  0.0471278
230  310  0.0183581
230  361  0.0200128
230  364  0.101891
231  244  0.423344
231  307  0.146627
231  308  0.0343248
231  327  0.0137491
231  363  0.110516
232  243  0.422835
232  306  0.163491
232  307  0.0185766
232  326  0.0140365
232  359  0.013023
232  362  0.114608
233  242  0.422686
233  305  0.178967
233  325  0.0136054
233  358  0.0155991
233  361  0.121022
234  241  0.40043
234  304  0.178533
234  324  0.0136952
234  357  0.0143122
234  360  0.11945
235  303  0.174074
235  359  0.104812
236  323  0.157609
237  244  0.170597
237  322  0.202081
238  243  0.112123
238  321  0.202055
239  320  0.201547
240  319  0.201978
241  318  0.202188
242  317  0.195312
243  316  0.123521
244  315  0.117445
245  302  0.386379
246  301  0.391372
247  300  0.39142
248  298  0.206516
248  299  0.196972
249  297  0.405885
250  296  0.405269
251  295  0.406107
252  294  0.407405
252  418  0.0227632
253  279  0.103692
253  293  0.408088
253  417  0.0227745
254  278  0.119516
254  292  0.0423013
254  416  0.0225983
255  277  0.0795507
255  415  0.0219208
256  276  0.0398173
256  277  0.0543968
256  414  0.0184117
257  276  0.243315
258  275  0.785369
259  274  0.847403
260  273  0.849093
261  272  0.849311
262  271  0.849751
263  270  0.822529
276  292  0.365961
277  284  0.062863
277  291  0.389312
277  418  0.0219078
278  283  0.0666957
278  290  0.389461
278  417  0.0219599
279  288  0.409225
279  416  0.0220169
279  422  0.0194572
280  287  0.407517
280  421  0.0194858
281  286  0.267596
282  413  0.0123164
283  418  0.0202158
284  417  0.0202446
285  416  0.0202248
286  415  0.0193941
287  407  0.0616666
288  406  0.0691648
289  405  0.0735513
290  404  0.0793098
291  403  0.0936536
292  390  0.0291934
292  402  0.235817
293  359  0.117324
293  400  0.0387557
293  401  0.229482
294  358  0.126454
294  399  0.269288
295  357  0.129383
295  398  0.271189
296  356  0.130538
296  397  0.276634
297  355  0.130568
297  396  0.2773
298  320  0.081432
298  354  0.0221915
298  395  0.256411
299  319  0.112176
299  395  0.014128
299  410  0.0473512
300  318  0.124374
300  393  0.0263927
300  409  0.052239
301  317  0.124397
301  393  0.0917106
301  408  0.0591308
302  316  0.124559
302  391  0.0320866
302  392  0.0947538
302  407  0.0666664
303  309  0.0414457
303  315  0.120373
303  390  0.0323682
303  391  0.0942137
303  394  0.0127489
303  406  0.0667436
304  405  0.0666637
305  393  0.233321
305  404  0.0666632
306  316  0.0104916
306  392  0.248748
306  403  0.0501995
307  316  0.163471
307  391  0.248889
307  402  0.0332026
307  403  0.0170302
308  315  0.174181
308  352  0.0211041
308  390  0.248639
308  402  0.0336024
309  314  0.215492
309  322  0.0494548
309  351  0.0377249
309  401  0.0500508
310  321  0.0493745
310  400  0.0480093
311  320  0.0489388
312  319  0.0437599
313  395  0.0515292
314  324  0.0344681
314  328  0.117759
314  394  0.0521166
315  323  0.0350495
315  327  0.127218
315  393  0.0510176
316  322  0.0349033
316  326  0.12745
317  325  0.128491
317  391  0.0474405
318  324  0.128484
318  390  0.0571168
319  358  0.110832
320  357  0.156802
321  356  0.167766
322  355  0.16812
323  356  0.117967
325  354  0.5753
326  353  0.688412
327  352  0.695449
328  351  0.699535
329  349  0.0119619
329  351  0.0238858
330  350  0.0201627
331  347  0.969554
332  346  0.972219
333  345  0.972395
334  344  0.971697
335  343  0.97171
336  342  0.787282
354  361  0.0101541
367  389  0.952308
368  388  0.954124
369  387  0.95406
370  386  0.953709
371  383  0.0191094
371  385  0.89281
372  382  0.0393036
372  384  0.657841
373  380  0.271098
374  379  0.276506
374  387  0.0205665
375  386  0.021342
376  381  0.0280965
376  385  0.0204881
377  383  0.0631726
378  382  0.0511657
396  401  0.011479
400  424  0.0117609
402  422  0.11417
403  421  0.114394
404  420  0.114278
405  419  0.114144
406  418  0.114333
407  416  0.113969
408  415  0.111863
409  414  0.10155
