1  790  0.0117537
2  16  0.0488022
2  80  0.015516
2  770  0.0183543
2  789  0.0128424
2  791  0.0105726
3  15  0.0587671
3  48  0.0358475
3  79  0.0187596
3  769  0.0220387
3  783  0.0114945
3  785  0.0128822
3  790  0.0107224
4  13  0.0150142
4  14  0.0482617
4  47  0.0408125
4  78  0.0184659
4  759  0.0440672
5  12  0.0232254
5  13  0.0357693
5  77  0.0178112
5  701  0.0164196
5  758  0.0494886
5  767  0.0195063
5  785  0.180245
5  790  0.199243
6  45  0.346607
6  76  0.016695
6  700  0.0164005
6  757  0.0470347
6  766  0.0193165
6  784  0.179518
6  789  0.20514
7  44  0.423458
7  788  0.189819
8  43  0.445342
8  669  0.0168002
8  783  0.0444305
8  785  0.0181422
9  42  0.446197
9  782  0.0395395
9  784  0.0176651
10  41  0.44682
11  40  0.448147
11  668  0.181498
12  39  0.448271
12  667  0.234576
12  784  0.0215948
13  666  0.235163
13  782  0.157513
14  665  0.210379
14  781  0.189403
15  36  0.456673
15  780  0.191036
16  35  0.458018
16  663  0.200623
16  779  0.190892
17  34  0.458597
17  662  0.241425
17  778  0.190833
18  33  0.458292
18  661  0.242619
18  777  0.190166
18  790  0.0906337
19  32  0.458279
19  660  0.242841
19  776  0.184501
19  789  0.096651
20  312  0.020108
20  654  0.0152167
20  659  0.243092
20  788  0.0966379
21  31  0.481758
21  311  0.0197491
21  653  0.0227412
21  658  0.24319
21  787  0.0966552
22  30  0.483269
22  310  0.0207313
22  311  0.0225117
22  313  0.0190042
22  652  0.0232926
22  657  0.242687
22  786  0.0966175
23  29  0.432117
23  312  0.018532
24  28  0.216349
24  491  0.0189447
25  308  0.0941102
25  490  0.0215784
25  652  0.0167931
26  307  0.0950792
26  489  0.0216161
26  651  0.0147743
27  488  0.0216137
28  305  0.0765854
28  487  0.0215933
29  105  0.0162364
29  304  0.390531
29  486  0.0215816
30  104  0.0186801
30  303  0.462095
30  485  0.0212968
31  103  0.0186831
31  302  0.46207
32  102  0.0187053
32  301  0.460168
32  483  0.0212587
32  767  0.0286732
33  482  0.0212425
33  766  0.0286795
34  101  0.0136523
34  299  0.461177
34  481  0.0211754
34  765  0.0286554
35  100  0.0139725
35  298  0.462337
35  764  0.0283308
36  99  0.019938
36  297  0.462689
36  342  0.0122377
36  763  0.0268569
37  296  0.462547
37  341  0.0380856
37  762  0.0131186
38  97  0.0237934
38  295  0.462517
38  340  0.0449974
39  96  0.0219304
39  294  0.353885
39  339  0.0457077
40  95  0.278509
40  338  0.0456991
41  94  0.462506
42  93  0.49954
43  92  0.506586
43  335  0.0458903
44  91  0.508122
44  334  0.0485438
45  90  0.511878
45  333  0.0528936
46  89  0.511693
46  332  0.0530866
46  724  0.346209
47  88  0.512126
47  331  0.0530316
47  723  0.346949
48  87  0.512537
48  330  0.0530187
48  722  0.356073
49  86  0.513421
49  329  0.0530338
49  721  0.3704
50  77  0.0159842
50  85  0.512254
50  328  0.0508076
50  720  0.370424
51  76  0.0160708
51  84  0.406183
51  327  0.0460733
51  719  0.369937
52  74  0.0321458
52  75  0.0246548
52  718  0.367367
53  717  0.352778
54  72  0.487942
54  716  0.21966
55  71  0.806492
55  325  0.0295187
55  713  0.0411395
55  716  0.0484929
56  70  0.80701
56  324  0.0295731
56  712  0.0423017
56  715  0.096824
57  69  0.890625
57  323  0.0188932
57  714  0.0728704
58  68  0.893604
58  323  0.0109242
58  713  0.0703228
59  67  0.893096
59  322  0.0204312
59  712  0.0699104
60  66  0.893931
60  67  0.0484106
60  321  0.0193246
60  322  0.015462
61  65  0.553665
61  66  0.0497829
61  321  0.0166576
61  322  0.0129161
62  321  0.0132179
63  319  0.0503822
64  318  0.0521958
65  317  0.0523262
67  315  0.0516703
68  314  0.052602
69  313  0.0526031
69  708  0.0520319
70  312  0.0525785
70  707  0.107092
70  713  0.0304249
71  311  0.0526267
71  706  0.107133
71  712  0.0308569
72  310  0.0361016
72  705  0.163882
72  711  0.0331087
73  704  0.182575
73  710  0.0338052
74  308  0.0579565
74  703  0.186297
74  709  0.0340266
74  787  0.0108413
75  84  0.0770362
75  307  0.154194
75  702  0.184563
75  708  0.0339793
75  786  0.0128754
76  83  0.51087
76  306  0.185504
76  323  0.0157813
76  701  0.177648
76  707  0.0338194
76  785  0.0145599
77  82  0.503692
77  305  0.185521
77  322  0.0157797
77  700  0.176986
77  706  0.0338033
77  784  0.0145331
78  304  0.181787
78  321  0.0144843
78  705  0.0211756
80  302  0.182635
81  301  0.186732
81  696  0.0197363
81  759  0.0177942
82  300  0.186731
82  317  0.0640772
82  696  0.0405972
82  758  0.0201172
83  299  0.186569
83  316  0.0642119
83  694  0.173808
83  757  0.0201527
84  93  0.114189
84  96  0.0132484
84  315  0.0641891
84  693  0.174319
85  92  0.116957
85  95  0.0146092
85  314  0.0642201
85  692  0.174443
85  755  0.0217778
86  92  0.0109237
86  313  0.0642016
86  691  0.174298
86  754  0.0218865
87  214  0.0112675
87  312  0.0410005
87  753  0.010959
88  195  0.130868
88  213  0.0139233
88  312  0.0114179
88  753  0.0110583
89  194  0.150184
89  212  0.0150105
89  311  0.0227212
89  380  0.0146802
89  752  0.0219145
90  193  0.151686
90  211  0.0150898
90  310  0.0226924
90  379  0.0150476
90  751  0.0219468
91  192  0.151563
91  210  0.0148068
91  378  0.015047
91  750  0.0218971
92  191  0.150695
92  209  0.0138427
92  309  0.0113092
92  377  0.0150525
92  749  0.0217751
93  208  0.0133997
93  308  0.0108374
93  376  0.0145688
93  748  0.0212784
94  188  0.123437
94  207  0.0107709
94  284  0.0299613
94  747  0.0181846
95  163  0.0155736
95  187  0.133763
95  283  0.0405712
95  698  0.0169823
96  162  0.0155197
96  185  0.0583413
96  186  0.0876459
96  298  0.147134
96  375  0.0168374
96  697  0.0171401
97  163  0.147239
97  184  0.101668
97  281  0.0289059
97  293  0.204409
97  297  0.188519
97  374  0.0202837
97  696  0.0171895
98  162  0.111366
98  183  0.0846988
98  280  0.0558508
98  292  0.255552
98  296  0.188613
98  373  0.0203096
98  695  0.0171808
99  279  0.0561044
99  291  0.259468
99  295  0.18856
99  372  0.0203212
99  694  0.0171618
100  160  0.901161
100  294  0.0173912
100  371  0.0202375
101  159  0.902834
101  163  0.0148694
101  370  0.0198542
102  158  0.902379
102  162  0.0149074
102  369  0.0198452
103  157  0.653198
103  161  0.0123395
103  367  0.0145188
104  366  0.0145105
106  126  0.941182
106  160  0.0226587
107  125  0.945439
107  159  0.0227033
108  124  0.947351
108  158  0.0226795
109  157  0.0163811
110  122  0.970706
111  121  0.989904
112  120  0.989903
113  119  0.981971
114  118  0.841101
134  157  0.0107401
135  155  0.719024
136  154  0.997324
137  153  0.997467
138  152  0.997983
139  151  0.997698
140  150  0.986576
141  148  0.022495
141  149  0.935542
142  147  0.0365889
143  148  0.0216739
158  359  0.010632
158  402  0.0153004
159  358  0.0106397
159  401  0.0153193
160  357  0.0106387
160  400  0.015328
161  399  0.0153308
162  181  0.161437
162  277  0.203038
162  348  0.0215499
162  356  0.0101256
162  398  0.0153417
163  180  0.161118
163  276  0.203132
163  347  0.0215583
163  355  0.0101214
163  397  0.0153241
164  179  0.121933
164  275  0.202474
164  346  0.0212537
165  274  0.20098
165  345  0.0202746
166  273  0.196833
166  344  0.0164438
167  272  0.167925
169  351  0.0101234
170  269  0.0146
170  270  0.0803301
170  350  0.0103403
171  269  0.0801662
171  270  0.0832777
171  349  0.0102933
172  269  0.0834638
172  270  0.0187264
175  267  0.197448
175  291  0.0123196
176  266  0.199378
176  290  0.011867
176  292  0.0211502
177  265  0.199513
177  291  0.0230226
177  746  0.0169916
178  264  0.199136
178  291  0.015582
178  745  0.0173349
179  263  0.124573
179  744  0.0172931
180  184  0.0105031
180  187  0.0254351
180  263  0.0199527
180  289  0.591771
180  743  0.0170732
181  262  0.0578574
181  288  0.592147
182  287  0.591482
183  260  0.0481463
183  286  0.591535
184  259  0.0471572
184  285  0.591892
185  284  0.463256
186  263  0.498326
187  262  0.558896
189  254  0.0145287
190  253  0.0154077
190  259  0.653902
190  280  0.012485
191  252  0.0154246
191  258  0.752714
191  279  0.0127361
191  734  0.0154867
192  200  0.0104074
192  257  0.75506
192  278  0.0126427
192  733  0.0155644
193  199  0.013324
193  203  0.0181457
193  256  0.756081
193  277  0.0123355
193  732  0.0155907
194  202  0.0181535
194  255  0.752468
194  731  0.0155807
195  201  0.0170053
195  254  0.681539
195  730  0.0155448
196  214  0.111695
196  729  0.0154136
197  213  0.143561
197  728  0.0147195
198  212  0.156802
198  253  0.706432
198  727  0.0142234
199  211  0.15785
199  252  0.733975
199  726  0.0141605
200  210  0.156956
200  251  0.687271
201  209  0.1545
202  208  0.132616
202  249  0.150206
205  247  0.802211
206  246  0.805125
207  245  0.80511
208  244  0.805497
209  243  0.804199
210  242  0.804645
211  241  0.806323
212  240  0.804741
213  237  0.0110509
213  238  0.031228
213  239  0.747224
214  236  0.0273366
214  237  0.0591437
214  238  0.554767
215  235  0.0221684
216  234  0.0131815
216  235  0.778567
216  685  0.159787
217  234  0.791034
217  684  0.161839
218  233  0.799077
218  683  0.162772
219  232  0.791587
219  682  0.162866
220  228  0.0112485
220  681  0.162858
221  230  0.57687
221  680  0.16245
222  228  0.0133637
222  229  0.705599
222  679  0.162572
223  678  0.162034
224  677  0.141659
225  676  0.114798
228  256  0.173135
229  255  0.173258
230  254  0.173023
231  253  0.17329
232  252  0.173415
233  251  0.172887
234  250  0.171444
235  247  0.0104634
240  253  0.0179965
241  252  0.0190575
242  251  0.0194185
243  250  0.0196008
244  249  0.0143141
250  258  0.0128909
251  257  0.0128722
252  256  0.010144
252  527  0.0149228
253  526  0.0149828
254  525  0.01503
255  524  0.0150885
256  523  0.0150989
257  302  0.112195
257  522  0.0150881
258  301  0.154918
258  521  0.014695
259  271  0.0253427
259  300  0.154993
259  520  0.0140657
260  270  0.0254264
260  299  0.116974
261  269  0.0256334
262  268  0.0258742
262  297  0.154502
263  296  0.155179
264  283  0.574754
265  282  0.576232
265  294  0.155038
266  281  0.572461
266  293  0.153919
267  404  0.0106682
268  279  0.0945838
268  291  0.0248165
268  403  0.0106692
270  277  0.572155
270  289  0.149895
271  276  0.559182
271  288  0.149783
272  287  0.131994
273  286  0.0554496
275  284  0.0470166
275  287  0.0160324
275  399  0.0115406
276  283  0.0455669
276  286  0.0884928
276  398  0.0141779
277  285  0.102181
277  397  0.0141826
278  284  0.10156
278  396  0.0118665
279  283  0.0798795
279  294  0.114701
279  343  0.0150097
280  293  0.114779
280  342  0.0150152
281  292  0.114848
281  341  0.0150082
282  291  0.0892978
282  340  0.0149774
283  291  0.0276282
283  299  0.0140826
283  311  0.0124517
284  290  0.0524186
284  298  0.0194132
284  310  0.012992
285  289  0.0412376
285  297  0.0258844
285  309  0.0270247
286  296  0.0259212
286  308  0.0270784
287  295  0.0258265
287  307  0.0271425
288  294  0.021639
288  306  0.0272574
289  305  0.0271832
291  303  0.0206688
291  343  0.0504555
291  678  0.0186901
292  302  0.017806
292  342  0.0504809
292  677  0.0186673
293  341  0.0504981
293  676  0.0184578
294  340  0.0505123
295  339  0.0421924
295  675  0.0219026
296  674  0.0218873
297  337  0.0177918
297  338  0.0119676
297  673  0.0218914
299  306  0.0597226
299  672  0.0206774
300  305  0.0566857
300  671  0.0206745
301  670  0.0201245
302  653  0.0132327
303  652  0.0138464
305  317  0.0107688
305  339  0.0124861
305  650  0.449416
305  785  0.0610545
306  316  0.0107796
306  338  0.0124907
306  649  0.449839
306  784  0.0611025
307  648  0.44964
307  759  0.0555588
308  336  0.0503008
308  647  0.449891
308  701  0.0644371
308  716  0.0588614
308  758  0.0634718
309  335  0.0503292
309  645  0.0217563
309  646  0.427438
309  700  0.0645008
309  715  0.0720021
309  757  0.0634574
310  333  0.0597714
310  607  0.0318816
310  641  0.024273
310  699  0.0645327
310  714  0.0737752
310  724  0.0620179
311  332  0.0597898
311  606  0.0515708
311  640  0.0242865
311  698  0.0644507
311  713  0.0703007
311  775  0.0206435
312  331  0.0524279
312  605  0.0590664
312  639  0.0234759
312  642  0.358593
312  697  0.0629373
312  712  0.0689668
312  722  0.0654867
312  774  0.0205798
313  329  0.0142913
313  604  0.0680271
313  638  0.0220065
313  641  0.369499
313  696  0.0580299
313  721  0.0673638
314  325  0.0786755
314  328  0.012572
314  603  0.100471
314  640  0.369405
314  720  0.0673247
314  769  0.0942191
315  324  0.0788274
315  326  0.0126701
315  602  0.100532
315  639  0.367476
315  651  0.0136693
315  708  0.0622706
315  719  0.0652433
315  768  0.0948892
316  323  0.0793414
316  325  0.0194281
316  601  0.0984111
316  638  0.352936
316  650  0.0198596
316  707  0.0662836
316  718  0.0514113
316  767  0.095397
317  322  0.077163
317  324  0.0191929
317  400  0.0108228
317  411  0.011676
317  600  0.0981376
317  649  0.0198673
317  706  0.0662583
317  766  0.0951916
318  399  0.0142649
318  410  0.0124976
318  648  0.0198676
319  398  0.0144875
319  599  0.103853
319  601  0.424081
319  647  0.019884
319  716  0.0530666
319  785  0.0299088
320  397  0.0144437
320  408  0.0145254
320  598  0.103842
320  600  0.440124
320  646  0.0198151
320  715  0.0571265
320  784  0.0299255
321  407  0.0377072
321  599  0.44372
321  714  0.0571953
321  759  0.0922199
321  783  0.0231961
322  406  0.0377258
322  596  0.101789
322  713  0.0569522
322  758  0.122742
323  393  0.0114461
323  405  0.0377247
323  595  0.101722
323  597  0.446107
323  708  0.0129723
323  712  0.0568783
323  757  0.122835
324  336  0.01283
324  392  0.012594
324  404  0.0377056
324  494  0.131866
324  596  0.446916
324  707  0.0139169
324  756  0.122473
325  335  0.0126731
325  391  0.0125931
325  403  0.0375766
325  493  0.131742
325  595  0.446863
325  706  0.0139121
325  755  0.122119
326  390  0.0118379
326  497  0.0116281
326  594  0.354054
327  496  0.0214878
327  594  0.0147995
327  753  0.100317
328  493  0.137188
328  495  0.0239299
328  502  0.0208718
328  593  0.0284937
328  695  0.018461
328  752  0.104231
329  492  0.216095
329  493  0.0350497
329  501  0.0221257
329  592  0.0283429
329  694  0.0200697
329  751  0.104708
330  491  0.108573
330  591  0.0228257
330  693  0.0113239
330  750  0.0918914
331  387  0.0348033
331  491  0.451281
331  693  0.0110878
331  728  0.0103824
331  747  0.068641
332  386  0.0378355
332  401  0.0470606
332  490  0.579129
332  493  0.0185819
332  692  0.0192079
332  727  0.0113799
332  746  0.0724661
333  385  0.037916
333  400  0.0480217
333  489  0.579372
333  492  0.0188647
333  691  0.0191904
333  726  0.011338
333  745  0.0724646
334  384  0.0378774
334  399  0.0479924
334  488  0.573226
334  491  0.0187967
334  744  0.0717347
335  383  0.037867
335  398  0.0479957
335  406  0.010685
335  716  0.029035
335  743  0.0702333
336  372  0.0149683
336  382  0.0378147
336  385  0.0147733
336  397  0.0479664
336  405  0.0107123
336  489  0.0184321
336  715  0.0307699
337  343  0.0122154
337  371  0.0173941
337  381  0.0233936
337  384  0.0152516
337  396  0.0336216
337  404  0.0103691
337  714  0.0313917
337  741  0.0121915
337  742  0.033331
338  348  0.0324385
338  370  0.0174006
338  383  0.0153703
338  402  0.010245
338  485  0.627222
338  713  0.0313697
338  741  0.024125
339  347  0.0326668
339  369  0.0174001
339  382  0.0153771
339  401  0.0103105
339  484  0.62872
339  712  0.0313585
340  368  0.0172697
340  483  0.62507
341  381  0.014589
341  480  0.0180619
342  367  0.015979
342  380  0.0234532
342  394  0.0213778
342  479  0.0217028
342  482  0.550241
342  709  0.0233355
343  366  0.0158986
343  379  0.0234727
343  393  0.0213948
343  397  0.0124155
343  478  0.0219687
343  481  0.550275
343  708  0.0237658
344  378  0.0114077
344  396  0.0124113
344  480  0.296518
346  378  0.0224429
346  759  0.0135522
347  377  0.035665
347  392  0.814247
347  758  0.0154992
348  376  0.0356942
348  391  0.814721
348  757  0.0154649
349  362  0.0317485
349  377  0.0138954
349  378  0.0153671
349  390  0.813886
349  721  0.0101796
350  361  0.0321858
350  374  0.0319536
350  377  0.0165471
350  389  0.815396
350  720  0.0101593
351  360  0.0323643
351  373  0.0320369
351  375  0.0196772
351  376  0.0145813
351  388  0.814275
352  359  0.0324452
352  374  0.0229455
352  387  0.809923
353  358  0.0317946
353  372  0.100347
353  386  0.793786
354  371  0.763794
355  370  0.764252
355  758  0.0160352
356  369  0.764176
356  372  0.124298
356  757  0.0160497
357  368  0.759299
357  371  0.132341
357  756  0.0160496
358  370  0.132349
359  366  0.315569
359  369  0.131798
359  754  0.0160728
360  753  0.0160598
361  367  0.100372
361  752  0.0160638
362  366  0.0873627
362  751  0.0160676
363  750  0.0124881
364  716  0.0139687
365  715  0.0150244
366  675  0.01368
366  714  0.0140383
367  601  0.0299311
367  674  0.0137139
368  600  0.0316119
368  673  0.0137217
369  599  0.0318486
369  672  0.013759
370  598  0.03185
370  671  0.0137595
371  597  0.0318484
371  670  0.0137589
372  596  0.0314624
372  669  0.0137566
373  668  0.0137404
374  385  0.818449
374  595  0.0260836
374  667  0.0136374
375  384  0.823395
375  594  0.0216263
376  383  0.824614
376  735  0.0176262
377  382  0.815946
377  501  0.0414247
377  734  0.0181597
378  500  0.0415888
378  733  0.0182178
379  499  0.0407525
379  732  0.0183296
380  496  0.0123092
380  498  0.0320688
380  731  0.0175462
381  495  0.0404434
381  725  0.0350258
382  494  0.0458538
382  724  0.0514971
383  493  0.0458669
383  723  0.0516218
384  492  0.0454471
384  722  0.0515995
385  491  0.0424879
385  721  0.0516376
386  687  0.015988
386  720  0.0516219
387  489  0.0452719
387  686  0.0159504
387  719  0.050942
388  488  0.0409937
388  718  0.0467118
389  684  0.04058
390  486  0.0645923
390  683  0.0408458
390  717  0.0342707
391  485  0.0729563
391  682  0.0409276
391  716  0.0344686
392  484  0.0729625
392  681  0.0409148
392  715  0.0345609
393  483  0.0732153
393  680  0.0249314
393  714  0.0330155
395  480  0.330696
396  479  0.505089
396  725  0.0187408
397  707  0.0249848
397  724  0.0222937
398  477  0.778441
398  706  0.0249813
398  723  0.022297
399  476  0.780848
399  605  0.0331993
399  722  0.0222788
400  475  0.782408
400  604  0.0480388
400  721  0.0222666
401  474  0.782418
401  603  0.0539319
401  720  0.021551
402  473  0.782102
403  460  0.781064
403  601  0.0464922
404  459  0.782859
404  600  0.0859876
405  420  0.0125195
405  458  0.782347
405  599  0.097694
406  419  0.0132454
406  457  0.783071
406  598  0.0977007
407  418  0.0134885
407  456  0.78301
407  597  0.0976602
408  417  0.0139572
408  455  0.781473
408  510  0.079332
408  596  0.0511107
408  641  0.0262937
409  454  0.782718
409  509  0.0831716
409  640  0.0263195
410  415  0.014363
410  453  0.777771
410  500  0.0376928
410  508  0.0848412
410  639  0.0262948
411  452  0.660928
411  499  0.0495221
411  507  0.086764
411  638  0.0261456
412  450  0.322674
412  498  0.0486902
412  506  0.0865831
412  637  0.0135353
413  449  0.283067
413  450  0.0674311
413  497  0.0373644
413  505  0.0849272
413  609  0.0243633
414  449  0.0702525
414  496  0.0247636
414  504  0.0778198
414  608  0.0264237
415  447  0.622834
415  607  0.0268878
416  443  0.114428
416  446  0.647588
416  452  0.0108725
416  606  0.0223113
417  442  0.114429
417  445  0.64728
417  451  0.01174
417  501  0.059781
418  441  0.0452914
418  443  0.010299
418  450  0.0109987
418  604  0.0183677
419  438  0.865185
419  443  0.0439182
419  449  0.0110585
419  603  0.0343153
420  437  0.86881
420  442  0.0435304
420  448  0.0117435
420  602  0.034278
421  436  0.869063
421  441  0.0377661
421  447  0.0111463
421  601  0.0297061
422  435  0.869264
423  434  0.869406
423  439  0.0371385
423  444  0.0191862
423  597  0.0273345
424  438  0.0372013
424  443  0.0200506
424  596  0.0302073
425  432  0.856333
425  442  0.0200179
425  595  0.03021
426  436  0.0172081
426  441  0.0159933
426  594  0.0250094
427  435  0.0165147
433  505  0.014598
434  504  0.0162957
435  503  0.0168207
436  502  0.0165861
439  497  0.127351
440  496  0.166339
441  495  0.19628
442  494  0.205023
443  493  0.204781
445  452  0.102762
445  491  0.153246
446  451  0.103434
446  490  0.210222
447  489  0.210037
448  488  0.209865
449  487  0.209854
450  486  0.210193
451  485  0.210477
452  484  0.21046
453  483  0.203711
454  477  0.204259
455  476  0.208919
456  475  0.209822
457  474  0.209604
458  473  0.208912
459  472  0.200964
462  471  0.826079
462  472  0.1643
463  470  0.831842
463  471  0.155818
464  469  0.550018
478  678  0.0445808
479  677  0.0446223
480  676  0.0446444
481  675  0.0447249
482  674  0.0447136
483  673  0.0447226
484  672  0.0447039
485  671  0.0445065
488  722  0.01071
488  733  0.0208455
489  510  0.0110661
489  641  0.0100555
489  721  0.012486
489  732  0.0249822
490  509  0.0110757
490  640  0.0100517
490  720  0.0124826
490  731  0.0249698
491  508  0.0112688
491  639  0.0100428
491  719  0.012164
491  730  0.0249782
492  499  0.0189547
492  507  0.0121921
492  638  0.0100159
492  662  0.010394
492  714  0.0124274
492  729  0.022571
493  498  0.0117912
493  656  0.0286841
493  661  0.012511
493  713  0.0124673
493  728  0.0226458
494  655  0.0290178
494  660  0.0133709
494  712  0.0124667
494  727  0.0248811
495  504  0.0129494
495  654  0.0286087
495  659  0.0133488
496  503  0.0141058
496  653  0.0268542
496  658  0.013275
496  711  0.0501626
497  502  0.0116735
497  652  0.0242148
497  710  0.0575501
498  709  0.0595709
498  752  0.0268689
498  781  0.0105178
499  655  0.0120769
499  708  0.059739
499  751  0.0299268
499  780  0.0109343
500  654  0.0100865
500  750  0.0301697
500  779  0.0109251
501  510  0.0143082
501  749  0.0301415
501  778  0.0109196
502  509  0.0112234
502  777  0.010186
506  593  0.764245
507  592  0.841768
508  591  0.843482
509  590  0.84451
510  589  0.84112
516  584  0.822051
517  583  0.96337
518  582  0.979988
519  581  0.98154
520  580  0.981536
521  579  0.980084
522  563  0.0158163
522  574  0.0123107
522  577  0.0733242
522  578  0.846895
523  527  0.0158668
523  562  0.0575845
523  570  0.0309543
523  571  0.0152857
523  573  0.0249541
523  576  0.14498
524  561  0.0575624
524  571  0.0349355
525  560  0.0359946
525  568  0.0256394
525  569  0.156643
525  574  0.0161878
525  575  0.100977
526  559  0.0347545
526  567  0.0295419
526  568  0.160411
526  574  0.0876664
527  558  0.0561396
528  557  0.0461736
528  566  0.376281
528  571  0.0137187
529  565  0.434417
530  537  0.0195897
530  564  0.439421
531  563  0.43229
531  568  0.287234
532  567  0.339594
533  561  0.44493
533  565  0.0195509
533  566  0.33571
534  559  0.0321217
534  560  0.45577
534  564  0.0182239
535  558  0.0329933
535  559  0.454319
535  564  0.415683
536  558  0.451323
536  563  0.424434
537  543  0.0179151
537  556  0.473197
537  557  0.0143615
537  561  0.0356151
537  562  0.410392
538  555  0.479694
538  559  0.0192669
538  560  0.425214
539  554  0.479286
539  558  0.0213898
539  559  0.423324
540  553  0.458835
540  557  0.0214454
541  552  0.389416
542  557  0.0132426
544  556  0.518246
545  555  0.519793
546  554  0.519162
547  553  0.462885
548  552  0.231752
560  573  0.0141343
561  572  0.0140779
563  571  0.0338918
564  570  0.0374109
564  573  0.0467264
564  576  0.0312287
565  569  0.0142753
565  572  0.042035
565  575  0.0307385
566  574  0.0282706
593  718  0.0214903
594  651  0.041199
594  702  0.0554837
594  717  0.0660942
594  725  0.0356316
595  650  0.0567033
595  701  0.0672265
595  716  0.0755491
595  724  0.0439118
596  649  0.0567128
596  700  0.0672342
596  715  0.0760539
596  723  0.0439191
597  648  0.0566135
597  699  0.0671812
597  714  0.0772168
597  721  0.0541965
598  647  0.056706
598  698  0.0660366
598  713  0.0770718
598  720  0.0541915
599  646  0.0564026
599  712  0.0770044
600  696  0.0497379
600  718  0.0285037
601  644  0.0292744
601  695  0.0436135
601  717  0.0626116
602  716  0.0701071
603  715  0.0705775
606  705  0.280823
607  704  0.333531
608  703  0.346058
609  639  0.0273041
609  702  0.350088
610  637  0.490898
610  638  0.0362191
610  701  0.351552
611  636  0.602218
611  700  0.3512
612  635  0.902914
613  634  0.990112
614  633  0.997208
615  631  0.015954
615  632  0.983727
616  630  0.0301708
616  631  0.969483
617  629  0.994193
618  628  0.994307
619  627  0.998661
620  625  0.0229935
620  626  0.939623
636  696  0.382911
637  695  0.394594
638  694  0.448898
639  693  0.44955
640  692  0.449838
641  691  0.448422
645  687  0.261026
646  687  0.0220703
647  684  0.439745
647  685  0.0109118
648  683  0.450713
649  682  0.453842
650  681  0.453812
651  680  0.446295
652  675  0.325193
652  678  0.279034
653  674  0.328028
653  677  0.278302
654  673  0.328687
654  676  0.273383
654  768  0.0135869
655  672  0.331145
655  675  0.237046
655  767  0.0297988
656  670  0.20696
656  671  0.167634
656  673  0.182721
656  766  0.0297266
657  669  0.409758
657  672  0.180684
657  675  0.0465862
658  668  0.407894
658  674  0.0640486
659  667  0.390383
659  670  0.138104
659  673  0.0654775
659  764  0.0271483
660  669  0.169008
660  672  0.0660696
660  763  0.0275673
661  671  0.0626069
661  762  0.027517
662  670  0.0415528
662  761  0.0271769
663  760  0.0265939
664  759  0.0135569
668  787  0.013889
669  700  0.0136873
669  715  0.0120744
669  786  0.0191519
670  699  0.0388866
670  714  0.0158221
670  759  0.179569
670  785  0.0128822
671  698  0.0389151
671  713  0.0158251
671  758  0.232803
672  712  0.0158176
672  757  0.232971
673  696  0.0571602
673  756  0.233152
674  695  0.0573187
674  755  0.232981
675  694  0.057373
675  754  0.23312
676  693  0.0575811
676  753  0.232862
677  692  0.0574202
677  752  0.232863
678  691  0.0546724
678  751  0.232791
679  718  0.0137667
679  750  0.145303
680  688  0.0133598
680  689  0.0191569
680  702  0.0200013
680  717  0.0610361
680  725  0.0549557
680  748  0.0397564
681  687  0.0157257
681  701  0.0242589
681  716  0.0703168
681  724  0.0665616
681  747  0.0398885
682  700  0.0242566
682  715  0.0706718
682  723  0.0665228
682  745  0.012049
682  746  0.0312798
683  744  0.0207421
684  699  0.0252376
684  714  0.0522487
684  721  0.0844217
684  743  0.0207175
685  698  0.0250364
685  713  0.0502334
685  720  0.0840621
685  742  0.0205257
686  716  0.0126934
687  712  0.0286661
687  715  0.013422
691  696  0.121374
691  699  0.0441102
691  714  0.0372054
692  698  0.0438041
692  701  0.0249703
692  713  0.0359413
693  697  0.0166758
693  700  0.0249282
693  712  0.0356687
694  699  0.0232315
699  708  0.11147
700  707  0.124247
701  706  0.121355
703  716  0.0106685
706  713  0.402988
706  785  0.0252645
707  712  0.4076
707  784  0.0252769
708  783  0.0241656
712  756  0.034643
713  755  0.0349508
714  754  0.0351361
715  753  0.0349451
716  752  0.0346177
718  748  0.185152
719  747  0.225833
720  727  0.0108331
720  746  0.230757
721  726  0.0102991
721  745  0.230729
722  744  0.229726
722  759  0.0117777
723  743  0.226391
723  758  0.0151025
723  785  0.0275927
724  745  0.0284981
724  757  0.0150375
724  784  0.0276003
725  744  0.0298582
725  759  0.0852046
726  742  0.212715
726  743  0.0307757
726  750  0.0353063
726  758  0.0986184
726  769  0.0121075
727  739  0.0102236
727  741  0.213749
727  742  0.0307155
727  749  0.0483192
727  756  0.517063
728  738  0.0101107
728  740  0.162088
728  748  0.0243952
728  755  0.473514
729  736  0.0117535
729  740  0.0645177
729  748  0.0475039
729  754  0.480941
730  735  0.0113565
730  739  0.100947
730  747  0.0775649
730  753  0.538201
731  738  0.0884882
731  746  0.0782014
731  752  0.540904
732  745  0.0790407
732  751  0.541396
733  744  0.0789703
733  750  0.541152
734  741  0.0130103
734  743  0.0778311
734  749  0.541134
735  748  0.468243
736  747  0.30892
738  744  0.0350331
739  745  0.0142232
739  748  0.0657002
740  747  0.192475
741  745  0.0210853
741  746  0.259626
757  767  0.0840222
757  785  0.137844
758  766  0.083849
758  784  0.137454
759  765  0.0717431
763  780  0.693344
764  779  0.699222
765  778  0.700493
766  777  0.699703
767  776  0.697388
774  790  0.0724494
775  789  0.0780473
776  788  0.0781678
777  787  0.0782938
778  786  0.0775587
