1  72  0.998755
2  71  0.999908
3  70  0.999943
4  69  0.999678
5  68  0.999894
6  67  0.981737
7  66  0.812195
8  18  0.0226604
8  21  0.0327193
9  17  0.0259074
9  20  0.0353476
10  16  0.0264359
10  20  0.0616363
10  25  0.0670503
10  47  0.0978294
10  48  0.419896
11  15  0.0215126
11  18  0.0384586
11  19  0.0639094
11  24  0.0680751
11  46  0.127915
12  18  0.0387335
12  23  0.068078
12  46  0.251638
13  18  0.0151741
13  22  0.0679005
13  45  0.634307
14  44  0.636413
15  43  0.636063
16  42  0.636727
17  41  0.637065
18  40  0.637591
19  39  0.628858
20  37  0.0387956
20  38  0.536041
21  35  0.237863
21  36  0.0706081
22  34  0.291124
22  35  0.0637039
22  36  0.187446
22  48  0.292635
23  33  0.302293
23  34  0.0559628
23  35  0.250332
23  36  0.0111976
23  47  0.292892
24  32  0.308514
24  33  0.0329609
24  34  0.246328
24  35  0.0111414
25  30  0.233079
25  45  0.294648
26  33  0.270523
26  44  0.306822
27  32  0.271915
27  43  0.308477
28  42  0.309167
29  41  0.309454
30  40  0.309571
30  48  0.0510089
31  39  0.253931
31  47  0.0510592
32  46  0.0510084
33  45  0.0474957
36  42  0.0192781
49  65  0.999417
50  64  0.999846
51  63  0.999379
52  62  0.999617
53  61  0.979942
54  59  0.0169881
55  59  0.0101508
