1  717  0.222779
2  13  0.0177433
2  42  0.0100652
2  305  0.0176739
2  716  0.36046
3  12  0.01784
3  28  0.141224
3  41  0.0124471
3  231  0.0488335
3  232  0.046849
3  304  0.0366417
3  714  0.0215475
3  715  0.396468
4  11  0.0183461
4  27  0.141613
4  40  0.0123452
4  230  0.046666
4  231  0.0720686
4  303  0.0366699
4  678  0.0508467
4  713  0.0226843
4  714  0.362457
5  10  0.0203576
5  26  0.1412
5  229  0.0404526
5  230  0.0664987
5  302  0.0366588
5  677  0.0562628
5  712  0.017057
6  25  0.132088
6  301  0.0361043
6  676  0.0544065
7  300  0.0350982
7  550  0.0123856
7  551  0.0543074
7  675  0.0463992
8  23  0.0744441
8  299  0.0323027
8  549  0.0128534
8  550  0.0785389
8  551  0.0102339
8  674  0.0249915
9  22  0.0809801
9  23  0.022741
9  298  0.0241135
9  548  0.0122738
9  549  0.085711
9  550  0.0149735
10  21  0.0797901
10  22  0.0260073
10  23  0.0252704
10  297  0.018276
10  548  0.0871561
10  549  0.0159016
10  550  0.0107492
11  20  0.0661354
11  21  0.0262424
11  22  0.02662
11  547  0.0757773
11  548  0.0154688
11  549  0.0112862
11  720  0.0130454
12  20  0.0246026
12  21  0.019394
12  546  0.0726804
12  547  0.0115198
12  548  0.0106826
12  719  0.0241941
13  545  0.0706868
13  718  0.0252808
14  19  0.0514757
14  36  0.521455
14  239  0.111568
14  535  0.0167832
14  677  0.0125212
14  717  0.0244284
15  35  0.567532
15  238  0.111648
15  534  0.0168058
15  676  0.0188226
15  716  0.024341
16  34  0.58558
16  237  0.1118
16  533  0.0178771
16  715  0.0233999
17  33  0.584957
17  532  0.0168647
17  674  0.0197119
18  32  0.585192
18  231  0.0121305
18  236  0.113228
18  673  0.026098
19  30  0.271843
19  31  0.319544
19  235  0.114258
19  528  0.0270634
19  672  0.026382
20  29  0.537447
20  229  0.0343673
20  232  0.0166351
20  234  0.0943938
20  527  0.0271547
20  671  0.017067
21  27  0.034895
21  28  0.526832
21  228  0.0786816
21  231  0.0344863
21  233  0.0517512
21  526  0.02718
22  26  0.0146322
22  227  0.0913431
22  230  0.0341007
22  232  0.0395254
22  525  0.0262816
23  226  0.112642
23  229  0.0301207
23  524  0.0219492
23  673  0.0211918
24  225  0.115918
24  523  0.0131232
24  672  0.0224715
25  224  0.117069
25  671  0.0227092
26  223  0.04133
26  670  0.022824
27  47  0.0142573
27  222  0.0387416
27  223  0.139299
27  669  0.0227745
28  46  0.0146793
28  222  0.140783
28  668  0.0226796
29  42  0.138307
29  221  0.123158
29  679  0.012263
29  716  0.0185868
30  41  0.218278
30  220  0.0885392
30  678  0.015852
30  715  0.0258491
31  40  0.22568
31  677  0.0156081
31  714  0.0252911
32  39  0.215474
32  674  0.0218439
32  676  0.0147164
33  38  0.163206
33  673  0.0296243
34  672  0.0307636
34  674  0.018258
35  671  0.0297452
35  673  0.018429
36  670  0.0264604
36  672  0.0181395
37  226  0.454944
37  671  0.0144064
38  225  0.584068
39  224  0.619263
40  47  0.0825343
40  223  0.623319
41  46  0.0779887
41  222  0.622851
44  219  0.556013
45  218  0.570038
46  217  0.512643
46  220  0.0133179
46  715  0.106097
47  714  0.106153
48  215  0.609541
48  713  0.103441
49  87  0.0364026
49  214  0.844296
49  712  0.03747
50  86  0.0364376
50  156  0.0171534
50  213  0.844875
50  711  0.0334863
51  155  0.026838
51  212  0.844415
51  710  0.0157002
52  96  0.0235004
52  154  0.0344899
52  211  0.844873
53  83  0.0384226
53  95  0.023552
53  153  0.0345073
53  210  0.844862
54  82  0.0386329
54  94  0.0235521
54  152  0.0343893
54  209  0.844598
55  75  0.0112083
55  93  0.0229618
55  168  0.105159
55  207  0.644799
56  74  0.011811
56  80  0.0988693
56  92  0.0225648
56  167  0.105224
56  206  0.644008
57  72  0.0110551
57  73  0.0119046
57  79  0.098987
57  91  0.022264
57  166  0.0989842
57  205  0.576497
58  71  0.0308043
58  78  0.0833009
58  90  0.0193908
58  203  0.189518
58  205  0.0369253
59  70  0.044603
59  164  0.0683821
59  202  0.185518
59  204  0.0684546
60  69  0.0489017
60  76  0.388396
60  160  0.0302699
60  163  0.0673423
60  201  0.154001
60  203  0.0485745
60  679  0.0132022
61  68  0.0503239
61  75  0.807608
61  159  0.0368421
61  162  0.0620324
61  678  0.0163806
62  67  0.0330617
62  74  0.808466
62  158  0.0375022
62  677  0.0163818
63  73  0.808298
63  157  0.0362503
63  676  0.0163737
64  72  0.805319
64  156  0.0358372
64  675  0.0163207
65  71  0.458735
66  71  0.175687
67  157  0.0660693
68  156  0.0694993
68  672  0.0116696
69  155  0.0697193
69  671  0.011281
71  154  0.109299
72  93  0.010331
72  153  0.109378
72  360  0.0120551
73  92  0.0104008
73  359  0.0128414
74  91  0.0104569
74  152  0.111129
74  358  0.0131503
75  90  0.0104689
75  151  0.135003
75  357  0.0132017
76  89  0.010471
76  150  0.145655
76  202  0.0117272
76  356  0.0132328
77  149  0.147594
77  355  0.0132226
78  148  0.148042
78  200  0.584147
78  354  0.0131592
79  87  0.0311195
79  147  0.147578
79  199  0.668305
79  353  0.0132157
80  86  0.0307231
80  198  0.668101
80  352  0.0132201
81  120  0.685741
81  145  0.103355
81  207  0.0420103
82  119  0.686245
82  144  0.148714
82  206  0.0420329
83  118  0.6854
83  143  0.141458
83  205  0.0417901
84  116  0.334219
84  117  0.354041
84  142  0.0591737
84  155  0.0119468
84  204  0.0353783
85  96  0.184858
85  115  0.671291
85  116  0.0212963
85  154  0.012583
86  95  0.185124
86  114  0.675655
86  115  0.0171241
86  153  0.0125869
86  348  0.0132891
87  94  0.182833
87  113  0.679782
87  152  0.0125807
87  347  0.0133723
88  346  0.0132595
89  112  0.684213
89  151  0.0116291
90  111  0.681989
90  150  0.011504
90  345  0.0132293
90  678  0.0329282
91  110  0.680082
91  149  0.0112116
91  344  0.0133635
91  677  0.0329269
92  109  0.678015
92  343  0.0134574
92  676  0.0312876
93  107  0.389425
93  342  0.0134969
93  675  0.0269742
94  106  0.388869
94  108  0.286216
94  341  0.0135182
95  105  0.260011
95  107  0.287056
95  340  0.0135185
95  669  0.0243705
96  105  0.429332
96  339  0.0135115
96  668  0.0245839
96  669  0.0108782
97  103  0.105917
97  104  0.555616
97  338  0.0109087
97  667  0.0165422
98  103  0.541455
98  142  0.120768
98  667  0.0285158
99  141  0.187432
99  666  0.0366614
100  140  0.188152
100  665  0.0447374
101  139  0.188528
101  664  0.044827
102  138  0.188883
102  199  0.035251
102  333  0.010407
102  663  0.0452406
103  137  0.18888
103  198  0.0354334
103  332  0.0104169
103  662  0.0452405
104  136  0.187729
104  197  0.0353199
104  331  0.0104038
104  661  0.0451238
105  135  0.181023
105  196  0.0345957
105  330  0.0103687
105  660  0.0450086
106  659  0.0393065
109  123  0.0332618
110  122  0.0853488
111  121  0.200328
112  120  0.237644
112  266  0.0394569
112  314  0.0103306
113  119  0.237438
113  265  0.0400216
113  313  0.0103329
114  118  0.192702
114  264  0.0401563
114  312  0.0102372
115  263  0.040122
118  199  0.0399527
119  198  0.0398297
119  309  0.0100507
120  308  0.0100452
121  195  0.510507
122  134  0.0954258
122  194  0.718979
123  133  0.148967
123  193  0.772582
124  132  0.168578
124  152  0.0147549
124  192  0.784068
125  131  0.163355
125  191  0.783541
126  190  0.774485
127  149  0.0133424
127  188  0.241469
127  189  0.532196
128  148  0.0154185
128  187  0.47664
128  188  0.296161
129  147  0.0155343
129  186  0.712105
129  187  0.0372066
130  146  0.0155181
130  185  0.705114
131  145  0.0154727
131  184  0.574576
132  144  0.0151543
132  159  0.769937
132  183  0.0175141
133  158  0.771763
133  182  0.0152774
134  157  0.776131
135  156  0.777447
136  155  0.776612
137  153  0.10024
137  154  0.671066
138  151  0.166666
138  152  0.167915
139  150  0.19477
140  149  0.183176
141  151  0.0802858
141  152  0.321949
142  151  0.321807
143  148  0.0107027
143  150  0.263915
144  151  0.0212237
155  679  0.0126716
156  678  0.0262316
157  677  0.0266362
158  298  0.0448571
158  676  0.0263537
159  297  0.0488053
159  675  0.0261796
160  173  0.0175663
160  180  0.0438179
160  296  0.0492737
161  172  0.0221723
161  179  0.0452258
161  295  0.0493266
161  673  0.0249569
162  171  0.0233822
162  294  0.0493313
162  672  0.0251965
163  170  0.0217842
163  177  0.707127
163  671  0.023237
164  176  0.705655
164  670  0.0220908
165  175  0.69999
165  291  0.0485506
165  669  0.0164223
166  174  0.578911
167  176  0.0478532
167  289  0.0499972
168  175  0.0480776
168  288  0.0513182
169  287  0.0513224
170  286  0.0512235
171  285  0.0513147
172  283  0.0121896
172  284  0.0390203
173  282  0.0242855
173  283  0.0266177
174  208  0.101769
174  281  0.03465
174  282  0.015557
175  207  0.12709
175  280  0.0410789
176  206  0.127122
176  279  0.0409859
177  205  0.127115
177  278  0.0410612
178  204  0.126237
179  203  0.114838
181  202  0.0111794
185  193  0.0387491
186  192  0.0405316
187  191  0.0170239
189  529  0.0150695
190  201  0.0892508
190  528  0.0161429
191  200  0.0910641
191  527  0.016151
192  199  0.0896522
192  526  0.016158
193  525  0.0158971
195  523  0.0144809
196  522  0.0145412
197  521  0.0117864
199  261  0.0111372
200  261  0.0445291
201  260  0.115852
202  259  0.116195
203  258  0.119033
204  257  0.119612
205  256  0.119943
206  255  0.120017
207  254  0.120007
208  253  0.115079
209  224  0.0377411
209  252  0.0955858
210  223  0.039565
210  251  0.0954887
211  222  0.0400189
211  250  0.0950477
212  221  0.0419641
212  248  0.0251507
213  220  0.0414509
213  246  0.0196733
213  247  0.0203334
215  244  0.0779637
216  243  0.0848637
217  242  0.0851577
218  241  0.0836429
218  674  0.0118746
219  673  0.0131686
220  672  0.0135771
221  671  0.0110518
222  237  0.0957235
223  236  0.095749
224  235  0.0931341
225  234  0.0774577
229  676  0.0140174
230  523  0.0296984
230  675  0.0164309
230  676  0.0275339
231  294  0.0294824
231  522  0.0357226
231  674  0.0177851
231  675  0.0298338
232  293  0.0300151
232  550  0.0627303
232  551  0.0633995
232  674  0.0199219
233  292  0.026305
233  520  0.132236
233  549  0.0831537
233  550  0.0983555
234  291  0.0262497
234  519  0.166235
234  548  0.088831
234  549  0.10188
234  679  0.0100057
235  252  0.0230793
235  290  0.0302579
235  518  0.175235
235  678  0.0108769
236  251  0.0252288
236  289  0.0302593
236  517  0.175244
236  547  0.441034
236  675  0.0929239
237  250  0.025272
237  288  0.0302472
237  516  0.175233
237  546  0.446942
237  674  0.094393
238  249  0.0276126
238  515  0.175075
238  545  0.446499
238  673  0.0942083
239  286  0.0234211
239  514  0.175227
239  544  0.440524
239  672  0.0940619
240  285  0.0209483
240  513  0.174787
240  543  0.175689
240  671  0.0552301
241  246  0.0239027
241  512  0.150629
242  512  0.0174684
242  543  0.414455
243  511  0.0345603
243  542  0.641322
244  510  0.0321549
244  541  0.659071
245  540  0.659229
246  539  0.658168
247  507  0.0168733
247  538  0.661061
248  505  0.0690025
248  506  0.0112481
248  537  0.661949
249  504  0.0749397
249  536  0.661029
250  280  0.0227565
250  417  0.75466
250  535  0.0157
251  416  0.0964963
252  415  0.114255
253  277  0.0243178
253  414  0.792763
254  276  0.0245624
254  413  0.79886
255  275  0.0245634
256  274  0.0240756
256  411  0.795101
256  498  0.0276569
257  410  0.798807
257  497  0.0332595
258  272  0.0226338
258  409  0.79847
258  496  0.0340759
259  271  0.0230895
259  408  0.800066
259  495  0.0343367
260  269  0.0237633
260  407  0.800086
260  494  0.0343363
261  268  0.0243223
261  406  0.800062
261  493  0.034261
262  267  0.0216929
262  277  0.0275751
262  492  0.0342931
263  276  0.0370612
263  405  0.800041
263  491  0.0341267
264  275  0.037014
264  404  0.800019
264  490  0.0187863
265  274  0.0334978
265  403  0.798807
266  402  0.794746
266  654  0.0112107
267  371  0.152204
267  395  0.0685886
267  401  0.30773
267  449  0.0103045
267  473  0.0291672
267  653  0.0188267
267  655  0.0317806
268  369  0.349506
268  372  0.0458797
268  394  0.0694398
268  448  0.010409
268  472  0.0291949
268  652  0.0188283
268  654  0.0318372
269  280  0.011533
269  368  0.310664
269  371  0.0474149
269  393  0.0566278
269  399  0.0615118
269  447  0.0103854
269  471  0.0278422
269  651  0.0145305
269  653  0.0307948
270  279  0.0115408
270  391  0.0163232
270  392  0.0423174
270  398  0.0800311
270  446  0.0103927
270  650  0.0105049
271  278  0.0113173
271  366  0.767431
271  369  0.0169115
271  390  0.0242195
271  445  0.0103461
271  652  0.0147564
272  365  0.760368
272  368  0.0157585
272  389  0.0188362
274  363  0.867225
275  362  0.902371
276  361  0.905798
277  360  0.913274
278  359  0.914351
279  358  0.916617
280  357  0.915192
282  355  0.381985
283  354  0.909315
284  353  0.912891
285  352  0.916888
286  351  0.914931
287  350  0.915856
289  348  0.91598
290  347  0.915953
291  346  0.747856
292  345  0.676965
292  346  0.0677006
293  344  0.750236
293  345  0.134903
294  341  0.0134963
294  344  0.117981
295  340  0.0125579
295  342  0.0710387
295  343  0.681357
296  342  0.713926
297  341  0.881885
298  337  0.0105879
300  338  0.889827
301  337  0.89862
302  336  0.897922
303  335  0.342956
305  333  0.91855
306  332  0.919286
306  669  0.0544883
307  331  0.918777
307  668  0.060296
308  330  0.918225
308  667  0.0682341
309  328  0.0376771
309  329  0.40936
309  666  0.0682655
310  327  0.019105
310  665  0.068192
311  327  0.891205
311  664  0.0681264
312  326  0.919206
312  663  0.0682692
313  325  0.919183
313  662  0.0682619
314  324  0.900447
314  661  0.0675545
315  344  0.0390138
316  322  0.159898
316  323  0.176238
316  343  0.045339
317  321  0.0954971
317  322  0.151097
317  342  0.0568529
318  326  0.0105294
318  341  0.0696537
319  325  0.0104727
319  340  0.0696651
320  339  0.0696588
321  338  0.0689157
322  337  0.0665101
324  334  0.0674968
325  333  0.0697016
326  332  0.0689912
343  660  0.0121257
344  659  0.0119723
347  655  0.0251906
348  654  0.0252658
349  653  0.0252009
349  660  0.042658
350  652  0.0212786
350  659  0.042675
351  658  0.042634
352  650  0.0108156
352  657  0.0425268
353  649  0.0117962
356  652  0.0400635
357  651  0.0420379
358  650  0.0422356
359  649  0.0410947
361  645  0.0758014
362  644  0.0766891
363  643  0.0774428
364  642  0.0778035
365  382  0.0358353
366  381  0.0504802
366  639  0.0799075
366  651  0.0112068
367  380  0.0509035
367  391  0.0204891
367  638  0.0811035
367  650  0.0229951
368  379  0.0509567
368  390  0.0234199
368  637  0.0813059
368  649  0.0328069
369  378  0.0507631
369  636  0.0813828
369  648  0.0346754
370  377  0.0460389
370  635  0.0714176
370  647  0.0338702
371  387  0.152137
371  468  0.0226453
372  386  0.159757
372  467  0.023767
372  645  0.0443236
373  385  0.158044
373  395  0.591067
373  466  0.0237457
373  633  0.0794407
373  644  0.0443498
374  394  0.593334
374  465  0.0220501
374  632  0.0808406
374  643  0.0416852
375  384  0.101139
375  393  0.589922
375  631  0.0807643
376  383  0.0973158
376  630  0.0797726
377  382  0.0681306
377  629  0.0770162
378  390  0.59246
378  628  0.0717816
379  389  0.595992
380  388  0.595439
381  387  0.555067
382  440  0.155428
383  439  0.171878
384  438  0.178671
384  470  0.0119759
385  437  0.179095
385  469  0.0131366
386  436  0.178957
386  468  0.013151
387  434  0.159699
387  467  0.0131546
388  395  0.0130055
388  397  0.0421228
388  433  0.162634
388  466  0.0131033
389  394  0.0102516
389  396  0.0484374
389  432  0.182737
389  465  0.0102952
390  395  0.0511345
390  431  0.193748
391  430  0.193558
392  429  0.193786
393  428  0.194876
394  427  0.195182
395  426  0.195174
396  401  0.021887
396  425  0.192279
397  424  0.156935
398  421  0.0952462
399  420  0.0631031
399  421  0.0127204
400  420  0.0132171
401  418  0.186374
402  417  0.193532
403  416  0.193463
404  415  0.18991
405  412  0.0869866
406  411  0.0780094
407  413  0.0965892
408  412  0.0785069
417  504  0.0241616
418  503  0.162191
419  502  0.172915
421  500  0.72103
422  499  0.789855
423  498  0.79526
424  497  0.794609
425  496  0.794622
426  495  0.795374
427  494  0.795283
428  475  0.0111149
428  493  0.651081
429  474  0.0263199
430  463  0.747914
430  473  0.0321653
431  462  0.7482
431  472  0.0321595
432  461  0.704205
433  458  0.72103
433  459  0.0149566
434  457  0.782994
435  456  0.798309
436  455  0.799479
437  454  0.79944
438  452  0.791342
439  451  0.790821
440  450  0.797796
441  449  0.799155
441  622  0.0418232
442  448  0.794719
442  457  0.0428411
442  621  0.0516288
442  642  0.0446085
443  447  0.302536
443  456  0.0431709
443  620  0.0517049
443  641  0.0448502
444  455  0.0432621
444  618  0.0709278
444  640  0.0448978
445  454  0.0432845
445  617  0.0709807
445  639  0.0447461
446  453  0.0385555
446  616  0.0428667
447  616  0.0284969
448  615  0.0566498
448  638  0.0316638
449  614  0.0565646
449  637  0.0402496
450  612  0.0351046
450  613  0.0378506
450  636  0.0408356
451  611  0.0559051
451  612  0.0191187
451  635  0.0407016
452  610  0.075081
452  634  0.0400558
453  609  0.0770804
453  633  0.0378874
454  607  0.0546417
454  608  0.0539599
455  606  0.0959323
455  607  0.0307888
456  605  0.119268
457  604  0.126847
458  603  0.126656
459  602  0.111082
460  469  0.0305448
461  468  0.0301827
461  600  0.124741
462  467  0.022991
462  599  0.127816
463  598  0.127815
464  597  0.119515
465  596  0.0866353
466  486  0.851706
467  485  0.856928
468  483  0.121998
468  484  0.750839
469  482  0.126251
469  483  0.747975
470  481  0.456155
470  482  0.416311
471  480  0.785658
472  479  0.699744
472  481  0.0815004
473  480  0.0805512
476  488  0.089748
477  487  0.0967744
478  486  0.0971432
479  485  0.094023
479  534  0.0117968
480  484  0.0357951
480  533  0.0170775
481  532  0.0169151
482  531  0.0105459
484  529  0.0167872
486  527  0.0205489
487  526  0.138951
488  525  0.138465
490  523  0.145579
491  522  0.147862
492  521  0.147608
493  519  0.0638226
493  520  0.084864
494  518  0.126704
495  516  0.0902323
495  517  0.0641283
496  515  0.153385
497  514  0.153269
498  513  0.155177
499  512  0.155117
500  511  0.15509
501  510  0.155174
502  509  0.153448
502  535  0.6322
503  534  0.636912
504  533  0.662651
505  532  0.662832
506  531  0.662263
507  530  0.661987
508  529  0.663028
509  528  0.662561
511  524  0.639988
512  523  0.66215
513  522  0.663233
514  521  0.657984
515  520  0.643697
521  679  0.0876016
522  678  0.106499
523  677  0.106472
524  676  0.104822
525  675  0.103064
526  674  0.10204
527  592  0.0962267
528  591  0.125668
529  590  0.12785
529  671  0.0113363
530  549  0.0332981
530  589  0.128184
530  670  0.0101702
531  588  0.128813
532  587  0.128794
533  546  0.119823
533  586  0.12882
534  541  0.027443
534  545  0.12237
534  585  0.128815
535  540  0.0306112
535  544  0.1226
535  584  0.128786
536  543  0.119668
537  542  0.108696
537  583  0.0804702
538  582  0.0797695
539  581  0.0725097
541  579  0.114649
542  578  0.12744
543  577  0.127924
544  576  0.128229
545  575  0.125508
546  715  0.0103329
547  570  0.0663998
547  714  0.0100635
548  569  0.0642184
548  570  0.0184256
548  572  0.0109326
549  569  0.0160387
551  566  0.127112
552  565  0.128679
552  669  0.806737
553  564  0.125261
553  668  0.826469
554  667  0.870131
555  562  0.125285
555  666  0.870262
556  561  0.127367
556  665  0.870254
557  664  0.869757
558  663  0.870146
559  662  0.788703
560  661  0.781504
561  660  0.866596
562  658  0.233304
562  659  0.60619
563  640  0.392048
563  657  0.4644
564  639  0.393028
564  656  0.461761
565  638  0.39236
565  655  0.46147
566  637  0.393572
566  654  0.41349
567  573  0.0102097
567  576  0.0431233
567  582  0.0279548
567  636  0.39367
567  653  0.278953
568  581  0.0620759
568  635  0.379467
569  580  0.0739163
569  634  0.199329
570  579  0.0757628
570  592  0.019985
570  649  0.0386575
571  578  0.0742947
571  591  0.0219389
571  594  0.0202283
571  648  0.0348832
571  650  0.0195733
572  577  0.0563536
572  649  0.014748
573  589  0.0150703
573  592  0.304179
573  649  0.0189915
574  591  0.346147
574  648  0.0195385
575  587  0.166655
575  590  0.348959
575  647  0.0120863
576  586  0.199379
576  589  0.349493
576  654  0.0431285
577  585  0.230969
577  588  0.341979
577  599  0.0285109
577  653  0.124101
578  584  0.20956
578  586  0.268904
578  598  0.0104825
578  652  0.0444034
579  585  0.256363
579  588  0.0136807
579  651  0.046533
580  587  0.0150572
580  596  0.0275458
580  650  0.127792
581  586  0.0117855
581  649  0.117056
582  592  0.0291861
583  591  0.0300338
583  646  0.132079
583  647  0.0172021
584  590  0.0302551
584  599  0.019783
584  645  0.153338
584  646  0.0183997
585  589  0.0246004
585  598  0.0197724
586  597  0.0184593
586  644  0.241356
587  643  0.244377
588  642  0.245414
589  599  0.0205899
589  641  0.199063
589  644  0.0674614
590  598  0.0186597
590  643  0.0680432
591  642  0.0672703
592  638  0.0908466
592  641  0.0588361
593  637  0.0851689
594  637  0.0330353
597  634  0.439645
598  633  0.587466
598  653  0.0353803
599  652  0.0360161
600  631  0.780081
600  651  0.0271799
601  630  0.800372
602  629  0.800302
603  628  0.799481
603  643  0.0268991
604  627  0.800704
604  642  0.0296345
605  626  0.799378
605  641  0.0296232
605  646  0.0151331
606  625  0.789856
606  640  0.029451
606  645  0.0162893
607  618  0.516682
607  623  0.208714
607  624  0.143927
607  639  0.0181767
608  617  0.540684
608  622  0.208984
608  623  0.131485
609  616  0.543745
609  621  0.334636
610  615  0.526594
610  620  0.325525
610  636  0.0125599
611  619  0.305136
613  632  0.036808
614  631  0.0418278
615  630  0.0422441
617  628  0.0431782
618  627  0.0432975
619  626  0.034243
620  634  0.012092
621  633  0.0132671
621  644  0.036154
622  632  0.0131739
622  643  0.0367891
623  630  0.0136092
623  642  0.0368026
624  629  0.0123506
627  640  0.0408892
628  639  0.0409829
629  638  0.040078
635  643  0.0144602
636  642  0.0157707
641  658  0.287103
642  657  0.368242
643  656  0.358554
644  654  0.138955
645  652  0.146996
645  654  0.183627
646  652  0.0101183
647  652  0.0128022
669  718  0.0249574
670  717  0.117269
671  716  0.148476
672  715  0.157713
672  717  0.128204
673  716  0.162953
674  714  0.171559
674  715  0.173814
675  713  0.173515
675  714  0.172669
676  712  0.105899
677  711  0.0134086
680  712  0.715051
681  711  0.945551
682  710  0.978582
683  709  0.989012
684  708  0.989443
685  707  0.994432
686  706  0.994398
688  704  0.99462
689  703  0.995376
690  702  0.994951
691  701  0.994739
692  700  0.881681
