1  28  0.24839
1  104  0.0346574
2  27  0.406344
2  103  0.0564998
2  146  0.0105968
3  26  0.372978
3  102  0.0630421
3  145  0.0113842
4  16  0.0117189
4  25  0.0981745
4  101  0.0619468
5  15  0.0143767
5  24  0.190241
5  100  0.0591653
6  14  0.0138183
6  23  0.503638
7  13  0.0110356
7  14  0.0106369
7  22  0.506647
7  99  0.0477281
7  145  0.0161317
8  13  0.0117566
8  21  0.50479
8  98  0.0475278
8  144  0.0153612
9  97  0.0457278
10  19  0.495711
10  96  0.0411169
11  18  0.444423
13  92  0.0314322
14  91  0.0338743
15  90  0.0341327
18  87  0.0376001
19  86  0.0382612
20  85  0.0383211
20  139  0.424748
21  138  0.425736
22  83  0.0291153
22  137  0.425938
23  82  0.027785
23  136  0.425151
24  33  0.0172282
24  81  0.0164827
24  134  0.0128563
24  135  0.413753
25  32  0.0172523
25  133  0.024783
25  134  0.395319
26  31  0.011339
26  132  0.0346478
28  93  0.0186528
29  76  0.0160286
29  92  0.0260338
29  150  0.0193085
30  75  0.0165106
30  91  0.0291487
30  149  0.0237789
31  44  0.0237056
31  59  0.0402219
31  84  0.722922
31  85  0.0841149
31  90  0.027187
32  43  0.0256463
32  58  0.0406846
32  83  0.863514
32  89  0.0269731
33  42  0.0257069
33  57  0.0403677
33  82  0.865326
33  88  0.0268098
34  41  0.0248185
34  56  0.0203221
34  81  0.897869
34  87  0.0137639
35  40  0.0217594
35  80  0.896492
36  78  0.218372
36  79  0.673418
37  56  0.0702412
37  77  0.435488
37  78  0.417572
38  55  0.103679
38  76  0.654186
39  54  0.11138
39  75  0.653314
40  53  0.111783
40  74  0.4696
40  77  0.0148249
41  52  0.111705
41  75  0.0916029
41  76  0.0181157
42  51  0.111429
42  73  0.143861
42  74  0.332123
43  50  0.0911081
43  72  0.0336908
43  73  0.511114
43  74  0.0162945
45  72  0.809202
46  70  0.0147031
46  71  0.862027
47  69  0.0148049
47  70  0.86208
48  69  0.838079
49  67  0.0193059
49  68  0.582829
52  65  0.793257
52  67  0.0272396
53  64  0.828882
54  63  0.831372
54  66  0.0476865
55  62  0.819521
55  65  0.0478057
56  61  0.778056
56  64  0.0478056
57  63  0.0472416
57  73  0.0449102
57  85  0.0141624
58  62  0.0179869
58  72  0.045422
58  84  0.0143254
59  71  0.0436235
59  83  0.0143899
60  69  0.0101468
60  70  0.0399563
60  82  0.0143541
61  77  0.0115617
62  76  0.0125999
63  75  0.0126595
64  74  0.0109029
67  132  0.0111604
68  131  0.0114538
70  130  0.0190856
71  129  0.0229753
72  128  0.0268186
73  83  0.0117661
73  127  0.0268429
74  82  0.0117373
74  126  0.0263874
75  81  0.0171813
77  123  0.022468
78  122  0.0243578
79  121  0.0246396
80  120  0.0246269
81  119  0.0244419
82  130  0.0317244
83  129  0.0325523
84  92  0.0116734
84  128  0.0327124
85  91  0.0125765
85  94  0.0127373
85  127  0.0329697
85  132  0.0143909
86  93  0.0124332
86  126  0.0326807
86  132  0.170248
86  150  0.33426
87  92  0.0106975
87  125  0.0312084
87  131  0.326922
87  140  0.0101878
87  146  0.0159383
87  149  0.0710595
88  105  0.0212142
88  130  0.373072
88  139  0.0105291
88  145  0.020605
88  148  0.0751799
89  104  0.0219482
89  129  0.373022
89  144  0.0184577
89  147  0.371813
90  100  0.0188204
90  103  0.0221515
90  127  0.0163268
90  128  0.333015
90  143  0.0156567
90  146  0.39657
91  99  0.0283191
91  102  0.0221366
91  105  0.0106751
91  145  0.396063
92  98  0.0254948
92  104  0.0107154
92  144  0.371888
93  97  0.0128403
93  106  0.0155858
94  99  0.0577826
94  102  0.341009
94  105  0.0209312
95  101  0.292233
95  121  0.136779
95  122  0.0133446
95  123  0.0212613
96  120  0.139732
97  119  0.0711364
98  119  0.321432
98  150  0.0123533
99  118  0.435464
99  149  0.015298
100  117  0.439198
100  148  0.0151343
101  116  0.439722
101  147  0.0127571
102  115  0.440312
103  114  0.440107
104  113  0.438672
104  143  0.0136863
105  112  0.422842
106  141  0.116259
106  142  0.0602112
106  143  0.0140636
107  140  0.129023
107  141  0.0750155
107  142  0.018762
108  140  0.0785371
108  141  0.0177449
109  138  0.521399
110  137  0.557626
111  136  0.557096
112  135  0.558792
113  134  0.558827
115  133  0.559129
116  132  0.558542
117  131  0.558184
118  130  0.559659
119  129  0.558817
120  128  0.50347
139  149  0.01864
140  148  0.0191114
141  147  0.0167969
