1  26  0.0229566
2  25  0.0471212
2  30  0.0130244
2  52  0.0571709
2  56  0.0631088
3  24  0.0539411
3  51  0.120202
3  55  0.163301
4  23  0.0539492
4  29  0.810221
4  50  0.120271
5  22  0.053782
5  28  0.81859
5  49  0.120124
6  27  0.817739
7  26  0.777546
9  24  0.943413
10  19  0.0506539
10  23  0.944229
11  18  0.0482289
11  22  0.92763
12  17  0.0393653
12  21  0.840149
26  756  0.0138317
27  48  0.0975123
27  755  0.0347418
28  47  0.122184
28  754  0.0382456
29  46  0.122148
29  753  0.0383257
31  53  0.874036
32  44  0.121829
32  52  0.874586
33  43  0.12463
33  51  0.873358
34  42  0.124561
34  50  0.873324
35  41  0.12264
35  49  0.865053
37  45  0.02113
37  46  0.0868015
38  44  0.0136078
38  45  0.112161
38  46  0.0272626
39  44  0.0980879
39  45  0.0229456
39  48  0.212945
40  47  0.222183
41  47  0.110106
42  46  0.0426956
54  754  0.0535485
55  751  0.0138132
55  753  0.0571834
56  750  0.0133653
56  754  0.646972
57  749  0.0126028
57  751  0.0375728
57  753  0.713689
58  751  0.454924
58  752  0.446546
59  750  0.963496
60  749  0.967731
61  748  0.998714
62  747  0.998625
63  746  0.998964
64  745  0.998895
65  744  0.902659
66  721  0.0440017
66  743  0.511834
67  720  0.0497614
67  741  0.119745
68  721  0.621677
68  723  0.0117907
68  740  0.103916
69  720  0.67709
69  722  0.0481668
69  739  0.0895987
70  719  0.75222
70  721  0.063822
71  717  0.866689
71  720  0.0641635
71  735  0.0117143
72  716  0.866097
72  734  0.011517
73  382  0.0165687
73  715  0.862518
73  724  0.0256754
73  733  0.010259
74  381  0.0164186
74  714  0.780412
74  723  0.0253857
75  722  0.0216819
76  720  0.0135173
77  380  0.833021
78  379  0.979014
79  378  0.992072
80  377  0.991613
81  376  0.990019
82  373  0.0312085
82  375  0.960508
83  372  0.176895
84  371  0.173652
84  373  0.559893
85  371  0.65218
87  369  0.987795
88  368  0.99483
89  367  0.995298
90  366  0.994874
91  365  0.995337
92  364  0.995309
93  363  0.990986
94  362  0.973564
97  107  0.0241493
98  106  0.0241582
98  250  0.926239
99  105  0.0238599
99  249  0.934483
100  248  0.932744
101  247  0.933396
103  246  0.972027
104  245  0.97191
105  244  0.972953
106  243  0.972953
107  242  0.971524
110  240  0.193495
111  121  0.0129645
111  158  0.0277339
111  162  0.0230985
111  239  0.216744
112  120  0.012951
112  161  0.0234247
112  238  0.216553
113  119  0.0101562
113  160  0.022547
113  237  0.111264
114  156  0.760953
114  236  0.0867348
115  155  0.840337
116  154  0.841052
117  153  0.84061
117  233  0.0910959
118  152  0.840824
118  160  0.0428726
118  232  0.0943989
119  151  0.788643
119  159  0.0437033
119  230  0.0498487
119  231  0.0485946
120  129  0.0118114
120  150  0.546925
120  158  0.0440848
120  229  0.0957185
121  149  0.488026
121  228  0.0966366
122  129  0.696176
122  131  0.0834044
122  157  0.0610429
122  227  0.0762877
123  128  0.506096
123  130  0.0660513
123  156  0.0608096
123  226  0.0701063
127  154  0.114171
128  153  0.126927
129  152  0.129156
130  150  0.336074
130  151  0.0649386
131  149  0.505477
132  148  0.975583
133  147  0.978823
135  145  0.986732
136  144  0.985977
137  143  0.860351
152  177  0.0143778
153  176  0.0145154
154  175  0.0148745
155  174  0.0148552
159  225  0.0817935
159  240  0.468849
160  172  0.0188077
160  224  0.10525
160  239  0.69168
161  171  0.0188901
161  223  0.105291
161  239  0.0172616
162  170  0.0188805
162  222  0.100857
162  237  0.808515
163  169  0.0170831
163  236  0.819241
163  361  0.0154171
164  221  0.101256
164  235  0.823531
164  360  0.0226455
165  220  0.101228
165  234  0.822264
165  359  0.0226573
166  233  0.823249
166  358  0.0226424
167  219  0.073022
167  232  0.379627
167  357  0.0225862
168  216  0.030146
168  218  0.0732026
168  231  0.379028
168  235  0.011528
168  356  0.022366
169  215  0.0301098
169  217  0.0730447
169  230  0.823357
169  234  0.0115163
169  355  0.0212199
170  214  0.0291997
170  216  0.0706942
170  229  0.821896
170  233  0.0115112
170  351  0.0186898
171  183  0.112328
171  228  0.773664
171  232  0.0114509
171  350  0.0209438
172  182  0.154735
172  195  0.0141348
172  228  0.0194267
172  349  0.0206076
173  181  0.160973
173  194  0.024533
173  196  0.0109594
173  223  0.0286619
173  227  0.0314644
173  348  0.0172754
174  180  0.160899
174  193  0.0243683
174  195  0.010786
174  222  0.0282037
174  345  0.011104
175  179  0.0996558
175  228  0.0320678
175  344  0.0183078
176  227  0.119812
176  343  0.0190101
177  222  0.0147796
177  342  0.0190068
178  191  0.0374711
178  222  0.176859
178  225  0.470617
178  341  0.0150845
179  190  0.0408081
179  221  0.26635
179  224  0.503478
179  293  0.0220684
180  189  0.0408401
180  220  0.266611
180  223  0.503631
180  292  0.0221211
181  188  0.0408819
181  219  0.266606
181  222  0.503611
181  291  0.0221204
182  187  0.0427235
182  218  0.261084
182  221  0.497572
182  289  0.0106223
182  290  0.01152
183  207  0.0123964
183  208  0.0150396
183  217  0.254469
183  220  0.483808
183  224  0.0340119
183  288  0.0109206
183  289  0.011238
184  206  0.0150156
184  207  0.299177
184  216  0.254191
184  218  0.0866174
184  223  0.0337893
184  287  0.0112064
184  288  0.0107722
185  215  0.23787
185  217  0.0736162
185  286  0.0108996
187  204  0.852424
188  203  0.925997
188  213  0.0174216
189  202  0.926386
189  212  0.0198072
190  201  0.926648
190  211  0.0197875
191  200  0.925877
192  199  0.907276
194  198  0.0181079
195  206  0.0200696
196  205  0.0201118
198  203  0.0267543
198  221  0.0169405
199  220  0.0169557
200  219  0.0169406
201  218  0.0169509
202  217  0.0166501
203  222  0.0190349
204  214  0.0158504
204  215  0.0101468
204  221  0.0646876
205  213  0.0112244
205  214  0.0416863
205  220  0.0669832
206  211  0.0729702
206  219  0.0667576
207  211  0.0207858
210  217  0.145936
211  216  0.231527
211  218  0.30058
211  282  0.0185695
212  217  0.197638
212  281  0.0184497
213  280  0.016395
215  278  0.0178351
216  277  0.0180553
217  276  0.0180528
218  275  0.0180565
220  274  0.0178425
221  273  0.0178355
222  272  0.0174927
223  271  0.0174921
224  270  0.0174345
225  269  0.0158205
227  240  0.0268345
228  239  0.0362718
229  238  0.0362716
230  237  0.0352241
231  236  0.0295756
237  255  0.0213715
238  254  0.0213891
239  253  0.0213793
240  252  0.0174243
243  250  0.0207476
244  249  0.0195442
249  360  0.0325714
250  359  0.0329112
251  358  0.032919
252  352  0.822685
252  357  0.0190639
253  351  0.963588
254  350  0.973669
255  349  0.973753
256  348  0.973759
257  347  0.97199
258  346  0.427117
260  346  0.500693
261  345  0.969542
262  344  0.97133
263  343  0.962097
264  342  0.933769
265  341  0.811834
266  296  0.0149908
268  294  0.0135834
269  294  0.43675
270  293  0.972958
271  292  0.973582
272  291  0.973533
273  289  0.0208823
273  290  0.951025
274  288  0.0214712
274  289  0.952099
275  287  0.0220328
275  288  0.951309
276  286  0.0209617
277  287  0.943704
278  286  0.932389
279  285  0.866232
298  340  0.981518
299  339  0.981946
300  338  0.33697
301  338  0.655838
302  337  0.993483
303  336  0.993049
304  335  0.993742
305  334  0.993692
306  333  0.981195
307  332  0.954502
308  313  0.017522
308  323  0.0124287
309  320  0.0117787
309  322  0.0124924
309  327  0.362059
309  330  0.34288
309  331  0.043646
310  319  0.0113334
310  321  0.0121504
310  326  0.363233
310  329  0.447568
311  325  0.364773
311  328  0.413018
312  319  0.0115037
312  324  0.365064
312  326  0.0189017
313  327  0.174709
313  331  0.0508592
313  333  0.0105909
314  322  0.340258
314  330  0.0502301
314  332  0.0105583
315  321  0.298125
315  324  0.0128517
315  325  0.470499
315  329  0.028394
316  323  0.0179581
316  324  0.475169
317  323  0.430177
317  329  0.0561572
318  328  0.0993077
319  327  0.105321
320  326  0.104224
324  331  0.0276171
325  330  0.0273793
381  718  0.0941626
382  717  0.10256
383  713  0.862348
383  716  0.101743
384  712  0.863662
384  715  0.101902
384  727  0.0103412
385  711  0.861545
385  713  0.01474
385  714  0.0576241
385  726  0.0103688
386  710  0.861134
386  725  0.010415
387  709  0.833332
387  712  0.102046
387  713  0.0123702
387  724  0.0104229
388  709  0.0130545
388  711  0.103239
388  712  0.0123236
388  723  0.010405
389  708  0.0252198
389  710  0.105643
389  722  0.0104023
390  709  0.105858
390  721  0.010371
391  707  0.9808
391  720  0.0103166
392  706  0.994494
393  705  0.994575
394  704  0.99457
395  703  0.994556
396  702  0.993751
400  521  0.952907
401  520  0.954977
402  519  0.956122
403  517  0.0414705
404  514  0.635849
404  515  0.0150631
404  516  0.0321801
404  518  0.157353
405  513  0.688501
405  517  0.156028
406  512  0.689845
406  517  0.0332575
407  511  0.68321
407  515  0.241428
407  516  0.0173354
408  514  0.259538
409  513  0.249244
410  508  0.771129
411  507  0.769067
411  512  0.0604689
411  517  0.0108883
412  506  0.766312
412  510  0.106724
412  511  0.0602847
412  516  0.0108681
413  505  0.749244
413  509  0.112016
413  510  0.0588126
413  515  0.0107397
414  461  0.0148783
414  504  0.6507
414  508  0.111807
414  509  0.0539927
414  514  0.0101231
415  507  0.091585
416  459  0.975546
417  458  0.990321
418  457  0.99003
419  456  0.990423
420  455  0.990477
421  453  0.434139
421  454  0.564766
422  452  0.859464
422  453  0.138406
423  451  0.996645
424  450  0.995512
425  449  0.99852
426  448  0.999129
427  447  0.999112
428  446  0.9905
429  441  0.0292894
429  445  0.959893
430  440  0.0369562
430  441  0.038472
431  439  0.0359213
431  440  0.0389453
433  443  0.869415
434  442  0.903303
435  441  0.84822
460  505  0.012928
462  503  0.989565
463  502  0.990416
464  501  0.990396
465  500  0.989543
466  481  0.0301608
466  499  0.969345
467  480  0.0329806
467  498  0.958453
468  479  0.120758
468  497  0.757315
469  478  0.121401
469  496  0.726702
469  497  0.0124903
470  477  0.121304
470  495  0.822281
470  496  0.0239073
471  476  0.119284
471  491  0.012643
472  490  0.0124593
472  494  0.834176
473  493  0.851071
474  485  0.0146366
474  492  0.858887
475  484  0.0147392
475  491  0.858781
476  483  0.0140723
476  490  0.839407
477  482  0.0118392
477  488  0.0652869
480  485  0.458027
480  486  0.0113064
480  492  0.0442686
481  491  0.0440605
482  489  0.0334992
483  488  0.0334958
484  492  0.0690354
485  491  0.0682823
522  700  0.983765
523  699  0.984164
524  698  0.983184
525  697  0.978261
528  693  0.974264
529  692  0.986573
530  691  0.98663
531  690  0.985087
532  583  0.994267
533  582  0.995465
534  581  0.999806
535  580  0.999888
536  579  0.998966
537  578  0.99845
538  577  0.998
539  576  0.997539
540  575  0.999188
541  574  0.999703
542  573  0.983841
543  572  0.96514
544  570  0.0129072
545  571  0.930715
546  570  0.936604
547  569  0.946235
547  570  0.0129886
548  568  0.860809
548  571  0.0150155
549  567  0.156624
549  570  0.0153604
550  566  0.0513644
553  567  0.836612
554  566  0.9401
555  565  0.981429
556  564  0.957321
585  689  0.977996
586  688  0.984961
587  687  0.986532
589  686  0.987605
590  685  0.987614
591  684  0.987328
592  683  0.914832
593  680  0.89558
593  681  0.0105878
594  639  0.0139034
594  679  0.962889
595  638  0.0139078
595  678  0.962788
596  637  0.0142282
596  677  0.850987
598  675  0.93322
599  634  0.0141602
599  674  0.94577
600  609  0.0423148
600  673  0.945111
601  608  0.043031
601  672  0.945104
602  607  0.0427254
602  671  0.925711
603  670  0.794411
604  668  0.0854397
605  667  0.0766747
605  668  0.0591577
606  667  0.0474756
607  618  0.515889
607  644  0.0574061
607  668  0.254206
608  617  0.51644
608  643  0.0571095
608  664  0.0855585
608  667  0.265613
609  616  0.515482
609  663  0.0855467
609  666  0.266242
610  615  0.390202
610  676  0.0122714
611  641  0.168185
611  675  0.0169817
612  640  0.181326
612  674  0.017346
613  625  0.0204149
613  639  0.0912329
613  644  0.0135028
613  673  0.0180436
614  624  0.0206851
614  639  0.253923
614  643  0.013046
615  623  0.0208426
615  638  0.346098
615  671  0.017722
616  622  0.0208801
616  637  0.413401
616  642  0.010229
616  670  0.0174251
617  621  0.0169462
617  636  0.413394
617  669  0.0173614
618  635  0.413057
618  640  0.0125949
619  667  0.102409
620  634  0.0231256
620  638  0.0646935
620  640  0.0324743
620  666  0.124856
621  637  0.479391
621  639  0.0359078
621  670  0.0150863
622  631  0.388897
622  636  0.479387
622  638  0.0358699
622  669  0.0156892
623  630  0.365075
623  668  0.0129241
624  629  0.276641
624  632  0.0489174
624  635  0.484884
625  631  0.0510954
625  634  0.492862
625  635  0.0164173
626  633  0.485849
626  634  0.0157722
627  632  0.452955
627  633  0.010937
634  644  0.0177114
635  643  0.0177416
636  642  0.0168349
638  664  0.364553
638  670  0.130651
639  663  0.36526
639  669  0.177048
640  662  0.410858
640  668  0.184812
641  661  0.386393
641  667  0.187257
642  666  0.184055
643  659  0.0168492
644  659  0.430429
645  658  0.465445
645  664  0.519421
646  657  0.465425
646  663  0.520014
647  656  0.456143
647  662  0.520935
648  661  0.519964
649  660  0.517495
650  659  0.471787
652  657  0.0492371
665  683  0.0218126
666  682  0.0338281
667  681  0.0338455
668  680  0.0338603
669  679  0.0339095
670  678  0.033881
671  677  0.0275848
672  676  0.0160445
722  743  0.311493
723  736  0.0110754
723  742  0.79397
724  735  0.0146218
724  741  0.835828
725  734  0.0143362
725  740  0.834766
726  737  0.0184417
726  738  0.37664
726  739  0.2068
727  736  0.0381836
727  737  0.490797
727  739  0.300995
728  735  0.0346906
728  736  0.480039
728  737  0.0618487
728  738  0.307014
729  735  0.401467
729  736  0.0993899
729  737  0.287161
730  735  0.0709396
730  736  0.237676
731  735  0.0742587
