1  252  0.0127788
1  465  0.0295184
1  481  0.877933
1  668  0.012887
2  251  0.0127935
2  464  0.0295834
2  480  0.879616
3  250  0.0126691
3  463  0.0296259
3  479  0.880757
4  462  0.0287655
4  477  0.875245
4  665  0.0129635
5  35  0.0310984
5  476  0.876715
5  664  0.0123643
6  34  0.031416
6  460  0.0167591
6  475  0.861614
7  33  0.0311294
7  459  0.017625
8  458  0.0147947
8  473  0.772826
9  472  0.880712
10  30  0.0320862
10  471  0.88808
11  29  0.0321564
11  389  0.0180466
11  470  0.868182
12  28  0.0293857
12  388  0.0172385
12  469  0.859344
13  27  0.0198208
13  468  0.760086
15  466  0.0759168
16  27  0.0122495
17  26  0.0147927
18  25  0.0185577
18  382  0.653999
19  24  0.0175796
19  381  0.903405
20  380  0.903646
21  379  0.900577
22  378  0.615076
23  31  0.50698
23  650  0.0193225
24  30  0.507124
24  37  0.181964
24  379  0.0119825
24  649  0.0196119
25  29  0.314209
25  36  0.274032
25  377  0.0190988
25  378  0.0269791
25  648  0.0196362
26  35  0.268909
26  376  0.0174066
26  377  0.0426328
26  647  0.0195433
27  375  0.0130464
27  376  0.0406741
28  375  0.0147984
29  37  0.114772
30  36  0.144935
31  35  0.0897869
36  246  0.0370779
37  245  0.0755011
37  376  0.36851
37  377  0.184649
38  244  0.0756671
38  375  0.693823
38  376  0.123975
39  243  0.0756871
39  374  0.824511
39  375  0.0621353
40  242  0.0758085
40  373  0.919181
41  241  0.0757704
41  372  0.918464
42  240  0.0756723
42  371  0.919301
43  239  0.0755304
43  370  0.91929
44  238  0.0748141
44  368  0.0101051
45  368  0.904213
46  366  0.0119503
47  365  0.0107048
47  366  0.854921
48  61  0.0197064
48  365  0.900427
49  60  0.0238435
49  364  0.907069
50  59  0.026083
50  235  0.041542
50  363  0.906847
51  58  0.0260179
51  234  0.0418221
51  362  0.9026
52  57  0.0244815
52  233  0.0417196
52  360  0.915963
53  232  0.0165877
53  359  0.915667
54  232  0.0237793
54  358  0.916684
55  231  0.021325
55  357  0.916958
56  202  0.0215999
56  356  0.916985
57  201  0.0224349
57  355  0.916945
58  200  0.0250981
58  229  0.0113316
58  354  0.903704
59  199  0.0265244
59  212  0.0223231
59  228  0.0122738
59  353  0.866991
60  75  0.0662569
60  82  0.0521274
60  198  0.0253167
60  211  0.0237769
60  352  0.314899
61  74  0.0940876
61  81  0.0665984
61  197  0.0199387
61  210  0.0248927
61  213  0.0105036
61  226  0.0355578
62  73  0.106454
62  80  0.0703624
62  199  0.0103367
62  209  0.0251879
62  212  0.0118896
62  225  0.157766
63  72  0.105053
63  79  0.0702229
63  81  0.0125126
63  198  0.0100079
63  208  0.0250805
63  224  0.147978
63  234  0.0124293
64  71  0.0918997
64  77  0.0108012
64  78  0.0587419
64  80  0.0165583
64  199  0.55588
64  207  0.0231806
64  209  0.0130673
64  223  0.0220483
64  233  0.014914
64  351  0.074505
65  76  0.0202013
65  79  0.0165231
65  198  0.557188
65  208  0.0130545
65  232  0.0149093
65  350  0.0847241
67  76  0.0616797
67  349  0.0989303
68  75  0.0587226
68  348  0.099576
69  74  0.0408747
69  347  0.100023
70  346  0.0879016
71  345  0.0884946
72  344  0.101888
73  198  0.0123291
73  343  0.101504
75  200  0.0160248
75  341  0.0465851
76  86  0.794101
76  199  0.0194657
76  340  0.0499964
77  85  0.794506
77  198  0.0192916
77  339  0.0493516
78  84  0.787549
79  86  0.0172613
79  233  0.0791016
80  85  0.0167926
80  232  0.0790653
82  230  0.0673751
83  229  0.070958
84  200  0.0904419
84  228  0.0707614
85  199  0.110914
85  227  0.0602976
86  198  0.112031
88  196  0.984238
89  195  0.985104
90  194  0.985117
91  193  0.985768
92  192  0.985497
93  191  0.985309
94  130  0.0173558
94  190  0.854234
95  150  0.0184465
96  128  0.888981
96  149  0.0228289
97  127  0.923608
97  148  0.0231305
98  123  0.0684242
98  126  0.918285
99  122  0.0686298
99  125  0.919555
100  124  0.897222
101  121  0.498033
102  120  0.51006
102  123  0.485063
103  119  0.509767
103  122  0.485062
104  118  0.509638
104  121  0.483854
106  116  0.993562
107  115  0.992906
108  114  0.887233
109  113  0.444106
124  146  0.0227449
125  145  0.0247131
125  188  0.0163346
126  144  0.0246848
126  187  0.0169575
127  143  0.0247406
127  186  0.0169986
128  142  0.024483
128  189  0.0332049
129  171  0.0313729
129  188  0.0341104
130  170  0.031911
131  156  0.21221
131  167  0.275654
131  169  0.0320058
131  189  0.418698
132  138  0.0229429
132  155  0.212312
132  166  0.275781
132  168  0.0320027
132  188  0.418702
133  154  0.210909
133  165  0.35968
133  167  0.0303067
133  186  0.0198521
134  152  0.0229821
135  151  0.0218503
135  152  0.069109
136  150  0.0203543
136  151  0.0687702
136  152  0.0103646
137  150  0.0622257
137  151  0.0111937
137  152  0.303637
138  151  0.35718
138  152  0.0139237
138  165  0.0532633
139  150  0.365036
139  151  0.0131615
139  152  0.0995169
140  149  0.339506
141  148  0.306103
142  149  0.610062
143  148  0.634173
154  163  0.730647
155  162  0.768125
156  161  0.75021
161  189  0.175215
162  188  0.175242
163  186  0.075997
166  183  0.688665
167  182  0.689235
168  181  0.697855
168  189  0.268289
169  180  0.697873
169  188  0.268393
170  179  0.697449
170  187  0.267098
171  178  0.695344
171  186  0.249272
172  183  0.292042
173  182  0.298868
174  181  0.298221
175  180  0.225655
198  225  0.0152973
201  221  0.919372
202  220  0.922511
203  219  0.921232
204  217  0.310989
204  218  0.620772
205  216  0.611318
205  217  0.318997
206  215  0.911273
207  214  0.906849
208  215  0.0206138
209  214  0.0211398
214  225  0.0185292
215  224  0.0187683
216  223  0.0183758
217  222  0.0149418
224  340  0.0276957
225  339  0.0346428
225  352  0.555311
226  338  0.0348735
226  351  0.769343
227  337  0.0349029
227  350  0.807486
228  336  0.0348853
228  349  0.807972
229  335  0.03189
229  347  0.10546
229  348  0.701887
230  346  0.209998
230  347  0.597314
231  345  0.446316
231  346  0.361183
232  344  0.681332
233  331  0.0305023
233  343  0.680242
233  345  0.0974423
234  330  0.0303148
234  341  0.160281
234  344  0.0894781
235  329  0.0297053
235  340  0.138427
235  341  0.161755
236  340  0.240484
237  338  0.851458
238  272  0.0416889
238  337  0.865925
239  271  0.0426233
239  336  0.866692
240  270  0.0426532
240  335  0.866659
241  334  0.836221
242  268  0.0479444
243  267  0.047849
243  332  0.691811
244  266  0.0478421
244  331  0.511653
244  332  0.0792163
245  264  0.0205274
245  331  0.087841
246  263  0.0246362
246  265  0.035456
246  329  0.851954
246  644  0.0207747
247  262  0.0126068
247  264  0.034765
247  328  0.856391
247  643  0.0208209
248  262  0.0479698
248  327  0.855795
248  642  0.0208219
249  255  0.0144321
249  261  0.062914
249  325  0.0348864
249  641  0.0208162
250  260  0.0621381
250  640  0.0208072
251  639  0.0160266
254  320  0.508198
255  319  0.534761
256  318  0.505479
257  320  0.244789
258  319  0.2574
258  600  0.0165332
259  317  0.616917
259  318  0.129992
259  599  0.0173763
260  273  0.0124516
260  314  0.0207204
260  316  0.833153
260  598  0.0175064
261  272  0.0124165
261  313  0.0207297
261  315  0.835958
261  597  0.017506
262  273  0.0101672
262  312  0.0207305
262  314  0.835805
263  272  0.0101658
263  311  0.0207293
263  313  0.835803
263  594  0.0171819
264  310  0.0204569
264  312  0.835271
264  593  0.0171775
264  676  0.0328922
265  311  0.834417
265  592  0.0171628
265  675  0.0340935
266  308  0.0714564
266  674  0.0343774
267  307  0.0814806
267  673  0.0342874
268  303  0.0342568
268  308  0.0183335
269  307  0.0177695
269  671  0.0351138
270  278  0.0649064
270  302  0.0520432
270  303  0.594005
270  670  0.0355193
271  277  0.0645234
271  302  0.594064
271  303  0.142188
271  669  0.0356637
272  300  0.640993
272  302  0.142799
272  668  0.0356672
273  297  0.0146118
273  299  0.637804
273  301  0.14227
273  667  0.0356671
274  296  0.0179563
274  666  0.0310778
275  296  0.0192163
275  665  0.0197062
276  293  0.895683
277  292  0.918586
278  291  0.920089
279  290  0.916519
280  289  0.914456
281  288  0.818913
283  287  0.019205
283  310  0.0199862
283  589  0.0137692
284  308  0.0449714
284  588  0.0138506
285  307  0.046874
285  587  0.0138448
286  306  0.0478282
286  586  0.0138782
287  305  0.0474336
287  585  0.0138857
288  584  0.0136054
289  583  0.0121486
290  304  0.0242873
290  581  0.0100819
291  303  0.0546675
291  580  0.01013
292  302  0.0546631
292  579  0.0100593
293  301  0.046785
295  659  0.0283204
296  319  0.0332267
296  658  0.0324202
297  318  0.0781518
297  576  0.0108037
297  657  0.0333694
298  317  0.0849954
298  575  0.0108037
299  316  0.0912547
299  574  0.0108063
299  655  0.0257387
300  315  0.0912634
300  573  0.0108021
300  654  0.0337443
301  314  0.0915398
301  453  0.0101562
302  313  0.0914631
302  452  0.0102526
302  650  0.0339016
303  311  0.0924127
303  451  0.0102556
303  649  0.0339174
304  310  0.651499
304  450  0.0102846
304  648  0.0338511
305  310  0.0429484
305  647  0.0336882
311  595  0.0287859
312  594  0.0290998
313  593  0.029483
314  592  0.0294711
315  329  0.0438798
316  328  0.0441763
317  327  0.0441353
318  326  0.0508403
319  325  0.0515103
325  335  0.0102791
326  334  0.0105634
327  333  0.0106087
334  581  0.0158848
335  580  0.0485929
336  390  0.0143065
336  579  0.0487273
337  389  0.0165661
337  578  0.0487326
338  388  0.0165921
338  577  0.0486897
339  387  0.0166235
339  576  0.0485351
342  384  0.0165508
343  383  0.0166789
343  572  0.0436882
344  382  0.0166722
344  571  0.0436968
345  381  0.016675
345  570  0.0434933
346  387  0.0345173
346  569  0.020139
347  386  0.044617
348  378  0.0162316
348  385  0.051983
349  377  0.0162424
349  384  0.0554546
350  376  0.0154389
350  383  0.0572182
351  382  0.0580138
352  381  0.0579408
353  379  0.0524439
355  374  0.0759682
356  373  0.0787277
357  372  0.078814
358  371  0.0788169
359  370  0.0788181
360  369  0.0773847
362  368  0.0269788
387  567  0.0117887
390  460  0.183781
390  461  0.0323088
391  460  0.0392802
393  457  0.826308
394  456  0.973815
395  455  0.979645
396  454  0.980332
397  453  0.980753
399  452  0.928658
400  451  0.924989
401  450  0.985071
402  449  0.984856
403  448  0.986216
404  447  0.953158
406  443  0.0436309
407  442  0.044043
407  444  0.938985
408  441  0.0439661
408  443  0.94235
409  440  0.0432539
409  442  0.942628
410  441  0.890796
415  439  0.996837
416  438  0.99808
417  437  0.998741
418  436  0.99986
419  435  0.998859
420  434  0.999393
421  433  0.999956
422  432  0.999878
423  431  0.997341
424  430  0.995667
425  429  0.379032
459  563  0.0107732
460  562  0.0120575
462  560  0.0563172
463  559  0.0595036
464  558  0.0594941
465  556  0.0587542
466  555  0.0589234
468  553  0.0606635
469  552  0.0613239
470  551  0.0612884
471  550  0.0613846
472  549  0.0602002
473  548  0.057757
476  544  0.0291912
476  545  0.0191631
476  678  0.0210824
477  543  0.0262872
477  544  0.0173768
477  677  0.0220065
478  676  0.0226996
479  675  0.0227334
480  673  0.0108836
480  674  0.0120679
481  672  0.0215492
482  670  0.0171944
482  671  0.0110339
483  669  0.0294943
484  668  0.0296306
485  667  0.0297007
486  666  0.0282924
487  665  0.0204143
488  677  0.818153
489  676  0.890132
490  518  0.0928026
490  675  0.896973
491  517  0.0937761
491  674  0.895916
492  516  0.0938874
492  673  0.895861
493  515  0.0936683
493  672  0.89621
494  671  0.644724
495  513  0.896531
496  512  0.999324
497  511  0.999399
498  510  0.99935
499  509  0.99737
500  508  0.99848
501  507  0.784344
513  670  0.0774799
514  664  0.0220246
514  669  0.872008
515  663  0.0220736
515  668  0.874034
516  662  0.0214782
516  667  0.703813
517  661  0.0188084
518  580  0.0260178
518  665  0.698793
519  542  0.0636162
519  579  0.0262408
519  664  0.889852
520  541  0.0640896
520  578  0.0262535
520  663  0.889238
521  577  0.0262155
521  662  0.824439
522  539  0.923607
522  558  0.0273375
522  576  0.0255268
523  538  0.925966
523  557  0.0309497
523  574  0.0252943
524  537  0.925902
524  556  0.0309634
524  573  0.0256005
525  536  0.921412
525  555  0.0306047
525  572  0.0239733
526  534  0.841138
527  533  0.836893
527  534  0.0150925
528  532  0.609532
529  553  0.057062
530  552  0.0572174
531  551  0.0571864
532  550  0.0582
533  549  0.0576224
534  548  0.0512898
538  545  0.0560294
539  544  0.0539476
540  651  0.789037
541  650  0.849495
542  592  0.0173578
542  649  0.846585
543  591  0.74668
543  648  0.12832
544  590  0.759835
544  647  0.113756
545  589  0.777367
546  588  0.766435
547  587  0.609909
550  585  0.0122076
551  569  0.697852
551  587  0.0470736
552  560  0.0239691
552  568  0.704853
552  586  0.0659305
553  559  0.026134
553  567  0.704642
553  585  0.0664054
554  558  0.010008
554  566  0.535268
554  584  0.065022
556  564  0.089232
556  582  0.0622866
556  593  0.0528581
557  581  0.0619162
557  592  0.0526989
558  563  0.0103254
558  565  0.0145082
558  571  0.012634
558  577  0.0247733
559  564  0.0104535
559  570  0.0154559
559  576  0.026383
559  579  0.0142152
559  589  0.0511467
560  575  0.022364
560  588  0.0532475
561  587  0.0527775
562  586  0.0515839
564  585  0.0434891
564  660  0.0264439
565  584  0.0439157
565  659  0.0287641
566  577  0.0162708
566  583  0.0449934
566  658  0.0291441
567  576  0.0186795
567  582  0.0432796
567  657  0.0292051
568  575  0.0142701
568  655  0.0151296
569  654  0.0149822
570  585  0.476055
571  584  0.476257
572  581  0.0157821
573  580  0.0157129
573  582  0.754536
574  581  0.744316
575  586  0.0165538
576  585  0.0182358
577  584  0.0132539
579  643  0.0151636
580  642  0.0171965
581  641  0.0174246
582  640  0.017425
583  639  0.0168345
584  638  0.0148337
584  658  0.0111587
585  657  0.0115344
587  652  0.0325666
588  606  0.0147329
588  651  0.0398617
589  605  0.0156224
589  650  0.0385804
590  604  0.0156291
590  649  0.0365327
590  650  0.0247837
591  603  0.0156261
591  649  0.0268772
592  647  0.021342
592  648  0.0380016
594  644  0.889051
595  643  0.889985
596  642  0.890015
597  641  0.88786
597  644  0.0696412
598  640  0.886385
598  643  0.0697329
599  638  0.0196939
599  642  0.0696111
600  619  0.0362533
600  641  0.0698198
601  618  0.0363301
601  640  0.0697332
602  617  0.0181398
602  636  0.0104079
603  614  0.940424
603  616  0.0109896
604  613  0.947851
604  615  0.0286889
605  612  0.947627
605  614  0.0286526
606  611  0.829436
607  612  0.0179734
615  625  0.010245
615  634  0.93866
616  624  0.0103317
616  633  0.945824
617  623  0.0101171
617  632  0.949206
618  631  0.942414
620  628  0.0284608
620  629  0.812501
621  627  0.0354186
621  628  0.831968
621  629  0.0162435
