1  26  0.304036
1  36  0.0190987
1  501  0.0168225
1  511  0.0126051
2  25  0.495524
2  35  0.0220976
2  500  0.0274757
2  509  0.0111633
2  510  0.0147069
3  24  0.532063
3  27  0.0215568
3  34  0.0262311
3  499  0.0305717
4  22  0.0114809
4  23  0.524984
4  26  0.0215633
5  22  0.525706
5  32  0.158364
5  245  0.070553
6  20  0.37149
6  21  0.272894
6  31  0.159426
6  244  0.0707284
6  505  0.0973521
7  19  0.631563
7  30  0.159277
7  243  0.0707792
7  504  0.102007
8  18  0.630689
8  242  0.0707569
8  503  0.10106
9  17  0.627724
9  18  0.0208725
9  27  0.0580803
9  28  0.0977724
9  241  0.0707972
9  502  0.0885937
10  15  0.215122
10  17  0.0235316
10  26  0.0596506
10  27  0.0963199
10  240  0.070782
10  501  0.0848576
11  16  0.0171146
11  25  0.127969
11  239  0.0511973
11  500  0.0858352
12  23  0.0125639
12  24  0.126665
13  22  0.0136465
13  23  0.12164
13  237  0.0628699
13  464  0.0552998
14  22  0.1099
14  236  0.0632081
14  368  0.010045
14  463  0.0797222
15  367  0.010052
15  462  0.079594
16  234  0.0482427
16  366  0.0165146
17  233  0.0473363
17  365  0.0189387
18  232  0.0408633
19  27  0.0446242
20  26  0.0364325
22  72  0.0601736
23  71  0.071743
24  70  0.0733345
25  69  0.0738254
26  68  0.0647487
27  67  0.0642972
27  68  0.0121628
28  67  0.0124406
28  233  0.0304212
29  65  0.077255
29  232  0.0327572
30  54  0.0219287
30  56  0.0290388
30  64  0.0884601
30  231  0.0113985
31  53  0.0307944
31  54  0.0120786
31  55  0.0261806
31  63  0.0884208
31  231  0.0813548
32  52  0.0235497
32  62  0.0880639
32  230  0.0966399
33  51  0.0120379
33  52  0.727482
33  229  0.0976079
34  51  0.836731
34  228  0.0976128
35  50  0.855434
35  227  0.0975788
36  49  0.84986
36  226  0.0971503
37  48  0.821279
37  225  0.0918994
39  219  0.0873666
40  45  0.072227
40  46  0.0476678
40  218  0.0943187
41  217  0.0946453
42  216  0.0945179
43  215  0.0942558
44  214  0.0934834
45  213  0.0891382
45  508  0.0124607
46  507  0.0133459
47  506  0.0129444
48  210  0.0891136
48  505  0.0120676
49  63  0.0145988
49  209  0.0904137
50  62  0.0183826
50  208  0.0901664
51  56  0.0222263
51  57  0.0197659
51  61  0.0235058
51  207  0.0184028
52  56  0.0181283
52  60  0.023754
52  511  0.105732
53  59  0.0252366
53  507  0.0298633
53  510  0.471572
54  58  0.0132029
54  506  0.0455759
54  509  0.59424
55  505  0.0508736
55  508  0.633754
56  504  0.0512146
56  507  0.637522
57  506  0.570375
58  502  0.0265382
59  207  0.111302
59  501  0.026375
60  206  0.141923
60  461  0.0108197
60  500  0.019862
60  505  0.219489
60  508  0.0238716
61  205  0.144189
61  459  0.130488
61  504  0.227945
61  507  0.0252149
62  204  0.146254
62  457  0.0122136
62  458  0.17425
62  460  0.0194231
62  463  0.325415
62  503  0.0434492
63  203  0.146228
63  459  0.0185737
63  462  0.246089
63  505  0.0231391
64  202  0.146262
64  456  0.218558
64  504  0.0242251
65  201  0.146246
65  455  0.224818
65  460  0.544901
66  200  0.146204
66  454  0.224825
66  459  0.545259
67  198  0.141752
67  453  0.224755
67  458  0.545271
68  197  0.141743
68  452  0.224306
68  457  0.544908
69  196  0.14156
69  451  0.224453
69  456  0.543344
70  195  0.141323
70  450  0.223826
70  455  0.518957
71  194  0.133285
71  449  0.21207
73  332  0.010112
73  452  0.0166589
73  453  0.0957798
74  331  0.0100788
74  452  0.0920353
75  190  0.0120755
75  333  0.603305
76  188  0.0968551
76  329  0.0823229
76  332  0.725248
77  328  0.082506
77  331  0.755277
78  187  0.0188277
78  327  0.0825554
78  330  0.763025
79  185  0.127262
79  326  0.0815169
79  329  0.764377
80  184  0.128734
80  325  0.0805122
80  328  0.762935
81  183  0.129215
81  324  0.0793073
81  327  0.760928
82  182  0.129352
82  323  0.0707871
82  325  0.249065
82  326  0.500785
83  181  0.12942
83  324  0.492857
84  180  0.129342
84  324  0.216904
85  179  0.0951322
85  322  0.840339
86  321  0.847802
87  320  0.847833
88  93  0.0235547
88  97  0.0675136
88  98  0.0204835
88  319  0.847407
89  96  0.0646504
89  97  0.0225286
89  318  0.844553
90  95  0.0528641
90  311  0.0684125
91  310  0.0710243
91  315  0.746068
92  309  0.071036
92  314  0.74965
93  308  0.0710656
93  313  0.749378
94  307  0.070258
94  310  0.019953
94  312  0.683677
95  306  0.0638839
95  309  0.0761173
96  116  0.141485
96  193  0.01096
96  308  0.07924
96  311  0.280736
97  115  0.149193
97  192  0.0116823
97  307  0.0793461
97  308  0.0226537
97  310  0.278669
98  113  0.122083
98  114  0.0748161
98  286  0.0114773
98  307  0.0206683
98  310  0.0168238
99  112  0.210949
99  176  0.127902
99  285  0.0344619
99  303  0.0966429
99  309  0.194441
100  111  0.210973
100  175  0.128948
100  189  0.01153
100  302  0.0975124
100  307  0.0252897
100  308  0.194742
100  310  0.105058
101  110  0.212291
101  174  0.129192
101  188  0.0114623
101  283  0.113534
101  303  0.021263
101  306  0.0195583
101  309  0.108345
102  109  0.208508
102  173  0.129192
102  187  0.0114598
102  282  0.153905
102  286  0.0533705
102  301  0.0165585
102  302  0.0235788
102  307  0.146754
102  308  0.10661
103  172  0.129146
103  281  0.151192
103  285  0.0742867
103  304  0.0155871
103  306  0.137101
104  171  0.127212
104  280  0.120063
104  283  0.0115141
104  284  0.0710496
104  303  0.0218616
104  305  0.124171
104  306  0.0333784
105  279  0.019601
105  282  0.0165794
105  302  0.0192355
106  169  0.0198606
106  266  0.0116312
106  301  0.0123806
106  302  0.0153641
107  265  0.0118236
107  279  0.491254
107  301  0.0179866
107  302  0.046924
108  168  0.118754
108  264  0.0116888
108  278  0.625122
109  167  0.124247
109  176  0.0109239
109  263  0.0111967
109  277  0.625323
110  166  0.123985
110  175  0.0109539
110  276  0.625291
111  165  0.120235
111  174  0.010834
111  274  0.600866
111  275  0.0274931
112  173  0.010808
112  273  0.628279
113  272  0.625711
114  271  0.616546
115  269  0.301434
117  163  0.130274
117  275  0.0212883
118  162  0.14554
118  269  0.0217185
118  274  0.0259309
119  161  0.145617
119  238  0.0317605
119  265  0.730295
119  268  0.0207931
119  273  0.0258415
120  160  0.145655
120  236  0.0198148
120  237  0.0363584
120  264  0.749078
120  272  0.0137494
121  159  0.145476
121  236  0.0376969
121  263  0.74655
122  234  0.489448
122  262  0.331308
123  154  0.106013
123  233  0.840357
124  232  0.846358
125  231  0.845946
126  151  0.14515
126  230  0.843746
127  150  0.149701
127  229  0.844948
128  149  0.149671
129  148  0.149634
129  228  0.846379
130  147  0.132188
130  227  0.846571
131  226  0.833759
132  145  0.134526
133  144  0.135964
133  224  0.708958
134  223  0.846838
135  142  0.134277
135  222  0.847834
136  221  0.84413
137  220  0.841225
138  219  0.800841
139  218  0.253381
142  215  0.0739308
142  218  0.575627
143  214  0.072294
143  217  0.762936
144  208  0.0337768
144  216  0.765788
145  207  0.0339148
145  215  0.7635
146  206  0.0339374
146  213  0.262486
146  214  0.533722
147  205  0.0339103
147  212  0.494789
147  213  0.302733
148  159  0.0228794
148  204  0.03329
148  211  0.722339
149  158  0.0230178
149  203  0.0290052
149  210  0.716464
149  212  0.0214356
150  209  0.667229
150  211  0.0215126
151  209  0.0124289
152  207  0.0140886
153  207  0.0251425
154  159  0.0269177
154  160  0.0147425
154  204  0.0787589
154  207  0.0470625
160  202  0.800864
161  201  0.832894
162  200  0.832782
163  199  0.755661
165  175  0.0120861
165  196  0.0109506
166  174  0.0144025
166  195  0.010872
166  197  0.815609
167  173  0.0142261
167  196  0.818982
169  194  0.802223
170  193  0.834942
171  192  0.835986
172  191  0.837405
173  190  0.837186
174  189  0.837918
175  188  0.837322
176  187  0.805421
178  187  0.0296746
179  184  0.0832173
179  186  0.132494
180  185  0.153443
203  209  0.0146843
204  208  0.0138466
211  504  0.0448453
212  503  0.0450149
213  502  0.0446353
214  501  0.0438651
215  500  0.043917
216  499  0.043736
217  227  0.0436752
218  226  0.0436125
219  225  0.0424407
228  497  0.0432458
229  496  0.043273
230  495  0.0431185
231  494  0.0431693
232  493  0.0431008
233  492  0.0418429
238  261  0.627002
238  262  0.0286831
239  260  0.898233
240  259  0.89996
241  258  0.900011
242  257  0.899425
242  461  0.0101751
243  256  0.898998
243  460  0.0102111
244  255  0.796917
245  250  0.701388
245  253  0.148558
245  459  0.0102768
246  252  0.120399
246  458  0.0115929
246  493  0.0230621
246  497  0.0385665
247  457  0.0115
247  492  0.0230788
247  496  0.038591
248  491  0.0227188
248  495  0.0379872
249  490  0.0187109
250  384  0.0269226
250  493  0.0307497
251  383  0.0269825
251  492  0.0299907
252  382  0.026959
253  329  0.0104764
253  381  0.0269757
253  490  0.0134985
254  328  0.0104169
254  380  0.0266582
254  489  0.021067
255  379  0.0241615
255  488  0.0153712
259  325  0.0135097
259  378  0.0276603
260  324  0.0150786
260  377  0.0278879
261  311  0.0276093
261  376  0.0274574
262  310  0.0307913
262  375  0.0265044
263  308  0.0370279
263  321  0.0800047
264  307  0.0374648
264  320  0.0828584
265  306  0.0373219
265  319  0.0841218
266  305  0.0371944
267  275  0.0189803
267  304  0.0359281
267  317  0.0952374
268  274  0.0232991
268  303  0.0332084
268  316  0.110318
268  486  0.0263857
269  273  0.0189147
269  302  0.0330936
269  310  0.0257215
269  315  0.113562
269  485  0.0273529
270  309  0.0262603
270  314  0.113464
270  484  0.0251973
271  308  0.0190657
271  311  0.0123897
271  313  0.11261
271  483  0.0184542
272  307  0.0174582
272  312  0.109069
273  296  0.0169161
273  306  0.0214388
273  463  0.0513282
274  295  0.0175813
274  308  0.0135898
274  310  0.0128897
274  462  0.0514296
275  294  0.0164826
275  307  0.0122269
275  310  0.0802146
275  461  0.051414
276  303  0.0373431
276  309  0.22743
276  460  0.0514441
277  290  0.0113873
277  302  0.0380544
277  308  0.232217
277  459  0.050802
278  301  0.0380472
278  307  0.232479
279  288  0.0171802
279  306  0.217845
280  287  0.0187551
281  286  0.0178204
281  302  0.331331
283  300  0.65517
284  299  0.820453
285  298  0.833668
286  297  0.833075
286  304  0.042005
287  296  0.834474
287  303  0.0657466
287  309  0.0564806
288  295  0.790368
288  302  0.0701261
288  308  0.0616352
289  301  0.0695544
289  307  0.0615688
290  306  0.0559111
292  305  0.0252452
293  303  0.0122384
293  304  0.0258258
294  303  0.0267867
296  301  0.022373
301  458  0.0460704
302  457  0.0461068
303  456  0.0416814
306  454  0.0336305
307  453  0.0480154
308  452  0.0480717
309  451  0.0481379
310  450  0.0480868
311  449  0.0462881
313  447  0.0183052
314  446  0.0201341
315  358  0.012839
316  357  0.0127887
316  444  0.0210026
317  443  0.0232744
318  442  0.0233651
319  354  0.0100102
319  441  0.0229714
320  333  0.0100497
320  351  0.026098
321  332  0.0115982
321  350  0.0273539
322  331  0.014368
322  349  0.0273193
323  330  0.0147969
324  329  0.0179471
324  347  0.0217109
324  374  0.0354237
325  346  0.0109442
325  373  0.0354632
326  346  0.0200976
326  372  0.0363743
327  345  0.0320778
328  344  0.0320426
329  343  0.0319674
329  369  0.0376434
329  504  0.0101003
330  342  0.0221356
330  368  0.0377347
331  340  0.0169769
331  367  0.0367417
332  339  0.0167101
333  338  0.0117637
333  451  0.0277932
333  454  0.0286953
334  350  0.04938
334  450  0.0759287
334  453  0.197647
334  499  0.0101272
335  349  0.0501879
335  449  0.072026
335  452  0.195204
336  348  0.0502053
337  347  0.0498199
337  358  0.0158501
337  364  0.33392
337  450  0.21747
337  453  0.0806434
338  363  0.340565
338  449  0.21169
338  452  0.0800208
339  345  0.0366767
339  356  0.0166715
339  362  0.352837
339  450  0.113864
339  453  0.0448632
340  355  0.0243095
340  361  0.35438
340  447  0.119155
340  449  0.111271
340  452  0.0443912
341  354  0.024221
341  360  0.363444
341  446  0.126296
341  448  0.074953
341  451  0.0281619
342  352  0.0551828
342  359  0.369106
342  445  0.117172
342  451  0.0131978
343  351  0.0688019
343  358  0.214242
343  450  0.0236769
344  350  0.060237
344  355  0.0186271
344  358  0.592936
345  354  0.0203446
345  357  0.74941
346  355  0.331721
346  356  0.421303
347  354  0.611895
348  354  0.0217298
361  443  0.592115
362  442  0.627498
363  441  0.635106
364  440  0.658487
365  439  0.811
366  438  0.823956
366  461  0.0760558
367  437  0.828691
367  460  0.105779
368  436  0.828678
368  459  0.105813
369  435  0.828652
369  458  0.10672
370  434  0.828605
370  457  0.106658
371  433  0.824096
371  456  0.10638
372  432  0.488513
373  394  0.0137657
373  404  0.132539
373  429  0.0114247
373  432  0.314783
373  455  0.105773
374  393  0.0137708
374  403  0.132886
374  428  0.0117424
374  431  0.629855
374  454  0.105784
375  392  0.0134053
375  402  0.132797
375  430  0.600502
375  453  0.101198
376  384  0.0719324
376  395  0.146603
376  401  0.12538
376  405  0.0245555
376  429  0.474866
376  430  0.0236639
376  452  0.0273167
377  383  0.0774037
377  394  0.514394
377  400  0.11087
377  404  0.125424
377  429  0.0420919
378  382  0.0629044
378  393  0.516111
378  403  0.125726
378  428  0.0604642
379  387  0.0311578
379  392  0.51453
379  398  0.112972
379  402  0.113498
379  427  0.0363482
380  386  0.0245288
380  391  0.39389
380  397  0.185557
381  396  0.189074
381  426  0.0364144
382  387  0.032977
382  394  0.115605
382  395  0.0738885
382  425  0.0363377
383  393  0.114325
383  424  0.0359444
384  393  0.0715951
384  396  0.0347508
385  395  0.0333949
387  393  0.0294661
387  396  0.0243807
388  395  0.020508
391  427  0.0681865
392  426  0.0742717
392  456  0.0122232
393  404  0.01913
393  409  0.0187008
393  425  0.0750562
393  455  0.0154332
394  403  0.0189203
394  408  0.0202974
394  424  0.0750509
394  454  0.0153487
395  403  0.0125359
395  406  0.0174016
395  423  0.0717394
395  451  0.0394797
396  402  0.044492
396  405  0.0181079
396  450  0.0652281
397  401  0.0169691
397  447  0.0888627
397  449  0.059561
398  446  0.118253
398  448  0.0388043
399  445  0.148639
400  444  0.160729
401  418  0.0346532
401  443  0.163302
402  417  0.0363556
402  431  0.0274144
402  442  0.163812
403  414  0.0351989
403  416  0.0263821
403  429  0.0476411
403  430  0.0362915
404  413  0.0546997
404  428  0.0245818
404  441  0.164825
405  412  0.0526714
405  428  0.639254
405  440  0.164885
406  427  0.694214
406  439  0.164775
407  426  0.696522
407  438  0.164733
408  425  0.701197
408  437  0.164709
409  424  0.69575
409  436  0.130134
410  431  0.010588
410  436  0.0343103
411  420  0.144884
411  434  0.0217618
411  435  0.0668692
412  419  0.143977
412  420  0.625414
412  430  0.0503154
412  434  0.0606413
412  435  0.0368072
413  419  0.620588
413  429  0.0564349
413  434  0.0384638
414  418  0.236304
414  428  0.0407401
414  433  0.0395701
416  426  0.0633805
416  431  0.0870505
417  425  0.0624525
417  430  0.0854673
418  427  0.0129906
419  424  0.0215556
419  426  0.013174
419  428  0.0408747
420  426  0.0270722
420  428  0.0158039
421  427  0.0134061
424  432  0.0142446
425  431  0.0146671
460  504  0.0344091
461  503  0.0345299
462  486  0.0144633
462  499  0.179771
462  502  0.0269054
463  485  0.0149367
464  483  0.0354573
464  498  0.611393
465  482  0.121271
465  497  0.857133
466  481  0.121409
466  496  0.857575
467  480  0.12138
467  495  0.857069
468  479  0.121218
468  494  0.855952
469  478  0.121426
469  493  0.845645
470  477  0.117348
473  489  0.0240598
474  487  0.839832
474  488  0.0128131
475  486  0.867745
476  485  0.869349
477  484  0.868421
478  483  0.860083
