1  480  0.0213828
2  451  0.0195478
2  479  0.026088
2  481  0.0449396
2  485  0.0211841
3  14  0.151365
3  450  0.023609
3  480  0.0972303
3  483  0.0785021
3  484  0.0196865
4  13  0.15416
4  449  0.0235967
4  478  0.36102
4  479  0.102071
4  482  0.0989403
5  12  0.153412
5  448  0.023611
5  477  0.534219
5  478  0.0539467
5  481  0.0999407
6  11  0.0946571
6  447  0.0236121
6  476  0.589925
6  480  0.0882756
7  446  0.0235829
7  475  0.58916
7  478  0.0614538
7  481  0.076983
8  480  0.0772811
9  420  0.0311298
10  419  0.0866232
10  443  0.0168382
10  472  0.158847
10  475  0.0625707
10  478  0.125328
11  22  0.0641881
11  143  0.0652083
11  418  0.0308527
11  442  0.0148534
11  471  0.135791
11  474  0.0630881
11  477  0.126018
12  21  0.0933172
12  142  0.161647
12  417  0.0306669
12  476  0.126098
13  20  0.0677613
13  141  0.161727
13  416  0.0865331
13  459  0.027882
14  140  0.157129
14  414  0.0937196
14  458  0.0304867
14  472  0.0326232
15  139  0.150623
15  412  0.135402
15  457  0.0305121
15  471  0.0322865
15  472  0.158272
15  478  0.0144772
16  136  0.0678729
16  411  0.138655
16  456  0.0304752
16  471  0.158938
16  477  0.014558
17  135  0.0652813
17  138  0.0133237
17  410  0.139845
17  470  0.0175813
18  133  0.0101947
18  137  0.0108153
18  139  0.0207759
18  409  0.13978
18  481  0.0480203
19  131  0.0831108
19  138  0.0777616
19  408  0.139774
19  480  0.0557105
19  483  0.0422766
20  130  0.0923032
20  137  0.0853541
20  407  0.139779
20  479  0.0573607
20  482  0.062122
21  129  0.0925596
21  136  0.0860823
21  406  0.139181
21  478  0.057358
21  481  0.0634477
22  128  0.0911034
22  135  0.0847509
22  480  0.0582689
23  134  0.0761599
24  126  0.0810321
24  129  0.0854605
24  399  0.12319
24  471  0.0180453
24  472  0.0104388
24  475  0.0408327
24  477  0.0625709
25  125  0.0812817
25  128  0.0505024
25  398  0.126059
25  476  0.060994
26  91  0.608074
26  124  0.0812483
26  397  0.126391
26  475  0.0482728
27  90  0.659029
27  123  0.0801897
27  126  0.109089
27  396  0.126402
28  38  0.0435288
28  89  0.66283
28  122  0.0111314
28  125  0.111165
28  395  0.126174
29  37  0.0435397
29  88  0.662715
29  124  0.111197
29  394  0.126119
30  36  0.0421222
30  87  0.649378
30  123  0.0424594
30  184  0.0156823
30  393  0.0961221
31  122  0.0560466
31  183  0.118528
32  85  0.66805
32  121  0.130328
32  182  0.118643
33  84  0.668081
33  120  0.130362
33  181  0.118639
34  83  0.666726
34  119  0.128627
34  180  0.117908
35  179  0.111334
37  78  0.669282
37  111  0.0165933
37  114  0.125337
37  175  0.0175955
37  177  0.0812894
38  77  0.673589
38  110  0.0166246
38  113  0.125382
38  174  0.0176045
38  176  0.101918
39  76  0.673923
39  109  0.0166543
39  111  0.171677
39  173  0.0175882
39  175  0.101365
40  75  0.673931
40  108  0.0154832
40  110  0.171782
40  172  0.0175825
40  174  0.101348
41  74  0.665954
41  107  0.010529
41  171  0.0157285
42  73  0.664739
42  108  0.181705
42  172  0.0948875
43  107  0.186125
43  171  0.0940513
44  61  0.568227
44  106  0.196294
44  169  0.10753
45  60  0.684812
45  105  0.197145
45  168  0.109321
46  59  0.684953
46  104  0.197144
46  167  0.109333
47  58  0.684327
47  103  0.197011
47  166  0.0310529
48  57  0.684938
48  102  0.187669
48  165  0.0161896
49  56  0.682049
49  101  0.138868
49  164  0.0897201
50  55  0.447969
50  101  0.0177897
50  161  0.0344909
50  163  0.0732163
51  100  0.0165855
51  160  0.059405
51  162  0.0448485
52  71  0.0944291
52  95  0.0526933
52  159  0.0966262
53  70  0.0949166
53  94  0.018519
53  158  0.0989003
54  157  0.0988506
55  68  0.142627
55  92  0.150522
56  67  0.148049
56  91  0.160036
57  66  0.148703
57  90  0.160166
58  65  0.148918
58  89  0.160134
59  64  0.14126
59  88  0.159957
60  87  0.15931
64  72  0.396745
64  74  0.0307066
65  73  0.0329594
66  71  0.762685
66  72  0.0796904
67  71  0.0493899
71  87  0.0229092
72  86  0.242159
73  85  0.275352
73  111  0.0139247
74  84  0.275148
74  110  0.0139342
75  83  0.276823
75  85  0.0286776
75  109  0.0145748
76  82  0.2759
76  84  0.0286951
76  108  0.0145754
77  83  0.0285903
77  107  0.0145138
78  82  0.010884
78  106  0.014527
79  105  0.0142808
82  101  0.0126865
83  100  0.0159775
84  99  0.0152659
86  97  0.0350906
87  96  0.149304
88  95  0.166899
89  94  0.167045
94  156  0.119675
94  470  0.607986
95  155  0.119733
95  469  0.64182
96  154  0.119736
96  468  0.645992
97  153  0.119564
97  467  0.64288
98  152  0.119269
98  466  0.615461
99  151  0.119465
100  150  0.119133
100  462  0.650608
101  149  0.0981069
101  461  0.651826
102  460  0.652053
103  459  0.651747
104  458  0.651057
105  457  0.646856
106  128  0.0177595
106  161  0.0157983
106  177  0.0132748
107  126  0.233302
107  127  0.0155795
107  157  0.0120499
107  160  0.017086
107  176  0.0144523
108  121  0.0696234
108  125  0.428792
108  156  0.0199828
108  159  0.0208581
108  175  0.0245267
109  120  0.0697208
109  124  0.429486
109  126  0.0433306
109  155  0.0199403
109  157  0.131093
109  174  0.0245612
110  119  0.0691139
110  125  0.0476817
110  156  0.138251
110  173  0.0286269
111  117  0.0345846
111  123  0.468257
111  124  0.0238532
111  155  0.137719
111  172  0.0286278
112  122  0.665147
112  171  0.0272402
113  121  0.733099
113  170  0.0252486
114  120  0.731968
115  119  0.453529
120  148  0.0213087
122  146  0.128856
123  145  0.31191
124  144  0.31772
125  143  0.317805
126  142  0.318861
126  455  0.0453085
127  141  0.318741
127  454  0.043584
128  140  0.313242
128  453  0.0369416
128  456  0.125088
129  455  0.207799
130  138  0.316762
130  454  0.20084
131  137  0.307126
131  453  0.174035
132  136  0.178523
132  452  0.119165
135  456  0.0730069
136  164  0.0554718
136  455  0.127892
137  161  0.0126448
137  163  0.0721132
137  454  0.121381
138  160  0.0136524
138  162  0.078898
138  453  0.100013
139  161  0.0812639
140  159  0.494913
141  158  0.508057
142  157  0.508794
143  156  0.510019
144  155  0.510015
144  472  0.160548
145  154  0.504635
145  471  0.161982
146  470  0.161959
147  469  0.162033
148  468  0.161765
151  465  0.125858
152  464  0.134957
152  465  0.012999
153  463  0.136144
153  464  0.0146258
154  168  0.0319135
154  462  0.13521
154  463  0.0151333
155  167  0.032032
155  462  0.0152862
156  166  0.0320206
156  460  0.101661
157  165  0.0314383
157  459  0.0911489
158  164  0.0289152
159  456  0.285268
160  455  0.367491
162  454  0.427801
163  453  0.475959
164  402  0.0102379
164  452  0.64908
165  401  0.0107262
165  451  0.799369
166  400  0.0108748
166  450  0.836607
167  449  0.836645
168  448  0.836541
169  398  0.0108687
170  397  0.0108745
170  446  0.833758
171  396  0.0107926
171  445  0.830051
172  395  0.0107528
172  444  0.830838
173  394  0.0107132
173  443  0.830613
175  441  0.501822
176  326  0.0109916
177  325  0.0111826
177  440  0.0176368
177  441  0.155915
179  323  0.0168851
179  439  0.764166
180  322  0.0201951
180  438  0.823996
181  437  0.8417
182  320  0.0227726
182  436  0.841799
183  319  0.0229297
183  435  0.84174
184  318  0.0234686
184  434  0.840192
185  317  0.0234351
185  390  0.121351
185  433  0.84156
186  389  0.121613
186  432  0.83648
187  388  0.116457
187  431  0.697629
188  387  0.0945278
189  316  0.369378
190  315  0.875969
190  428  0.113118
191  314  0.98319
192  313  0.999486
193  312  0.999536
194  311  0.999505
195  310  0.999498
196  309  0.999519
197  308  0.999268
198  307  0.710385
199  296  0.0429551
199  305  0.0144617
200  304  0.0112964
200  305  0.0367114
201  294  0.907679
202  293  0.985083
203  292  0.999495
204  291  0.999522
205  290  0.999057
206  289  0.999456
207  288  0.999339
208  287  0.979939
209  221  0.179684
209  286  0.812376
210  220  0.187309
210  285  0.77347
211  219  0.187554
212  218  0.170922
213  217  0.09927
213  283  0.0716052
215  281  0.531064
215  283  0.0260922
216  280  0.562988
216  282  0.0272763
218  278  0.799635
219  277  0.803998
220  276  0.803147
222  274  0.811303
222  280  0.183976
223  273  0.815309
223  279  0.184062
224  272  0.814965
224  278  0.183928
225  271  0.813896
225  277  0.183861
226  276  0.178291
227  239  0.0176891
227  269  0.811603
227  275  0.141312
228  238  0.0450227
228  268  0.810934
228  272  0.0507166
229  237  0.0473941
229  267  0.808303
229  271  0.0543899
229  273  0.0228919
230  236  0.0384871
230  239  0.0157333
231  238  0.0177606
231  272  0.0168263
232  237  0.0169986
232  268  0.0725362
232  271  0.0162907
233  267  0.0730195
234  246  0.92671
235  245  0.92708
236  244  0.926512
237  243  0.924365
238  242  0.351882
240  274  0.065645
241  273  0.0672465
242  272  0.0673616
243  271  0.0672933
245  269  0.0673607
246  268  0.0673208
248  263  0.866263
249  262  0.940491
250  261  0.973632
251  260  0.982742
252  259  0.98505
253  258  0.976476
267  275  0.0162454
268  274  0.0164428
269  273  0.0133491
295  305  0.0188804
295  307  0.152817
296  306  0.303807
297  304  0.3834
297  305  0.28873
298  303  0.555017
298  304  0.243863
298  305  0.0609865
299  304  0.0582284
299  305  0.0111745
315  427  0.0449721
316  330  0.0331985
316  425  0.54031
317  329  0.119483
317  424  0.832008
318  328  0.131178
318  423  0.835091
319  327  0.133126
319  422  0.830925
320  326  0.13226
320  421  0.823613
321  420  0.690081
322  417  0.0119683
323  416  0.0175068
323  417  0.0665958
324  416  0.0470635
324  417  0.173992
325  413  0.441006
325  416  0.120766
325  420  0.0246717
326  412  0.454793
326  414  0.0236407
326  419  0.0338625
327  372  0.329543
327  411  0.454588
327  418  0.0333562
328  371  0.360241
328  410  0.277337
328  417  0.0145492
329  370  0.373216
329  386  0.392227
330  369  0.373007
330  385  0.527404
330  409  0.0110686
331  368  0.374706
331  384  0.612879
331  408  0.0106356
332  367  0.374431
332  383  0.612907
332  407  0.010704
333  366  0.374564
333  382  0.611955
333  406  0.0106965
334  365  0.356032
334  381  0.602911
335  379  0.604872
336  347  0.275085
336  378  0.61078
337  346  0.29922
337  362  0.0644003
337  377  0.618054
338  345  0.309606
338  361  0.0646015
338  376  0.621199
339  344  0.311559
339  360  0.0647623
339  375  0.621363
340  359  0.0647629
340  374  0.618911
341  358  0.0640761
342  371  0.593916
343  356  0.0556127
343  370  0.602631
344  355  0.0548314
344  369  0.595001
346  366  0.011742
346  367  0.106118
347  366  0.112613
347  367  0.0593118
350  364  0.783249
350  367  0.0908522
351  363  0.789592
351  366  0.0911832
351  369  0.0181396
352  362  0.789264
352  365  0.091174
352  368  0.0509038
353  361  0.789977
353  364  0.0911394
353  367  0.050941
354  360  0.789183
355  359  0.4888
355  362  0.0893525
355  365  0.053154
356  361  0.0854482
356  364  0.0531742
357  363  0.0525264
372  421  0.0104452
373  413  0.268821
373  420  0.0570098
374  412  0.285811
374  419  0.0855095
375  411  0.286002
375  418  0.0858073
376  410  0.283441
376  417  0.0844117
377  409  0.264923
378  415  0.0747095
379  407  0.048582
379  414  0.0768815
380  413  0.0754509
381  405  0.0671981
381  406  0.0149008
381  412  0.0633763
383  410  0.0349444
384  411  0.0345368
385  408  0.014526
385  410  0.0347287
386  401  0.271226
386  405  0.0116782
386  407  0.0129048
386  409  0.0332613
387  400  0.437265
387  408  0.0304211
388  399  0.18574
388  401  0.333202
388  407  0.0138215
389  398  0.18566
389  400  0.39749
390  397  0.434216
390  399  0.397348
391  398  0.31173
414  484  0.011538
415  483  0.0116429
416  440  0.0127228
417  439  0.0155998
419  437  0.0206079
419  480  0.015693
420  473  0.0549243
420  479  0.0227656
421  436  0.0275816
421  472  0.0738242
421  478  0.0236858
422  435  0.0287871
422  471  0.0739618
422  477  0.0237114
423  434  0.0290227
423  470  0.0553933
423  476  0.022365
424  433  0.0290761
425  432  0.0274023
425  468  0.0348931
425  474  0.0104648
426  431  0.0189986
427  456  0.0872156
428  455  0.0989286
429  453  0.110952
430  452  0.118264
431  451  0.124054
432  450  0.126548
433  449  0.126549
434  448  0.126317
435  447  0.126414
437  445  0.126081
438  444  0.121427
452  484  0.0203297
453  483  0.0232047
454  482  0.0238556
455  481  0.0239104
456  463  0.0206593
456  480  0.0229238
457  462  0.100828
459  477  0.0215935
460  476  0.0226801
461  470  0.0325566
462  469  0.0354687
462  475  0.0254016
463  468  0.0268823
463  474  0.0260402
464  473  0.026182
465  472  0.0243887
