2  12  0.134261
2  811  0.0113593
2  821  0.343163
3  11  0.163089
3  793  0.175304
3  810  0.0129317
3  820  0.391427
4  10  0.162472
4  792  0.175415
4  819  0.393001
5  9  0.0618538
5  791  0.170622
5  818  0.330403
6  84  0.0487076
6  790  0.155337
6  811  0.0555413
7  18  0.0105114
7  83  0.056338
7  789  0.0758472
7  808  0.0791462
7  810  0.0619313
7  816  0.0145596
7  817  0.0562293
8  17  0.0107913
8  82  0.0569251
8  807  0.0789703
8  809  0.06005
8  813  0.0181113
8  816  0.0557206
9  16  0.0112075
9  81  0.0571715
9  806  0.0789086
9  812  0.0160966
9  815  0.0504428
9  821  0.148495
10  15  0.0107838
10  80  0.0573103
10  530  0.0254565
10  542  0.0522294
10  793  0.233648
10  820  0.169809
11  79  0.056827
11  529  0.025451
11  541  0.0524992
11  547  0.0426784
11  792  0.23375
11  805  0.142761
11  819  0.170597
12  546  0.0402971
12  791  0.191761
12  804  0.141609
12  818  0.164655
13  545  0.0311678
13  803  0.124135
13  817  0.141394
14  48  0.0262517
14  800  0.404387
14  816  0.0419311
15  47  0.0282506
15  526  0.0356774
15  547  0.0802745
15  553  0.0298223
15  799  0.458354
16  546  0.0564555
16  549  0.0150211
16  798  0.458429
17  35  0.0342903
17  525  0.375107
17  527  0.0113673
17  548  0.016697
17  797  0.457972
18  34  0.0485231
18  524  0.404966
18  526  0.0119587
18  547  0.0165473
18  796  0.458056
19  33  0.048973
19  523  0.411086
19  524  0.0302095
19  794  0.455668
20  32  0.0493486
20  793  0.459327
21  31  0.0493433
21  47  0.010482
21  522  0.456585
21  792  0.458164
22  30  0.0483376
22  46  0.0106431
22  521  0.794689
22  791  0.0863144
23  45  0.0106005
23  520  0.850676
23  790  0.0461915
24  519  0.906528
25  518  0.923737
26  42  0.0105192
26  517  0.923833
27  41  0.0105097
27  516  0.923721
28  515  0.88982
29  513  0.0208058
31  38  0.0126356
31  512  0.92251
32  37  0.0133506
32  511  0.923878
33  510  0.920207
34  509  0.916197
37  46  0.0469429
37  507  0.921831
38  45  0.0469568
38  506  0.923794
39  44  0.0445534
39  505  0.923453
41  58  0.0151829
41  503  0.886021
42  57  0.0152481
42  502  0.853056
42  503  0.0106485
43  502  0.0107274
44  55  0.0158453
44  500  0.90725
45  54  0.0158939
45  499  0.90769
46  53  0.0157506
46  498  0.908044
47  497  0.857261
48  496  0.846845
49  480  0.01282
49  495  0.807113
50  382  0.0341431
50  479  0.0220575
50  494  0.705665
51  76  0.126975
51  77  0.028401
51  380  0.0120661
51  381  0.143059
51  475  0.0201859
51  478  0.0413706
52  76  0.0328822
52  380  0.154235
52  475  0.0105498
52  477  0.031161
52  492  0.141591
53  74  0.920868
53  491  0.0419673
54  73  0.922501
54  490  0.0416028
55  72  0.924345
55  397  0.0308343
56  71  0.925484
56  396  0.0349001
57  70  0.925482
57  395  0.0349022
58  69  0.910166
58  394  0.0348696
59  393  0.0232477
60  67  0.440106
60  390  0.0319971
61  389  0.0324773
62  68  0.0139126
62  388  0.0323951
63  67  0.0116727
63  387  0.0322509
64  386  0.0313101
69  381  0.0319525
69  503  0.0138532
70  380  0.0320617
70  502  0.0139043
71  379  0.0320537
71  501  0.0139285
72  378  0.0243257
72  500  0.0139339
73  377  0.023393
73  499  0.013934
74  376  0.0233208
74  498  0.0139321
75  206  0.029095
75  283  0.478921
75  473  0.202116
75  484  0.0143485
75  491  0.0168094
75  497  0.0108641
76  205  0.0301378
76  282  0.479193
76  472  0.20217
76  482  0.0236322
76  490  0.018107
76  496  0.01075
77  204  0.0302977
77  205  0.0166806
77  281  0.479092
77  471  0.167329
77  481  0.0232982
77  489  0.01528
77  493  0.0150229
78  203  0.0157005
78  280  0.479421
78  381  0.0112413
78  480  0.0201644
78  484  0.0115315
78  492  0.0241582
79  203  0.317713
79  279  0.479426
79  380  0.0118394
79  491  0.0286937
79  497  0.0239625
80  202  0.33358
80  278  0.47881
80  379  0.0118403
80  490  0.0356322
80  496  0.0241365
81  201  0.332769
81  276  0.0104021
81  378  0.0112868
81  495  0.0242054
82  200  0.319356
82  488  0.0164371
82  494  0.0241841
83  199  0.313682
83  275  0.461266
83  487  0.0172866
83  493  0.0240043
84  274  0.473015
84  486  0.0161035
84  492  0.0209218
85  198  0.330622
85  273  0.475701
85  810  0.0539957
86  197  0.311302
86  272  0.476047
86  809  0.0540029
87  196  0.227951
87  197  0.0718239
87  271  0.405383
87  411  0.018176
87  808  0.053714
88  195  0.142541
88  196  0.167233
88  257  0.0410558
88  270  0.407961
88  372  0.0100026
88  410  0.0231882
88  807  0.0113806
89  104  0.0114096
89  192  0.0399304
89  195  0.250894
89  256  0.0563269
89  269  0.476403
89  371  0.010435
89  409  0.0250348
90  103  0.0114837
90  191  0.0397926
90  194  0.334479
90  255  0.0563647
90  268  0.47636
90  370  0.0108721
90  408  0.025104
91  102  0.0116755
91  109  0.15315
91  254  0.0564448
91  267  0.302745
91  407  0.0250535
92  101  0.0114685
92  108  0.153609
92  188  0.0590503
92  193  0.301777
92  204  0.0515609
92  207  0.0139641
92  253  0.0561882
92  406  0.0250646
93  107  0.156415
93  187  0.0701596
93  192  0.302859
93  203  0.251083
93  206  0.0163918
93  252  0.0543382
93  265  0.0305209
93  405  0.0245294
94  99  0.0116045
94  106  0.156443
94  186  0.0701691
94  191  0.300678
94  202  0.25133
94  205  0.0164476
94  251  0.0539894
95  105  0.156354
95  185  0.0598246
95  201  0.171536
95  266  0.0153675
96  104  0.156318
96  201  0.115142
96  261  0.0284125
96  265  0.0182362
96  402  0.0262209
97  103  0.11721
97  189  0.249914
97  200  0.268642
97  247  0.0163296
97  248  0.0101634
97  260  0.0286251
97  401  0.0259145
98  184  0.0608133
98  188  0.271234
98  199  0.269538
98  246  0.0174022
98  259  0.0283835
98  263  0.032017
98  400  0.0256662
99  183  0.0720419
99  187  0.27415
99  197  0.0156185
99  198  0.30109
99  245  0.0179448
99  262  0.0329166
99  399  0.0171087
100  182  0.0718098
100  196  0.0312417
100  197  0.28882
100  244  0.0166347
100  257  0.0260465
100  261  0.0326288
101  144  0.0246836
101  185  0.268193
101  195  0.0313568
101  196  0.289639
101  243  0.0165252
101  256  0.0267984
101  398  0.0186472
102  142  0.100649
102  184  0.272308
102  194  0.0313644
102  242  0.0166228
102  255  0.0267532
102  397  0.0272742
103  141  0.452692
103  192  0.0120637
103  195  0.319476
103  396  0.0273386
104  140  0.45362
104  191  0.0120546
104  194  0.320113
104  395  0.0271223
105  139  0.453482
105  193  0.320794
105  394  0.0267178
106  138  0.453747
106  187  0.0113245
106  192  0.321154
106  392  0.0148951
106  393  0.0134303
107  137  0.452579
107  186  0.0114083
107  191  0.320146
107  391  0.0287757
108  115  0.52777
108  141  0.182499
108  185  0.0103892
108  390  0.029859
109  114  0.519018
109  135  0.0107441
109  136  0.027558
109  140  0.182571
109  184  0.0103937
109  389  0.0298601
110  135  0.0144209
110  139  0.182348
110  388  0.0298152
111  134  0.0120736
111  138  0.177457
111  183  0.0178784
111  387  0.0260985
112  133  0.0210715
112  182  0.0178161
112  267  0.107529
112  386  0.025644
113  180  0.0121324
113  266  0.107629
113  385  0.0281009
114  134  0.0191447
114  179  0.0121551
114  192  0.0160363
114  265  0.104741
114  384  0.0184347
115  135  0.0224253
115  178  0.0121952
115  191  0.0160538
116  133  0.950692
117  132  0.965484
118  128  0.0155551
118  131  0.966376
119  127  0.0155871
119  130  0.964292
120  126  0.0154941
120  129  0.962809
121  125  0.0121926
121  128  0.952715
121  129  0.0108297
122  127  0.624802
122  128  0.014326
134  188  0.100359
134  263  0.0750386
135  159  0.0103129
135  187  0.128962
135  261  0.0112428
135  262  0.103868
136  158  0.0103175
136  261  0.102799
136  381  0.0306439
137  185  0.129162
137  187  0.0173716
137  380  0.0309379
138  156  0.0104231
138  184  0.131251
138  186  0.0174165
138  258  0.121484
138  379  0.0311981
139  155  0.0104948
139  185  0.0148005
139  257  0.124005
139  378  0.0311293
140  154  0.0105007
140  182  0.137384
140  256  0.124223
140  377  0.0309785
141  153  0.0104904
141  255  0.12419
141  376  0.0309419
142  180  0.465673
142  254  0.103202
143  179  0.699784
143  252  0.010638
144  178  0.722709
144  251  0.0105709
145  158  0.0217458
145  177  0.722391
145  187  0.172425
146  157  0.023957
146  176  0.722399
146  186  0.172529
147  156  0.0241196
147  175  0.722095
147  184  0.174587
147  258  0.0295962
148  155  0.0251162
148  173  0.0160313
148  183  0.177032
148  257  0.0311306
149  154  0.0251302
149  173  0.627966
149  182  0.177038
149  256  0.0313711
150  171  0.0320341
150  172  0.619075
150  181  0.176658
150  255  0.0313418
151  180  0.172511
151  254  0.0308311
152  179  0.171453
153  177  0.167389
153  252  0.0236708
154  167  0.668987
154  168  0.0488158
154  175  0.0265509
154  176  0.143704
154  251  0.0310815
155  166  0.69985
155  167  0.0240412
155  174  0.0499873
155  175  0.105525
155  250  0.0309332
156  165  0.789073
156  173  0.0571661
157  164  0.788906
157  173  0.0140773
157  187  0.0132195
158  163  0.748371
158  167  0.101146
158  186  0.0133099
158  247  0.0321396
159  166  0.105902
159  184  0.0175198
159  246  0.0359082
160  165  0.108359
160  183  0.0199038
160  245  0.0360687
161  182  0.0198499
161  244  0.0360229
162  243  0.0334696
163  177  0.0448929
164  176  0.0449395
165  175  0.0448417
165  242  0.0325595
166  173  0.0490495
166  241  0.0347096
167  173  0.0471447
167  240  0.0347068
168  173  0.0152363
168  239  0.0345733
169  237  0.0108978
170  236  0.0106948
171  235  0.0101636
173  214  0.0220449
174  213  0.021965
179  208  0.0309852
180  207  0.035556
180  253  0.0659215
181  206  0.0377333
181  252  0.0873426
182  205  0.0379671
182  251  0.0890864
183  204  0.0379856
183  250  0.0890026
184  192  0.0164132
184  203  0.0321538
184  254  0.0129389
185  191  0.0148469
185  193  0.0540656
185  202  0.0306024
185  253  0.0128945
186  192  0.0692561
186  195  0.0387039
186  252  0.0126961
186  371  0.0119464
187  191  0.0562178
187  194  0.0385038
187  251  0.0126661
187  370  0.0137467
188  369  0.0139348
189  368  0.0116772
191  203  0.0116956
191  365  0.0271298
192  202  0.0117121
192  364  0.0271441
193  201  0.0112619
193  363  0.026987
194  252  0.0159107
194  362  0.0256095
195  247  0.0406017
195  251  0.0166129
196  246  0.0409441
196  247  0.0507222
196  250  0.0167924
197  246  0.0398777
197  249  0.0113761
197  359  0.0270257
198  246  0.0154198
198  358  0.0273662
199  244  0.171797
199  357  0.0270332
199  478  0.0590771
200  243  0.182343
200  477  0.0590676
201  242  0.182712
201  476  0.0583846
202  241  0.196126
202  353  0.0404773
202  475  0.0576884
203  352  0.0406483
204  240  0.271798
204  262  0.12012
204  351  0.0409552
204  473  0.0384289
204  475  0.0206479
205  239  0.273857
205  261  0.120218
205  350  0.0409492
205  473  0.0569509
206  238  0.275125
206  260  0.112718
206  349  0.0393644
206  471  0.0284396
206  472  0.0559396
207  237  0.273355
208  236  0.269331
208  375  0.0118182
209  235  0.255797
209  374  0.0134466
210  234  0.173857
210  257  0.0541369
210  266  0.0739299
210  373  0.0142824
211  231  0.150342
211  240  0.0160535
211  256  0.0544573
211  265  0.101981
211  372  0.0149044
211  468  0.326288
212  230  0.152305
212  264  0.101928
212  345  0.0396169
212  371  0.0148997
212  467  0.340009
212  486  0.0317175
213  229  0.152152
213  232  0.0389746
213  238  0.10524
213  263  0.101122
213  344  0.0430908
213  466  0.344681
213  485  0.0346901
214  228  0.144993
214  231  0.0495588
214  237  0.126183
214  262  0.0992255
214  343  0.0487621
214  465  0.345792
214  484  0.0352984
215  226  0.0140395
215  227  0.133939
215  230  0.0489629
215  236  0.136564
215  342  0.0471357
215  368  0.0147281
215  464  0.346023
216  225  0.0200394
216  229  0.0448217
216  367  0.0138772
216  463  0.345593
216  482  0.0181802
217  225  0.0127714
217  366  0.0118325
217  462  0.345252
217  481  0.0179174
218  233  0.287408
218  340  0.043846
218  461  0.345896
219  232  0.312897
219  339  0.050929
219  460  0.345868
219  479  0.0381148
220  227  0.0119282
220  231  0.335946
220  338  0.0524551
220  459  0.346564
220  478  0.0395248
221  226  0.0111513
221  230  0.335591
221  458  0.346195
221  477  0.0395139
222  229  0.332346
222  457  0.342955
222  476  0.0395013
223  228  0.313197
223  456  0.331867
223  475  0.0395345
224  335  0.088716
224  455  0.29032
224  474  0.0394226
225  334  0.404737
225  473  0.0391574
226  333  0.405531
226  472  0.0381178
227  332  0.405141
227  471  0.0340956
228  331  0.406016
228  470  0.0236688
229  330  0.406619
230  323  0.0186208
230  329  0.40619
231  322  0.0199871
231  328  0.40645
232  321  0.0204049
232  327  0.370704
234  320  0.0198277
234  324  0.0269184
234  325  0.0881484
235  260  0.0181455
235  319  0.020377
235  323  0.0266197
235  324  0.188635
236  259  0.0255625
236  322  0.024241
236  323  0.186591
237  258  0.0263768
237  322  0.175525
238  257  0.0207827
238  316  0.150049
239  314  0.267227
239  315  0.152647
240  313  0.29334
240  314  0.151356
241  255  0.230255
241  312  0.295581
241  313  0.14968
242  254  0.527369
242  311  0.197767
243  253  0.529323
243  310  0.159056
244  251  0.741103
245  250  0.778807
255  306  0.452534
256  305  0.452741
257  304  0.451847
258  303  0.450948
259  302  0.3691
260  299  0.436355
261  298  0.456807
262  297  0.456917
262  799  0.0555425
263  296  0.456501
263  798  0.0596077
264  295  0.456405
264  797  0.0599089
265  294  0.456101
265  796  0.0599663
266  293  0.450703
266  795  0.0599485
267  292  0.443489
267  794  0.0599656
268  276  0.258294
268  277  0.085265
268  793  0.0599487
269  275  0.346849
269  792  0.059858
270  554  0.0170478
271  553  0.0452446
272  291  0.0463164
272  552  0.0560186
273  290  0.0670708
273  551  0.0588375
274  289  0.0712165
274  550  0.0596256
275  288  0.0716731
275  549  0.0599661
276  287  0.071403
276  548  0.06003
277  286  0.0703238
277  547  0.0599784
278  285  0.0498708
278  288  0.437224
279  287  0.437587
280  286  0.433
281  285  0.164832
285  379  0.13535
286  378  0.418726
287  377  0.459868
288  376  0.460116
289  375  0.461928
290  374  0.460878
290  546  0.0572687
291  373  0.461452
291  545  0.062413
292  372  0.458564
292  544  0.0646142
293  371  0.443776
293  543  0.0646132
294  369  0.38685
294  542  0.064537
295  368  0.394951
295  369  0.0612775
296  367  0.441977
296  539  0.0233267
297  538  0.028743
298  365  0.459832
298  537  0.0282836
298  540  0.0321561
299  364  0.326402
299  539  0.0333306
300  363  0.106539
300  538  0.0330332
301  360  0.334767
301  362  0.192876
302  359  0.499255
302  361  0.0407207
303  358  0.546135
304  357  0.547007
305  356  0.547032
306  355  0.546787
307  354  0.497977
308  313  0.063266
311  352  0.438675
312  351  0.445524
312  353  0.036624
313  350  0.445512
314  327  0.029137
314  351  0.100733
315  321  0.0793501
315  326  0.170459
315  348  0.444943
315  350  0.100867
316  320  0.0302835
316  325  0.170428
316  347  0.433763
316  349  0.0706371
317  324  0.160073
317  346  0.402646
318  323  0.137937
318  347  0.103433
320  345  0.483241
321  344  0.544704
322  343  0.545649
323  342  0.542671
324  341  0.489355
325  338  0.291312
326  337  0.294974
327  454  0.0176685
328  334  0.0215513
328  453  0.0183859
329  334  0.2671
329  338  0.217194
329  452  0.01787
330  337  0.181544
330  451  0.0162546
333  437  0.0122435
334  436  0.0133385
335  411  0.296388
336  410  0.332639
337  365  0.0131989
337  409  0.348531
338  364  0.0132075
338  408  0.348416
339  363  0.0131656
339  407  0.324699
340  362  0.0127357
341  361  0.0126629
342  359  0.0122898
343  358  0.0123474
343  403  0.341633
344  357  0.0115176
344  402  0.344388
345  400  0.191347
345  401  0.17334
346  399  0.364481
347  398  0.365535
348  397  0.368569
349  396  0.368621
350  395  0.368629
351  394  0.368167
352  393  0.316786
353  391  0.012646
354  391  0.30843
355  390  0.359583
355  396  0.0100691
356  389  0.359319
356  395  0.0100745
357  394  0.010075
358  387  0.0849793
358  393  0.0100081
359  386  0.3325
361  384  0.299939
362  383  0.319106
363  382  0.308335
364  377  0.0972314
364  380  0.0467705
364  381  0.219032
364  536  0.0701875
365  376  0.110035
365  379  0.0898117
365  535  0.0705553
366  375  0.110913
366  378  0.0614567
366  380  0.14813
366  534  0.0712069
367  374  0.109265
367  384  0.0122333
367  533  0.0711723
368  376  0.0162324
368  383  0.0124175
368  532  0.0711169
369  382  0.0124859
369  531  0.0710601
370  377  0.182044
370  381  0.0123771
370  530  0.0712078
371  376  0.0981142
371  529  0.0711427
372  379  0.0120022
372  528  0.0711767
373  527  0.0707256
374  526  0.0696317
375  525  0.0688859
377  523  0.0670297
378  519  0.0335597
378  522  0.0333514
379  396  0.0246451
379  518  0.0675102
380  395  0.0246756
380  517  0.0676701
381  394  0.0247985
381  493  0.283327
381  516  0.0676254
382  393  0.0247884
382  492  0.375495
382  515  0.0541132
383  392  0.0246777
383  491  0.390769
384  391  0.0211323
384  490  0.39349
385  489  0.391724
386  488  0.388519
387  400  0.0107198
387  487  0.379527
388  399  0.0134746
388  410  0.0660943
388  486  0.31307
389  398  0.0181873
389  409  0.332935
389  497  0.07159
389  512  0.014649
390  397  0.0185844
390  408  0.333416
390  482  0.0101649
390  496  0.0716864
390  511  0.0146847
391  396  0.0182989
391  407  0.332625
391  484  0.0475624
391  495  0.071766
391  510  0.0130816
392  406  0.166598
392  483  0.046234
392  494  0.071956
393  406  0.198338
393  482  0.0378416
393  493  0.011975
394  405  0.414446
395  404  0.414603
395  491  0.0664225
395  497  0.017293
396  403  0.414994
396  490  0.0715322
396  496  0.0173468
397  402  0.41358
397  495  0.0195166
398  488  0.0313997
398  494  0.0205418
399  487  0.0328673
399  493  0.0218855
400  486  0.0286178
400  492  0.0221137
401  491  0.0222111
402  441  0.0219484
402  490  0.0222041
403  440  0.0227665
403  484  0.150741
404  439  0.023072
404  483  0.151432
405  438  0.0230283
405  482  0.151401
406  437  0.015284
406  486  0.0126263
407  436  0.0112326
407  474  0.0336523
407  485  0.015291
408  437  0.142766
408  473  0.0448442
408  484  0.0156425
409  436  0.164966
409  472  0.0448694
410  435  0.186404
410  471  0.042626
411  434  0.183397
411  470  0.0385484
414  431  0.983347
415  430  0.992446
416  429  0.994568
417  428  0.996271
418  427  0.996162
419  426  0.957389
432  469  0.0115873
433  468  0.0111235
436  452  0.333509
436  480  0.36887
437  451  0.33897
437  479  0.414065
438  450  0.345955
438  478  0.548502
439  456  0.0108727
439  477  0.548395
440  449  0.35672
440  455  0.014843
440  476  0.547554
441  448  0.360445
441  475  0.545493
442  447  0.368949
442  453  0.613111
443  452  0.617679
444  451  0.615613
445  450  0.584491
453  460  0.0163484
453  469  0.0322618
454  459  0.029267
454  468  0.0848957
454  473  0.153608
455  467  0.0877858
456  466  0.0886352
456  472  0.0319163
457  465  0.0865995
458  470  0.449026
459  469  0.470901
460  468  0.463196
461  467  0.431114
475  496  0.0116715
476  495  0.0173419
477  494  0.0229196
478  493  0.0248153
479  492  0.0198194
482  492  0.0838266
483  491  0.0985541
484  490  0.0993698
484  493  0.0360026
485  492  0.033714
498  507  0.0672931
499  506  0.067474
500  505  0.0661359
522  538  0.0108657
522  544  0.417526
523  537  0.0108789
523  543  0.41988
524  536  0.0108736
524  542  0.419695
524  546  0.046477
525  545  0.0658229
526  534  0.0107633
526  538  0.151804
526  540  0.122351
526  544  0.144721
526  546  0.0377226
527  533  0.010125
527  545  0.0411764
528  537  0.516253
528  538  0.013204
528  543  0.31615
528  544  0.0286167
529  536  0.52316
529  542  0.3311
529  543  0.0145957
530  535  0.523094
530  541  0.345073
531  540  0.337999
531  781  0.0230279
532  780  0.0231259
533  779  0.0231217
534  778  0.0232408
535  777  0.0232475
536  776  0.0231599
537  772  0.0211309
538  771  0.0211833
541  768  0.0200888
541  793  0.016418
542  767  0.0204858
542  792  0.0163431
543  766  0.0204867
544  553  0.0886922
544  764  0.0204601
544  796  0.0105478
545  552  0.0904249
545  763  0.0204399
545  795  0.0108543
546  551  0.086681
546  794  0.0108734
547  793  0.011981
548  760  0.0199948
549  759  0.0183114
549  819  0.0102777
550  818  0.0104157
551  817  0.0100557
552  791  0.021781
553  565  0.0194639
554  564  0.0220783
554  789  0.77239
555  563  0.0233258
555  788  0.932335
556  562  0.0233483
556  787  0.941841
558  785  0.627206
559  784  0.949244
560  783  0.952037
561  782  0.955249
562  781  0.95693
563  780  0.956506
564  779  0.896851
565  778  0.859133
566  752  0.0150069
566  777  0.918278
567  751  0.0150353
567  776  0.917736
567  778  0.0365073
568  591  0.0159301
568  658  0.0237966
568  777  0.0387087
569  750  0.0161966
569  772  0.148032
569  776  0.0388495
570  589  0.635317
570  749  0.0163935
571  588  0.635978
571  748  0.0163752
572  587  0.635427
572  747  0.0164068
572  772  0.0188298
572  773  0.207885
573  586  0.635035
573  746  0.0164072
573  771  0.0193899
573  772  0.208888
574  583  0.0167768
574  585  0.606731
574  745  0.0141872
574  770  0.0118298
574  771  0.157245
575  582  0.06268
576  581  0.0626775
576  583  0.540289
576  619  0.332076
577  582  0.337164
577  618  0.335279
578  617  0.334783
578  789  0.0111586
579  616  0.327937
579  788  0.0128111
580  787  0.0129785
581  614  0.337065
581  786  0.0123026
582  613  0.339321
583  612  0.338468
584  783  0.0130929
585  609  0.323303
585  782  0.0131483
586  608  0.33449
586  781  0.0131731
587  607  0.334558
587  780  0.0131645
588  606  0.171218
588  779  0.0131764
589  606  0.17178
589  778  0.0131668
590  605  0.335162
591  604  0.335357
591  655  0.62198
592  603  0.335107
592  654  0.631574
593  602  0.233296
593  620  0.0136759
593  653  0.632629
594  602  0.101494
594  619  0.0137242
594  652  0.632548
595  601  0.199168
595  618  0.0127532
595  651  0.213802
596  601  0.0584526
596  617  0.0127572
596  650  0.0937486
597  616  0.0135805
597  649  0.485457
598  615  0.0134319
598  648  0.570552
599  647  0.419451
599  651  0.0266253
600  650  0.0517599
601  649  0.0560728
602  645  0.0672273
602  647  0.142519
602  648  0.0540154
603  644  0.066364
603  646  0.502116
604  645  0.516596
605  643  0.188522
605  644  0.43081
606  642  0.628
607  641  0.630964
608  640  0.630877
609  639  0.630452
610  638  0.32147
611  634  0.0139237
611  638  0.313024
612  633  0.0139942
612  637  0.622251
613  632  0.0139863
613  636  0.621945
614  631  0.0137946
614  635  0.622093
615  633  0.601319
616  632  0.599206
617  631  0.447497
618  628  0.330456
618  631  0.15053
619  627  0.354809
619  630  0.284357
620  626  0.353329
620  629  0.283969
621  625  0.134508
621  628  0.205881
621  772  0.0506623
622  771  0.120167
623  770  0.275873
624  769  0.322449
625  768  0.332086
626  767  0.332561
627  766  0.332323
628  743  0.231438
628  765  0.103637
629  742  0.285414
629  764  0.066623
630  741  0.336364
631  740  0.338552
632  739  0.338243
633  738  0.338495
634  736  0.110709
634  737  0.227689
634  741  0.0113043
635  735  0.220849
635  740  0.0143645
636  733  0.012886
636  734  0.175886
636  739  0.0143553
637  731  0.265489
637  738  0.0143818
638  730  0.269925
638  737  0.0143551
639  729  0.266706
640  645  0.0863736
640  702  0.0144368
640  728  0.229902
641  701  0.0146044
641  727  0.231539
642  700  0.0146074
642  726  0.255515
643  699  0.0146216
643  725  0.25413
644  698  0.0142283
645  723  0.0545935
646  722  0.0526108
647  695  0.0115375
647  721  0.0472617
648  694  0.0115081
648  719  0.0370527
648  736  0.0818156
649  705  0.0252531
649  735  0.0867496
650  704  0.027085
650  734  0.0866566
651  733  0.0864507
652  663  0.0142565
652  702  0.248385
652  732  0.0860965
653  662  0.0142552
653  701  0.250764
653  731  0.0861801
654  661  0.0128339
654  700  0.251748
654  730  0.0304984
655  699  0.251922
655  729  0.0295779
656  698  0.244751
656  728  0.0850135
657  727  0.0724307
658  696  0.121922
658  723  0.070217
658  771  0.300425
658  772  0.0253813
659  722  0.0705956
660  695  0.102177
660  721  0.0705966
660  769  0.594123
661  720  0.070573
661  768  0.633498
662  694  0.272891
662  719  0.0699644
662  767  0.63651
663  693  0.273764
663  766  0.636497
664  692  0.273137
664  717  0.0661195
664  765  0.634888
665  716  0.06616
665  764  0.634703
666  691  0.995054
667  690  0.996181
668  689  0.995098
669  688  0.997296
670  687  0.996302
671  686  0.994647
672  685  0.995519
673  684  0.99777
674  683  0.997818
675  682  0.976554
676  681  0.640597
692  715  0.0516467
693  714  0.0660318
694  713  0.0659572
695  712  0.0607764
698  709  0.0288478
698  763  0.599702
699  708  0.02857
699  711  0.0227116
699  762  0.631983
700  761  0.625766
701  709  0.0264478
702  708  0.024792
702  709  0.0100392
702  759  0.634416
703  723  0.221997
703  758  0.636605
704  722  0.224401
704  757  0.637483
705  721  0.223185
705  756  0.6369
706  720  0.2175
706  755  0.633978
707  754  0.630795
708  718  0.289813
708  753  0.631491
709  717  0.29024
709  752  0.632747
710  716  0.289259
710  750  0.0373165
710  751  0.5991
711  748  0.0602634
711  749  0.06834
712  747  0.0863321
713  742  0.0743546
713  746  0.0827365
714  741  0.0769391
716  738  0.563144
716  743  0.0737016
717  737  0.563417
717  742  0.0748648
718  736  0.563391
718  741  0.0748608
719  735  0.561642
719  740  0.0716689
720  733  0.0109804
720  734  0.498748
720  739  0.0627357
721  732  0.0211751
722  733  0.144278
722  736  0.0109632
723  731  0.204515
723  732  0.0991011
723  735  0.0105096
725  730  0.270892
730  738  0.0527645
731  737  0.0517125
732  736  0.0197139
740  750  0.442457
741  749  0.466082
742  748  0.434809
743  747  0.301628
746  765  0.0105488
748  763  0.315079
749  762  0.332148
750  761  0.299955
751  760  0.302113
752  759  0.332722
753  758  0.270002
794  810  0.451259
795  809  0.452288
796  808  0.452883
797  807  0.448129
798  806  0.426568
799  804  0.0161375
803  812  0.160928
804  811  0.219511
805  810  0.23164
810  819  0.028767
811  818  0.0320077
812  817  0.0306298
